조사분기,표본구분,광역상권,상권명,시군구코드,용도지역1명,용도지역2명,용도지구1명,용도지구2명,이용현황_지상층수,이용현황_지하층수,사용승인일자,건물구조명,건물주용도,건폐율,용적률,지하철역출구,버스정류장,도로접면명,옥내주차장 유무명,옥외주차장 유무명,승객용 승강기,대지면적,건축연면적,전용면적,공용면적,전용률,현재임대계약면적,공실면적,비임대면적,특이면적,특이면적외 기타면적,지목명,토지대장상 토지면적,전환률,조사층,임차인사용현황구분,임차인업종대분류,임차인업종소분류,전용면적(호),공용면적(호),임차인별면적합계,제1월계약임대료_보증금,제1월계약임대료_월세,제1월계약임대료_㎡당환산임대료,제1월시장임대료_보증금,제1월시장임대료_월세,제1월시장임대료_㎡당환산임대료,제1월관리비총액,제1월관리비실비총액,제1월공실,제2월계약임대료_보증금,제2월계약임대료_월세,제2월계약임대료_㎡당환산임대료,제2월시장임대료_보증금,제2월시장임대료_월세,제2월시장임대료_㎡당환산임대료,제2월관리비총액,제2월관리비실비총액,제2월공실,제3월계약임대료_보증금,제3월계약임대료_월세,제3월계약임대료_㎡당환산임대료,제3월시장임대료_보증금,제3월시장임대료_월세,제3월시장임대료_㎡당환산임대료,제3월관리비총액,제3월관리비실비총액,제3월공실,현계약개시일,현계약기간,최초계약개시일,최종조사산정액_토지면적 ㎡단가,최종조사산정액_연면적 ㎡당단가,기타수입_연면적 ㎡당 단가,영업경비_연면적 ㎡당 단가
202601,6,1.도심,서촌,11110,14,0,200,0,1,0,1,51,04,8,1,350,180,10,0,0,0,2,2,4,1,10,2,1,1,1,1,8,2,3,1,1,I,561,4,1,4,6,6,8,6,6,27900,1,1,0,6,6,8,6,6,27900,1,1,0,6,6,8,6,6,27900,1,1,0,2024,3,8,9320000,12760000,1,1
202601,6,1.도심,서촌,11110,14,0,200,0,1,0,1,11,04,1,1,120,120,8,0,0,0,2,2,4,1,9,2,1,1,1,1,8,2,3,1,1,I,561,4,1,4,7,6,10,7,6,51500,1,1,0,7,6,10,7,6,51500,1,1,0,7,6,10,7,6,51500,1,1,0,2025,3,2,19730000,18830000,1,1
202601,6,1.도심,서촌,11110,14,0,200,0,1,0,1,11,04,1,1,120,120,8,0,0,0,2,2,4,1,9,2,1,1,1,1,8,2,3,2,6,0,999,1,1,1,1,1,1,2,2,5300,1,1,1,1,1,1,2,2,5300,1,1,1,1,1,1,2,2,5300,1,1,1,0,1,1,19730000,18830000,1,1
202601,6,1.도심,서촌,11110,14,0,200,0,1,0,3,11,04,1,1,83,없음,8,0,0,0,1,2,4,1,10,2,1,1,1,1,8,1,3,1,1,I,561,2,1,2,6,6,10,6,6,53000,1,1,0,6,6,10,6,6,53000,1,1,0,6,6,10,6,6,53000,1,1,0,2024,3,9,20350000,14730000,1,2
202601,6,1.도심,서촌,11110,14,0,200,0,1,0,3,11,04,1,1,83,없음,8,0,0,0,1,2,4,1,10,2,1,1,1,1,8,1,3,2,1,I,551,2,1,2,6,4,8,6,5,21600,1,1,0,6,4,8,6,5,21600,1,1,0,6,4,8,6,5,21600,1,1,0,2024,3,9,20350000,14730000,1,2
202601,6,1.도심,서촌,11110,14,0,200,0,1,0,1,51,03,1,1,315,40,3,0,0,0,1,1,1,1,10,1,1,1,1,1,8,1,3,1,1,G,463,1,1,1,5,3,10,5,4,57000,1,1,0,5,3,10,5,4,57000,1,1,0,5,3,10,5,4,57000,1,1,0,2024,3,8,18970000,31970000,1,4
202601,6,1.도심,서촌,11110,14,0,200,0,1,0,1,51,03,1,1,315,40,3,0,0,0,1,1,1,1,10,1,1,1,1,1,8,1,3,1,6,0,999,1,1,1,1,1,1,5,4,57100,1,1,1,1,1,1,5,4,57100,1,1,1,1,1,1,5,4,57100,1,1,1,0,1,1,18970000,31970000,1,4
202601,6,1.도심,서촌,11110,14,0,200,0,1,0,1,51,04,1,1,310,233,8,0,0,0,1,1,1,1,10,1,1,1,1,1,8,1,3,1,1,I,562,1,1,1,5,4,9,5,4,36500,1,1,0,5,4,9,5,4,36500,1,1,0,5,4,9,5,4,36500,1,1,0,2025,3,10,15240000,35560000,1,3
202601,6,1.도심,서촌,11110,14,0,200,0,1,0,1,11,04,7,2,186,81,8,0,0,0,1,2,3,1,10,2,1,1,1,1,8,1,3,1,1,I,561,2,1,2,6,5,9,6,5,31600,1,1,0,6,5,9,6,5,31600,1,1,0,6,5,9,6,5,31600,1,1,0,2026,3,8,10660000,8670000,1,1
202601,6,1.도심,서촌,11110,14,0,200,0,1,0,1,11,04,7,2,186,81,8,0,0,0,1,2,3,1,10,2,1,1,1,1,8,1,3,2,1,I,561,2,1,2,6,4,7,6,4,18500,1,1,0,6,4,7,6,4,18500,1,1,0,6,4,7,6,4,18500,1,1,0,2025,3,9,10660000,8670000,1,1
202601,6,1.도심,서촌,11110,14,0,200,0,1,0,1,51,04,7,1,330,250,8,0,0,0,1,1,1,1,10,1,1,1,1,1,8,1,3,1,1,I,561,1,1,1,6,5,10,6,5,54500,1,1,0,6,5,10,6,5,54500,1,1,0,6,5,10,6,5,54500,1,1,0,2025,3,10,13710000,21400000,1,3
202601,6,1.도심,서촌,11110,14,0,0,0,1,0,1,51,04,7,1,194,134,8,0,0,0,1,1,2,1,10,1,1,1,1,1,8,1,3,1,1,I,562,2,1,2,6,5,10,6,5,53300,1,1,0,6,5,10,6,5,53300,1,1,0,6,5,10,6,5,53300,1,1,0,2025,3,8,17310000,28800000,1,2
202601,6,1.도심,서촌,11110,14,0,0,0,1,0,1,51,04,6,1,380,120,10,0,0,0,1,1,2,1,10,1,1,1,1,1,8,1,3,1,1,G,472,2,1,2,5,5,10,5,5,54000,1,1,0,5,5,10,5,5,54000,1,1,0,5,5,10,5,5,54000,1,1,0,2025,3,10,16160000,32300000,1,2
202601,6,1.도심,서촌,11110,14,0,0,0,1,0,5,31,04,6,1,450,180,5,0,0,0,1,1,2,1,10,1,1,1,1,1,8,1,3,1,1,I,561,2,1,2,6,5,10,6,5,52600,1,1,0,6,5,10,6,5,52600,1,1,0,6,5,10,6,5,52600,1,1,0,2025,3,9,16830000,28230000,1,3
202601,6,1.도심,서촌,11110,22,0,0,0,1,0,1,51,04,1,1,232,138,1,0,0,0,1,1,2,1,10,1,1,1,1,1,8,1,3,1,1,I,562,2,1,2,6,6,9,6,6,48300,1,1,0,6,6,9,6,6,48300,1,1,0,6,6,9,6,6,48300,1,1,0,2025,3,10,26460000,37010000,1,3
202601,6,1.도심,서촌,11110,15,0,0,0,1,0,1,12,03,1,1,137,없음,11,0,0,0,1,1,2,1,10,1,1,1,1,1,8,1,3,1,1,I,562,2,1,2,6,6,10,6,6,56600,1,1,0,6,6,10,6,6,56600,1,1,0,6,6,10,6,6,56600,1,1,0,2025,3,9,20260000,24610000,1,2
202601,6,1.도심,광화문,11110,22,0,0,0,1,0,1,51,03,1,1,80,200,10,0,0,0,2,1,2,1,10,1,1,1,1,1,8,2,3,1,1,I,561,2,1,2,7,7,12,7,7,128900,1,1,0,7,7,12,7,7,128900,1,1,0,7,7,12,7,7,128900,1,1,0,2025,4,9,43440000,80190000,1,3
202601,6,1.도심,광화문,11110,22,0,0,0,1,0,1,51,03,1,1,80,60,6,0,0,0,1,1,2,1,10,1,1,1,1,1,8,1,3,1,1,I,561,1,1,1,7,6,12,7,6,197700,1,1,0,7,6,12,7,6,197700,1,1,0,7,6,12,7,6,197700,1,1,0,2025,4,9,52170000,47870000,1,3
202601,6,1.도심,광화문,11110,22,0,0,0,1,0,1,51,03,1,1,80,60,6,0,0,0,1,1,2,1,10,1,1,1,1,1,8,1,3,2,1,I,561,1,1,1,6,6,12,6,6,153900,1,1,0,6,6,12,6,6,153900,1,1,0,6,6,12,6,6,153900,1,1,0,2025,4,9,52170000,47870000,1,3
202601,6,1.도심,광화문,11110,22,0,0,0,1,0,1,51,03,1,1,20,110,4,0,0,0,1,1,2,1,10,1,1,1,1,1,8,1,3,1,1,I,562,1,1,1,7,6,12,7,6,151200,1,1,0,7,6,12,7,6,151200,1,1,0,7,6,12,7,6,151200,1,1,0,2024,3,10,41080000,28100000,1,3
202601,6,1.도심,광화문,11110,22,0,0,0,1,0,1,51,03,1,1,20,110,4,0,0,0,1,1,2,1,10,1,1,1,1,1,8,1,3,1,1,I,562,1,1,1,5,5,12,5,5,109000,1,1,0,5,5,12,5,5,109000,1,1,0,5,5,12,5,5,109000,1,1,0,2025,3,10,41080000,28100000,1,3
202601,6,1.도심,광화문,11110,22,0,0,0,1,0,1,51,03,1,1,20,110,4,0,0,0,1,1,2,1,10,1,1,1,1,1,8,1,3,2,1,I,562,1,1,1,6,4,9,6,4,45500,1,1,0,6,4,9,6,4,45500,1,1,0,6,4,9,6,4,45500,1,1,0,2025,3,8,41080000,28100000,1,3
202601,6,1.도심,광화문,11110,22,0,0,0,1,0,5,19,04,6,2,100,없음,8,0,0,0,2,2,4,1,10,2,1,1,1,1,8,2,3,1,1,I,561,3,1,3,5,6,9,5,6,44300,1,1,0,5,6,9,5,6,44300,1,1,0,5,6,9,5,6,44300,1,1,0,2024,3,7,22910000,21590000,1,3
202601,6,1.도심,광화문,11110,22,0,0,0,1,0,5,19,04,6,2,100,없음,8,0,0,0,2,2,4,1,10,2,1,1,1,1,8,2,3,2,1,I,561,3,1,3,4,5,8,4,5,23600,1,1,0,4,5,8,4,5,23600,1,1,0,4,5,8,4,5,23600,1,1,0,2024,3,7,22910000,21590000,1,3
202601,6,1.도심,광화문,11110,22,0,0,0,1,0,1,51,04,1,1,100,210,8,0,0,0,2,1,2,1,10,1,1,1,1,1,8,2,3,1,1,I,562,2,1,2,6,6,12,6,6,112200,1,1,0,6,6,12,6,6,112200,1,1,0,6,6,12,6,6,112200,1,1,0,2025,3,10,35340000,111980000,1,3
202601,6,1.도심,광화문,11110,22,0,300,0,1,0,1,51,03,1,1,120,70,4,0,0,0,1,1,3,1,10,1,1,1,1,1,8,1,3,1,1,I,561,3,1,3,6,6,10,6,6,59700,1,1,0,6,6,10,6,6,59700,1,1,0,6,6,10,6,6,59700,1,1,0,2025,3,10,41920000,41960000,1,3
202601,6,1.도심,광화문,11110,22,0,0,0,1,0,1,11,04,1,1,300,300,5,0,0,0,1,1,3,1,10,1,1,1,1,1,8,1,3,1,1,I,562,2,1,2,6,6,11,6,6,86600,1,1,0,6,6,11,6,6,86600,1,1,0,6,6,11,6,6,86600,1,1,0,2026,3,10,53280000,32700000,1,2
202601,6,1.도심,광화문,11110,22,0,0,0,1,0,1,11,04,1,1,300,300,5,0,0,0,1,1,3,1,10,1,1,1,1,1,8,1,3,2,1,I,562,2,1,2,5,5,9,5,5,42200,1,1,0,5,5,9,5,5,42200,1,1,0,5,5,9,5,5,42200,1,1,0,2026,3,10,53280000,32700000,1,2
202601,6,1.도심,광화문,11110,22,0,0,0,1,0,1,11,04,1,1,330,220,4,0,0,0,1,2,4,1,10,2,1,1,1,1,8,1,3,1,1,I,561,2,1,2,8,7,12,8,7,133600,1,1,0,8,7,12,8,7,133600,1,1,0,8,7,12,8,7,133600,1,1,0,2024,4,8,49280000,35400000,1,2
202601,6,1.도심,광화문,11110,22,0,0,0,1,0,1,11,04,1,1,330,220,4,0,0,0,1,2,4,1,10,2,1,1,1,1,8,1,3,2,1,I,561,2,1,2,6,6,9,6,6,44500,1,1,0,6,6,9,6,6,44500,1,1,0,6,6,9,6,6,44500,1,1,0,2024,4,8,49280000,35400000,1,2
202601,6,1.도심,광화문,11110,22,0,0,0,1,0,1,51,04,1,1,400,300,8,0,0,0,2,2,4,1,10,2,1,1,1,1,8,2,3,1,1,I,561,4,1,4,8,7,12,7,7,88000,1,1,0,8,7,12,7,7,88000,1,1,0,8,7,12,7,7,88000,1,1,0,2021,5,3,34360000,78360000,1,2
202601,6,1.도심,광화문,11110,22,0,0,0,1,0,1,51,03,1,1,300,300,10,0,0,0,1,1,1,1,10,1,1,1,1,1,8,1,3,1,1,I,562,1,1,1,6,6,12,6,6,124800,1,1,0,6,6,12,6,6,124800,1,1,0,6,6,12,6,6,124800,1,1,0,2024,4,9,27960000,46620000,1,2
202601,6,1.도심,광화문,11110,22,0,0,0,1,0,1,32,04,6,1,300,200,6,0,0,0,1,1,2,1,10,1,1,1,1,1,8,1,3,1,1,I,562,2,1,2,6,6,11,6,6,76100,1,1,0,6,6,11,6,6,76100,1,1,0,6,6,11,6,6,76100,1,1,0,2024,3,9,33670000,56990000,1,2
202601,6,1.도심,광화문,11110,22,0,0,0,1,0,1,11,03,1,1,300,300,5,0,0,0,1,1,1,1,10,1,1,1,1,1,8,1,3,1,1,I,562,1,1,1,6,6,12,6,6,321800,1,1,0,6,6,12,6,6,321800,1,1,0,6,6,12,6,6,321800,1,1,0,2024,3,9,50760000,26140000,1,4
202601,6,1.도심,광화문,11110,22,0,0,0,1,0,1,11,03,1,1,300,300,5,0,0,0,1,1,1,1,10,1,1,1,1,1,8,1,3,2,6,0,999,1,1,1,1,1,1,4,4,87700,1,1,1,1,1,1,4,4,87700,1,1,1,1,1,1,4,4,87700,1,1,1,0,1,1,50760000,26140000,1,4
202601,6,1.도심,광화문,11110,22,0,0,0,1,0,1,51,03,7,1,300,300,5,0,0,0,1,1,2,1,10,1,1,1,1,1,8,1,3,1,1,I,562,1,1,1,7,6,12,6,6,235000,1,1,0,7,6,12,6,6,235000,1,1,0,7,6,12,6,6,235000,1,1,0,2025,3,10,53130000,82120000,1,3
202601,6,1.도심,광화문,11110,22,0,0,0,1,0,1,51,03,7,1,300,300,5,0,0,0,1,1,2,1,10,1,1,1,1,1,8,1,3,1,1,I,562,1,1,1,6,6,12,6,6,225800,1,1,0,6,6,12,6,6,225800,1,1,0,6,6,12,6,6,225800,1,1,0,2025,3,10,53130000,82120000,1,3
202601,6,1.도심,광화문,11110,22,0,0,0,1,0,1,51,03,1,1,200,200,8,0,0,0,2,1,3,1,10,1,1,1,1,1,8,2,3,1,1,I,562,2,1,2,6,6,10,6,6,56300,1,1,0,6,6,10,6,6,56300,1,1,0,6,6,10,6,6,56300,1,1,0,2024,3,9,19340000,36000000,1,3
202601,6,1.도심,광화문,11110,22,0,0,0,1,0,1,51,03,1,1,200,200,8,0,0,0,2,1,3,1,10,1,1,1,1,1,8,2,3,1,1,I,561,2,1,2,6,6,9,6,5,43200,1,1,0,6,6,9,6,5,43200,1,1,0,6,6,9,6,5,43200,1,1,0,2024,3,10,19340000,36000000,1,3
202601,6,1.도심,광화문,11110,22,0,0,0,1,0,1,11,04,1,1,422,없음,8,0,0,0,2,2,4,1,9,2,1,1,1,1,8,2,3,1,1,I,561,4,1,4,7,6,9,7,6,37900,2,1,0,7,6,9,7,6,37900,2,1,0,7,6,9,7,6,37900,2,1,0,2025,4,9,22120000,22220000,1,3
202601,6,1.도심,광화문,11110,22,0,0,0,1,0,1,11,04,1,1,422,없음,8,0,0,0,2,2,4,1,9,2,1,1,1,1,8,2,3,2,1,I,561,3,1,3,6,5,8,6,5,26500,2,1,0,6,5,8,6,5,26500,2,1,0,6,5,8,6,5,26500,2,1,0,2025,4,9,22120000,22220000,1,3
202601,6,1.도심,광화문,11110,22,0,0,0,1,0,1,51,03,1,1,300,250,8,0,0,0,1,1,3,1,10,1,1,1,1,1,8,1,3,1,1,I,561,3,1,3,7,7,12,7,7,105900,1,1,0,7,7,12,7,7,105900,1,1,0,7,7,12,7,7,105900,1,1,0,2025,3,10,28670000,32650000,1,3
202601,6,1.도심,종로,11110,22,0,999,0,1,0,1,51,04,1,1,347,없음,10,0,0,0,2,1,3,1,10,1,1,1,1,1,8,2,3,1,1,I,561,3,1,3,6,6,9,8,6,51400,1,1,0,6,6,9,8,6,51400,1,1,0,6,6,9,8,6,51400,1,1,0,2025,3,10,18390000,30290000,1,3
202601,6,1.도심,종로,11110,22,0,999,0,1,0,1,51,04,1,1,316,없음,10,0,0,0,2,1,2,1,10,1,1,1,1,1,8,2,3,1,1,I,561,2,1,2,6,6,11,6,6,80000,1,1,0,6,6,11,6,6,80000,1,1,0,6,6,11,6,6,80000,1,1,0,2024,3,9,17800000,30660000,1,3
202601,6,1.도심,종로,11110,22,0,999,0,1,0,1,51,04,1,1,406,406,11,0,0,0,1,1,2,1,10,1,1,1,1,1,8,1,3,1,1,I,561,2,1,2,7,5,10,7,5,53000,1,1,0,7,5,10,7,5,53000,1,1,0,7,5,10,7,5,53000,1,1,0,2024,5,9,16960000,31260000,1,3
202601,6,1.도심,종로,11110,22,0,999,0,1,0,1,51,04,6,1,360,350,10,0,0,0,1,1,2,1,10,1,1,1,1,1,8,1,3,1,1,I,561,2,1,2,6,6,11,6,6,72900,1,1,0,6,6,11,6,6,72900,1,1,0,6,6,11,6,6,71700,1,1,0,2025,3,10,16990000,30700000,1,3
202601,6,1.도심,종로,11110,22,0,999,0,1,0,1,51,03,1,1,340,210,10,0,0,0,1,1,2,1,10,1,1,1,1,1,8,1,3,1,1,I,562,2,1,2,6,6,10,6,6,55300,1,1,0,6,6,10,6,6,55300,1,1,0,6,6,10,6,6,55300,1,1,0,2023,4,4,16090000,23260000,1,3
202601,6,1.도심,종로,11110,22,0,999,0,1,0,1,51,04,5,1,200,200,11,0,0,0,1,1,2,1,10,1,1,1,1,1,8,1,3,1,1,I,561,2,1,2,6,5,10,6,6,56000,1,1,0,6,5,10,6,6,56000,1,1,0,6,5,10,6,6,56000,1,1,0,2025,3,8,17660000,38190000,1,3
202601,6,1.도심,종로,11110,22,0,999,0,1,0,1,51,04,7,1,130,130,8,0,0,0,1,1,2,1,10,1,1,1,1,1,8,1,3,1,1,I,561,2,1,2,6,5,10,6,5,52700,1,1,0,6,5,10,6,5,52700,1,1,0,6,5,10,6,5,52700,1,1,0,2024,3,9,21110000,33040000,1,3
202601,6,1.도심,종로,11110,22,0,999,0,1,0,3,51,04,1,1,208,208,9,0,0,0,2,2,4,1,10,2,1,1,1,1,8,2,3,1,1,I,561,4,1,4,7,6,9,7,6,32200,1,1,0,7,6,9,7,6,32200,1,1,0,7,6,9,7,6,32200,1,1,0,2025,3,10,19930000,30100000,1,2
202601,6,1.도심,종로,11110,22,0,999,0,1,0,1,51,04,1,1,204,없음,10,0,0,0,2,1,3,1,10,1,1,1,1,1,8,2,3,1,1,I,561,3,1,3,7,6,9,7,6,46000,1,1,0,7,6,9,7,6,46000,1,1,0,7,6,9,7,6,46000,1,1,0,2024,3,9,16510000,28210000,1,2
202601,6,1.도심,종로,11110,22,0,999,0,1,0,3,51,04,6,1,200,100,8,0,0,0,2,1,3,1,10,1,1,1,1,1,8,2,3,1,1,I,561,3,1,3,7,6,9,7,6,37000,1,1,0,7,6,9,7,6,37000,1,1,0,7,6,9,7,6,37000,1,1,0,2025,4,8,19320000,34010000,1,2
202601,6,1.도심,종로,11110,22,0,999,0,1,0,1,51,04,1,1,185,185,8,0,0,0,2,2,3,1,9,2,1,1,1,1,8,2,3,1,1,I,561,3,1,4,7,6,10,7,7,59500,1,1,0,7,6,10,7,7,59500,1,1,0,7,6,10,7,7,59500,1,1,0,2025,5,7,19810000,28790000,1,1
202601,6,1.도심,종로,11110,22,0,999,0,1,0,1,51,04,1,1,45,47,10,0,0,0,1,1,2,1,10,1,1,1,1,1,8,1,3,1,1,I,561,2,1,2,6,5,9,6,5,41400,1,1,0,6,5,9,6,5,41400,1,1,0,6,5,9,6,5,41400,1,1,0,2024,3,10,18200000,29950000,1,2
202601,6,1.도심,종로,11110,22,0,0,0,1,0,3,51,03,1,1,40,40,10,0,0,0,1,1,2,1,10,1,1,1,1,1,8,1,3,1,1,I,562,2,1,2,6,6,9,6,6,49200,1,1,0,6,6,9,6,6,49200,1,1,0,6,6,9,6,6,49200,1,1,0,2024,3,8,18030000,23220000,1,2
202601,6,1.도심,종로,11110,22,0,999,0,1,0,1,51,04,1,1,192,없음,10,0,0,0,1,1,2,1,10,1,1,1,1,1,8,1,3,1,1,I,561,2,1,2,6,5,9,6,5,41300,1,1,0,6,5,9,6,5,41300,1,1,0,6,5,9,6,5,41300,1,1,0,2025,3,8,18090000,35030000,1,3
202601,6,1.도심,광화문,11110,22,0,0,0,1,0,1,51,04,8,1,없음,300,11,0,0,0,1,1,2,1,10,1,1,1,1,1,8,1,3,1,1,I,562,2,1,2,6,5,9,6,6,44400,1,1,0,6,5,9,6,6,44400,1,1,0,6,5,9,6,6,44400,1,1,0,2025,3,9,13260000,17750000,1,2
202601,6,1.도심,종로,11110,22,0,999,0,1,0,1,11,04,1,1,320,50,8,0,0,0,2,2,4,1,10,2,1,1,1,1,8,2,3,1,1,I,562,4,1,4,8,8,11,8,8,72500,1,1,0,8,8,11,8,8,72500,1,1,0,8,8,11,8,8,72500,1,1,0,2026,3,10,27570000,25200000,1,3
202601,6,1.도심,종로,11110,22,0,999,0,1,0,1,11,04,1,1,320,50,8,0,0,0,2,2,4,1,10,2,1,1,1,1,8,2,3,2,1,R,901,3,1,4,6,6,9,6,6,38800,1,1,0,6,6,9,6,6,38800,1,1,0,6,6,9,6,6,38800,1,1,0,2026,3,10,27570000,25200000,1,3
202601,6,1.도심,종로,11110,22,0,0,0,1,0,7,21,03,6,2,500,없음,8,0,0,0,1,1,2,1,10,1,1,1,1,1,8,1,3,1,1,G,478,1,1,1,6,5,10,6,6,70500,1,1,0,6,5,10,6,6,70500,1,1,0,6,5,10,6,6,70500,1,1,0,2024,3,9,19510000,18440000,1,2
202601,6,1.도심,종로,11110,22,0,0,0,1,0,7,21,03,6,2,500,없음,8,0,0,0,1,1,2,1,10,1,1,1,1,1,8,1,3,2,1,G,478,1,1,1,4,4,9,4,4,32800,1,1,0,4,4,9,4,4,32800,1,1,0,4,4,9,4,4,32800,1,1,0,2024,3,9,19510000,18440000,1,2
202601,6,1.도심,종로,11110,22,0,0,0,1,0,1,51,03,9,1,150,290,11,0,0,0,1,1,1,1,10,1,1,1,1,1,8,1,3,1,1,I,562,1,1,1,4,4,9,4,4,36500,1,1,0,4,4,9,4,4,36500,1,1,0,4,4,9,4,4,36500,1,1,0,2025,3,10,12170000,14840000,1,2
202601,6,1.도심,종로,11110,22,0,0,0,1,0,1,51,03,9,1,150,290,11,0,0,0,1,1,1,1,10,1,1,1,1,1,8,1,3,1,1,C,331,1,1,1,3,3,9,3,3,35100,1,1,0,3,3,9,3,3,35100,1,1,0,3,3,9,3,3,35100,1,1,0,2025,3,9,12170000,14840000,1,2
202601,6,1.도심,종로,11110,22,0,0,0,1,0,1,51,03,7,1,368,222,8,0,0,0,1,1,1,1,10,1,1,1,1,1,8,1,3,1,1,I,561,1,1,1,4,5,9,5,5,53900,1,1,0,4,5,9,5,5,53900,1,1,0,4,5,9,5,5,53900,1,1,0,2025,4,6,21080000,34740000,1,3
202601,6,1.도심,종로,11110,22,0,0,0,1,0,1,51,04,1,1,354,없음,9,0,0,0,1,1,1,1,10,1,1,1,1,1,8,1,3,1,1,I,562,1,1,1,5,5,10,5,5,59500,1,1,0,5,5,10,5,5,59500,1,1,0,5,5,10,5,5,59500,1,1,0,2024,3,10,20620000,24330000,1,3
202601,6,1.도심,종로,11110,22,0,0,0,1,0,1,51,04,1,1,420,350,8,0,0,0,2,1,2,1,10,1,1,1,1,1,8,2,3,1,1,I,562,1,1,1,5,5,9,5,5,48700,1,1,0,5,5,9,5,5,48700,1,1,0,5,5,9,5,5,48700,1,1,0,2026,3,10,13170000,23880000,1,3
202601,6,1.도심,종로,11110,22,0,0,0,1,0,1,51,04,1,1,420,350,8,0,0,0,2,1,2,1,10,1,1,1,1,1,8,2,3,1,1,I,561,1,1,1,5,5,9,5,5,48200,1,1,0,5,5,9,5,5,48200,1,1,0,5,5,9,5,5,48200,1,1,0,2025,3,10,13170000,23880000,1,3
202601,6,1.도심,종로,11110,22,0,0,0,1,0,1,51,04,1,1,314,없음,8,0,0,0,1,1,2,1,10,1,1,1,1,1,8,1,3,1,1,I,561,2,1,2,5,4,9,6,5,46500,1,1,0,5,4,9,6,5,46500,1,1,0,5,4,9,6,5,46500,1,1,0,2025,3,8,19000000,24140000,1,3
202601,6,1.도심,종로,11110,22,0,0,0,1,0,1,51,03,1,1,400,200,8,0,0,0,1,1,1,1,9,1,1,1,1,1,8,1,3,1,1,I,561,1,1,1,5,4,9,5,5,46700,1,1,0,5,4,9,5,5,46700,1,1,0,5,4,9,5,5,46700,1,1,0,2025,3,10,20080000,30620000,1,3
202601,6,1.도심,종로,11110,22,0,0,0,1,0,1,51,04,1,1,185,330,11,0,0,0,1,1,3,1,10,1,1,1,1,1,8,1,3,1,1,I,561,2,1,2,6,6,11,6,6,80700,1,1,0,6,6,11,6,6,80700,1,1,0,6,6,11,6,6,80700,1,1,0,2026,3,9,22470000,15550000,1,3
202601,6,1.도심,종로,11110,22,0,0,0,1,0,1,51,04,1,1,185,330,11,0,0,0,1,1,3,1,10,1,1,1,1,1,8,1,3,2,1,I,561,2,1,2,5,4,8,5,5,26600,1,1,0,5,4,8,5,5,26600,1,1,0,5,4,8,5,5,26600,1,1,0,2026,3,9,22470000,15550000,1,3
202601,6,1.도심,종로,11110,22,0,0,0,1,0,1,51,04,7,1,350,550,11,0,0,0,2,1,3,1,10,1,1,1,1,1,8,2,3,1,1,I,562,3,1,3,8,7,12,8,7,93300,1,1,0,8,7,12,8,7,93300,1,1,0,8,7,12,8,7,93300,1,1,0,2025,3,10,21270000,34500000,1,3
202601,6,1.도심,종로,11110,22,0,0,0,1,0,1,51,04,7,1,150,500,10,0,0,0,1,1,1,1,10,1,1,1,1,1,8,1,3,1,1,M,733,1,1,1,6,5,12,6,5,93700,1,1,0,6,5,12,6,5,93700,1,1,0,6,5,12,6,5,93700,1,1,0,2025,3,10,24470000,36770000,1,3
202601,6,1.도심,종로,11110,22,0,0,0,1,0,1,51,03,1,1,100,500,11,0,0,0,1,1,1,1,10,1,1,1,1,1,8,1,3,1,1,I,561,1,1,1,6,6,11,6,6,84300,1,1,0,6,6,11,6,6,84300,1,1,0,6,6,11,6,6,84300,1,1,0,2023,4,9,25580000,42660000,1,3
202601,6,1.도심,종로,11110,22,0,0,0,1,0,1,51,04,5,1,524,없음,10,0,0,0,1,1,2,1,10,1,1,1,1,1,8,1,3,1,1,I,562,2,1,2,6,7,12,6,7,162200,1,1,0,6,7,12,6,7,162200,1,1,0,6,7,12,6,7,162200,1,1,0,2025,3,9,27550000,38110000,1,3
202601,6,1.도심,종로,11110,22,0,0,0,1,0,1,51,04,1,1,130,460,10,0,0,0,1,1,1,1,10,1,1,1,1,1,8,1,3,1,1,G,478,1,1,1,6,7,12,6,7,175900,1,1,0,6,7,12,6,7,175900,1,1,0,6,7,12,6,7,175900,1,1,0,2025,3,10,26160000,51020000,1,3
202601,6,1.도심,종로,11110,22,0,0,0,1,0,1,51,04,6,1,491,없음,10,0,0,0,1,1,2,1,10,1,1,1,1,1,8,1,3,1,1,I,562,2,1,2,7,7,12,7,7,162300,2,1,0,7,7,12,7,7,162300,2,1,0,7,7,12,7,7,162300,2,1,0,2024,3,7,26460000,52260000,1,3
202601,6,1.도심,종로,11110,22,0,0,0,1,0,1,51,03,1,1,473,없음,11,0,0,0,1,1,2,1,10,1,1,1,1,1,8,1,3,1,1,I,562,2,1,2,7,7,12,7,7,159200,2,1,0,7,7,12,7,7,159200,2,1,0,7,7,12,7,7,159200,2,1,0,2025,3,6,27580000,48810000,1,2
202601,6,1.도심,종로,11110,22,0,0,0,1,0,1,51,04,7,1,487,없음,10,0,0,0,1,1,2,1,10,1,1,1,1,1,8,1,3,1,1,R,901,2,1,2,6,7,12,7,7,152600,1,1,0,6,7,12,7,7,152600,1,1,0,6,7,12,7,7,152600,1,1,0,2025,3,10,26350000,42210000,1,3
202601,6,1.도심,종로,11110,22,0,999,0,1,0,1,51,03,1,1,254,없음,8,0,0,0,1,1,1,1,10,1,1,1,1,1,8,1,3,1,1,G,475,1,1,1,6,6,12,6,6,104000,1,1,0,6,6,12,6,6,104000,1,1,0,6,6,12,6,6,104000,1,1,0,2024,3,5,18770000,34300000,1,3
202601,6,1.도심,종로,11110,22,0,999,0,1,0,1,51,04,6,1,270,50,8,0,0,0,1,1,2,1,10,1,1,1,1,1,8,1,3,1,1,G,474,1,1,1,5,5,11,5,5,87000,1,1,0,5,5,11,5,5,87000,1,1,0,5,5,11,5,5,87000,1,1,0,2024,3,6,19370000,36730000,1,3
202601,6,1.도심,종로,11110,22,0,999,0,1,0,1,51,04,6,1,270,50,8,0,0,0,1,1,2,1,10,1,1,1,1,1,8,1,3,1,1,G,476,1,1,1,5,5,11,5,5,88500,1,1,0,5,5,11,5,5,88500,1,1,0,5,5,11,5,5,88500,1,1,0,2025,4,8,19370000,36730000,1,3
202601,6,1.도심,종로,11110,22,0,300,0,1,0,1,51,04,1,1,300,50,8,0,0,0,1,1,2,1,10,1,1,1,1,1,8,1,3,1,1,I,562,2,1,2,5,6,9,5,6,40700,1,1,0,5,6,9,5,6,40700,1,1,0,5,6,9,5,6,40700,1,1,0,2025,3,5,28280000,40960000,1,3
202601,6,1.도심,종로,11110,22,0,300,0,1,0,1,51,03,1,1,400,20,3,0,0,0,1,1,2,1,10,1,1,1,1,1,8,1,3,1,1,I,561,2,1,2,6,5,9,6,6,48400,1,1,0,6,5,9,6,6,48400,1,1,0,6,5,9,6,6,48400,1,1,0,2024,3,10,65980000,121420000,3,3
202601,6,1.도심,종로,11110,22,0,300,0,1,0,2,51,03,1,1,917,없음,10,0,0,0,2,1,3,1,10,1,1,1,1,1,8,2,3,1,1,I,562,3,1,3,7,6,10,7,6,60700,1,1,0,7,6,10,7,6,60700,1,1,0,7,6,10,7,6,60700,1,1,0,2025,3,9,21180000,40230000,1,2
202601,6,1.도심,종로,11110,22,0,0,0,1,0,1,51,03,1,1,190,300,6,0,0,0,1,1,1,1,10,1,1,1,1,1,8,1,3,1,1,I,562,1,1,1,6,6,12,6,6,132400,1,1,0,6,6,12,6,6,132400,1,1,0,6,6,12,6,6,132400,1,1,0,2024,3,10,52700000,76680000,1,3
202601,6,1.도심,종로,11110,22,0,999,0,1,0,1,51,03,10,1,270,450,4,0,0,0,1,1,1,1,10,1,1,1,1,1,8,1,3,1,1,G,474,1,1,1,6,5,12,6,5,113200,1,1,0,6,5,12,6,5,113200,1,1,0,6,5,12,6,5,113200,1,1,0,2025,3,10,51720000,54040000,1,3
202601,6,1.도심,종로,11110,22,0,0,0,1,0,1,11,04,1,1,250,50,8,0,0,0,1,1,3,1,10,1,1,1,1,1,8,1,3,1,1,I,561,3,1,3,6,6,10,6,6,61200,1,1,0,6,6,10,6,6,61200,1,1,0,6,6,10,6,6,61200,1,1,0,2025,3,8,17920000,20070000,1,3
202601,6,1.도심,종로,11110,22,0,999,0,1,0,1,51,03,6,1,300,400,10,0,0,0,1,1,1,1,10,1,1,1,1,1,8,1,3,1,1,I,561,1,1,1,5,5,10,5,5,55000,1,1,0,5,5,10,5,5,55000,1,1,0,5,5,10,5,5,55000,1,1,0,2024,4,8,21340000,42120000,1,3
202601,6,1.도심,종로,11110,22,0,0,0,1,0,1,32,04,4,1,300,250,10,0,0,0,2,1,3,1,9,1,1,1,1,1,8,2,3,1,1,I,561,3,1,3,7,6,10,7,6,56400,1,1,0,7,6,10,7,6,56400,1,1,0,7,6,10,7,6,56400,1,1,0,2025,4,9,26750000,67740000,1,3
202601,6,1.도심,종로,11110,22,0,0,0,1,0,1,51,04,1,1,130,150,8,0,0,0,1,1,2,1,10,1,1,1,1,1,8,1,3,1,1,I,561,2,1,2,6,6,10,6,6,59600,1,1,0,6,6,10,6,6,59600,1,1,0,6,6,10,6,6,59600,1,1,0,2024,3,3,36320000,60960000,1,3
202601,6,1.도심,종로,11110,22,0,0,0,1,0,1,51,04,6,1,195,500,10,0,0,0,2,1,3,1,10,1,1,1,1,1,8,2,3,1,1,I,561,3,1,3,6,6,9,6,6,39200,2,1,0,6,6,9,6,6,39200,2,1,0,6,6,9,6,6,39200,2,1,0,2025,3,2,14480000,25330000,1,3
202601,6,1.도심,종로,11110,22,0,300,0,1,0,1,11,03,10,2,100,100,8,0,0,0,1,2,4,1,10,2,1,1,1,1,8,1,3,1,1,I,561,3,1,3,6,6,10,6,6,64100,2,1,0,6,6,10,6,6,64100,2,1,0,6,6,10,6,6,64100,2,1,0,2025,3,8,25240000,13540000,1,3
202601,6,1.도심,종로,11110,22,0,300,0,1,0,1,11,03,10,2,100,100,8,0,0,0,1,2,4,1,10,2,1,1,1,1,8,1,3,2,1,I,561,3,1,3,5,5,8,5,6,30100,2,1,0,5,5,8,5,6,30100,2,1,0,5,5,8,5,6,30100,2,1,0,2026,3,8,25240000,13540000,1,3
202601,6,1.도심,종로,11110,22,0,0,0,1,0,1,51,03,1,1,30,270,8,0,0,0,1,1,2,1,10,1,1,1,1,1,8,1,3,1,1,I,561,1,1,1,6,5,12,6,5,167700,1,1,0,6,5,12,6,5,167700,1,1,0,6,5,12,6,5,167700,1,1,0,2025,3,10,21820000,16120000,1,5
202601,6,1.도심,종로,11110,22,0,0,0,1,0,1,51,03,1,1,30,270,8,0,0,0,1,1,2,1,10,1,1,1,1,1,8,1,3,1,1,R,901,2,1,2,7,6,12,7,6,160600,1,1,0,7,6,12,7,6,160600,1,1,0,7,6,12,7,6,160600,1,1,0,2024,3,10,21820000,16120000,1,5
202601,6,1.도심,종로,11110,22,0,0,0,1,0,1,11,04,10,2,150,100,5,0,0,0,1,1,2,1,10,1,1,1,1,1,8,1,3,1,1,I,561,1,1,1,7,6,12,7,6,132300,2,1,0,7,6,12,7,6,132300,2,1,0,7,6,12,7,6,132300,2,1,0,2026,3,9,35130000,18300000,1,2
202601,6,1.도심,종로,11110,22,0,0,0,1,0,1,11,04,10,2,150,100,5,0,0,0,1,1,2,1,10,1,1,1,1,1,8,1,3,2,1,I,561,1,1,1,6,5,10,6,5,63900,2,1,0,6,5,10,6,5,63900,2,1,0,6,5,10,6,5,63900,2,1,0,2026,3,9,35130000,18300000,1,2
202601,6,1.도심,종로,11110,22,0,0,0,1,0,1,11,03,1,1,699,없음,4,0,0,0,1,1,2,1,10,1,1,1,1,1,8,1,3,1,1,I,562,2,1,2,8,6,12,8,6,132300,1,1,0,8,6,12,8,6,132300,1,1,0,8,6,12,8,6,132300,1,1,0,2025,3,9,32920000,34680000,1,3
202601,6,0.비상권,0.비상권,11110,13,0,200,0,1,1,3,11,04,6,2,없음,100,5,0,0,0,1,2,4,1,10,2,1,1,1,1,8,1,3,-1,1,G,478,2,1,2,4,4,7,4,4,17200,1,1,0,4,4,7,4,4,17200,1,1,0,4,4,7,4,4,17200,1,1,0,2024,3,10,20590000,11910000,1,3
202601,6,0.비상권,0.비상권,11110,13,0,200,0,1,1,3,11,04,6,2,없음,100,5,0,0,0,1,2,4,1,10,2,1,1,1,1,8,1,3,1,1,G,478,2,1,2,6,6,10,6,6,55200,1,1,0,6,6,10,6,6,55200,1,1,0,6,6,10,6,6,55200,1,1,0,2024,3,10,20590000,11910000,1,3
202601,6,0.비상권,0.비상권,11110,13,0,200,0,1,1,3,11,04,6,2,없음,100,5,0,0,0,1,2,4,1,10,2,1,1,1,1,8,1,3,2,1,G,478,2,1,2,6,4,8,6,4,23100,1,1,0,6,4,8,6,4,23100,1,1,0,6,4,8,6,4,23100,1,1,0,2024,3,10,20590000,11910000,1,3
202601,6,0.비상권,0.비상권,11110,13,0,110,200,1,0,1,51,04,5,1,없음,90,4,0,0,0,2,1,2,1,10,1,1,1,1,1,8,2,3,1,1,C,144,2,1,2,6,6,10,6,6,52900,1,1,0,6,6,10,6,6,52900,1,1,0,6,6,10,6,6,52900,1,1,0,2025,3,10,19650000,47000000,1,3
202601,6,0.비상권,0.비상권,11110,13,0,110,200,1,1,1,11,04,4,1,없음,120,8,0,1,0,2,2,4,1,10,2,1,1,1,1,8,3,3,-1,1,R,901,1,1,1,3,2,7,2,2,9300,1,1,0,3,2,7,2,2,9300,1,1,0,3,2,7,2,2,9300,1,1,0,2025,3,9,10960000,17600000,1,2
202601,6,0.비상권,0.비상권,11110,13,0,110,200,1,1,1,11,04,4,1,없음,120,8,0,1,0,2,2,4,1,10,2,1,1,1,1,8,3,3,1,1,R,901,4,1,4,7,6,8,8,6,28700,1,1,0,7,6,8,8,6,28700,1,1,0,7,6,8,8,6,28700,1,1,0,2025,3,9,10960000,17600000,1,2
202601,6,0.비상권,0.비상권,11110,13,0,110,200,1,1,1,11,04,4,1,없음,120,8,0,1,0,2,2,4,1,10,2,1,1,1,1,8,3,3,2,1,R,901,3,1,3,6,4,7,6,4,13000,1,1,0,6,4,7,6,4,13000,1,1,0,6,4,7,6,4,13000,1,1,0,2025,3,9,10960000,17600000,1,2
202601,6,0.비상권,0.비상권,11110,13,0,110,130,1,1,1,11,04,1,1,없음,100,5,0,0,0,1,1,3,1,10,1,1,1,1,1,8,1,3,-1,1,I,562,1,1,1,3,2,6,3,2,9500,1,1,0,3,2,6,3,2,9500,1,1,0,3,2,6,3,2,9500,1,1,0,2025,3,9,18190000,9060000,1,3
202601,6,0.비상권,0.비상권,11110,13,0,110,130,1,1,1,11,04,1,1,없음,100,5,0,0,0,1,1,3,1,10,1,1,1,1,1,8,1,3,1,1,I,562,1,1,1,7,4,9,6,4,30300,1,1,0,7,4,9,6,4,30300,1,1,0,7,4,9,6,4,30300,1,1,0,2025,3,9,18190000,9060000,1,3
202601,6,0.비상권,0.비상권,11110,13,0,110,130,1,1,1,11,04,1,1,없음,100,5,0,0,0,1,1,3,1,10,1,1,1,1,1,8,1,3,2,1,I,562,2,1,2,4,3,7,4,3,15400,1,1,0,4,3,7,4,3,15400,1,1,0,4,3,7,4,3,15400,1,1,0,2025,3,9,18190000,9060000,1,3
202601,6,0.비상권,0.비상권,11110,13,0,110,130,1,0,1,11,03,1,1,없음,100,5,0,0,0,1,1,2,1,10,1,1,1,1,1,8,1,3,1,1,G,474,2,1,2,6,5,9,6,5,31200,1,1,0,6,5,9,6,5,31200,1,1,0,6,5,9,6,5,31200,1,1,0,2024,3,9,14450000,29010000,1,2
202601,6,0.비상권,0.비상권,11110,13,0,130,200,1,0,1,11,03,1,1,없음,50,4,0,0,0,1,1,2,1,10,1,1,1,1,1,8,1,3,1,1,G,474,1,1,1,7,4,9,7,4,45200,1,1,0,7,4,9,7,4,45200,1,1,0,7,4,9,7,4,45200,1,1,0,2025,3,9,19710000,13250000,1,3
202601,6,0.비상권,0.비상권,11110,13,0,130,200,1,0,1,11,03,1,1,없음,50,4,0,0,0,1,1,2,1,10,1,1,1,1,1,8,1,3,2,1,G,474,2,1,2,6,4,8,5,4,21300,1,1,0,6,4,8,5,4,21300,1,1,0,6,4,8,5,4,21300,1,1,0,2025,3,9,19710000,13250000,1,3
202601,6,1.도심,북촌,11110,13,0,130,200,1,0,2,51,04,1,1,없음,100,10,0,0,0,1,1,2,1,10,1,1,1,1,1,8,1,3,1,1,I,561,2,1,2,6,5,10,6,6,74200,1,1,0,6,5,10,6,6,74200,1,1,0,6,5,10,6,6,74200,1,1,0,2024,3,9,10280000,23700000,1,3
202601,6,1.도심,북촌,11110,13,0,130,200,1,0,1,51,04,6,1,없음,5,4,0,0,0,2,1,2,1,10,1,1,1,1,1,8,2,3,1,1,I,562,2,1,2,7,7,12,7,7,107900,1,1,0,7,7,12,7,7,107900,1,1,0,7,7,12,7,7,107900,1,1,0,2025,3,10,27910000,55800000,1,3
202601,6,1.도심,북촌,11110,13,0,130,200,1,0,1,51,04,1,1,없음,145,10,0,0,0,1,1,2,1,9,1,1,1,1,1,8,1,3,1,1,I,562,2,1,2,7,5,10,6,6,59600,1,1,0,7,5,10,6,6,59600,1,1,0,7,5,10,6,6,59600,1,1,0,2025,3,10,12370000,25760000,1,3
202601,6,1.도심,북촌,11110,13,0,130,200,1,1,1,51,03,1,1,950,155,1,0,0,0,1,1,2,1,10,1,1,1,1,1,8,1,3,-1,1,G,475,1,1,1,2,2,5,2,2,6400,1,1,0,2,2,5,2,2,6400,1,1,0,2,2,5,2,2,6400,1,1,0,2025,5,7,21500000,31820000,1,3
202601,6,1.도심,북촌,11110,13,0,130,200,1,1,1,51,03,1,1,950,155,1,0,0,0,1,1,2,1,10,1,1,1,1,1,8,1,3,1,1,G,475,2,1,2,7,6,12,7,7,123700,1,1,0,7,6,12,7,7,123700,1,1,0,7,6,12,7,7,123700,1,1,0,2025,5,7,21500000,31820000,1,3
202601,6,1.도심,북촌,11110,13,0,130,200,1,0,1,51,04,7,1,730,290,8,0,0,0,1,1,2,1,10,1,1,1,1,1,8,1,3,1,1,G,478,1,1,1,6,5,11,6,6,104200,1,1,0,6,5,11,6,6,104200,1,1,0,6,5,11,6,6,104200,1,1,0,2025,3,10,23500000,35170000,1,3
202601,6,1.도심,북촌,11110,13,0,130,200,1,0,1,51,04,7,1,730,290,8,0,0,0,1,1,2,1,10,1,1,1,1,1,8,1,3,1,1,S,969,2,1,2,6,6,10,6,6,92300,1,1,0,6,6,10,6,6,92300,1,1,0,6,6,10,6,6,92300,1,1,0,2025,3,10,23500000,35170000,1,3
202601,6,1.도심,북촌,11110,13,0,130,200,1,1,1,11,04,6,1,568,550,4,0,0,0,2,2,4,1,9,2,1,1,1,1,8,2,3,-1,1,G,474,1,1,1,2,3,7,2,3,15300,1,1,0,2,3,7,2,3,15300,1,1,0,2,3,7,2,3,15300,1,1,0,2026,4,10,19280000,29230000,1,3
202601,6,1.도심,북촌,11110,13,0,130,200,1,1,1,11,04,6,1,568,550,4,0,0,0,2,2,4,1,9,2,1,1,1,1,8,2,3,1,1,G,474,4,1,4,8,8,12,8,8,112700,1,1,0,8,8,12,8,8,112700,1,1,0,8,8,12,8,8,112700,1,1,0,2026,4,10,19280000,29230000,1,3
202601,6,1.도심,북촌,11110,13,0,130,200,1,1,1,11,04,6,1,568,550,4,0,0,0,2,2,4,1,9,2,1,1,1,1,8,2,3,2,1,G,474,1,1,1,1,3,8,1,3,20900,1,1,0,1,3,8,1,3,21000,1,1,0,1,3,8,1,3,20900,1,1,0,2026,4,10,19280000,29230000,1,3
202601,6,1.도심,북촌,11110,13,0,130,200,1,0,1,51,04,6,1,850,80,10,0,0,0,2,1,2,1,10,1,1,1,1,1,8,2,3,1,1,I,559,2,1,2,7,6,10,8,6,53200,1,1,0,7,6,10,8,6,53200,1,1,0,7,6,10,8,6,53200,1,1,0,2018,6,7,10040000,19480000,1,3
202601,6,1.도심,북촌,11110,13,0,130,200,1,0,1,51,04,1,1,550,70,8,0,0,0,1,1,2,1,10,1,1,1,1,1,8,1,3,1,1,G,474,2,1,2,5,6,11,5,6,96300,1,1,0,5,6,11,5,6,96300,1,1,0,5,6,11,5,6,96300,1,1,0,2024,3,9,12570000,22550000,1,3
202601,6,1.도심,북촌,11110,13,0,130,200,1,0,5,32,03,4,1,500,30,5,0,0,0,2,1,2,1,10,1,1,1,1,1,8,2,3,1,1,G,478,2,1,2,7,7,12,7,7,217200,1,1,0,7,7,12,7,7,217200,1,1,0,7,7,12,7,7,217200,1,1,0,2026,3,9,23390000,64770000,1,3
202601,6,1.도심,북촌,11110,13,0,130,0,1,0,1,51,03,1,1,400,130,9,0,0,0,1,1,2,1,10,1,1,1,1,1,8,1,3,1,1,G,463,1,1,1,6,5,10,6,5,61900,1,1,0,6,5,10,6,5,61900,1,1,0,6,5,10,6,5,61900,1,1,0,2026,3,5,18470000,31380000,1,3
202601,6,1.도심,북촌,11110,13,0,130,0,1,0,1,51,03,1,1,400,130,9,0,0,0,1,1,2,1,10,1,1,1,1,1,8,1,3,1,1,I,561,1,1,1,6,4,10,6,5,73100,1,1,0,6,4,10,6,5,73100,1,1,0,6,4,10,6,5,73100,1,1,0,2024,3,9,18470000,31380000,1,3
202601,6,1.도심,북촌,11110,13,0,130,0,1,0,3,51,04,1,1,387,없음,8,0,0,0,1,1,1,1,10,1,1,1,1,1,8,1,3,1,1,I,562,1,1,1,6,5,11,6,5,75600,1,1,0,6,5,11,6,5,75600,1,1,0,6,5,11,6,5,75600,1,1,0,2025,3,10,18590000,25800000,1,3
202601,6,1.도심,종로,11110,22,0,300,0,1,0,1,51,03,7,1,100,450,4,0,0,0,1,1,2,1,10,1,1,1,1,1,8,1,3,1,1,I,561,2,1,2,7,6,11,7,6,89100,1,1,0,7,6,11,7,6,89100,1,1,0,7,6,11,7,6,89100,1,1,0,2025,3,9,28990000,44890000,1,3
202601,6,1.도심,종로,11110,22,0,0,0,1,0,1,51,04,6,1,100,200,10,0,0,0,1,1,2,1,10,1,1,1,1,1,8,1,3,1,1,I,561,2,1,2,6,6,12,6,6,94500,1,1,0,6,6,12,6,6,94500,1,1,0,6,6,12,6,6,94500,1,1,0,2025,4,9,20380000,30590000,1,3
202601,6,1.도심,종로,11110,22,0,0,0,1,0,1,51,04,6,1,150,120,10,0,0,0,2,1,3,1,10,1,1,1,1,1,8,2,3,1,1,I,561,3,1,3,7,7,12,7,7,109600,1,1,0,7,7,12,7,7,109600,1,1,0,7,7,12,7,7,109600,1,1,0,2025,3,10,20050000,39510000,1,3
202601,6,1.도심,종로,11110,22,0,750,0,1,0,1,51,04,1,1,100,200,10,0,0,0,1,1,2,1,10,1,1,1,1,1,8,1,3,1,1,I,561,2,1,2,5,5,9,5,5,36900,1,1,0,5,5,9,5,5,36900,1,1,0,5,5,9,5,5,36900,1,1,0,2026,3,8,12190000,19670000,1,3
202601,6,1.도심,종로,11110,22,0,750,0,1,0,1,51,03,1,1,100,100,8,0,0,0,1,1,2,1,10,1,1,1,1,1,8,1,3,1,1,D,351,1,1,1,5,5,10,5,5,56700,1,1,0,5,5,10,5,5,56700,1,1,0,5,5,10,5,5,56700,1,1,0,2022,5,5,21770000,36420000,1,3
202601,6,1.도심,종로,11110,22,0,750,0,1,0,1,51,03,1,1,100,100,8,0,0,0,1,1,2,1,10,1,1,1,1,1,8,1,3,1,1,C,242,1,1,1,5,4,9,5,4,56900,1,1,0,5,4,9,5,4,56900,1,1,0,5,4,9,5,4,56900,1,1,0,2023,5,3,21770000,36420000,1,3
202601,6,1.도심,종로,11110,22,0,300,0,1,0,1,11,04,1,1,450,200,8,0,0,0,3,2,4,1,10,2,1,1,1,1,8,3,3,1,1,I,561,4,1,4,6,6,8,6,7,21800,1,1,0,6,6,8,6,7,21800,1,1,0,6,6,8,6,7,21800,1,1,0,2024,4,7,28070000,30550000,1,1
202601,6,1.도심,종로,11110,22,0,300,0,1,0,1,11,04,1,1,450,200,8,0,0,0,3,2,4,1,10,2,1,1,1,1,8,3,3,2,1,I,561,2,1,2,4,3,5,4,3,8000,1,1,0,4,3,5,4,3,8000,1,1,0,4,3,5,4,3,8000,1,1,0,2024,4,7,28070000,30550000,1,1
202601,6,1.도심,종로,11110,22,0,300,750,1,0,2,51,03,1,1,100,100,9,0,0,0,1,1,2,1,10,1,1,1,1,1,8,1,3,1,1,G,467,1,1,2,7,6,12,7,6,124800,1,1,0,7,6,12,7,6,124800,1,1,0,7,6,12,7,6,124800,1,1,0,2025,4,7,38560000,34750000,1,3
202601,6,1.도심,종로,11110,22,0,300,750,1,0,2,51,03,1,1,100,100,9,0,0,0,1,1,2,1,10,1,1,1,1,1,8,1,3,2,1,G,467,1,1,1,4,4,10,4,4,65200,1,1,0,4,4,10,4,4,65200,1,1,0,4,4,10,4,4,65200,1,1,0,2025,4,7,38560000,34750000,1,3
202601,6,1.도심,종로,11110,22,0,300,0,1,0,1,51,03,6,1,130,60,1,0,0,0,1,1,2,1,10,1,1,1,1,1,8,1,3,1,1,I,561,1,1,1,6,6,12,6,7,162800,1,1,0,6,6,12,6,7,162800,1,1,0,6,6,12,6,7,162800,1,1,0,2025,3,9,68480000,116850000,1,3
202601,6,1.도심,종로,11110,22,0,300,0,1,0,1,51,03,6,1,130,60,1,0,0,0,1,1,2,1,10,1,1,1,1,1,8,1,3,1,1,G,471,1,1,1,6,6,12,6,6,184000,1,1,0,6,6,12,6,6,184000,1,1,0,6,6,12,6,6,184000,1,1,0,2025,3,7,68480000,116850000,1,3
202601,6,1.도심,종로,11110,22,0,300,0,1,0,1,51,03,5,1,853,없음,1,0,0,0,1,1,2,1,10,1,1,1,1,1,8,1,3,1,1,I,562,2,1,2,6,7,12,6,7,199400,1,1,0,6,7,12,6,7,199400,1,1,0,6,7,12,6,7,199400,1,1,0,2024,3,10,62270000,125140000,1,3
202601,6,1.도심,종로,11110,22,0,750,0,1,0,1,51,04,1,1,100,100,10,0,0,0,2,1,2,1,10,1,1,1,1,1,8,2,3,1,1,I,561,2,1,2,6,5,8,6,5,27700,1,1,0,6,5,8,6,5,27700,1,1,0,6,5,8,6,5,27700,1,1,0,2025,5,4,21370000,38970000,1,2
202601,6,1.도심,동대문,11110,22,0,300,0,1,0,1,51,03,1,1,200,50,6,0,0,0,1,1,2,1,9,1,1,1,1,1,8,1,3,1,1,I,561,1,1,2,5,5,10,6,5,57300,1,1,0,5,5,10,6,5,57300,1,1,0,5,5,10,6,5,57300,1,1,0,2026,3,7,22080000,33690000,1,3
202601,6,1.도심,동대문,11110,22,0,300,0,1,0,1,51,03,1,1,200,50,6,0,0,0,1,1,2,1,9,1,1,1,1,1,8,1,3,1,1,I,562,1,1,1,6,5,10,6,5,61400,1,1,0,6,5,10,6,5,61400,1,1,0,6,5,10,6,5,61400,1,1,0,2025,3,7,22080000,33690000,1,3
202601,6,1.도심,동대문,11110,22,0,300,0,1,0,1,51,03,1,1,200,50,10,0,0,0,1,1,1,1,10,1,1,1,1,1,8,1,3,1,1,I,561,1,1,1,6,6,12,6,6,102600,1,1,0,6,6,12,6,6,102600,1,1,0,6,6,12,6,6,102600,1,1,0,2025,3,7,18990000,27220000,1,3
202601,6,1.도심,동대문,11110,22,0,300,0,1,0,1,11,04,7,1,250,50,10,0,0,0,1,1,2,1,10,1,1,1,1,1,8,1,3,1,1,I,561,2,1,2,7,6,11,7,6,90800,1,1,0,7,6,11,7,6,90800,1,1,0,7,6,11,7,6,90800,1,1,0,2024,3,6,21470000,35260000,1,3
202601,6,1.도심,동대문,11110,22,0,300,0,1,0,1,51,04,1,1,250,50,10,0,0,0,1,1,3,1,10,1,1,1,1,1,8,1,3,1,1,C,105,2,1,2,6,6,11,6,6,87900,1,1,0,6,6,11,6,6,87900,1,1,0,6,6,11,6,6,87900,1,1,0,2024,3,9,19380000,17780000,1,3
202601,6,1.도심,동대문,11110,22,0,300,0,1,0,1,51,04,1,1,250,50,10,0,0,0,1,1,3,1,10,1,1,1,1,1,8,1,3,2,1,I,561,2,1,2,5,5,10,5,5,55100,1,1,0,5,5,10,5,5,55100,1,1,0,5,5,10,5,5,55100,1,1,0,2025,3,9,19380000,17780000,1,3
202601,6,1.도심,동대문,11110,22,0,300,0,1,0,1,11,03,1,1,100,10,7,0,0,0,1,2,3,1,8,1,1,1,1,1,8,1,3,1,1,G,475,1,1,1,6,5,12,6,5,100600,1,1,0,6,5,12,6,5,100600,1,1,0,6,5,12,6,5,100600,1,1,0,2025,3,7,40980000,22690000,1,3
202601,6,1.도심,동대문,11110,22,0,300,0,1,0,1,11,03,1,1,100,10,7,0,0,0,1,2,3,1,8,1,1,1,1,1,8,1,3,1,6,0,999,1,1,1,1,1,1,4,4,105500,1,1,1,1,1,1,4,4,105500,1,1,1,1,1,1,4,4,105500,1,1,1,0,1,1,40980000,22690000,1,3
202601,6,1.도심,동대문,11110,22,0,300,0,1,0,1,11,03,1,1,100,10,7,0,0,0,1,2,3,1,8,1,1,1,1,1,8,1,3,1,6,0,999,1,1,1,1,1,1,4,4,105500,1,1,1,1,1,1,4,4,105500,1,1,1,1,1,1,4,4,105500,1,1,1,0,1,1,40980000,22690000,1,3
202601,6,1.도심,동대문,11110,22,0,300,0,1,0,1,11,03,1,1,100,10,7,0,0,0,1,2,3,1,8,1,1,1,1,1,8,1,3,1,1,G,475,1,1,1,5,5,11,6,5,89400,1,1,0,5,5,11,6,5,89400,1,1,0,5,5,11,6,5,89400,1,1,0,2025,3,7,40980000,22690000,1,3
202601,6,1.도심,동대문,11110,22,0,300,0,1,0,1,11,03,1,1,100,10,7,0,0,0,1,2,3,1,8,1,1,1,1,1,8,1,3,2,6,0,999,2,1,2,1,1,1,6,5,29900,1,1,1,1,1,1,6,5,29900,1,1,1,1,1,1,6,5,29900,1,1,1,0,1,1,40980000,22690000,1,3
202601,6,1.도심,동대문,11110,22,0,300,0,1,0,1,11,03,1,1,100,70,6,0,0,0,1,1,3,1,10,1,1,1,1,1,8,1,3,1,1,G,468,3,1,3,6,6,9,5,6,50000,1,1,0,6,6,9,5,6,50000,1,1,0,6,6,9,5,6,50000,1,1,0,2025,4,7,24870000,19520000,1,3
202601,6,1.도심,동대문,11110,22,0,300,0,1,0,1,51,03,1,1,30,10,6,0,0,0,1,1,2,1,10,1,1,1,1,1,8,1,3,1,1,I,562,2,1,2,6,6,10,6,6,70700,1,1,0,6,6,10,6,6,70700,1,1,0,6,6,10,6,6,70700,1,1,0,2025,4,10,30680000,32460000,1,3
202601,6,1.도심,동대문,11110,22,0,300,0,1,0,1,11,03,1,1,200,60,8,0,0,0,1,2,4,2,8,1,1,1,1,1,8,1,3,1,1,G,476,2,1,3,6,5,8,6,6,32300,1,1,0,6,5,8,6,6,32300,1,1,0,6,5,8,6,6,32300,1,1,0,2025,3,10,24190000,12630000,1,3
202601,6,1.도심,동대문,11110,22,0,300,0,1,0,1,11,03,1,1,200,60,8,0,0,0,1,2,4,2,8,1,1,1,1,1,8,1,3,2,6,0,999,2,1,3,1,1,1,4,4,14100,1,1,1,1,1,1,4,4,14100,1,1,1,1,1,1,4,4,14100,1,1,1,0,1,1,24190000,12630000,1,3
202601,6,1.도심,동대문,11110,22,0,300,0,1,0,1,11,03,1,1,100,50,6,0,0,0,1,2,3,1,10,2,1,1,1,1,8,1,3,1,1,G,467,2,1,2,6,6,10,6,6,63200,1,1,0,6,6,10,6,6,63200,1,1,0,6,6,10,6,6,63200,1,1,0,2023,4,7,35250000,20930000,1,3
202601,6,1.도심,동대문,11110,22,0,300,0,1,0,1,11,03,1,1,100,50,6,0,0,0,1,2,3,1,10,2,1,1,1,1,8,1,3,2,1,G,467,2,1,2,4,4,8,4,4,20100,1,1,0,4,4,8,4,4,20100,1,1,0,4,4,8,4,4,20100,1,1,0,2023,4,7,35250000,20930000,1,3
202601,6,1.도심,동대문,11110,22,0,300,0,1,0,1,11,03,1,1,300,120,4,0,0,0,1,1,3,1,8,1,1,1,1,1,8,1,3,1,1,G,474,1,1,2,6,6,12,6,6,109500,1,1,0,6,6,12,6,6,109500,1,1,0,6,6,12,6,6,109500,1,1,0,2025,3,7,26440000,20450000,1,3
202601,6,1.도심,동대문,11110,22,0,300,0,1,0,1,11,03,1,1,300,120,4,0,0,0,1,1,3,1,8,1,1,1,1,1,8,1,3,2,1,I,562,2,1,2,6,6,9,6,6,48200,1,1,0,6,6,9,6,6,48200,1,1,0,6,6,9,6,6,48200,1,1,0,2025,3,10,26440000,20450000,1,3
202601,6,1.도심,동대문,11110,22,0,300,0,1,0,1,51,03,1,1,250,150,6,0,0,0,1,1,1,1,10,1,1,1,1,1,8,1,3,1,1,G,475,1,1,1,7,6,12,6,6,151800,1,1,0,7,6,12,6,6,151800,1,1,0,7,6,12,6,6,151800,1,1,0,2025,3,10,26400000,34640000,1,3
202601,6,4.기타,혜화동,11110,15,0,0,0,1,1,1,11,04,5,1,350,150,6,1,0,0,2,2,4,3,8,2,1,1,1,1,8,2,3,-1,1,I,561,1,1,2,4,3,6,4,3,9700,1,1,0,4,3,6,4,3,9700,1,1,0,4,3,6,4,3,9700,1,1,0,2025,3,10,19140000,19870000,1,2
202601,6,4.기타,혜화동,11110,15,0,0,0,1,1,1,11,04,5,1,350,150,6,1,0,0,2,2,4,3,8,2,1,1,1,1,8,2,3,1,1,I,561,3,1,4,6,6,9,6,6,41700,1,1,0,6,6,9,6,6,41700,1,1,0,6,6,9,6,6,41700,1,1,0,2025,3,10,19140000,19870000,1,2
202601,6,4.기타,혜화동,11110,15,0,0,0,1,1,1,11,04,5,1,350,150,6,1,0,0,2,2,4,3,8,2,1,1,1,1,8,2,3,2,1,I,561,3,1,3,5,4,7,5,4,12800,1,1,0,5,4,7,5,4,12800,1,1,0,5,4,7,5,4,12800,1,1,0,2025,3,10,19140000,19870000,1,2
202601,6,4.기타,혜화동,11110,14,0,999,0,1,1,1,11,04,6,1,388,388,7,0,0,0,2,2,4,1,10,2,1,1,1,1,8,2,3,-1,1,I,562,4,1,4,5,5,7,5,5,17200,1,1,0,5,5,7,5,5,17200,1,1,0,5,5,7,5,5,17200,1,1,0,2026,3,8,13920000,11280000,1,1
202601,6,4.기타,혜화동,11110,14,0,999,0,1,1,1,11,04,6,1,388,388,7,0,0,0,2,2,4,1,10,2,1,1,1,1,8,2,3,1,1,I,562,3,1,4,6,6,9,6,6,39000,1,1,0,6,6,9,6,6,39000,1,1,0,6,6,9,6,6,39000,1,1,0,2024,3,8,13920000,11280000,1,1
202601,6,4.기타,혜화동,11110,14,0,999,0,1,1,1,11,04,6,1,388,388,7,0,0,0,2,2,4,1,10,2,1,1,1,1,8,2,3,2,1,I,562,2,1,2,5,4,7,5,5,22000,1,1,0,5,4,7,5,5,22000,1,1,0,5,4,7,5,5,22000,1,1,0,2024,3,8,13920000,11280000,1,1
202601,6,4.기타,혜화동,11110,13,0,0,0,1,0,1,11,03,8,2,350,350,8,0,0,0,1,1,2,1,8,1,1,1,1,1,8,1,3,1,1,I,561,1,1,2,5,5,9,5,5,41600,1,1,0,5,5,9,5,5,41600,1,1,0,5,5,9,5,5,41600,1,1,0,2026,3,9,8940000,7680000,1,3
202601,6,4.기타,혜화동,11110,13,0,0,0,1,0,1,11,03,8,2,350,350,8,0,0,0,1,1,2,1,8,1,1,1,1,1,8,1,3,1,1,G,474,1,1,1,4,4,10,4,4,54200,1,1,0,4,4,10,4,4,54200,1,1,0,4,4,10,4,4,54200,1,1,0,2025,3,10,8940000,7680000,1,3
202601,6,4.기타,혜화동,11110,13,0,0,0,1,0,1,11,03,8,2,350,350,8,0,0,0,1,1,2,1,8,1,1,1,1,1,8,1,3,2,1,I,562,1,1,1,5,5,9,5,5,44400,1,1,0,5,5,9,5,5,44400,1,1,0,5,5,9,5,5,44400,1,1,0,2025,3,9,8940000,7680000,1,3
202601,6,4.기타,혜화동,11110,14,0,999,0,1,1,3,21,04,6,2,220,220,8,0,0,0,1,2,4,1,10,2,1,1,1,1,8,2,3,-1,1,I,562,2,1,2,6,4,8,6,4,22100,2,1,0,6,4,8,6,4,22100,2,1,0,6,4,8,6,4,22100,2,1,0,2025,3,10,11870000,8620000,1,2
202601,6,4.기타,혜화동,11110,14,0,999,0,1,1,3,21,04,6,2,220,220,8,0,0,0,1,2,4,1,10,2,1,1,1,1,8,2,3,1,1,0,999,2,1,2,6,5,8,6,5,27200,1,1,0,6,5,8,6,5,27200,1,1,0,6,5,8,6,5,27200,1,1,0,2025,3,10,11870000,8620000,1,2
202601,6,4.기타,혜화동,11110,14,0,999,0,1,1,3,21,04,6,2,220,220,8,0,0,0,1,2,4,1,10,2,1,1,1,1,8,2,3,2,1,I,562,2,1,2,4,4,7,4,4,13900,1,1,0,4,4,7,4,4,13900,1,1,0,4,4,7,4,4,13900,1,1,0,2024,3,10,11870000,8620000,1,2
202601,6,4.기타,혜화동,11110,15,0,999,0,1,0,1,51,04,1,1,260,없음,8,0,0,0,1,1,2,1,10,1,1,1,1,1,8,1,3,1,1,I,561,2,1,2,6,5,10,6,5,55100,1,1,0,6,5,10,6,5,55100,1,1,0,6,5,10,6,5,55100,1,1,0,2025,3,8,20960000,40530000,1,3
202601,6,4.기타,혜화동,11110,14,0,0,0,1,1,2,11,03,1,1,980,400,4,0,0,0,1,2,3,1,8,2,1,1,1,1,8,1,3,-1,1,R,901,2,1,2,3,4,7,3,4,15400,1,1,0,3,4,7,3,4,15400,1,1,0,3,4,7,3,4,15400,1,1,0,2026,3,10,22260000,12610000,1,2
202601,6,4.기타,혜화동,11110,14,0,0,0,1,1,2,11,03,1,1,980,400,4,0,0,0,1,2,3,1,8,2,1,1,1,1,8,1,3,1,1,S,961,1,1,2,6,5,10,6,5,62300,1,1,0,6,5,10,6,5,62300,1,1,0,6,5,10,6,5,62300,1,1,0,2024,3,10,22260000,12610000,1,2
202601,6,4.기타,혜화동,11110,14,0,0,0,1,1,2,11,03,1,1,980,400,4,0,0,0,1,2,3,1,8,2,1,1,1,1,8,1,3,2,1,S,961,1,1,2,4,4,8,4,4,26000,1,1,0,4,4,8,4,4,26000,1,1,0,4,4,8,4,4,26000,1,1,0,2024,3,10,22260000,12610000,1,2
202601,6,4.기타,혜화동,11110,14,0,0,0,1,0,1,51,03,1,1,610,102,5,0,0,0,1,1,1,1,10,1,1,1,1,1,8,1,3,1,1,L,682,1,1,1,3,4,10,3,4,61600,1,1,0,3,4,10,3,4,61600,1,1,0,3,4,10,3,4,61600,1,1,0,2025,3,10,24370000,27660000,1,4
202601,6,4.기타,혜화동,11110,14,0,0,0,1,0,1,51,03,1,1,610,102,5,0,0,0,1,1,1,1,10,1,1,1,1,1,8,1,3,1,1,J,581,1,1,1,3,4,10,3,4,61600,1,1,0,3,4,10,3,4,61600,1,1,0,3,4,10,3,4,61600,1,1,0,2026,3,5,24370000,27660000,1,4
202601,6,4.기타,혜화동,11110,15,0,999,0,1,0,1,21,04,1,1,87,없음,1,0,0,0,1,2,3,1,9,2,1,1,1,1,8,1,3,1,1,G,472,2,1,2,7,6,12,7,6,106900,1,1,0,7,6,12,7,6,106900,1,1,0,7,6,12,7,6,106900,1,1,0,2025,3,10,43110000,29200000,1,3
202601,6,4.기타,혜화동,11110,15,0,999,0,1,0,1,21,04,1,1,87,없음,1,0,0,0,1,2,3,1,9,2,1,1,1,1,8,1,3,2,1,I,561,2,1,2,6,6,10,6,6,60700,2,1,0,6,6,10,6,6,60700,2,1,0,6,6,10,6,6,60700,2,1,0,2024,3,9,43110000,29200000,1,3
202601,6,4.기타,혜화동,11110,15,0,999,0,1,0,1,51,03,1,1,15,15,1,0,0,0,2,2,4,1,9,2,1,1,1,1,8,2,3,1,1,I,562,4,1,4,7,8,10,7,8,59300,1,1,0,7,8,10,7,8,59300,1,1,0,7,8,10,7,8,59300,1,1,0,2025,3,9,43400000,38170000,1,1
202601,6,4.기타,혜화동,11110,15,0,999,0,1,0,1,51,03,1,1,15,15,1,0,0,0,2,2,4,1,9,2,1,1,1,1,8,2,3,2,1,I,562,3,1,3,6,6,9,6,6,37100,1,1,0,6,6,9,6,6,37100,1,1,0,6,6,9,6,6,37100,1,1,0,2025,3,9,43400000,38170000,1,1
202601,6,4.기타,혜화동,11110,14,0,999,0,1,1,1,11,04,1,1,388,388,8,0,0,0,2,1,3,1,10,1,1,1,1,1,8,2,3,-1,6,0,999,1,1,1,1,1,1,3,3,17200,1,1,1,1,1,1,3,3,17200,1,1,1,1,1,1,3,3,17200,1,1,1,0,1,1,17880000,24070000,1,3
202601,6,4.기타,혜화동,11110,14,0,999,0,1,1,1,11,04,1,1,388,388,8,0,0,0,2,1,3,1,10,1,1,1,1,1,8,2,3,1,1,I,561,2,1,2,6,5,10,6,5,53400,1,1,0,6,5,10,6,5,53400,1,1,0,6,5,10,6,5,53400,1,1,0,2026,3,9,17880000,24070000,1,3
202601,6,4.기타,혜화동,11110,14,0,999,0,1,1,1,11,04,1,1,388,388,8,0,0,0,2,1,3,1,10,1,1,1,1,1,8,2,3,2,1,I,561,1,1,1,4,4,8,4,4,26700,1,1,0,4,4,8,4,4,26700,1,1,0,4,4,8,4,4,26700,1,1,0,2026,3,9,17880000,24070000,1,3
202601,6,4.기타,혜화동,11110,15,0,999,0,1,0,1,21,03,1,1,365,365,1,0,0,0,2,2,4,1,8,2,1,1,1,1,8,2,3,1,1,G,478,2,1,3,8,7,12,8,7,132500,1,1,0,8,7,12,8,7,132500,1,1,0,8,7,12,8,7,132500,1,1,0,2026,3,7,36000000,39480000,1,3
202601,6,4.기타,혜화동,11110,15,0,999,0,1,0,1,21,03,1,1,365,365,1,0,0,0,2,2,4,1,8,2,1,1,1,1,8,2,3,2,1,I,562,2,1,3,8,6,11,8,6,71900,1,1,0,8,6,11,8,6,71900,1,1,0,8,6,11,8,6,71900,1,1,0,2022,5,2,36000000,39480000,1,3
202601,6,4.기타,혜화동,11110,14,0,999,0,1,0,1,51,04,1,1,500,500,8,0,0,0,2,1,2,1,10,1,1,1,1,1,8,2,3,1,1,I,561,2,1,2,7,6,10,7,6,72900,1,1,0,7,6,10,7,6,72900,1,1,0,7,6,10,7,6,72900,1,1,0,2025,3,10,12570000,27150000,1,3
202601,6,4.기타,혜화동,11110,14,0,999,0,1,0,4,51,04,1,1,120,120,10,0,0,0,2,1,2,1,10,1,1,1,1,1,8,2,3,1,1,I,561,2,1,2,6,6,9,6,6,42200,1,1,0,6,6,9,6,6,42200,1,1,0,6,6,9,6,6,42200,1,1,0,2025,3,10,9660000,20350000,1,3
202601,6,4.기타,혜화동,11110,14,0,0,0,1,0,1,51,03,1,1,120,120,8,0,0,0,1,1,2,1,10,1,1,1,1,1,8,1,3,1,1,I,561,2,1,2,7,6,11,7,6,71000,1,1,0,7,6,11,7,6,71000,1,1,0,7,6,11,7,6,71000,1,1,0,2026,3,9,14070000,23990000,1,3
202601,6,4.기타,혜화동,11110,14,0,0,0,1,0,2,51,04,1,1,227,없음,8,0,0,0,1,1,1,1,10,1,1,1,1,1,8,1,3,1,1,I,562,1,1,1,6,4,9,6,4,38800,1,1,0,6,4,9,6,4,38800,1,1,0,6,4,9,6,4,38800,1,1,0,2025,3,9,11910000,13270000,1,3
202601,6,4.기타,혜화동,11110,14,0,999,0,1,0,1,51,04,1,1,500,500,5,0,0,0,1,1,2,1,10,1,1,1,1,1,8,1,3,1,1,I,561,2,1,2,6,6,10,6,5,63600,1,1,0,6,6,10,6,5,63600,1,1,0,6,6,10,6,5,63600,1,1,0,2025,5,5,19860000,39710000,3,4
202601,6,1.도심,동대문,11110,22,0,0,0,1,0,1,51,03,1,1,150,250,7,0,0,0,1,1,1,1,10,1,1,1,1,1,8,1,3,1,1,J,581,1,1,1,5,4,11,4,4,80700,1,1,0,5,4,11,4,4,80700,1,1,0,5,4,11,4,4,80700,1,1,0,2025,2,7,21140000,47310000,1,3
202601,6,1.도심,동대문,11110,22,0,0,0,1,0,1,51,03,1,1,150,250,7,0,0,0,1,1,1,1,10,1,1,1,1,1,8,1,3,1,1,J,581,1,1,1,4,4,11,4,4,80700,1,1,0,4,4,11,4,4,80700,1,1,0,4,4,11,4,4,80700,1,1,0,2026,3,7,21140000,47310000,1,3
202601,6,1.도심,동대문,11110,22,0,0,0,1,0,1,51,03,1,1,150,250,7,0,0,0,1,1,1,1,10,1,1,1,1,1,8,1,3,1,2,J,581,1,1,1,1,1,1,3,4,87500,1,1,0,1,1,1,3,4,87500,1,1,0,1,1,1,3,4,87500,1,1,0,0,1,1,21140000,47310000,1,3
202601,6,1.도심,동대문,11110,22,0,0,0,1,0,1,51,04,1,1,80,90,4,0,0,0,1,1,1,1,10,1,1,1,1,1,8,1,3,1,1,G,474,1,1,1,4,6,12,6,6,95300,1,1,0,4,6,12,6,6,95300,1,1,0,4,6,12,6,6,95300,1,1,0,2026,3,9,14330000,35030000,1,3
202601,6,1.도심,동대문,11110,22,0,0,0,1,0,1,51,03,1,1,150,150,6,0,0,0,2,1,2,1,10,1,1,1,1,1,8,2,3,1,1,G,466,2,1,2,4,5,8,4,5,31800,1,1,0,4,5,8,4,5,31800,1,1,0,4,5,8,4,5,31800,1,1,0,2026,3,8,14540000,27360000,1,3
202601,6,1.도심,동대문,11110,22,0,0,0,1,0,1,51,03,1,1,150,150,6,0,0,0,2,1,2,1,10,1,1,1,1,1,8,2,3,1,1,G,474,1,1,1,3,4,9,3,4,41900,1,1,0,3,4,9,3,4,41900,1,1,0,3,4,9,3,4,41900,1,1,0,2025,2,8,14540000,27360000,1,3
202601,6,1.도심,동대문,11110,22,0,300,0,1,0,1,11,03,1,1,150,230,6,0,0,0,1,2,4,1,10,1,1,1,1,1,8,1,3,1,1,I,561,2,1,2,6,5,9,6,6,46200,1,1,0,6,5,9,6,6,46200,1,1,0,6,5,9,6,6,46200,1,1,0,2024,3,10,29340000,15200000,1,2
202601,6,1.도심,동대문,11110,22,0,300,0,1,0,1,11,03,1,1,150,230,6,0,0,0,1,2,4,1,10,1,1,1,1,1,8,1,3,1,1,I,561,2,1,2,6,6,10,6,6,65900,1,1,0,6,6,10,6,6,65900,1,1,0,6,6,10,6,6,65900,1,1,0,2024,3,10,29340000,15200000,1,2
202601,6,1.도심,동대문,11110,22,0,300,0,1,0,1,11,03,1,1,150,230,6,0,0,0,1,2,4,1,10,1,1,1,1,1,8,1,3,2,6,0,999,3,1,3,1,1,1,6,5,25500,1,1,1,1,1,1,6,5,25500,1,1,1,1,1,1,6,5,25500,1,1,1,0,1,1,29340000,15200000,1,2
202601,6,1.도심,동대문,11110,22,0,0,0,1,0,1,51,04,1,1,800,100,11,0,0,0,2,1,2,1,10,1,1,1,1,1,8,2,3,1,1,G,474,1,1,1,5,5,12,5,5,92300,1,1,0,5,5,12,5,5,92300,1,1,0,5,5,12,5,5,92300,1,1,0,2024,3,9,8160000,29270000,1,3
202601,6,1.도심,동대문,11110,22,0,0,0,1,0,1,51,04,1,1,800,100,11,0,0,0,2,1,2,1,10,1,1,1,1,1,8,2,3,1,1,S,953,1,1,1,5,5,11,5,5,86000,1,1,0,5,5,11,5,5,86000,1,1,0,5,5,11,5,5,86000,1,1,0,2025,3,8,8160000,29270000,1,3
202601,6,1.도심,동대문,11110,22,0,0,0,1,0,1,51,04,1,1,800,100,11,0,0,0,2,1,2,1,10,1,1,1,1,1,8,2,3,1,1,G,474,1,1,1,5,5,11,5,5,88900,1,1,0,5,5,11,5,5,88900,1,1,0,5,5,11,5,5,88900,1,1,0,2025,3,10,8160000,29270000,1,3
202601,6,1.도심,시청,11140,22,0,300,750,1,0,1,51,03,1,1,90,95,6,0,0,0,2,1,3,1,10,1,1,1,1,1,8,2,3,1,1,I,561,2,1,2,8,7,12,8,7,190400,1,1,0,8,7,12,8,7,190400,1,1,0,8,7,12,8,7,190400,1,1,0,2024,3,10,60600000,96400000,1,3
202601,6,1.도심,시청,11140,22,0,300,750,1,0,1,51,03,1,1,90,95,6,0,0,0,2,1,3,1,10,1,1,1,1,1,8,2,3,1,1,I,562,1,1,1,3,4,12,3,4,252700,1,1,0,3,4,12,3,4,252700,1,1,0,3,4,12,3,4,252700,1,1,0,2025,3,10,60600000,96400000,1,3
202601,6,1.도심,시청,11140,22,0,300,750,1,0,1,51,03,1,1,90,95,6,0,0,0,2,1,3,1,10,1,1,1,1,1,8,2,3,1,1,I,561,1,1,1,7,6,12,7,6,124700,1,1,0,7,6,12,7,6,124700,1,1,0,7,6,12,7,6,124700,1,1,0,2026,3,10,60600000,96400000,1,3
202601,6,1.도심,시청,11140,22,0,300,750,1,0,8,31,04,8,2,373,없음,10,0,0,0,2,2,4,1,10,2,2,1,1,1,8,2,3,1,6,0,999,4,1,4,1,1,1,7,7,94200,1,1,1,1,1,1,7,7,94200,1,1,1,1,1,1,7,7,94200,1,1,1,0,1,1,44840000,29370000,1,3
202601,6,1.도심,시청,11140,22,0,300,750,1,0,8,31,04,8,2,373,없음,10,0,0,0,2,2,4,1,10,2,2,1,1,1,8,2,3,2,1,I,561,4,1,4,7,6,10,7,7,50400,1,1,0,7,6,10,7,7,50400,1,1,0,7,6,10,7,7,50400,1,1,0,2026,3,10,44840000,29370000,1,3
202601,6,1.도심,시청,11140,22,0,300,750,1,0,1,11,03,1,1,370,없음,8,0,0,0,1,2,4,1,10,2,1,1,1,1,8,1,3,1,1,I,561,2,1,2,7,6,11,7,6,84400,1,1,0,7,6,11,7,6,84400,1,1,0,7,6,11,7,6,84400,1,1,0,2026,3,10,53440000,40060000,1,3
202601,6,1.도심,시청,11140,22,0,300,750,1,0,1,11,03,1,1,370,없음,8,0,0,0,1,2,4,1,10,2,1,1,1,1,8,1,3,2,1,I,561,2,1,2,5,5,9,5,6,53400,1,1,0,5,5,9,5,6,53400,1,1,0,5,5,9,5,6,53400,1,1,0,2026,3,10,53440000,40060000,1,3
202601,6,1.도심,명동,11140,21,0,300,750,1,0,1,51,03,1,1,30,13,1,0,0,0,1,2,4,1,9,2,1,1,1,1,8,1,3,1,1,G,472,1,1,1,6,5,11,6,5,77700,1,1,0,6,5,11,6,5,77700,1,1,0,6,5,11,6,5,77700,1,1,0,2025,3,7,92900000,49430000,1,3
202601,6,1.도심,명동,11140,21,0,300,750,1,0,1,51,03,1,1,30,13,1,0,0,0,1,2,4,1,9,2,1,1,1,1,8,1,3,1,1,K,661,1,1,1,6,5,11,6,5,77200,1,1,0,6,5,11,6,5,77200,1,1,0,6,5,11,6,5,77200,1,1,0,2025,3,8,92900000,49430000,1,3
202601,6,1.도심,명동,11140,21,0,300,750,1,0,1,51,03,1,1,30,13,1,0,0,0,1,2,4,1,9,2,1,1,1,1,8,1,3,1,1,I,561,2,1,2,6,6,11,6,6,76800,1,1,0,6,6,11,6,6,76800,1,1,0,6,6,11,6,6,76800,1,1,0,2025,3,8,92900000,49430000,1,3
202601,6,1.도심,명동,11140,21,0,300,750,1,0,1,51,03,1,1,30,13,1,0,0,0,1,2,4,1,9,2,1,1,1,1,8,1,3,2,1,I,561,3,1,3,6,6,9,6,6,36500,1,1,0,6,6,9,6,6,36500,1,1,0,6,6,9,6,6,36500,1,1,0,2024,3,9,92900000,49430000,1,3
202601,6,1.도심,시청,11140,22,0,300,0,1,0,1,51,04,1,1,250,75,5,0,0,0,1,1,2,1,8,1,1,1,1,1,8,1,3,1,1,G,476,1,1,1,6,6,12,6,6,180800,1,1,0,6,6,12,6,6,180800,1,1,0,6,6,12,6,6,180800,1,1,0,2025,3,10,61530000,49830000,1,4
202601,6,1.도심,시청,11140,22,0,300,0,1,0,1,51,04,1,1,250,75,5,0,0,0,1,1,2,1,8,1,1,1,1,1,8,1,3,1,1,G,472,1,1,1,6,6,12,6,6,174000,1,1,0,6,6,12,6,6,174000,1,1,0,6,6,12,6,6,174000,1,1,0,2026,3,8,61530000,49830000,1,4
202601,6,1.도심,시청,11140,22,0,300,0,1,0,1,51,04,1,1,250,75,5,0,0,0,1,1,2,1,8,1,1,1,1,1,8,1,3,2,6,0,999,1,1,1,1,1,1,5,5,99000,1,1,1,1,1,1,5,5,99000,1,1,1,1,1,1,5,5,99000,1,1,1,0,1,1,61530000,49830000,1,4
202601,6,1.도심,시청,11140,22,0,300,0,1,0,1,51,04,1,1,250,75,5,0,0,0,1,1,2,1,8,1,1,1,1,1,8,1,3,2,1,G,472,1,1,1,5,5,12,5,5,99300,1,1,0,5,5,12,5,5,99300,1,1,0,5,5,12,5,5,99300,1,1,0,2026,3,8,61530000,49830000,1,4
202601,6,1.도심,시청,11140,22,0,300,0,1,0,6,11,04,5,1,300,300,4,0,0,0,2,1,3,1,10,1,1,1,1,1,8,2,3,1,1,I,561,2,1,2,7,6,12,7,7,111800,1,1,0,7,6,12,7,7,111800,1,1,0,7,6,12,7,7,111800,1,1,0,2024,3,10,53360000,65740000,3,2
202601,6,1.도심,시청,11140,22,0,300,0,1,0,6,11,04,5,1,300,300,4,0,0,0,2,1,3,1,10,1,1,1,1,1,8,2,3,2,1,I,561,1,1,2,6,4,9,6,5,35700,1,1,0,6,4,9,6,5,35700,1,1,0,6,4,9,6,5,35700,1,1,0,2024,3,10,53360000,65740000,3,2
202601,6,1.도심,남대문,11140,22,0,300,0,1,0,1,21,04,1,1,226,204,6,0,0,0,1,1,2,1,10,1,1,1,1,1,8,1,3,1,1,G,478,1,1,1,6,6,12,6,6,150600,1,1,0,6,6,12,6,6,150600,1,1,0,6,6,12,6,6,150600,1,1,0,2025,3,10,51370000,27580000,1,2
202601,6,1.도심,남대문,11140,22,0,300,0,1,0,1,21,04,1,1,226,204,6,0,0,0,1,1,2,1,10,1,1,1,1,1,8,1,3,2,1,G,478,1,1,1,5,5,10,5,5,57300,1,1,0,5,5,10,5,5,57300,1,1,0,5,5,10,5,5,57300,1,1,0,2025,3,10,51370000,27580000,1,2
202601,6,1.도심,남대문,11140,22,0,300,0,1,0,1,21,04,1,1,210,220,6,0,0,0,1,1,2,1,8,1,1,1,1,1,8,1,3,1,1,G,463,1,1,1,7,6,12,7,6,187300,1,1,0,7,6,12,7,6,187300,1,1,0,7,6,12,7,6,187300,1,1,0,2024,3,7,52500000,28190000,1,4
202601,6,1.도심,남대문,11140,22,0,300,0,1,0,1,21,04,1,1,210,220,6,0,0,0,1,1,2,1,8,1,1,1,1,1,8,1,3,2,1,G,463,1,1,1,3,3,7,3,3,17700,1,1,0,3,3,7,3,3,17700,1,1,0,3,3,7,3,3,17700,1,1,0,2024,3,7,52500000,28190000,1,4
202601,6,1.도심,남대문,11140,22,0,300,0,1,0,1,21,04,1,1,300,200,6,0,0,0,1,1,1,1,9,1,1,1,1,1,8,1,3,1,1,G,464,1,1,1,6,5,12,6,5,168500,1,1,0,6,5,12,6,5,168500,1,1,0,6,5,12,6,5,168500,1,1,0,2024,3,7,48530000,30820000,1,3
202601,6,1.도심,남대문,11140,22,0,300,0,1,0,1,21,04,1,1,300,200,6,0,0,0,1,1,1,1,9,1,1,1,1,1,8,1,3,2,1,G,464,1,1,1,3,3,9,3,3,33200,1,1,0,3,3,9,3,3,33200,1,1,0,3,3,9,3,3,33200,1,1,0,2024,3,7,48530000,30820000,1,3
202601,6,1.도심,남대문,11140,22,0,300,0,1,0,1,21,04,1,1,230,260,11,0,0,0,1,1,2,1,9,1,1,1,1,1,8,1,3,1,1,G,466,1,1,2,6,5,10,6,5,54100,1,1,0,6,5,10,6,5,54100,1,1,0,6,5,10,6,5,54100,1,1,0,2025,3,7,39730000,22470000,1,3
202601,6,1.도심,남대문,11140,22,0,300,0,1,0,1,21,04,1,1,230,260,11,0,0,0,1,1,2,1,9,1,1,1,1,1,8,1,3,2,1,G,467,1,1,2,3,3,6,3,3,10000,1,1,0,3,3,6,3,3,10000,1,1,0,3,3,6,3,3,10000,1,1,0,2025,3,7,39730000,22470000,1,3
202601,6,1.도심,남대문,11140,22,0,300,0,1,0,1,21,03,1,1,254,203,8,0,0,0,1,1,2,1,10,1,1,1,1,1,8,1,3,1,1,I,561,1,1,1,5,6,11,5,6,86500,1,1,0,5,6,11,5,6,86500,1,1,0,5,6,11,5,6,86500,1,1,0,2024,3,10,38420000,21150000,1,3
202601,6,1.도심,남대문,11140,22,0,300,0,1,0,1,21,03,1,1,254,203,8,0,0,0,1,1,2,1,10,1,1,1,1,1,8,1,3,2,1,G,474,1,1,1,4,3,8,4,3,20500,1,1,0,4,3,8,4,3,20500,1,1,0,4,3,8,4,3,20500,1,1,0,2025,3,7,38420000,21150000,1,3
202601,6,1.도심,남대문,11140,22,0,300,0,1,0,1,21,04,1,1,244,193,7,0,0,0,1,1,3,1,10,1,1,1,1,1,8,1,3,1,1,I,561,1,1,1,6,6,12,6,6,104800,1,1,0,6,6,12,6,6,104800,1,1,0,6,6,12,6,6,104800,1,1,0,2026,3,10,55580000,32230000,1,2
202601,6,1.도심,남대문,11140,22,0,300,0,1,0,1,21,04,1,1,244,193,7,0,0,0,1,1,3,1,10,1,1,1,1,1,8,1,3,1,1,I,562,1,1,1,6,6,12,6,6,103300,1,1,0,6,6,12,6,6,103300,1,1,0,6,6,12,6,6,103300,1,1,0,2024,3,10,55580000,32230000,1,2
202601,6,1.도심,남대문,11140,22,0,300,0,1,0,1,21,04,1,1,244,193,7,0,0,0,1,1,3,1,10,1,1,1,1,1,8,1,3,2,1,I,562,2,1,2,6,5,9,6,5,43600,1,1,0,6,5,9,6,5,43600,1,1,0,6,5,9,6,5,43600,1,1,0,2024,3,10,55580000,32230000,1,2
202601,6,1.도심,남대문,11140,22,0,300,0,1,0,1,21,03,1,1,230,260,10,0,0,0,1,1,1,1,9,1,1,1,1,1,8,1,3,1,1,I,561,1,1,1,4,4,11,4,4,72300,1,1,0,4,4,11,4,4,72300,1,1,0,4,4,11,4,4,72300,1,1,0,2025,2,7,30640000,18770000,1,3
202601,6,1.도심,남대문,11140,22,0,300,0,1,0,1,21,03,1,1,230,260,10,0,0,0,1,1,1,1,9,1,1,1,1,1,8,1,3,2,1,I,561,1,1,1,3,3,9,3,3,31700,1,1,0,3,3,9,3,3,31700,1,1,0,3,3,9,3,3,31700,1,1,0,2025,2,7,30640000,18770000,1,3
202601,6,1.도심,남대문,11140,22,0,300,0,1,0,1,21,03,1,1,230,260,10,0,0,0,1,1,1,1,9,1,1,1,1,1,8,1,3,1,1,G,464,1,1,1,5,4,10,5,5,66800,1,1,0,5,4,10,5,5,66800,1,1,0,5,4,10,5,5,66800,1,1,0,2024,3,6,32430000,20970000,1,3
202601,6,1.도심,남대문,11140,22,0,300,0,1,0,1,21,03,1,1,230,260,10,0,0,0,1,1,1,1,9,1,1,1,1,1,8,1,3,2,1,G,464,1,1,1,3,3,8,3,3,24900,1,1,0,3,3,8,3,3,24900,1,1,0,3,3,8,3,3,24900,1,1,0,2024,3,6,32430000,20970000,1,3
202601,6,1.도심,남대문,11140,22,0,300,0,1,0,1,21,04,1,1,220,130,7,0,0,0,1,1,1,1,8,1,1,1,1,1,8,1,3,1,1,I,561,1,1,1,6,6,12,6,6,130100,1,1,0,6,6,12,6,6,130100,1,1,0,6,6,12,6,6,130100,1,1,0,2026,3,10,46780000,38470000,1,4
202601,6,1.도심,남대문,11140,22,0,300,0,1,0,1,21,04,1,1,220,130,7,0,0,0,1,1,1,1,8,1,1,1,1,1,8,1,3,2,1,I,561,1,1,1,5,4,9,4,4,46400,1,1,0,5,4,9,4,4,46400,1,1,0,5,4,9,4,4,46400,1,1,0,2026,3,10,46780000,38470000,1,4
202601,6,1.도심,남대문,11140,22,0,300,0,1,0,1,21,04,1,1,210,200,11,0,0,0,1,1,2,1,8,1,1,1,1,1,8,1,3,1,1,I,561,1,1,1,5,5,10,5,5,71900,1,1,0,5,5,10,5,5,71900,1,1,0,5,5,10,5,5,71900,1,1,0,2025,3,7,41830000,10810000,1,3
202601,6,1.도심,남대문,11140,22,0,300,0,1,0,1,21,04,1,1,210,200,11,0,0,0,1,1,2,1,8,1,1,1,1,1,8,1,3,2,1,I,561,1,1,1,5,3,7,4,3,14600,1,1,0,5,3,7,4,3,14600,1,1,0,5,3,7,4,3,14600,1,1,0,2025,3,8,41830000,10810000,1,3
202601,6,1.도심,남대문,11140,22,0,300,0,1,0,1,21,03,1,1,200,200,10,0,0,0,1,1,1,1,9,1,1,1,1,1,8,1,3,1,1,I,561,1,1,1,4,3,12,4,3,109900,1,1,0,4,3,12,4,3,109900,1,1,0,4,3,12,4,3,109900,1,1,0,2024,3,7,32790000,26250000,1,3
202601,6,1.도심,남대문,11140,22,0,300,0,1,0,1,21,03,1,1,200,200,10,0,0,0,1,1,1,1,9,1,1,1,1,1,8,1,3,2,1,I,561,1,1,1,3,2,9,3,3,36800,1,1,0,3,2,9,3,3,36800,1,1,0,3,2,9,3,3,36800,1,1,0,2024,3,7,32790000,26250000,1,3
202601,6,1.도심,남대문,11140,22,0,300,0,1,0,1,21,04,1,1,200,200,10,0,0,0,1,1,1,1,8,1,1,1,1,1,8,1,3,1,1,I,561,1,1,1,3,4,11,3,4,85900,1,1,0,3,4,11,3,4,85900,1,1,0,3,4,11,3,4,85900,1,1,0,2024,3,7,32040000,18710000,1,3
202601,6,1.도심,남대문,11140,22,0,300,0,1,0,1,21,04,1,1,200,200,10,0,0,0,1,1,1,1,8,1,1,1,1,1,8,1,3,2,1,I,561,1,1,1,3,3,8,3,3,21000,1,1,0,3,3,8,3,3,21000,1,1,0,3,3,8,3,3,21000,1,1,0,2024,3,7,32040000,18710000,1,3
202601,6,1.도심,남대문,11140,22,0,300,0,1,0,1,21,04,1,1,220,170,10,0,0,0,1,1,1,1,8,1,1,1,1,1,8,1,3,1,1,G,472,1,1,1,4,5,10,4,5,63600,1,1,0,4,5,10,4,5,63600,1,1,0,4,5,10,4,5,63600,1,1,0,2024,3,7,36950000,21680000,1,3
202601,6,1.도심,남대문,11140,22,0,300,0,1,0,1,21,04,1,1,220,170,10,0,0,0,1,1,1,1,8,1,1,1,1,1,8,1,3,2,6,0,999,1,1,1,1,1,1,3,3,16600,1,1,1,1,1,1,3,3,16600,1,1,1,1,1,1,3,3,16600,1,1,1,0,1,1,36950000,21680000,1,3
202601,6,1.도심,남대문,11140,22,0,300,0,1,0,1,11,04,1,1,33,없음,1,0,0,0,1,1,3,1,10,1,1,1,1,1,8,1,3,1,1,I,561,2,1,2,6,6,12,6,7,110500,1,1,0,6,6,12,6,7,110500,1,1,0,6,6,12,6,7,110500,1,1,0,2024,3,9,57480000,25440000,1,3
202601,6,1.도심,남대문,11140,22,0,300,0,1,0,1,11,04,1,1,33,없음,1,0,0,0,1,1,3,1,10,1,1,1,1,1,8,1,3,2,1,I,561,2,1,2,4,5,8,5,5,25100,1,1,0,4,5,8,5,5,25100,1,1,0,4,5,8,5,5,25100,1,1,0,2024,3,9,57480000,25440000,1,3
202601,6,1.도심,남대문,11140,22,0,300,0,1,0,1,51,03,1,1,80,130,8,0,0,0,1,1,2,1,7,1,1,1,1,1,8,1,3,1,1,G,464,1,1,2,6,6,12,6,6,96900,1,1,0,6,6,12,6,6,96900,1,1,0,6,6,12,6,6,96900,1,1,0,2024,3,7,40120000,23700000,1,3
202601,6,1.도심,남대문,11140,22,0,300,0,1,0,1,51,03,1,1,80,130,8,0,0,0,1,1,2,1,7,1,1,1,1,1,8,1,3,2,1,G,464,1,1,2,4,4,8,4,4,23500,1,1,0,4,4,8,4,4,23500,1,1,0,4,4,8,4,4,23500,1,1,0,2026,3,10,40120000,23700000,1,3
202601,6,1.도심,남대문,11140,22,0,300,0,1,0,1,21,03,1,1,180,160,6,0,0,0,1,1,1,1,9,1,1,1,1,1,8,1,3,1,1,G,463,1,1,1,6,5,12,6,5,106800,1,1,0,6,5,12,6,5,106800,1,1,0,6,5,12,6,5,106800,1,1,0,2025,2,7,37040000,23570000,1,3
202601,6,1.도심,남대문,11140,22,0,300,0,1,0,1,21,03,1,1,180,160,6,0,0,0,1,1,1,1,9,1,1,1,1,1,8,1,3,2,1,G,463,1,1,1,4,3,8,4,3,22500,1,1,0,4,3,8,4,3,22500,1,1,0,4,3,8,4,3,22500,1,1,0,2025,2,7,37040000,23570000,1,3
202601,6,1.도심,남대문,11140,22,0,300,0,1,0,1,21,04,1,1,300,100,11,0,0,0,1,1,1,1,9,1,1,1,1,1,8,1,3,1,1,I,561,1,1,1,5,5,12,5,5,195700,1,1,0,5,5,12,5,5,195700,1,1,0,5,5,12,5,5,195700,1,1,0,2024,3,9,36170000,29530000,1,4
202601,6,1.도심,남대문,11140,22,0,300,0,1,0,1,21,04,1,1,300,100,11,0,0,0,1,1,1,1,9,1,1,1,1,1,8,1,3,2,1,I,561,1,1,1,3,4,11,3,4,79600,1,1,0,3,4,11,3,4,79600,1,1,0,3,4,11,3,4,79600,1,1,0,2025,3,8,36170000,29530000,1,4
202601,6,1.도심,남대문,11140,22,0,300,0,1,0,1,51,03,1,1,100,100,6,0,0,0,1,2,4,1,10,2,1,1,1,1,8,1,3,1,1,G,474,2,1,2,6,6,11,6,7,97400,1,1,0,6,6,11,6,7,97400,1,1,0,6,6,11,6,7,97400,1,1,0,2025,3,10,44950000,27950000,1,3
202601,6,1.도심,남대문,11140,22,0,300,0,1,0,1,51,03,1,1,100,100,6,0,0,0,1,2,4,1,10,2,1,1,1,1,8,1,3,2,1,I,561,2,1,2,6,6,10,6,6,62000,1,1,0,6,6,10,6,6,62000,1,1,0,6,6,10,6,6,62000,1,1,0,2025,3,8,44950000,27950000,1,3
202601,6,1.도심,남대문,11140,22,0,300,0,1,0,1,51,03,1,1,10,70,6,0,0,0,1,1,3,1,9,1,1,1,1,1,8,1,3,1,1,G,478,2,1,2,8,7,12,8,7,139000,1,1,0,8,7,12,8,7,139000,1,1,0,8,7,12,8,7,139000,1,1,0,2025,3,9,51410000,28890000,1,4
202601,6,1.도심,남대문,11140,22,0,300,0,1,0,1,51,03,1,1,10,70,6,0,0,0,1,1,3,1,9,1,1,1,1,1,8,1,3,2,1,G,478,2,1,2,5,5,9,5,5,33000,1,1,0,5,5,9,5,5,33000,1,1,0,5,5,9,5,5,33000,1,1,0,2025,3,9,51410000,28890000,1,4
202601,6,1.도심,남대문,11140,22,0,300,0,1,0,1,51,03,10,2,25,120,6,0,0,0,1,1,2,1,9,1,1,1,1,1,8,1,3,1,1,G,478,1,1,1,6,6,12,6,6,141300,1,1,0,6,6,12,6,6,141300,1,1,0,6,6,12,6,6,141300,1,1,0,2025,3,10,42450000,26360000,1,3
202601,6,1.도심,남대문,11140,22,0,300,0,1,0,1,51,03,10,2,25,120,6,0,0,0,1,1,2,1,9,1,1,1,1,1,8,1,3,2,1,G,467,1,1,1,4,3,8,4,3,24900,1,1,0,4,3,8,4,3,24900,1,1,0,4,3,8,4,3,24900,1,1,0,2025,3,10,42450000,26360000,1,3
202601,6,1.도심,시청,11140,22,0,300,0,1,0,1,11,03,10,2,120,50,6,0,0,0,1,1,3,1,10,1,1,1,1,1,8,1,3,1,1,I,561,2,1,2,7,6,12,7,6,105800,1,1,0,7,6,12,7,6,105800,1,1,0,7,6,12,7,6,105800,1,1,0,2025,3,5,44670000,23960000,1,2
202601,6,1.도심,시청,11140,22,0,300,0,1,0,1,11,03,10,2,120,50,6,0,0,0,1,1,3,1,10,1,1,1,1,1,8,1,3,2,1,I,561,2,1,2,6,5,10,6,6,52300,1,1,0,6,5,10,6,6,52300,1,1,0,6,5,10,6,6,52300,1,1,0,2025,3,5,44670000,23960000,1,2
202601,6,1.도심,시청,11140,22,0,300,0,1,0,1,51,04,1,1,250,250,8,0,0,0,1,1,3,1,10,1,1,1,1,1,8,1,3,1,1,I,561,2,1,2,6,6,11,6,6,78500,1,1,0,6,6,11,6,6,78500,1,1,0,6,6,11,6,6,78500,1,1,0,2024,3,10,21670000,18380000,1,4
202601,6,1.도심,시청,11140,22,0,300,0,1,0,1,51,04,1,1,250,250,8,0,0,0,1,1,3,1,10,1,1,1,1,1,8,1,3,2,1,I,551,2,1,2,5,5,9,5,5,33000,1,1,0,5,5,9,5,5,33000,1,1,0,5,5,9,5,5,33000,1,1,0,2025,3,10,21670000,18380000,1,4
202601,6,1.도심,시청,11140,22,0,300,0,1,0,2,51,03,1,1,314,없음,10,0,0,0,1,1,2,1,10,1,1,1,1,1,8,1,3,1,1,I,561,2,1,2,4,4,7,4,4,19100,1,1,0,4,4,7,4,4,19100,1,1,0,4,4,7,4,4,19100,1,1,0,2025,2,8,16170000,26940000,1,2
202601,6,1.도심,시청,11140,22,0,300,0,1,0,1,51,04,1,1,77,200,4,0,0,0,2,2,4,1,9,2,1,1,1,1,8,2,3,1,1,I,561,2,1,3,7,7,12,7,7,96500,1,1,0,7,7,12,7,7,96500,1,1,0,7,7,12,7,7,96500,1,1,0,2025,3,9,38030000,26800000,1,3
202601,6,1.도심,시청,11140,22,0,300,0,1,0,1,51,04,1,1,77,200,4,0,0,0,2,2,4,1,9,2,1,1,1,1,8,2,3,2,1,I,561,2,1,3,6,6,9,6,6,42700,1,1,0,6,6,9,6,6,42700,1,1,0,6,6,9,6,6,42700,1,1,0,2025,3,9,38030000,26800000,1,3
202601,6,1.도심,시청,11140,22,0,300,0,1,0,1,21,03,1,1,90,150,1,0,0,0,2,2,4,1,10,2,1,1,1,1,8,2,3,1,1,G,471,4,1,4,8,8,12,8,8,104400,1,1,0,8,8,12,8,8,104400,1,1,0,8,8,12,8,8,104400,1,1,0,2025,3,7,62930000,42590000,2,3
202601,6,1.도심,시청,11140,22,0,300,0,1,0,1,21,03,1,1,90,150,1,0,0,0,2,2,4,1,10,2,1,1,1,1,8,2,3,2,1,I,561,4,1,4,7,7,10,7,7,63900,1,4,0,7,7,10,7,7,63900,1,4,0,7,7,10,7,7,63900,1,4,0,2025,3,9,62930000,42590000,2,3
202601,6,1.도심,시청,11140,22,0,300,0,1,0,1,21,04,1,1,300,100,1,0,0,0,1,2,4,1,10,2,1,1,1,1,8,1,3,1,1,I,561,2,1,3,6,6,10,6,6,68100,1,1,0,6,6,10,6,6,68100,1,1,0,6,6,10,6,6,68100,1,1,0,2025,3,8,65570000,24030000,1,3
202601,6,1.도심,시청,11140,22,0,300,0,1,0,1,21,04,1,1,300,100,1,0,0,0,1,2,4,1,10,2,1,1,1,1,8,1,3,2,1,I,561,4,1,4,6,7,9,6,7,42200,1,1,0,6,7,9,6,7,42200,1,1,0,6,7,9,6,7,42200,1,1,0,2025,3,8,65570000,24030000,1,3
202601,6,1.도심,시청,11140,22,0,300,0,1,0,3,11,04,9,2,300,80,6,0,0,0,1,1,2,1,9,1,1,1,1,1,8,1,3,1,1,I,561,1,1,1,6,5,11,6,6,89900,1,1,0,6,5,11,6,6,89900,1,1,0,6,5,11,6,6,89900,1,1,0,2024,3,4,45420000,28020000,1,3
202601,6,1.도심,시청,11140,22,0,300,0,1,0,3,11,04,9,2,300,80,6,0,0,0,1,1,2,1,9,1,1,1,1,1,8,1,3,2,1,I,561,1,1,1,5,4,9,5,4,36100,1,1,0,5,4,9,5,4,36100,1,1,0,5,4,9,5,4,36100,1,1,0,2024,3,4,45420000,28020000,1,3
202601,6,1.도심,시청,11140,22,0,300,0,1,0,1,51,04,1,1,300,80,6,0,0,0,1,1,2,1,9,1,1,1,1,1,8,1,3,1,1,I,562,1,1,1,6,6,12,6,6,92500,1,1,0,6,6,12,6,6,92500,1,1,0,6,6,12,6,6,92500,1,1,0,2026,3,10,45670000,29640000,1,4
202601,6,1.도심,시청,11140,22,0,300,0,1,0,1,51,04,1,1,300,80,6,0,0,0,1,1,2,1,9,1,1,1,1,1,8,1,3,2,1,I,562,1,1,1,5,4,9,5,4,38700,1,1,0,5,4,9,5,4,38700,1,1,0,5,4,9,5,4,38700,1,1,0,2026,3,10,45670000,29640000,1,4
202601,6,1.도심,남대문,11140,22,0,300,0,1,0,1,21,04,1,1,280,100,6,0,0,0,1,1,2,1,9,1,1,1,1,1,8,1,3,1,1,G,476,1,1,2,8,6,12,8,6,161700,1,1,0,8,6,12,8,6,161700,1,1,0,8,6,12,8,6,161700,1,1,0,2024,3,9,64160000,41050000,1,4
202601,6,1.도심,남대문,11140,22,0,300,0,1,0,1,21,04,1,1,280,100,6,0,0,0,1,1,2,1,9,1,1,1,1,1,8,1,3,2,1,G,476,1,1,2,7,6,12,7,6,102300,1,1,0,7,6,12,7,6,102300,1,1,0,7,6,12,7,6,102300,1,1,0,2024,3,9,64160000,41050000,1,4
202601,6,1.도심,시청,11140,22,0,300,0,1,0,1,11,03,1,1,300,100,1,0,0,0,1,2,4,1,10,2,1,1,1,1,8,1,3,1,1,I,562,2,1,2,7,6,10,7,6,56200,1,1,0,7,6,10,7,6,56200,1,1,0,7,6,10,7,6,56200,1,1,0,2025,3,9,40220000,27260000,1,2
202601,6,1.도심,시청,11140,22,0,300,0,1,0,1,11,03,1,1,300,100,1,0,0,0,1,2,4,1,10,2,1,1,1,1,8,1,3,2,1,I,562,2,1,2,6,5,9,6,5,31100,1,1,0,6,5,9,6,5,31100,1,1,0,6,5,9,6,5,31100,1,1,0,2025,3,9,40220000,27260000,1,2
202601,6,1.도심,남대문,11140,22,0,300,0,1,0,1,12,03,1,1,308,102,7,0,0,0,2,2,4,1,10,2,1,1,1,1,8,2,3,1,1,G,478,1,1,1,3,4,9,3,4,38800,1,1,0,3,4,9,3,4,38800,1,1,0,3,4,9,3,4,38800,1,1,0,2025,3,8,28960000,42190000,1,1
202601,6,1.도심,남대문,11140,22,0,300,0,1,0,1,12,03,1,1,308,102,7,0,0,0,2,2,4,1,10,2,1,1,1,1,8,2,3,1,1,I,562,2,1,2,4,5,9,4,5,41200,1,1,0,4,5,9,4,5,41200,1,1,0,4,5,9,4,5,41200,1,1,0,2025,3,10,28960000,42190000,1,1
202601,6,1.도심,남대문,11140,22,0,300,0,1,0,1,12,03,1,1,308,102,7,0,0,0,2,2,4,1,10,2,1,1,1,1,8,2,3,1,1,I,561,2,1,2,4,5,9,4,5,37600,1,1,0,4,5,9,4,5,37600,1,1,0,4,5,9,4,5,37600,1,1,0,2025,3,10,28960000,42190000,1,1
202601,6,1.도심,남대문,11140,22,0,300,0,1,0,1,12,03,1,1,308,102,7,0,0,0,2,2,4,1,10,2,1,1,1,1,8,2,3,1,1,G,478,1,1,1,3,4,9,3,4,38800,1,1,0,3,4,9,3,4,38800,1,1,0,3,4,9,3,4,38800,1,1,0,2025,3,8,28960000,42190000,1,1
202601,6,1.도심,명동,11140,21,0,300,0,1,1,1,51,04,10,2,613,없음,6,0,0,0,1,2,4,1,10,2,1,1,1,1,8,1,3,-1,1,G,478,1,1,1,6,3,9,6,4,41100,1,1,0,6,3,9,6,4,41100,1,1,0,6,3,9,6,4,41100,1,1,0,2026,2,10,130330000,59100000,1,5
202601,6,1.도심,명동,11140,21,0,300,0,1,1,1,51,04,10,2,613,없음,6,0,0,0,1,2,4,1,10,2,1,1,1,1,8,1,3,1,1,G,478,2,1,2,8,8,12,8,8,291100,1,1,0,8,8,12,8,8,291100,1,1,0,8,8,12,8,8,291100,1,1,0,2026,2,10,130330000,59100000,1,5
202601,6,1.도심,명동,11140,21,0,300,0,1,1,1,51,04,10,2,613,없음,6,0,0,0,1,2,4,1,10,2,1,1,1,1,8,1,3,2,1,S,961,2,1,2,7,6,10,7,6,66800,1,1,0,7,6,10,7,6,66800,1,1,0,7,6,10,7,6,66800,1,1,0,2024,3,10,130330000,59100000,1,5
202601,6,1.도심,명동,11140,21,0,300,0,1,0,1,12,04,10,2,90,50,1,0,0,0,2,2,4,1,10,2,1,1,1,1,8,2,3,1,1,I,561,4,1,4,7,6,9,7,6,40200,1,1,0,7,6,9,7,6,40200,1,1,0,7,6,9,7,6,40200,1,1,0,2026,3,10,38960000,23240000,1,3
202601,6,1.도심,명동,11140,21,0,300,0,1,0,1,12,04,10,2,90,50,1,0,0,0,2,2,4,1,10,2,1,1,1,1,8,2,3,2,1,I,561,3,1,3,6,5,7,6,5,17000,1,1,0,6,5,7,6,5,17000,1,1,0,6,5,7,6,5,17000,1,1,0,2026,3,10,38960000,23240000,1,3
202601,6,1.도심,명동,11140,21,0,300,0,1,0,1,12,03,1,1,150,100,6,0,0,0,1,1,1,1,10,1,1,1,1,1,8,1,3,1,1,K,649,1,1,1,6,5,12,6,5,106600,1,1,0,6,5,12,6,5,106600,1,1,0,6,5,12,6,5,106600,1,1,0,2025,3,10,65330000,34240000,1,3
202601,6,1.도심,명동,11140,21,0,300,0,1,0,1,12,03,1,1,150,100,6,0,0,0,1,1,1,1,10,1,1,1,1,1,8,1,3,2,1,K,649,1,1,1,4,4,9,4,4,41800,1,1,0,4,4,9,4,4,41800,1,1,0,4,4,9,4,4,41800,1,1,0,2025,3,10,65330000,34240000,1,3
202601,6,1.도심,명동,11140,21,0,300,0,1,0,1,11,03,1,1,896,없음,6,0,0,0,1,1,3,1,10,1,1,1,1,1,8,1,3,1,1,G,472,2,1,2,7,6,12,7,6,104600,2,1,0,7,6,12,7,6,104600,2,1,0,7,6,12,7,6,104600,2,1,0,2024,3,10,65270000,38480000,1,4
202601,6,1.도심,명동,11140,21,0,300,0,1,0,1,11,03,1,1,896,없음,6,0,0,0,1,1,3,1,10,1,1,1,1,1,8,1,3,2,1,G,474,2,1,2,6,5,9,6,5,39800,2,1,0,6,5,9,6,5,39800,2,1,0,6,5,9,6,5,39800,2,1,0,2024,3,10,65270000,38480000,1,4
202601,6,1.도심,명동,11140,21,0,300,0,1,0,1,51,03,1,1,150,100,6,0,0,0,1,1,3,1,10,1,1,1,1,1,8,1,3,1,1,I,561,2,1,2,7,6,12,7,6,107300,2,1,0,7,6,12,7,6,107300,2,1,0,7,6,12,7,6,107300,2,1,0,2024,3,10,65820000,35610000,1,4
202601,6,1.도심,명동,11140,21,0,300,0,1,0,1,51,03,1,1,150,100,6,0,0,0,1,1,3,1,10,1,1,1,1,1,8,1,3,2,1,I,561,2,1,2,6,5,9,6,5,40600,2,1,0,6,5,9,6,5,40600,2,1,0,6,5,9,6,5,40600,2,1,0,2024,3,10,65820000,35610000,1,4
202601,6,1.도심,명동,11140,21,0,300,750,1,0,1,51,03,1,1,400,250,6,0,0,0,1,1,3,1,10,1,1,1,1,1,8,1,3,1,1,I,561,2,1,2,7,6,12,7,6,143000,1,1,0,7,6,12,7,6,143000,1,1,0,7,6,12,7,6,143000,1,1,0,2024,3,10,58070000,34820000,1,3
202601,6,1.도심,명동,11140,21,0,300,750,1,0,1,51,03,1,1,400,250,6,0,0,0,1,1,3,1,10,1,1,1,1,1,8,1,3,2,1,I,561,2,1,2,5,5,9,5,5,51000,1,1,0,5,5,9,5,5,51000,1,1,0,5,5,9,5,5,51000,1,1,0,2024,3,10,58070000,34820000,1,3
202601,6,1.도심,명동,11140,21,0,300,750,1,0,1,51,03,1,1,250,200,8,0,0,0,1,1,3,1,10,1,1,1,1,1,8,1,3,1,1,G,478,1,1,1,6,6,12,6,6,198900,1,1,0,6,6,12,6,6,198900,1,1,0,6,6,12,6,6,198900,1,1,0,2023,4,10,57560000,48510000,1,5
202601,6,1.도심,명동,11140,21,0,300,750,1,0,1,51,03,1,1,250,200,8,0,0,0,1,1,3,1,10,1,1,1,1,1,8,1,3,1,1,I,561,1,1,1,6,5,12,6,6,161400,1,1,0,6,5,12,6,6,161400,1,1,0,6,5,12,6,6,161400,1,1,0,2023,4,8,57560000,48510000,1,5
202601,6,1.도심,명동,11140,21,0,300,750,1,0,1,51,03,1,1,250,200,8,0,0,0,1,1,3,1,10,1,1,1,1,1,8,1,3,1,1,K,649,1,1,1,5,5,12,5,5,212100,1,1,0,5,5,12,5,5,212100,1,1,0,5,5,12,5,5,212100,1,1,0,2024,3,7,57560000,48510000,1,5
202601,6,1.도심,명동,11140,21,0,300,750,1,0,1,51,03,1,1,250,200,8,0,0,0,1,1,3,1,10,1,1,1,1,1,8,1,3,2,1,S,961,1,1,1,5,5,11,5,5,71500,1,1,0,5,5,11,5,5,71500,1,1,0,5,5,11,5,5,71500,1,1,0,2024,3,9,57560000,48510000,1,5
202601,6,1.도심,명동,11140,21,0,300,750,1,0,1,51,03,1,1,250,200,8,0,0,0,1,1,3,1,10,1,1,1,1,1,8,1,3,2,1,I,561,1,1,1,5,5,10,5,5,71500,1,1,0,5,5,10,5,5,71500,1,1,0,5,5,10,5,5,71500,1,1,0,2023,4,8,57560000,48510000,1,5
202601,6,1.도심,명동,11140,21,0,300,750,1,0,1,51,04,8,2,250,200,8,0,0,0,1,1,3,1,10,1,1,1,1,1,8,1,3,1,1,G,478,2,1,2,7,7,12,7,7,169200,1,1,0,7,7,12,7,7,169200,1,1,0,7,7,12,7,7,169200,1,1,0,2025,2,10,56710000,37210000,1,3
202601,6,1.도심,명동,11140,21,0,300,750,1,0,1,51,04,8,2,250,200,8,0,0,0,1,1,3,1,10,1,1,1,1,1,8,1,3,2,1,G,478,2,1,2,6,6,11,6,6,70100,1,1,0,6,6,11,6,6,70100,1,1,0,6,6,11,6,6,70100,1,1,0,2025,3,10,56710000,37210000,1,3
202601,6,1.도심,명동,11140,21,0,300,750,1,0,1,51,03,7,2,230,100,4,0,0,0,1,1,3,1,10,1,1,1,1,1,8,1,3,1,1,G,478,2,1,2,8,8,12,8,8,372900,1,1,0,8,8,12,8,8,372900,1,1,0,8,8,12,8,8,372900,1,1,0,2025,3,10,185040000,148020000,1,5
202601,6,1.도심,명동,11140,21,0,300,750,1,0,1,51,03,7,2,230,100,4,0,0,0,1,1,3,1,10,1,1,1,1,1,8,1,3,2,1,G,478,2,1,2,7,7,12,7,7,172200,1,1,0,7,7,12,7,7,172200,1,1,0,7,7,12,7,7,172200,1,1,0,2025,3,10,185040000,148020000,1,5
202601,6,1.도심,명동,11140,21,0,300,0,1,0,1,51,04,6,2,150,200,8,0,0,0,1,1,2,1,10,1,1,1,1,1,8,1,3,1,1,G,478,2,1,2,8,7,12,8,7,298500,1,1,0,8,7,12,8,7,298500,1,1,0,8,7,12,8,7,298500,1,1,0,2025,2,10,98820000,61390000,1,4
202601,6,1.도심,명동,11140,21,0,300,0,1,0,1,51,04,6,2,150,200,8,0,0,0,1,1,2,1,10,1,1,1,1,1,8,1,3,2,1,G,478,1,1,1,6,5,11,6,6,85300,1,1,0,6,5,11,6,6,85300,1,1,0,6,5,11,6,6,85300,1,1,0,2025,2,10,98820000,61390000,1,4
202601,6,1.도심,명동,11140,21,0,300,0,1,0,1,11,04,10,2,240,100,8,0,0,0,1,1,2,1,10,1,1,1,1,1,8,1,3,1,1,G,478,1,1,1,6,6,12,6,6,229700,1,1,0,6,6,12,6,6,229700,1,1,0,6,6,12,6,6,229700,1,1,0,2023,4,9,65540000,35440000,1,4
202601,6,1.도심,명동,11140,21,0,300,0,1,0,1,11,04,10,2,240,100,8,0,0,0,1,1,2,1,10,1,1,1,1,1,8,1,3,1,1,K,649,1,1,1,5,5,12,5,5,234800,1,1,0,5,5,12,5,5,234800,1,1,0,5,5,12,5,5,234800,1,1,0,2023,4,9,65540000,35440000,1,4
202601,6,1.도심,명동,11140,21,0,300,0,1,0,1,11,04,10,2,240,100,8,0,0,0,1,1,2,1,10,1,1,1,1,1,8,1,3,2,6,0,999,1,1,1,1,1,1,4,4,45800,1,1,1,1,1,1,4,4,45800,1,1,1,1,1,1,4,4,45800,1,1,1,0,1,1,65540000,35440000,1,4
202601,6,1.도심,명동,11140,21,0,300,0,1,0,1,11,04,10,2,240,100,8,0,0,0,1,1,2,1,10,1,1,1,1,1,8,1,3,2,1,K,649,1,1,1,3,3,9,3,3,45900,1,1,0,3,3,9,3,3,45900,1,1,0,3,3,9,3,3,45900,1,1,0,2023,4,10,65540000,35440000,1,4
202601,6,1.도심,명동,11140,21,0,300,750,1,0,1,51,03,7,2,450,220,8,0,0,0,1,1,2,1,10,1,1,1,1,1,8,1,3,1,6,0,999,1,1,1,1,1,1,6,6,78400,1,1,1,1,1,1,6,6,78400,1,1,1,1,1,1,6,6,78400,1,1,1,0,1,1,40380000,31020000,1,3
202601,6,1.도심,명동,11140,21,0,300,750,1,0,1,51,03,7,2,450,220,8,0,0,0,1,1,2,1,10,1,1,1,1,1,8,1,3,2,6,0,999,1,1,1,1,1,1,4,3,23600,1,1,1,1,1,1,4,3,23600,1,1,1,1,1,1,4,3,23600,1,1,1,0,1,1,40380000,31020000,1,3
202601,6,1.도심,충무로,11140,22,0,300,999,1,0,1,11,03,1,1,370,10,1,0,0,0,2,2,3,1,9,2,1,1,1,1,8,2,3,1,1,J,581,3,1,3,7,6,9,7,6,42600,1,1,0,7,6,9,7,6,42600,1,1,0,7,6,9,7,6,42600,1,1,0,2025,3,10,27930000,29980000,1,3
202601,6,1.도심,충무로,11140,22,0,300,999,1,0,1,11,03,1,1,370,10,1,0,0,0,2,2,3,1,9,2,1,1,1,1,8,2,3,2,1,J,581,1,1,1,3,3,8,3,3,21800,1,1,0,3,3,8,3,3,21800,1,1,0,3,3,8,3,3,21800,1,1,0,2025,3,10,27930000,29980000,1,3
202601,6,1.도심,충무로,11140,22,0,999,0,1,0,1,11,04,1,1,470,60,6,0,0,0,1,1,2,1,8,1,1,1,1,1,8,1,3,1,1,J,581,1,1,2,5,5,9,5,5,40300,1,1,0,5,5,9,5,5,40300,1,1,0,5,5,9,5,5,40300,1,1,0,2025,4,7,20150000,15360000,1,3
202601,6,1.도심,충무로,11140,22,0,999,0,1,0,1,11,04,1,1,470,60,6,0,0,0,1,1,2,1,8,1,1,1,1,1,8,1,3,2,1,J,581,1,1,1,3,3,7,3,3,17800,1,1,0,3,3,7,3,3,17800,1,1,0,3,3,7,3,3,17800,1,1,0,2025,4,7,20150000,15360000,1,3
202601,6,1.도심,충무로,11140,22,0,300,999,1,0,2,11,03,5,1,100,50,1,0,0,0,2,2,4,1,10,2,1,1,1,1,8,2,3,1,1,G,475,2,1,2,7,6,12,7,6,101700,1,1,0,7,6,12,7,6,101700,1,1,0,7,6,12,7,6,101700,1,1,0,2025,3,9,28230000,31200000,1,3
202601,6,1.도심,충무로,11140,22,0,300,999,1,0,2,11,03,5,1,100,50,1,0,0,0,2,2,4,1,10,2,1,1,1,1,8,2,3,1,1,G,478,1,1,1,6,6,12,6,6,101900,1,1,0,6,6,12,6,6,101900,1,1,0,6,6,12,6,6,101900,1,1,0,2024,3,9,28230000,31200000,1,3
202601,6,1.도심,충무로,11140,22,0,300,999,1,0,2,11,03,5,1,100,50,1,0,0,0,2,2,4,1,10,2,1,1,1,1,8,2,3,2,1,G,475,2,1,3,6,6,9,6,6,48900,1,1,0,6,6,9,6,6,48900,1,1,0,6,6,9,6,6,48900,1,1,0,2025,3,9,28230000,31200000,1,3
202601,6,1.도심,충무로,11140,22,0,999,0,1,0,1,51,04,7,1,200,200,8,0,0,0,1,1,2,1,9,1,1,1,1,1,8,1,3,1,1,C,181,2,1,2,5,5,9,5,5,34500,1,1,0,5,5,9,5,5,34500,1,1,0,5,5,9,5,5,34500,1,1,0,2025,3,7,17010000,25640000,1,2
202601,6,1.도심,충무로,11140,22,0,999,0,1,0,2,51,03,1,1,200,200,10,0,0,0,2,2,3,1,9,2,1,1,1,1,8,2,3,1,1,J,581,2,1,2,5,6,9,5,6,35900,1,1,0,5,6,9,5,6,35900,1,1,0,5,6,9,5,6,35900,1,1,0,2024,3,9,14100000,20520000,1,2
202601,6,1.도심,충무로,11140,22,0,999,0,1,0,2,51,03,1,1,200,200,10,0,0,0,2,2,3,1,9,2,1,1,1,1,8,2,3,2,1,J,581,1,1,2,4,3,7,4,4,14300,1,1,0,4,3,7,4,4,14300,1,1,0,4,3,7,4,4,14300,1,1,0,2024,3,9,14100000,20520000,1,2
202601,6,1.도심,충무로,11140,22,0,300,0,1,0,1,11,03,1,1,200,30,1,0,0,0,2,2,4,1,10,2,1,1,1,1,8,2,3,1,1,G,464,2,1,2,6,6,10,6,6,53400,1,1,0,6,6,10,6,6,53400,1,1,0,6,6,10,6,6,53400,1,1,0,2024,3,10,23690000,12750000,1,3
202601,6,1.도심,충무로,11140,22,0,300,0,1,0,1,11,03,1,1,200,30,1,0,0,0,2,2,4,1,10,2,1,1,1,1,8,2,3,1,1,G,464,2,1,2,6,6,10,6,6,53500,1,1,0,6,6,10,6,6,53500,1,1,0,6,6,10,6,6,53500,1,1,0,2025,3,10,23690000,12750000,1,3
202601,6,1.도심,충무로,11140,22,0,300,0,1,0,1,11,03,1,1,200,30,1,0,0,0,2,2,4,1,10,2,1,1,1,1,8,2,3,2,1,G,464,2,1,2,5,4,7,5,4,16200,1,1,0,5,4,7,5,4,16200,1,1,0,5,4,7,5,4,16200,1,1,0,2024,3,10,23690000,12750000,1,3
202601,6,1.도심,충무로,11140,22,0,300,0,1,0,1,11,03,1,1,200,30,1,0,0,0,2,2,4,1,10,2,1,1,1,1,8,2,3,2,1,G,464,2,1,2,5,4,7,5,4,16200,1,1,0,5,4,7,5,4,16200,1,1,0,5,4,7,5,4,16200,1,1,0,2025,3,10,23690000,12750000,1,3
202601,6,1.도심,충무로,11140,22,0,300,999,1,0,1,11,03,6,2,320,150,3,0,0,0,2,2,4,1,9,2,1,1,1,1,8,2,3,1,1,J,581,1,1,1,5,5,10,5,5,52100,1,1,0,5,5,10,5,5,52100,1,1,0,5,5,10,5,5,52100,1,1,0,2025,3,10,23960000,21500000,1,3
202601,6,1.도심,충무로,11140,22,0,300,999,1,0,1,11,03,6,2,320,150,3,0,0,0,2,2,4,1,9,2,1,1,1,1,8,2,3,1,1,J,581,1,1,1,5,5,10,5,5,52100,1,1,0,5,5,10,5,5,52100,1,1,0,5,5,10,5,5,52100,1,1,0,2025,3,7,23960000,21500000,1,3
202601,6,1.도심,충무로,11140,22,0,300,999,1,0,1,11,03,6,2,320,150,3,0,0,0,2,2,4,1,9,2,1,1,1,1,8,2,3,2,1,G,474,1,1,1,3,3,7,3,3,16000,1,1,0,3,3,7,3,3,16000,1,1,0,3,3,7,3,3,16000,1,1,0,2025,3,10,23960000,21500000,1,3
202601,6,1.도심,충무로,11140,22,0,300,999,1,0,1,11,03,6,2,320,150,3,0,0,0,2,2,4,1,9,2,1,1,1,1,8,2,3,2,1,G,474,1,1,1,3,3,7,3,3,17200,1,1,0,3,3,7,3,3,17200,1,1,0,3,3,7,3,3,17200,1,1,0,2025,3,10,23960000,21500000,1,3
202601,6,1.도심,충무로,11140,22,0,300,0,1,0,2,51,03,1,1,100,50,8,0,0,0,2,2,4,1,9,2,1,1,1,1,8,2,3,1,1,J,581,4,1,4,6,7,9,6,7,46300,1,1,0,6,7,9,6,7,46300,1,1,0,6,7,9,6,7,46300,1,1,0,2025,3,7,27880000,17960000,1,2
202601,6,1.도심,충무로,11140,22,0,300,0,1,0,2,51,03,1,1,100,50,8,0,0,0,2,2,4,1,9,2,1,1,1,1,8,2,3,2,1,J,581,3,1,3,5,5,7,5,5,16100,1,1,0,5,5,7,5,5,16100,1,1,0,5,5,7,5,5,16100,1,1,0,2025,3,7,27880000,17960000,1,2
202601,6,1.도심,동대문,11140,22,0,0,0,1,0,4,21,03,8,2,100,100,8,0,0,0,1,2,4,1,10,2,1,1,1,1,8,1,3,1,1,H,529,2,1,2,5,5,9,5,5,33700,1,1,0,5,5,9,5,5,33700,1,1,0,5,5,9,5,5,33700,1,1,0,2025,3,6,14330000,9360000,1,2
202601,6,1.도심,동대문,11140,22,0,0,0,1,0,4,21,03,8,2,100,100,8,0,0,0,1,2,4,1,10,2,1,1,1,1,8,1,3,2,1,H,529,2,1,2,5,5,8,5,5,22800,1,1,0,5,5,8,5,5,22800,1,1,0,5,5,8,5,5,22800,1,1,0,2025,3,8,14330000,9360000,1,2
202601,6,1.도심,동대문,11140,22,0,0,0,1,0,1,12,03,1,1,100,100,8,0,0,0,1,1,1,1,10,1,1,1,1,1,8,1,3,1,1,C,132,1,1,1,4,5,9,4,5,41800,1,1,0,4,5,9,4,5,41800,1,1,0,4,5,9,4,5,41800,1,1,0,2024,3,10,12650000,22550000,1,3
202601,6,1.도심,동대문,11140,22,0,0,0,1,0,1,11,03,9,1,50,200,4,0,0,0,1,1,2,1,10,1,1,1,1,1,8,1,3,1,1,G,464,2,1,2,5,5,9,5,5,34600,1,1,0,5,5,9,5,5,34600,1,1,0,5,5,9,5,5,34600,1,1,0,2024,3,9,25810000,28990000,1,3
202601,6,1.도심,동대문,11140,22,0,0,0,1,0,1,11,03,9,1,50,200,4,0,0,0,1,1,2,1,10,1,1,1,1,1,8,1,3,1,1,G,466,1,1,1,5,4,9,5,4,37300,1,1,0,5,4,9,5,4,37300,1,1,0,5,4,9,5,4,37300,1,1,0,2024,3,6,25810000,28990000,1,3
202601,6,1.도심,동대문,11140,22,0,0,0,1,0,1,11,03,1,1,50,250,4,0,0,0,1,1,1,1,9,1,1,1,1,1,8,1,3,1,1,I,562,1,1,1,4,4,9,4,4,42600,1,1,0,4,4,9,4,4,42600,1,1,0,4,4,9,4,4,42600,1,1,0,2024,3,10,18450000,11730000,1,3
202601,6,1.도심,동대문,11140,22,0,0,0,1,0,1,11,03,1,1,50,250,4,0,0,0,1,1,1,1,9,1,1,1,1,1,8,1,3,2,1,I,562,1,1,1,2,2,6,2,3,8200,1,1,0,2,2,6,2,3,8200,1,1,0,2,2,6,2,3,8200,1,1,0,2024,3,10,18450000,11730000,1,3
202601,6,1.도심,동대문,11140,22,0,300,0,1,0,1,11,03,1,1,886,80,1,0,0,0,1,1,1,1,10,1,1,1,1,1,8,1,3,1,1,H,494,1,1,1,4,5,10,4,5,56600,1,1,0,4,5,10,4,5,56600,1,1,0,4,5,10,4,5,56600,1,1,0,2025,3,10,18780000,19620000,1,3
202601,6,1.도심,동대문,11140,22,0,0,0,1,0,1,11,03,1,1,10,20,4,0,0,0,1,1,1,1,8,1,1,1,1,1,8,1,3,1,1,G,453,1,1,1,4,3,10,4,3,53200,1,1,0,4,3,10,4,3,53200,1,1,0,4,3,10,4,3,53200,1,1,0,2026,3,8,16990000,19630000,1,3
202601,6,1.도심,동대문,11140,22,0,0,0,1,0,1,11,03,1,1,10,20,4,0,0,0,1,1,1,1,8,1,1,1,1,1,8,1,3,1,1,L,682,1,1,1,4,3,10,4,3,57400,1,1,0,4,3,10,4,3,57400,1,1,0,4,3,10,4,3,57400,1,1,0,2025,3,10,16990000,19630000,1,3
202601,6,1.도심,동대문,11140,22,0,300,0,1,0,1,51,04,1,1,50,100,1,0,0,0,1,1,3,1,10,1,1,1,1,1,8,1,3,1,1,G,474,2,1,2,4,5,9,4,5,38400,1,1,0,4,5,9,4,5,38400,1,1,0,4,5,9,4,5,38400,1,1,0,2025,3,10,28650000,15390000,1,3
202601,6,1.도심,동대문,11140,22,0,300,0,1,0,1,51,04,1,1,50,100,1,0,0,0,1,1,3,1,10,1,1,1,1,1,8,1,3,2,1,G,474,2,1,2,2,4,7,2,4,16300,1,1,0,2,4,7,2,4,16300,1,1,0,2,4,7,2,4,16300,1,1,0,2026,3,7,28650000,15390000,1,3
202601,6,1.도심,방산시장,11140,22,0,300,0,1,0,1,51,03,10,2,50,100,3,0,0,0,2,2,4,1,9,2,1,1,1,1,8,2,3,1,1,G,467,1,1,1,6,6,12,6,6,159400,1,1,0,6,6,12,6,6,159400,1,1,0,6,6,12,6,6,159400,1,1,0,2024,3,5,46640000,25060000,1,3
202601,6,1.도심,방산시장,11140,22,0,300,0,1,0,1,51,03,10,2,50,100,3,0,0,0,2,2,4,1,9,2,1,1,1,1,8,2,3,1,1,G,467,1,1,1,6,6,12,6,6,158800,1,1,0,6,6,12,6,6,158800,1,1,0,6,6,12,6,6,158800,1,1,0,2024,3,5,46640000,25060000,1,3
202601,6,1.도심,방산시장,11140,22,0,300,0,1,0,1,51,03,10,2,50,100,3,0,0,0,2,2,4,1,9,2,1,1,1,1,8,2,3,1,1,G,467,1,1,2,6,6,11,6,6,84100,1,1,0,6,6,11,6,6,84100,1,1,0,6,6,11,6,6,84100,1,1,0,2024,3,5,46640000,25060000,1,3
202601,6,1.도심,방산시장,11140,22,0,300,0,1,0,1,51,03,10,2,50,100,3,0,0,0,2,2,4,1,9,2,1,1,1,1,8,2,3,1,1,G,467,1,1,1,6,6,12,6,6,156500,1,1,0,6,6,12,6,6,156500,1,1,0,6,6,12,6,6,156500,1,1,0,2024,3,5,46640000,25060000,1,3
202601,6,1.도심,방산시장,11140,22,0,300,0,1,0,1,51,03,10,2,50,100,3,0,0,0,2,2,4,1,9,2,1,1,1,1,8,2,3,1,1,G,467,1,1,1,6,6,12,6,6,159400,1,1,0,6,6,12,6,6,159400,1,1,0,6,6,12,6,6,159400,1,1,0,2024,3,5,46640000,25060000,1,3
202601,6,1.도심,방산시장,11140,22,0,300,0,1,0,1,51,03,10,2,50,100,3,0,0,0,2,2,4,1,9,2,1,1,1,1,8,2,3,2,1,G,467,3,1,4,6,6,9,6,6,39800,1,1,0,6,6,9,6,6,39800,1,1,0,6,6,9,6,6,39800,1,1,0,2024,3,8,46640000,25060000,1,3
202601,6,1.도심,충무로,11140,22,0,300,0,1,0,5,21,03,7,2,50,50,6,0,0,0,1,1,3,1,9,1,1,1,1,1,8,1,3,1,1,J,581,1,1,1,5,5,9,5,5,47800,1,1,0,5,5,9,5,5,47800,1,1,0,5,5,9,5,5,47800,1,1,0,2024,3,7,19600000,15960000,1,3
202601,6,1.도심,충무로,11140,22,0,300,0,1,0,5,21,03,7,2,50,50,6,0,0,0,1,1,3,1,9,1,1,1,1,1,8,1,3,1,1,G,466,1,1,1,5,5,9,5,5,47800,1,1,0,5,5,9,5,5,47800,1,1,0,5,5,9,5,5,47800,1,1,0,2025,3,10,19600000,15960000,1,3
202601,6,1.도심,충무로,11140,22,0,300,0,1,0,5,21,03,7,2,50,50,6,0,0,0,1,1,3,1,9,1,1,1,1,1,8,1,3,2,1,J,581,2,1,2,4,4,8,4,4,21300,1,1,0,4,4,8,4,4,21300,1,1,0,4,4,8,4,4,21300,1,1,0,2024,3,7,19600000,15960000,1,3
202601,6,1.도심,충무로,11140,22,0,300,0,1,0,1,11,03,1,1,2,10,1,0,0,0,1,2,4,1,10,2,1,1,1,1,8,1,3,1,1,G,466,1,1,1,6,5,11,6,5,80400,1,1,0,6,5,11,6,5,80400,1,1,0,6,5,11,6,5,80400,1,1,0,2026,4,8,34470000,21110000,1,3
202601,6,1.도심,충무로,11140,22,0,300,0,1,0,1,11,03,1,1,2,10,1,0,0,0,1,2,4,1,10,2,1,1,1,1,8,1,3,1,1,G,475,1,1,1,6,5,11,6,5,80400,1,1,0,6,5,11,6,5,80400,1,1,0,6,5,11,6,5,80400,1,1,0,2023,4,8,34470000,21110000,1,3
202601,6,1.도심,충무로,11140,22,0,300,0,1,0,1,11,03,1,1,2,10,1,0,0,0,1,2,4,1,10,2,1,1,1,1,8,1,3,1,6,0,999,1,1,1,1,1,1,6,5,78900,1,1,1,1,1,1,6,5,78900,1,1,1,1,1,1,6,5,78900,1,1,1,0,1,1,34470000,21110000,1,3
202601,6,1.도심,충무로,11140,22,0,300,0,1,0,1,11,03,1,1,2,10,1,0,0,0,1,2,4,1,10,2,1,1,1,1,8,1,3,2,1,G,466,1,1,1,4,4,9,4,4,38900,1,1,0,4,4,9,4,4,38900,1,1,0,4,4,9,4,4,38900,1,1,0,2026,4,8,34470000,21110000,1,3
202601,6,1.도심,충무로,11140,22,0,300,0,1,0,1,11,03,1,1,2,10,1,0,0,0,1,2,4,1,10,2,1,1,1,1,8,1,3,2,1,G,475,2,1,2,5,5,9,5,5,39100,1,1,0,5,5,9,5,5,39100,1,1,0,5,5,9,5,5,39100,1,1,0,2023,4,8,34470000,21110000,1,3
202601,6,1.도심,을지로,11140,21,0,999,0,1,0,1,51,04,1,1,250,180,5,0,0,0,1,2,4,1,10,2,1,1,1,1,8,1,3,1,1,I,561,2,1,2,6,5,9,6,5,33200,1,1,0,6,5,9,6,5,33200,1,1,0,6,5,9,6,5,33200,1,1,0,2024,3,7,24000000,16290000,1,2
202601,6,1.도심,을지로,11140,21,0,999,0,1,0,1,51,04,1,1,250,180,5,0,0,0,1,2,4,1,10,2,1,1,1,1,8,1,3,1,1,G,478,1,1,1,6,4,9,6,4,32300,1,1,0,6,4,9,6,4,32300,1,1,0,6,4,9,6,4,32300,1,1,0,2024,4,8,24000000,16290000,1,2
202601,6,1.도심,을지로,11140,21,0,999,0,1,0,1,51,04,1,1,250,180,5,0,0,0,1,2,4,1,10,2,1,1,1,1,8,1,3,2,1,I,561,2,1,2,6,3,7,6,3,14000,1,1,0,6,3,7,6,3,14000,1,1,0,6,3,7,6,3,14000,1,1,0,2024,3,7,24000000,16290000,1,2
202601,6,1.도심,을지로,11140,21,0,999,0,1,0,1,51,04,1,1,250,180,5,0,0,0,1,2,4,1,10,2,1,1,1,1,8,1,3,2,6,0,999,1,1,1,1,1,1,5,3,13600,1,1,1,1,1,1,5,3,13600,1,1,1,1,1,1,5,3,13600,1,1,1,0,1,1,24000000,16290000,1,2
202601,6,1.도심,동대문,11140,22,0,0,0,1,1,1,51,04,1,1,350,200,8,0,0,0,1,2,3,1,9,2,1,1,1,1,8,1,3,-1,1,I,561,1,1,1,2,2,6,2,2,8400,1,1,0,2,2,6,2,2,8400,1,1,0,2,2,6,2,2,8400,1,1,0,2025,3,10,14300000,9040000,1,2
202601,6,1.도심,동대문,11140,22,0,0,0,1,1,1,51,04,1,1,350,200,8,0,0,0,1,2,3,1,9,2,1,1,1,1,8,1,3,1,1,I,561,2,1,2,5,6,9,5,6,38300,1,1,0,5,6,9,5,6,38300,1,1,0,5,6,9,5,6,38300,1,1,0,2025,3,10,14300000,9040000,1,2
202601,6,1.도심,동대문,11140,22,0,0,0,1,1,1,51,04,1,1,350,200,8,0,0,0,1,2,3,1,9,2,1,1,1,1,8,1,3,2,1,I,561,2,1,2,4,4,8,4,4,21800,1,1,0,4,4,8,4,4,21800,1,1,0,4,4,8,4,4,21800,1,1,0,2025,3,10,14300000,9040000,1,2
202601,6,1.도심,방산시장,11140,22,0,0,0,1,0,2,51,04,1,1,300,300,6,0,0,0,1,1,3,1,10,1,1,1,1,1,8,1,3,1,1,C,181,1,1,1,4,5,10,4,5,51700,1,1,0,4,5,10,4,5,51700,1,1,0,4,5,10,4,5,51700,1,1,0,2025,3,8,23670000,17660000,1,2
202601,6,1.도심,방산시장,11140,22,0,0,0,1,0,2,51,04,1,1,300,300,6,0,0,0,1,1,3,1,10,1,1,1,1,1,8,1,3,1,1,C,181,1,1,1,4,5,10,4,5,47900,1,1,0,4,5,10,4,5,47900,1,1,0,4,5,10,4,5,47900,1,1,0,2025,3,9,23670000,17660000,1,2
202601,6,1.도심,방산시장,11140,22,0,0,0,1,0,2,51,04,1,1,300,300,6,0,0,0,1,1,3,1,10,1,1,1,1,1,8,1,3,2,1,C,181,1,1,1,4,4,8,4,4,21700,1,1,0,4,4,8,4,4,21700,1,1,0,4,4,8,4,4,21700,1,1,0,2025,3,8,23670000,17660000,1,2
202601,6,1.도심,방산시장,11140,22,0,0,0,1,0,1,21,04,1,1,300,300,9,0,0,0,1,1,2,1,9,1,1,1,1,1,8,1,3,1,1,I,562,1,1,1,5,4,9,5,4,35100,1,1,0,5,4,9,5,4,35100,1,1,0,5,4,9,5,4,35100,1,1,0,2025,3,9,14740000,12040000,1,2
202601,6,1.도심,방산시장,11140,22,0,0,0,1,0,1,21,04,1,1,300,300,9,0,0,0,1,1,2,1,9,1,1,1,1,1,8,1,3,2,6,0,999,1,1,1,1,1,1,3,3,16600,1,1,1,1,1,1,3,3,16600,1,1,1,1,1,1,3,3,16600,1,1,1,0,1,1,14740000,12040000,1,2
202601,6,1.도심,방산시장,11140,22,0,0,0,1,0,2,51,03,1,1,100,100,8,0,0,0,1,1,3,1,9,1,1,1,1,1,8,1,3,1,1,G,467,1,1,1,4,5,10,5,5,63500,1,1,0,4,5,10,5,5,63500,1,1,0,4,5,10,5,5,63500,1,1,0,2024,3,7,24940000,18950000,1,3
202601,6,1.도심,방산시장,11140,22,0,0,0,1,0,2,51,03,1,1,100,100,8,0,0,0,1,1,3,1,9,1,1,1,1,1,8,1,3,1,6,0,999,1,1,1,1,1,1,5,5,64500,1,1,1,1,1,1,5,5,64500,1,1,1,1,1,1,5,5,64500,1,1,1,0,1,1,24940000,18950000,1,3
202601,6,1.도심,방산시장,11140,22,0,0,0,1,0,2,51,03,1,1,100,100,8,0,0,0,1,1,3,1,9,1,1,1,1,1,8,1,3,2,1,C,179,2,1,2,4,4,8,4,5,24900,1,1,0,4,4,8,4,5,24900,1,1,0,4,4,8,4,5,24900,1,1,0,2024,3,10,24940000,18950000,1,3
202601,6,1.도심,방산시장,11140,22,0,0,0,1,0,1,11,03,1,1,200,200,8,0,0,0,1,1,1,1,9,1,1,1,1,1,8,1,3,1,1,C,222,1,1,1,4,4,9,4,4,45100,1,1,0,4,4,9,4,4,45100,1,1,0,4,4,9,4,4,45100,1,1,0,2025,3,8,19110000,15840000,1,3
202601,6,1.도심,방산시장,11140,22,0,0,0,1,0,1,11,03,1,1,200,200,8,0,0,0,1,1,1,1,9,1,1,1,1,1,8,1,3,2,1,C,222,1,1,1,3,3,7,3,3,16000,1,1,0,3,3,7,3,3,16000,1,1,0,3,3,7,3,3,16000,1,1,0,2025,3,8,19110000,15840000,1,3
202601,6,1.도심,방산시장,11140,22,0,0,0,1,1,3,21,03,7,2,150,130,8,0,0,0,1,2,3,1,9,1,1,1,1,1,8,1,3,-1,1,C,339,1,1,2,3,3,6,3,3,7500,1,1,0,3,3,6,3,3,7500,1,1,0,3,3,6,3,3,7500,1,1,0,2025,4,6,16480000,10570000,1,1
202601,6,1.도심,방산시장,11140,22,0,0,0,1,1,3,21,03,7,2,150,130,8,0,0,0,1,2,3,1,9,1,1,1,1,1,8,1,3,1,1,G,478,1,1,1,4,4,9,4,4,39500,1,1,0,4,4,9,4,4,39500,1,1,0,4,4,9,4,4,39500,1,1,0,2025,4,6,16480000,10570000,1,1
202601,6,1.도심,방산시장,11140,22,0,0,0,1,1,3,21,03,7,2,150,130,8,0,0,0,1,2,3,1,9,1,1,1,1,1,8,1,3,1,1,G,478,1,1,1,4,4,9,4,4,36700,1,1,0,4,4,9,4,4,36700,1,1,0,4,4,9,4,4,36700,1,1,0,2024,4,5,16480000,10570000,1,1
202601,6,1.도심,방산시장,11140,22,0,0,0,1,1,3,21,03,7,2,150,130,8,0,0,0,1,2,3,1,9,1,1,1,1,1,8,1,3,2,2,C,144,1,1,2,1,1,1,4,4,16600,1,1,0,1,1,1,4,4,16600,1,1,0,1,1,1,4,4,16600,1,1,0,0,1,1,16480000,10570000,1,1
202601,6,1.도심,방산시장,11140,22,0,0,0,1,0,4,51,03,2,1,200,200,11,0,0,0,1,1,1,1,10,1,1,1,1,1,8,1,3,1,1,I,561,1,1,1,4,4,10,4,4,51900,1,1,0,4,4,10,4,4,51900,1,1,0,4,4,10,4,4,51900,1,1,0,2025,2,10,15290000,18970000,1,3
202601,6,1.도심,동대문,11140,22,0,300,0,1,0,1,11,03,1,1,402,170,8,0,0,0,1,1,1,1,10,1,1,1,1,1,8,1,3,1,1,G,474,1,1,1,4,4,10,4,4,55900,1,1,0,4,4,10,4,4,55900,1,1,0,4,4,10,4,4,55900,1,1,0,2026,3,7,19670000,10410000,1,3
202601,6,1.도심,동대문,11140,22,0,300,0,1,0,1,11,03,1,1,402,170,8,0,0,0,1,1,1,1,10,1,1,1,1,1,8,1,3,2,1,G,474,1,1,1,2,3,7,4,3,15400,1,1,0,2,3,7,4,3,15400,1,1,0,2,3,7,4,3,15400,1,1,0,2026,3,7,19670000,10410000,1,3
202601,6,1.도심,방산시장,11140,22,0,0,0,1,0,1,11,03,1,1,300,300,7,0,0,0,1,2,4,1,10,2,1,1,1,1,8,1,3,1,1,C,181,2,1,2,6,5,10,6,5,54500,1,1,0,6,5,10,6,5,54500,1,1,0,6,5,10,6,5,54500,1,1,0,2026,3,9,24100000,14230000,1,1
202601,6,1.도심,방산시장,11140,22,0,0,0,1,0,1,11,03,1,1,300,300,7,0,0,0,1,2,4,1,10,2,1,1,1,1,8,1,3,1,1,C,181,1,1,1,5,3,10,5,4,66700,1,1,0,5,3,10,5,4,66700,1,1,0,5,3,10,5,4,66700,1,1,0,2026,3,9,24100000,14230000,1,1
202601,6,1.도심,방산시장,11140,22,0,0,0,1,0,1,11,03,1,1,300,300,7,0,0,0,1,2,4,1,10,2,1,1,1,1,8,1,3,1,1,C,181,1,1,1,5,3,10,5,4,66400,1,1,0,5,3,10,5,4,66400,1,1,0,5,3,10,5,4,66400,1,1,0,2025,3,10,24100000,14230000,1,1
202601,6,1.도심,방산시장,11140,22,0,0,0,1,0,1,11,03,1,1,300,300,7,0,0,0,1,2,4,1,10,2,1,1,1,1,8,1,3,2,1,G,467,2,1,2,6,4,7,6,4,18600,1,1,0,6,4,7,6,4,18600,1,1,0,6,4,7,6,4,18600,1,1,0,2024,3,9,24100000,14230000,1,1
202601,6,1.도심,방산시장,11140,22,0,0,0,1,0,1,11,03,1,1,300,300,8,0,0,0,1,1,2,1,10,1,1,1,1,1,8,1,3,1,1,C,181,1,1,1,3,5,9,3,5,45000,1,1,0,3,5,9,3,5,45000,1,1,0,3,5,9,3,5,45000,1,1,0,2024,3,6,19210000,12010000,1,1
202601,6,1.도심,방산시장,11140,22,0,0,0,1,0,1,11,03,1,1,300,300,8,0,0,0,1,1,2,1,10,1,1,1,1,1,8,1,3,2,1,C,181,1,1,1,3,3,7,3,3,15500,1,1,0,3,3,7,3,3,15500,1,1,0,3,3,7,3,3,15500,1,1,0,2024,3,6,19210000,12010000,1,1
202601,6,1.도심,방산시장,11140,22,0,0,0,1,0,1,51,03,6,1,400,5,1,0,0,0,1,1,2,1,10,1,1,1,1,1,8,1,3,1,1,G,464,1,1,1,5,4,10,5,4,56500,1,1,0,5,4,10,5,4,56500,1,1,0,5,4,10,5,4,56500,1,1,0,2025,3,7,31540000,53120000,1,3
202601,6,1.도심,방산시장,11140,22,0,0,0,1,0,1,51,03,6,1,400,5,1,0,0,0,1,1,2,1,10,1,1,1,1,1,8,1,3,1,1,G,464,1,1,1,5,4,10,5,4,56500,1,1,0,5,4,10,5,4,56500,1,1,0,5,4,10,5,4,56500,1,1,0,2026,3,7,31540000,53120000,1,3
202601,6,1.도심,충무로,11140,22,0,300,0,1,0,1,51,03,1,1,220,80,6,0,0,0,2,2,3,1,9,2,1,1,1,1,8,2,3,1,1,J,581,2,1,2,6,6,9,6,6,37500,1,1,0,6,6,9,6,6,37500,1,1,0,6,6,9,6,6,37500,1,1,0,2025,3,9,13710000,14810000,1,2
202601,6,1.도심,충무로,11140,22,0,300,0,1,0,1,51,03,1,1,220,80,6,0,0,0,2,2,3,1,9,2,1,1,1,1,8,2,3,1,1,G,478,1,1,1,3,3,8,3,3,25700,1,1,0,3,3,8,3,3,25700,1,1,0,3,3,8,3,3,25700,1,1,0,2024,3,10,13710000,14810000,1,2
202601,6,1.도심,충무로,11140,22,0,300,0,1,0,1,51,03,1,1,220,80,6,0,0,0,2,2,3,1,9,2,1,1,1,1,8,2,3,2,1,J,581,1,1,1,4,3,8,4,3,20400,1,1,0,4,3,8,4,3,20400,1,1,0,4,3,8,4,3,20400,1,1,0,2025,3,10,13710000,14810000,1,2
202601,6,1.도심,충무로,11140,22,0,999,0,1,0,1,12,03,10,1,200,200,6,0,0,0,1,1,3,1,10,1,1,1,1,1,8,1,3,1,1,C,181,3,1,3,5,5,8,5,5,23600,1,1,0,5,5,8,5,5,23600,1,1,0,5,5,8,5,5,23600,1,1,0,2025,3,9,17090000,17540000,1,2
202601,6,1.도심,을지로,11140,22,0,300,999,1,0,1,51,03,9,1,50,100,4,0,0,0,1,1,3,1,10,1,1,1,1,1,8,1,3,1,1,I,561,2,1,2,5,6,10,5,6,53100,1,1,0,5,6,10,5,6,53100,1,1,0,5,6,10,5,6,53100,1,1,0,2024,3,8,37910000,42900000,1,3
202601,6,1.도심,을지로,11140,22,0,300,999,1,0,1,51,03,9,1,50,100,4,0,0,0,1,1,3,1,10,1,1,1,1,1,8,1,3,1,1,C,339,2,1,2,5,6,10,5,6,53000,1,1,0,5,6,10,5,6,53000,1,1,0,5,6,10,5,6,53000,1,1,0,2024,3,6,37910000,42900000,1,3
202601,6,1.도심,을지로,11140,22,0,300,0,1,0,1,11,03,1,1,30,30,1,0,0,0,1,2,4,1,10,2,1,1,1,1,8,1,3,1,1,I,561,3,1,3,6,7,11,6,7,72200,1,1,0,6,7,11,6,7,72200,1,1,0,6,7,11,6,7,72200,1,1,0,2025,3,10,45620000,23660000,1,2
202601,6,1.도심,을지로,11140,22,0,300,0,1,0,1,11,03,1,1,30,30,1,0,0,0,1,2,4,1,10,2,1,1,1,1,8,1,3,2,1,I,561,3,1,3,6,6,8,6,6,25200,1,1,0,6,6,8,6,6,25200,1,1,0,6,6,8,6,6,25200,1,1,0,2025,3,10,45620000,23660000,1,2
202601,6,1.도심,을지로,11140,22,0,300,0,1,0,1,11,04,1,1,10,100,1,0,0,0,2,2,4,1,9,2,1,1,1,1,8,2,3,1,1,I,561,2,1,2,6,6,12,6,6,104600,1,1,0,6,6,12,6,6,104600,1,1,0,6,6,12,6,6,104600,1,1,0,2024,3,10,45160000,43060000,1,3
202601,6,1.도심,을지로,11140,22,0,300,0,1,0,1,11,04,1,1,10,100,1,0,0,0,2,2,4,1,9,2,1,1,1,1,8,2,3,1,1,I,561,2,1,2,6,6,12,6,6,104600,1,1,0,6,6,12,6,6,104600,1,1,0,6,6,12,6,6,104600,1,1,0,2024,3,10,45160000,43060000,1,3
202601,6,1.도심,을지로,11140,22,0,300,0,1,0,1,11,04,1,1,10,100,1,0,0,0,2,2,4,1,9,2,1,1,1,1,8,2,3,2,1,I,561,2,1,2,5,5,9,5,5,43600,1,1,0,5,5,9,5,5,43600,1,1,0,5,5,9,5,5,43600,1,1,0,2024,3,10,45160000,43060000,1,3
202601,6,1.도심,을지로,11140,22,0,300,0,1,0,1,51,03,1,1,20,50,4,0,0,0,1,2,4,1,10,2,1,1,1,1,8,1,3,1,1,I,562,1,1,1,6,6,12,6,6,96700,1,1,0,6,6,12,6,6,96700,1,1,0,6,6,12,6,6,96700,1,1,0,2024,3,10,41380000,28920000,3,3
202601,6,1.도심,을지로,11140,22,0,300,0,1,0,1,51,03,1,1,20,50,4,0,0,0,1,2,4,1,10,2,1,1,1,1,8,1,3,1,1,I,561,1,1,1,6,6,11,6,6,87700,1,1,0,6,6,11,6,6,87700,1,1,0,6,6,11,6,6,87700,1,1,0,2026,3,8,41380000,28920000,3,3
202601,6,1.도심,을지로,11140,22,0,300,0,1,0,1,51,03,1,1,20,50,4,0,0,0,1,2,4,1,10,2,1,1,1,1,8,1,3,2,1,I,561,2,1,2,5,5,9,5,5,38600,1,1,0,5,5,9,5,5,38600,1,1,0,5,5,9,5,5,38600,1,1,0,2026,3,9,41380000,28920000,3,3
202601,6,1.도심,충무로,11140,22,0,300,0,1,0,1,11,04,7,2,200,150,4,0,0,0,1,1,3,1,10,1,1,1,1,1,8,1,3,1,1,C,181,2,1,2,5,6,10,5,6,56700,1,1,0,5,6,10,5,6,56700,1,1,0,5,6,10,5,6,56700,1,1,0,2024,3,9,31330000,30330000,1,2
202601,6,1.도심,충무로,11140,22,0,300,0,1,0,1,11,04,7,2,200,150,4,0,0,0,1,1,3,1,10,1,1,1,1,1,8,1,3,2,1,C,181,1,1,1,4,4,9,4,4,39800,1,1,0,4,4,9,4,4,39800,1,1,0,4,4,9,4,4,39800,1,1,0,2024,3,9,31330000,30330000,1,2
202601,6,1.도심,을지로,11140,22,0,300,0,1,0,1,51,04,7,2,50,100,4,0,0,0,1,2,4,1,10,2,1,1,1,1,8,1,3,1,1,G,467,2,1,2,6,6,10,6,6,62700,1,1,0,6,6,10,6,6,62700,1,1,0,6,6,10,6,6,62700,1,1,0,2025,3,6,31470000,22580000,1,3
202601,6,1.도심,을지로,11140,22,0,300,0,1,0,1,51,04,7,2,50,100,4,0,0,0,1,2,4,1,10,2,1,1,1,1,8,1,3,2,1,G,467,2,1,2,5,5,9,5,5,35900,1,1,0,5,5,9,5,5,35900,1,1,0,5,5,9,5,5,35900,1,1,0,2025,3,6,31470000,22580000,1,3
202601,6,1.도심,충무로,11140,22,0,300,999,1,0,1,51,04,7,2,150,50,4,0,0,0,1,2,4,1,10,2,1,1,1,1,8,1,3,1,1,G,467,2,1,2,7,6,10,7,6,65000,1,1,0,7,6,10,7,6,65000,1,1,0,7,6,10,7,6,65000,1,1,0,2025,3,10,31480000,23180000,1,3
202601,6,1.도심,충무로,11140,22,0,300,999,1,0,1,51,04,7,2,150,50,4,0,0,0,1,2,4,1,10,2,1,1,1,1,8,1,3,2,1,C,181,2,1,2,6,6,9,6,6,36200,1,1,0,6,6,9,6,6,36200,1,1,0,6,6,9,6,6,36200,1,1,0,2025,3,9,31480000,23180000,1,3
202601,6,1.도심,을지로,11140,22,0,999,0,1,0,1,51,04,1,1,200,200,8,0,0,0,1,1,2,1,9,1,1,1,1,1,8,1,3,1,1,J,581,1,1,1,6,6,11,6,6,81900,1,1,0,6,6,11,6,6,81900,1,1,0,6,6,11,6,6,81900,1,1,0,2024,3,9,19950000,23130000,1,3
202601,6,1.도심,을지로,11140,22,0,999,0,1,0,1,51,04,1,1,200,200,8,0,0,0,1,1,2,1,9,1,1,1,1,1,8,1,3,2,1,J,581,1,1,1,4,3,8,4,3,27100,1,1,0,4,3,8,4,3,27100,1,1,0,4,3,8,4,3,27100,1,1,0,2024,3,10,19950000,23130000,1,3
202601,6,1.도심,충무로,11140,22,0,300,0,1,1,3,21,03,6,2,300,300,9,0,0,0,1,2,4,1,10,2,1,1,1,1,8,1,3,-1,1,R,901,2,1,2,3,3,6,3,3,9700,1,1,0,3,3,6,3,3,9700,1,1,0,3,3,6,3,3,9700,1,1,0,2026,4,9,23950000,17810000,1,2
202601,6,1.도심,충무로,11140,22,0,300,0,1,1,3,21,03,6,2,300,300,9,0,0,0,1,2,4,1,10,2,1,1,1,1,8,1,3,1,1,I,562,2,1,2,5,5,9,5,6,50300,1,1,0,5,5,9,5,6,50300,1,1,0,5,5,9,5,6,50300,1,1,0,2026,4,9,23950000,17810000,1,2
202601,6,1.도심,충무로,11140,22,0,300,0,1,1,3,21,03,6,2,300,300,9,0,0,0,1,2,4,1,10,2,1,1,1,1,8,1,3,2,1,I,562,2,1,2,4,4,7,4,4,17300,1,1,0,4,4,7,4,4,17300,1,1,0,4,4,7,4,4,17300,1,1,0,2026,4,9,23950000,17810000,1,2
202601,6,1.도심,충무로,11140,22,0,300,0,1,0,1,51,03,1,1,310,320,8,0,0,0,2,2,4,1,9,2,1,1,1,1,8,2,3,1,1,J,581,4,1,4,7,7,10,6,7,56900,1,1,0,7,7,10,6,7,56900,1,1,0,7,7,10,6,7,56900,1,1,0,2025,4,7,24050000,17150000,1,2
202601,6,1.도심,충무로,11140,22,0,300,0,1,0,1,51,03,1,1,310,320,8,0,0,0,2,2,4,1,9,2,1,1,1,1,8,2,3,2,1,J,581,3,1,3,6,5,8,6,5,24600,1,1,0,6,5,8,6,5,24600,1,1,0,6,5,8,6,5,24600,1,1,0,2025,4,7,24050000,17150000,1,2
202601,6,1.도심,을지로,11140,22,0,300,0,1,0,1,51,03,1,1,150,100,4,0,0,0,1,2,4,1,10,2,1,1,1,1,8,1,3,1,1,I,561,2,1,2,6,6,10,6,6,54700,1,1,0,6,6,10,6,6,54700,1,1,0,6,6,10,6,6,54700,1,1,0,2025,3,9,33850000,27240000,1,3
202601,6,1.도심,을지로,11140,22,0,300,0,1,0,1,51,03,1,1,150,100,4,0,0,0,1,2,4,1,10,2,1,1,1,1,8,1,3,2,1,I,561,2,1,2,6,6,9,6,6,45400,1,1,0,6,6,9,6,6,45400,1,1,0,6,6,9,6,6,45400,1,1,0,2025,3,10,33850000,27240000,1,3
202601,6,1.도심,동대문,11140,22,0,300,0,1,0,1,12,03,1,1,241,20,1,0,0,0,1,1,2,1,10,1,1,1,1,1,8,1,3,1,1,I,561,2,1,3,6,6,9,6,6,47200,1,1,0,6,6,9,6,6,47200,1,1,0,6,6,9,6,6,47200,1,1,0,2023,4,8,19110000,23560000,1,3
202601,6,1.도심,동대문,11140,22,0,300,0,1,0,1,51,03,1,1,250,100,1,0,0,0,2,2,4,1,10,2,1,1,1,1,8,2,3,1,1,I,561,4,1,4,7,7,9,7,7,40100,1,1,0,7,7,9,7,7,40100,1,1,0,7,7,9,7,7,40100,1,1,0,2024,3,9,19920000,21520000,1,3
202601,6,1.도심,동대문,11140,22,0,0,0,1,0,1,51,03,1,1,150,140,9,0,0,0,2,1,3,1,10,1,1,1,1,1,8,2,3,1,1,I,561,2,1,2,5,5,9,5,5,41500,1,1,0,5,5,9,5,5,41500,1,1,0,5,5,9,5,5,41500,1,1,0,2024,3,8,18120000,18630000,1,3
202601,6,1.도심,동대문,11140,22,0,0,0,1,0,1,51,03,1,1,150,140,9,0,0,0,2,1,3,1,10,1,1,1,1,1,8,2,3,2,1,I,561,2,1,2,4,5,8,4,5,23400,1,1,0,4,5,8,4,5,23400,1,1,0,4,5,8,4,5,23400,1,1,0,2024,3,8,18120000,18630000,1,3
202601,6,4.기타,약수역,11140,16,0,0,0,1,1,1,11,04,1,1,52,142,8,0,0,0,1,2,4,1,9,1,1,1,1,1,8,1,3,-1,6,0,999,2,1,2,1,1,1,4,4,16900,1,1,1,1,1,1,4,4,16900,1,1,1,1,1,1,4,4,16900,1,1,1,0,1,1,11970000,8450000,1,3
202601,6,4.기타,약수역,11140,16,0,0,0,1,1,1,11,04,1,1,52,142,8,0,0,0,1,2,4,1,9,1,1,1,1,1,8,1,3,1,1,I,561,2,1,2,5,6,10,5,6,53900,1,1,0,5,6,10,5,6,53900,1,1,0,5,6,10,5,6,53900,1,1,0,2024,3,10,11970000,8450000,1,3
202601,6,4.기타,약수역,11140,16,0,0,0,1,1,1,11,04,1,1,52,142,8,0,0,0,1,2,4,1,9,1,1,1,1,1,8,1,3,2,1,I,561,2,1,2,5,5,9,5,5,29000,1,1,0,5,5,9,5,5,29000,1,1,0,5,5,9,5,5,29000,1,1,0,2024,3,10,11970000,8450000,1,3
202601,6,4.기타,약수역,11140,16,15,300,0,1,0,1,51,04,1,1,229,101,3,0,0,0,2,2,4,1,10,2,1,1,1,1,8,2,3,1,6,0,999,1,1,2,1,1,1,5,5,48000,1,1,1,1,1,1,5,5,48000,1,1,1,1,1,1,5,5,48000,1,1,1,0,1,1,27360000,23860000,1,2
202601,6,4.기타,약수역,11140,16,15,300,0,1,0,1,51,04,1,1,229,101,3,0,0,0,2,2,4,1,10,2,1,1,1,1,8,2,3,1,1,S,961,4,1,4,8,7,11,8,7,71700,1,1,0,8,7,11,8,7,71700,1,1,0,8,7,11,8,7,71700,1,1,0,2025,3,9,27360000,23860000,1,2
202601,6,4.기타,약수역,11140,16,15,300,0,1,0,1,51,04,1,1,229,101,3,0,0,0,2,2,4,1,10,2,1,1,1,1,8,2,3,2,1,R,902,3,1,3,6,6,9,6,6,35800,1,1,0,6,6,9,6,6,35800,1,1,0,6,6,9,6,6,35800,1,1,0,2024,3,9,27360000,23860000,1,2
202601,6,4.기타,약수역,11140,16,0,300,0,1,0,1,11,04,1,1,400,250,2,0,0,0,1,1,3,1,9,1,1,1,1,1,8,1,3,1,1,M,713,1,1,1,5,4,9,5,4,59100,1,1,0,5,4,9,5,4,59100,1,1,0,5,4,9,5,4,59100,1,1,0,2024,3,5,25020000,16120000,2,2
202601,6,4.기타,약수역,11140,16,0,300,0,1,0,1,11,04,1,1,400,250,2,0,0,0,1,1,3,1,9,1,1,1,1,1,8,1,3,1,1,I,562,1,1,1,5,4,9,5,5,57900,1,1,0,5,4,9,5,5,57900,1,1,0,5,4,9,5,5,57900,1,1,0,2024,3,8,25020000,16120000,2,2
202601,6,4.기타,약수역,11140,16,0,300,0,1,0,1,11,04,1,1,400,250,2,0,0,0,1,1,3,1,9,1,1,1,1,1,8,1,3,2,1,P,856,2,1,2,4,4,7,4,4,20900,1,1,0,4,4,7,4,4,20900,1,1,0,4,4,7,4,4,20900,1,1,0,2024,3,9,25020000,16120000,2,2
202601,6,4.기타,약수역,11140,16,0,300,0,1,0,1,51,03,6,2,400,250,1,0,0,0,2,2,4,1,9,2,1,1,1,1,8,2,3,1,1,S,969,1,1,1,6,5,10,6,5,77500,1,1,0,6,5,10,6,5,77500,1,1,0,6,5,10,6,5,77500,1,1,0,2025,3,7,24030000,23430000,2,3
202601,6,4.기타,약수역,11140,16,0,300,0,1,0,1,51,03,6,2,400,250,1,0,0,0,2,2,4,1,9,2,1,1,1,1,8,2,3,1,1,I,561,1,1,1,6,5,11,6,5,77700,1,1,0,6,5,11,6,5,77700,1,1,0,6,5,11,6,5,77700,1,1,0,2024,3,9,24030000,23430000,2,3
202601,6,4.기타,약수역,11140,16,0,300,0,1,0,1,51,03,6,2,400,250,1,0,0,0,2,2,4,1,9,2,1,1,1,1,8,2,3,1,1,I,561,1,1,1,6,6,12,6,5,77700,1,1,0,6,6,12,6,5,77700,1,1,0,6,6,12,6,5,77700,1,1,0,2025,3,10,24030000,23430000,2,3
202601,6,4.기타,약수역,11140,16,0,300,0,1,0,1,51,03,6,2,400,250,1,0,0,0,2,2,4,1,9,2,1,1,1,1,8,2,3,2,1,I,561,3,1,3,6,6,9,6,6,31300,1,1,0,6,6,9,6,6,31300,1,1,0,6,6,9,6,6,31300,1,1,0,2026,3,10,24030000,23430000,2,3
202601,6,4.기타,약수역,11140,16,15,300,0,1,0,1,21,04,1,1,250,200,3,0,0,0,1,2,3,1,10,2,1,1,1,1,8,1,3,1,1,I,561,2,1,3,6,6,10,6,6,63200,1,1,0,6,6,10,6,6,63200,1,1,0,6,6,10,6,6,63200,1,1,0,2025,3,9,27300000,25450000,1,2
202601,6,4.기타,약수역,11140,16,15,300,0,1,0,1,21,04,1,1,250,200,3,0,0,0,1,2,3,1,10,2,1,1,1,1,8,1,3,2,1,I,561,2,1,2,5,5,9,5,5,32800,1,1,0,5,5,9,5,5,32800,1,1,0,5,5,9,5,5,32800,1,1,0,2025,3,9,27300000,25450000,1,2
202601,6,4.기타,약수역,11140,16,0,300,0,1,0,1,51,04,10,1,170,50,3,0,0,0,1,1,3,1,10,1,1,1,1,1,8,1,3,1,1,I,561,3,1,3,7,6,10,7,6,54500,1,1,0,7,6,10,7,6,54500,1,1,0,7,6,10,7,6,54500,1,1,0,2026,3,10,27830000,27800000,1,4
202601,6,4.기타,약수역,11140,16,0,300,0,1,0,1,12,03,1,1,28,47,1,0,0,0,2,2,4,1,10,2,1,1,1,1,8,2,3,1,1,I,561,2,1,2,7,7,12,7,7,135700,1,1,0,7,7,12,7,7,135700,1,1,0,7,7,12,7,7,135700,1,1,0,2026,3,10,33440000,32240000,1,3
202601,6,4.기타,약수역,11140,16,0,300,0,1,0,1,12,03,1,1,28,47,1,0,0,0,2,2,4,1,10,2,1,1,1,1,8,2,3,1,1,G,478,1,1,1,7,6,12,7,6,139500,1,1,0,7,6,12,7,6,139500,1,1,0,7,6,12,7,6,139500,1,1,0,2025,3,6,33440000,32240000,1,3
202601,6,4.기타,약수역,11140,16,0,300,0,1,0,1,12,03,1,1,28,47,1,0,0,0,2,2,4,1,10,2,1,1,1,1,8,2,3,2,1,I,561,2,1,2,6,6,9,6,6,46700,1,1,0,6,6,9,6,6,46700,1,1,0,6,6,9,6,6,46700,1,1,0,2025,3,8,33440000,32240000,1,3
202601,6,1.도심,동대문,11140,22,0,0,0,1,0,4,31,03,6,2,285,없음,8,0,0,0,2,2,4,1,10,2,1,1,1,1,8,2,3,1,1,G,478,1,1,2,6,5,9,6,5,37400,1,1,0,6,5,9,6,5,37400,1,1,0,6,5,9,6,5,37400,1,1,0,2026,2,10,11370000,9490000,1,2
202601,6,1.도심,동대문,11140,22,0,0,0,1,0,4,31,03,6,2,285,없음,8,0,0,0,2,2,4,1,10,2,1,1,1,1,8,2,3,1,1,G,464,1,1,2,6,5,9,6,5,38600,1,1,0,6,5,9,6,5,38600,1,1,0,6,5,9,6,5,38600,1,1,0,2024,3,7,11370000,9490000,1,2
202601,6,1.도심,동대문,11140,22,0,0,0,1,0,4,31,03,6,2,285,없음,8,0,0,0,2,2,4,1,10,2,1,1,1,1,8,2,3,2,1,G,478,2,1,3,4,4,7,4,5,15500,1,1,0,4,4,7,4,5,15500,1,1,0,4,4,7,4,5,15500,1,1,0,2026,2,10,11370000,9490000,1,2
202601,6,1.도심,동대문,11140,22,0,0,0,1,0,1,51,03,1,1,10,300,2,0,0,0,2,2,4,1,9,2,1,1,1,1,8,2,3,1,1,I,562,1,1,1,5,5,11,5,5,71200,1,1,0,5,5,11,5,5,71200,1,1,0,5,5,11,5,5,71200,1,1,0,2026,3,9,26380000,19000000,1,2
202601,6,1.도심,동대문,11140,22,0,0,0,1,0,1,51,03,1,1,10,300,2,0,0,0,2,2,4,1,9,2,1,1,1,1,8,2,3,1,1,I,561,1,1,1,5,5,10,5,5,57900,1,1,0,5,5,10,5,5,57900,1,1,0,5,5,10,5,5,57900,1,1,0,2026,3,9,26380000,19000000,1,2
202601,6,1.도심,동대문,11140,22,0,0,0,1,0,1,51,03,1,1,10,300,2,0,0,0,2,2,4,1,9,2,1,1,1,1,8,2,3,1,1,I,561,1,1,1,5,5,10,5,5,57800,1,1,0,5,5,10,5,5,57800,1,1,0,5,5,10,5,5,57800,1,1,0,2024,3,9,26380000,19000000,1,2
202601,6,1.도심,동대문,11140,22,0,0,0,1,0,1,51,03,1,1,10,300,2,0,0,0,2,2,4,1,9,2,1,1,1,1,8,2,3,1,1,I,561,1,1,1,6,5,10,6,5,57900,1,1,0,6,5,10,6,5,57900,1,1,0,6,5,10,6,5,57900,1,1,0,2024,3,6,26380000,19000000,1,2
202601,6,1.도심,동대문,11140,22,0,0,0,1,0,1,51,03,1,1,10,300,2,0,0,0,2,2,4,1,9,2,1,1,1,1,8,2,3,2,1,I,561,3,1,3,6,6,9,6,6,37100,1,1,0,6,6,9,6,6,37100,1,1,0,6,6,9,6,6,37100,1,1,0,2024,3,9,26380000,19000000,1,2
202601,6,1.도심,동대문,11140,22,0,0,0,1,0,4,11,03,6,1,400,150,8,0,0,0,2,1,3,1,10,1,1,1,1,1,8,2,3,1,1,G,467,2,1,2,4,4,8,4,4,21500,1,1,0,4,4,8,4,4,21500,1,1,0,4,4,8,4,4,21500,1,1,0,2025,2,8,13670000,22820000,1,1
202601,6,1.도심,동대문,11140,22,0,0,0,1,0,4,11,03,6,1,400,150,8,0,0,0,2,1,3,1,10,1,1,1,1,1,8,2,3,1,1,G,465,2,1,2,4,4,8,4,4,21300,1,1,0,4,4,8,4,4,21300,1,1,0,4,4,8,4,4,21300,1,1,0,2025,2,8,13670000,22820000,1,1
202601,6,1.도심,동대문,11140,22,0,0,0,1,0,1,21,03,1,1,330,20,5,0,0,0,2,2,4,1,10,1,2,1,1,1,8,2,3,1,6,0,999,3,1,3,1,1,1,6,6,59900,1,1,1,1,1,1,6,6,59900,1,1,1,1,1,1,6,6,59900,1,1,1,0,1,1,15860000,10770000,1,3
202601,6,1.도심,동대문,11140,22,0,0,0,1,0,1,21,03,1,1,330,20,5,0,0,0,2,2,4,1,10,1,2,1,1,1,8,2,3,2,6,0,999,3,1,3,1,1,1,5,4,12800,1,1,1,1,1,1,5,4,12800,1,1,1,1,1,1,5,4,12800,1,1,1,0,1,1,15860000,10770000,1,3
202601,6,1.도심,동대문,11140,22,0,300,0,1,0,1,51,03,1,1,100,80,6,0,0,0,1,1,1,1,10,1,1,1,1,1,8,1,3,1,1,G,464,1,1,1,5,4,10,5,4,52300,1,1,0,5,4,10,5,4,52300,1,1,0,5,4,10,5,4,52300,1,1,0,2025,2,8,13220000,61930000,1,3
202601,6,1.도심,동대문,11140,22,0,300,0,1,0,1,51,03,9,2,100,80,6,0,0,0,1,1,3,1,10,1,1,1,1,1,8,1,3,1,1,G,464,2,1,2,5,5,9,5,5,38700,1,1,0,5,5,9,5,5,38700,1,1,0,5,5,9,5,5,38700,1,1,0,2026,3,8,15080000,10450000,1,3
202601,6,1.도심,동대문,11140,22,0,300,0,1,0,1,51,03,9,2,100,80,6,0,0,0,1,1,3,1,10,1,1,1,1,1,8,1,3,2,1,G,464,1,1,2,4,3,7,4,3,12400,1,1,0,4,3,7,4,3,12400,1,1,0,4,3,7,4,3,12400,1,1,0,2026,3,8,15080000,10450000,1,3
202601,6,1.도심,동대문,11140,22,0,0,0,1,0,1,11,04,1,1,401,61,1,0,0,0,2,1,3,1,10,1,1,1,1,1,8,2,3,1,1,I,561,3,1,3,6,6,9,6,6,45800,1,1,0,6,6,9,6,6,45800,1,1,0,6,6,9,6,6,45800,1,1,0,2025,3,10,19260000,34710000,1,3
202601,6,1.도심,동대문,11140,22,0,0,0,1,0,1,11,04,9,2,550,400,4,0,0,0,1,2,4,1,9,2,1,1,1,1,8,1,3,1,1,G,464,2,1,3,6,6,10,6,6,64800,1,1,0,6,6,10,6,6,64800,1,1,0,6,6,10,6,6,64800,1,1,0,2025,3,10,15370000,9730000,1,2
202601,6,1.도심,동대문,11140,22,0,0,0,1,0,1,11,04,9,2,550,400,4,0,0,0,1,2,4,1,9,2,1,1,1,1,8,1,3,2,1,R,912,3,1,3,5,6,8,5,6,29300,1,1,0,5,6,8,5,6,29300,1,1,0,5,6,8,5,6,29300,1,1,0,2025,3,10,15370000,9730000,1,2
202601,6,1.도심,동대문,11140,22,0,0,0,1,0,1,51,03,1,1,645,27,9,0,0,0,1,1,2,1,10,1,1,1,1,1,8,1,3,1,1,G,464,2,1,2,6,6,9,6,6,40100,1,1,0,6,6,9,6,6,40100,1,1,0,6,6,9,6,6,40100,1,1,0,2025,3,8,13450000,19490000,1,3
202601,6,1.도심,동대문,11140,22,0,0,0,1,0,1,51,04,1,1,660,40,8,0,0,0,2,1,3,1,10,1,1,1,1,1,8,2,3,1,6,0,999,1,1,1,1,1,1,4,4,36700,1,1,1,1,1,1,4,4,36700,1,1,1,1,1,1,4,4,36700,1,1,1,0,1,1,11940000,30940000,1,3
202601,6,1.도심,동대문,11140,22,0,0,0,1,0,1,51,04,1,1,660,40,8,0,0,0,2,1,3,1,10,1,1,1,1,1,8,2,3,1,1,G,467,1,1,1,4,4,9,4,4,37200,1,1,0,4,4,9,4,4,37200,1,1,0,4,4,9,4,4,37200,1,1,0,2025,2,8,11940000,30940000,1,3
202601,6,1.도심,동대문,11140,22,0,0,0,1,0,1,51,04,1,1,660,40,8,0,0,0,2,1,3,1,10,1,1,1,1,1,8,2,3,1,1,G,467,1,1,1,4,5,9,4,5,36200,1,1,0,4,5,9,4,5,36200,1,1,0,4,5,9,4,5,36200,1,1,0,2025,2,8,11940000,30940000,1,3
202601,6,1.도심,동대문,11140,22,0,0,0,1,0,4,21,03,5,1,750,50,6,0,0,0,1,1,2,1,10,1,1,1,1,1,8,1,3,1,1,G,464,1,1,2,4,5,9,4,5,35200,1,1,0,4,5,9,4,5,35200,1,1,0,4,5,9,4,5,35200,1,1,0,2024,3,8,14160000,12620000,1,2
202601,6,1.도심,동대문,11140,22,0,0,0,1,0,4,21,03,5,1,750,50,6,0,0,0,1,1,2,1,10,1,1,1,1,1,8,1,3,2,1,G,464,1,1,2,3,3,7,3,4,16000,1,1,0,3,3,7,3,4,16000,1,1,0,3,3,7,3,4,16000,1,1,0,2024,3,8,14160000,12620000,1,2
202601,6,1.도심,동대문,11140,22,0,0,0,1,0,1,11,03,7,1,800,500,7,0,0,0,1,1,2,1,10,1,1,1,1,1,8,1,3,1,1,G,464,1,1,1,5,4,9,5,4,37300,1,1,0,5,4,9,5,4,37300,1,1,0,5,4,9,5,4,37300,1,1,0,2025,2,9,13740000,20310000,1,3
202601,6,1.도심,동대문,11140,22,0,0,0,1,0,1,11,03,7,1,800,500,7,0,0,0,1,1,2,1,10,1,1,1,1,1,8,1,3,1,1,G,464,2,1,2,5,5,9,5,5,35000,1,1,0,5,5,9,5,5,35000,1,1,0,5,5,9,5,5,35000,1,1,0,2025,3,9,13740000,20310000,1,3
202601,6,1.도심,동대문,11140,22,0,0,0,1,0,1,21,04,4,1,512,없음,10,0,0,0,2,1,3,1,10,1,1,1,1,1,8,2,3,1,1,I,562,3,1,3,6,6,9,6,6,33600,1,1,0,6,6,9,6,6,33600,1,1,0,6,6,9,6,6,33600,1,1,0,2024,3,10,9760000,27720000,1,3
202601,6,0.비상권,0.비상권,11140,22,0,0,0,1,0,1,51,04,1,1,260,70,3,0,0,0,1,1,2,1,10,1,1,1,1,1,8,1,3,1,1,G,463,1,1,1,6,5,11,6,5,70600,1,1,0,6,5,11,6,5,70600,1,1,0,6,5,11,6,5,70600,1,1,0,2025,3,10,20760000,10360000,1,2
202601,6,0.비상권,0.비상권,11140,22,0,0,0,1,0,1,51,04,1,1,260,70,3,0,0,0,1,1,2,1,10,1,1,1,1,1,8,1,3,2,6,0,999,1,1,1,1,1,1,4,4,24500,1,1,1,1,1,1,4,4,24500,1,1,1,1,1,1,4,4,24500,1,1,1,0,1,1,20760000,10360000,1,2
202601,6,0.비상권,0.비상권,11140,14,0,0,0,1,0,1,51,03,10,1,300,50,6,0,0,0,1,1,2,1,10,1,1,1,1,1,8,1,3,1,1,I,561,2,1,2,5,5,9,5,5,33500,1,1,0,5,5,9,5,5,33500,1,1,0,5,5,9,5,5,33200,1,1,0,2026,3,7,9830000,7870000,1,3
202601,6,0.비상권,0.비상권,11140,15,0,0,0,1,0,3,51,03,1,1,400,100,6,0,0,0,2,1,1,1,10,1,1,1,1,1,8,2,3,1,1,I,561,1,1,1,5,5,10,5,5,60700,1,1,0,5,5,10,5,5,60700,1,1,0,5,5,10,5,5,60700,1,1,0,2024,3,10,11930000,73990000,1,1
202601,6,0.비상권,0.비상권,11140,22,15,0,0,1,0,1,11,04,10,2,350,50,4,0,0,0,1,1,2,1,9,1,1,1,1,1,8,1,3,1,1,I,561,1,1,2,5,5,10,5,5,52400,1,1,0,5,5,10,5,5,52400,1,1,0,5,5,10,5,5,52400,1,1,0,2024,4,10,21710000,10870000,1,3
202601,6,0.비상권,0.비상권,11140,22,15,0,0,1,0,1,11,04,10,2,350,50,4,0,0,0,1,1,2,1,9,1,1,1,1,1,8,1,3,2,1,I,561,1,1,2,4,4,8,4,5,30300,1,1,0,4,4,8,4,5,30300,1,1,0,4,4,8,4,5,30300,1,1,0,2025,4,10,21710000,10870000,1,3
202601,6,0.비상권,0.비상권,11140,22,0,0,0,1,0,1,11,03,1,1,350,50,1,0,0,0,1,1,1,1,10,1,1,1,1,1,8,1,3,1,1,L,682,1,1,1,4,3,10,4,4,64000,1,1,0,4,3,10,4,4,64000,1,1,0,4,3,10,4,4,64000,1,1,0,2025,3,8,25180000,27040000,1,3
202601,6,0.비상권,0.비상권,11140,22,0,0,0,1,0,1,11,03,1,1,350,50,1,0,0,0,1,1,1,1,10,1,1,1,1,1,8,1,3,1,1,S,961,1,1,1,3,3,10,3,3,64900,1,1,0,3,3,10,3,3,64900,1,1,0,3,3,10,3,3,64900,1,1,0,2024,3,5,25180000,27040000,1,3
202601,6,0.비상권,0.비상권,11140,22,0,0,0,1,0,1,11,03,1,1,350,50,1,0,0,0,1,1,1,1,10,1,1,1,1,1,8,1,3,1,2,G,472,1,1,1,1,1,1,4,4,64000,1,1,0,1,1,1,4,4,64000,1,1,0,1,1,1,4,4,64000,1,1,0,0,1,1,25180000,27040000,1,3
202601,6,0.비상권,0.비상권,11170,14,0,200,0,1,1,1,21,04,1,1,620,10,6,0,0,0,2,2,4,1,10,2,1,1,1,1,8,2,3,-1,1,I,562,3,1,3,4,5,7,5,5,20300,1,1,0,4,5,7,5,5,20300,1,1,0,4,5,7,5,5,20300,1,1,0,2025,3,8,22200000,12610000,1,3
202601,6,0.비상권,0.비상권,11170,14,0,200,0,1,1,1,21,04,1,1,620,10,6,0,0,0,2,2,4,1,10,2,1,1,1,1,8,2,3,1,1,I,562,2,1,2,6,5,10,6,6,54200,1,1,0,6,5,10,6,6,54200,1,1,0,6,5,10,6,6,54200,1,1,0,2025,3,10,22200000,12610000,1,3
202601,6,0.비상권,0.비상권,11170,14,0,200,0,1,1,1,21,04,1,1,620,10,6,0,0,0,2,2,4,1,10,2,1,1,1,1,8,2,3,1,1,I,561,2,1,2,5,5,10,5,5,55000,1,1,0,5,5,10,5,5,55000,1,1,0,5,5,10,5,5,55000,1,1,0,2024,3,10,22200000,12610000,1,3
202601,6,0.비상권,0.비상권,11170,14,0,200,0,1,1,1,21,04,1,1,620,10,6,0,0,0,2,2,4,1,10,2,1,1,1,1,8,2,3,2,2,0,999,3,1,3,1,1,1,5,5,20300,1,1,0,1,1,1,5,5,20300,1,1,0,1,1,1,5,5,20300,1,1,0,0,1,1,22200000,12610000,1,3
202601,6,4.기타,숙명여대,11170,22,14,300,0,1,1,1,21,03,9,2,30,150,1,0,0,0,2,2,4,1,9,2,2,1,1,1,8,2,3,-1,5,0,999,1,1,1,1,1,1,1,1,0,1,1,0,1,1,1,1,1,0,1,1,0,1,1,1,1,1,0,1,1,0,0,1,1,39700000,20500000,1,2
202601,6,4.기타,숙명여대,11170,22,14,300,0,1,1,1,21,03,9,2,30,150,1,0,0,0,2,2,4,1,9,2,2,1,1,1,8,2,3,1,1,G,476,4,1,4,6,6,9,6,6,40100,1,1,0,6,6,9,6,6,40100,1,1,0,6,6,9,6,6,40100,1,1,0,2025,3,8,39700000,20500000,1,2
202601,6,4.기타,숙명여대,11170,22,14,300,0,1,1,1,21,03,9,2,30,150,1,0,0,0,2,2,4,1,9,2,2,1,1,1,8,2,3,1,6,0,999,1,1,1,1,1,1,3,4,42400,1,1,1,1,1,1,3,4,42400,1,1,1,1,1,1,3,4,42400,1,1,1,0,1,1,39700000,20500000,1,2
202601,6,4.기타,숙명여대,11170,22,14,300,0,1,1,1,21,03,9,2,30,150,1,0,0,0,2,2,4,1,9,2,2,1,1,1,8,2,3,2,6,0,999,4,1,4,1,1,1,6,6,22200,1,1,1,1,1,1,6,6,22200,1,1,1,1,1,1,6,6,22200,1,1,1,0,1,1,39700000,20500000,1,2
202601,6,4.기타,숙명여대,11170,14,0,0,0,1,0,1,12,04,10,2,973,없음,6,0,0,0,2,2,4,1,10,2,1,1,1,1,8,2,3,1,1,S,969,1,1,1,4,4,10,4,4,68200,1,1,0,4,4,10,4,4,68200,1,1,0,4,4,10,4,4,68200,1,1,0,2024,3,10,33450000,19670000,1,2
202601,6,4.기타,숙명여대,11170,14,0,0,0,1,0,1,12,04,10,2,973,없음,6,0,0,0,2,2,4,1,10,2,1,1,1,1,8,2,3,1,1,I,562,2,1,2,6,6,10,6,6,52300,1,1,0,6,6,10,6,6,52300,1,1,0,6,6,10,6,6,52300,1,1,0,2026,3,9,33450000,19670000,1,2
202601,6,4.기타,숙명여대,11170,14,0,0,0,1,0,1,12,04,10,2,973,없음,6,0,0,0,2,2,4,1,10,2,1,1,1,1,8,2,3,1,1,R,912,2,1,2,6,6,10,6,6,53000,1,1,0,6,6,10,6,6,53000,1,1,0,6,6,10,6,6,53000,1,1,0,2024,3,10,33450000,19670000,1,2
202601,6,4.기타,숙명여대,11170,14,0,0,0,1,0,1,12,04,10,2,973,없음,6,0,0,0,2,2,4,1,10,2,1,1,1,1,8,2,3,2,1,S,961,4,1,4,6,5,8,6,6,20900,1,1,0,6,5,8,6,6,20900,1,1,0,6,5,8,6,6,20900,1,1,0,2025,3,9,33450000,19670000,1,2
202601,6,4.기타,숙명여대,11170,22,0,300,0,1,0,1,12,03,1,1,100,20,1,0,0,0,2,2,4,1,10,2,1,1,1,1,8,2,3,1,1,I,561,4,1,4,6,6,8,6,6,24100,1,1,0,6,6,8,6,6,24100,1,1,0,6,6,8,6,6,24100,1,1,0,2025,3,10,41170000,50670000,1,3
202601,6,4.기타,숙명여대,11170,22,0,300,0,1,0,1,51,03,1,1,250,10,1,0,0,0,1,1,2,1,10,1,1,1,1,1,8,1,3,1,1,G,478,1,1,1,5,5,10,5,5,67800,1,1,0,5,5,10,5,5,67800,1,1,0,5,5,10,5,5,67800,1,1,0,2025,3,6,44020000,32730000,1,3
202601,6,4.기타,숙명여대,11170,22,0,300,0,1,0,1,51,03,1,1,250,10,1,0,0,0,1,1,2,1,10,1,1,1,1,1,8,1,3,2,1,S,961,1,1,1,4,4,8,4,4,27500,1,1,0,4,4,8,4,4,27500,1,1,0,4,4,8,4,4,27500,1,1,0,2025,4,3,44020000,32730000,1,3
202601,6,4.기타,숙명여대,11170,22,14,300,0,1,0,1,11,03,8,2,5,30,1,0,0,0,2,2,4,1,10,2,1,1,1,1,8,2,3,1,1,G,472,3,1,3,6,6,10,6,6,53800,1,1,0,6,6,10,6,6,53800,1,1,0,6,6,10,6,6,53800,1,1,0,2025,3,10,61920000,50850000,1,3
202601,6,4.기타,숙명여대,11170,22,14,300,0,1,0,1,11,03,8,2,5,30,1,0,0,0,2,2,4,1,10,2,1,1,1,1,8,2,3,2,1,G,472,2,1,2,4,5,8,5,5,25900,1,1,0,4,5,8,5,5,25900,1,1,0,4,5,8,5,5,25900,1,1,0,2025,3,10,61920000,50850000,1,3
202601,6,4.기타,숙명여대,11170,14,0,0,0,1,0,1,51,03,1,1,100,150,8,0,0,0,1,1,2,1,10,1,1,1,1,1,8,1,3,1,1,I,562,2,1,2,6,6,11,6,6,87200,2,1,0,6,6,11,6,6,87200,2,1,0,6,6,11,6,6,87200,2,1,0,2025,3,10,25290000,29060000,1,2
202601,6,4.기타,숙명여대,11170,14,0,0,0,1,0,1,51,04,8,1,100,150,8,0,0,0,1,1,2,1,10,1,1,1,1,1,8,1,3,1,1,I,562,2,1,2,6,5,9,6,5,45400,2,1,0,6,5,9,6,5,45400,2,1,0,6,5,9,6,5,45400,2,1,0,2025,3,9,25290000,35300000,1,2
202601,6,4.기타,숙명여대,11170,22,14,300,0,1,0,1,21,03,7,2,100,200,1,0,0,0,2,2,4,1,10,2,1,1,1,1,8,2,3,1,1,I,561,3,1,3,6,6,9,6,6,43400,2,1,0,6,6,9,6,6,43400,2,1,0,6,6,9,6,6,43400,2,1,0,2024,3,10,54660000,42240000,1,3
202601,6,4.기타,숙명여대,11170,22,14,300,0,1,0,1,21,03,7,2,100,200,1,0,0,0,2,2,4,1,10,2,1,1,1,1,8,2,3,2,1,I,561,3,1,3,6,5,8,6,5,21900,2,1,0,6,5,8,6,5,21900,2,1,0,6,5,8,6,5,21900,2,1,0,2025,3,7,54660000,42240000,1,3
202601,6,4.기타,숙명여대,11170,14,0,0,0,1,0,2,51,03,8,2,300,400,9,0,0,0,1,1,3,1,10,1,1,1,1,1,8,1,3,1,1,I,562,2,1,2,6,5,9,6,5,45100,1,1,0,6,5,9,6,5,45100,1,1,0,6,5,9,6,5,45100,1,1,0,2024,3,10,35640000,27540000,1,3
202601,6,4.기타,숙명여대,11170,14,0,0,0,1,0,2,51,03,8,2,300,400,9,0,0,0,1,1,3,1,10,1,1,1,1,1,8,1,3,2,2,J,639,2,1,2,1,1,1,5,4,31000,1,1,0,1,1,1,5,4,31000,1,1,0,1,1,1,5,4,31000,1,1,0,0,1,1,35640000,27540000,1,3
202601,6,4.기타,숙명여대,11170,14,0,0,0,1,0,1,51,04,1,1,220,150,8,0,0,0,1,1,2,1,10,1,1,1,1,1,8,1,3,1,1,I,561,2,1,2,6,5,8,6,5,31400,1,1,0,6,5,8,6,5,31400,1,1,0,6,5,8,6,5,31400,1,1,0,2026,3,10,31760000,44640000,1,3
202601,6,1.도심,남대문,11170,22,15,300,0,1,0,1,11,03,1,1,167,없음,1,0,0,0,1,2,4,2,9,2,1,1,1,1,8,1,3,1,1,I,561,3,1,3,5,5,8,5,5,21400,1,1,0,5,5,8,5,5,21400,1,1,0,5,5,8,5,5,21400,1,1,0,2024,3,10,24270000,13270000,1,2
202601,6,1.도심,남대문,11170,22,15,300,0,1,0,1,11,03,1,1,167,없음,1,0,0,0,1,2,4,2,9,2,1,1,1,1,8,1,3,2,1,R,912,3,1,3,5,4,7,5,4,10900,1,1,0,5,4,7,5,4,10900,1,1,0,5,4,7,5,4,10900,1,1,0,2025,3,8,24270000,13270000,1,2
202601,6,1.도심,남대문,11170,22,15,300,0,1,0,1,11,03,1,1,105,85,1,0,0,0,1,2,4,1,10,2,1,1,1,1,8,1,3,1,1,G,464,2,1,2,6,5,8,6,5,29200,1,1,0,6,5,8,6,5,29200,1,1,0,6,5,8,6,5,29200,1,1,0,2023,5,7,25130000,13180000,1,1
202601,6,1.도심,남대문,11170,22,15,300,0,1,0,1,11,03,1,1,105,85,1,0,0,0,1,2,4,1,10,2,1,1,1,1,8,1,3,2,1,G,464,2,1,2,3,4,6,3,4,9200,1,1,0,3,4,6,3,4,9200,1,1,0,3,4,6,3,4,9200,1,1,0,2025,4,8,25130000,13180000,1,1
202601,6,1.도심,남대문,11170,22,0,300,0,1,0,1,11,03,1,1,192,없음,1,0,0,0,1,2,4,1,9,1,1,1,1,1,8,1,3,1,1,I,561,2,1,3,4,4,7,4,4,12700,1,1,0,4,4,7,4,4,12700,1,1,0,4,4,7,4,4,12700,1,1,0,2025,3,7,25650000,16530000,1,1
202601,6,1.도심,남대문,11170,22,0,300,0,1,0,1,11,03,1,1,192,없음,1,0,0,0,1,2,4,1,9,1,1,1,1,1,8,1,3,2,6,0,999,2,1,3,1,1,1,3,4,9000,1,1,1,1,1,1,3,4,9000,1,1,1,1,1,1,3,4,9000,1,1,1,0,1,1,25650000,16530000,1,1
202601,6,1.도심,남대문,11170,22,0,300,0,1,0,1,11,04,9,2,266,없음,1,0,0,0,1,2,4,1,10,2,1,1,1,1,8,1,3,1,1,I,561,2,1,2,4,5,8,5,5,26300,1,1,0,4,5,8,5,5,26300,1,1,0,4,5,8,5,5,26800,1,1,0,2024,3,7,25370000,14830000,1,2
202601,6,1.도심,남대문,11170,22,0,300,0,1,0,1,11,04,9,2,266,없음,1,0,0,0,1,2,4,1,10,2,1,1,1,1,8,1,3,2,1,S,969,2,1,2,3,3,6,3,3,9400,1,1,0,3,3,6,3,3,9400,1,1,0,3,3,6,3,3,9400,1,1,0,2026,3,9,25370000,14830000,1,2
202601,6,1.도심,남대문,11170,22,15,300,0,1,0,1,12,03,1,1,70,100,1,0,0,0,1,1,3,1,10,1,1,1,1,1,8,1,3,1,1,G,471,3,1,3,6,6,10,6,6,70300,1,1,0,6,6,10,6,6,70300,1,1,0,6,6,10,6,6,70300,1,1,0,2024,3,7,35410000,39740000,1,3
202601,6,4.기타,숙명여대,11170,14,0,0,0,1,0,1,11,03,10,2,400,20,5,0,0,0,1,2,4,1,9,2,1,1,1,1,8,1,3,1,1,I,561,2,1,2,6,6,10,6,6,57400,1,1,0,6,6,10,6,6,57400,1,1,0,6,6,10,6,6,57400,1,1,0,2025,3,8,33590000,17800000,1,3
202601,6,4.기타,숙명여대,11170,14,0,0,0,1,0,1,11,03,10,2,400,20,5,0,0,0,1,2,4,1,9,2,1,1,1,1,8,1,3,1,1,I,562,2,1,2,6,6,10,6,6,68200,1,1,0,6,6,10,6,6,68200,1,1,0,6,6,10,6,6,68200,1,1,0,2024,3,10,33590000,17800000,1,3
202601,6,4.기타,숙명여대,11170,14,0,0,0,1,0,1,11,03,10,2,400,20,5,0,0,0,1,2,4,1,9,2,1,1,1,1,8,1,3,2,1,I,561,2,1,2,5,5,9,5,5,30400,1,1,0,5,5,9,5,5,30400,1,1,0,5,5,9,5,5,30400,1,1,0,2025,3,10,33590000,17800000,1,3
202601,6,4.기타,숙명여대,11170,14,0,0,0,1,0,1,11,03,10,2,400,20,5,0,0,0,1,2,4,1,9,2,1,1,1,1,8,1,3,2,1,I,561,2,1,2,6,5,9,6,5,31000,1,1,0,6,5,9,6,5,31000,1,1,0,6,5,9,6,5,31000,1,1,0,2025,3,8,33590000,17800000,1,3
202601,6,4.기타,숙명여대,11170,14,0,0,0,1,0,1,51,04,1,1,400,250,8,0,0,0,2,1,3,1,10,1,1,1,1,1,8,2,3,1,1,I,561,3,1,3,6,6,9,6,6,47800,2,1,0,6,6,9,6,6,47800,2,1,0,6,6,9,6,6,47800,2,1,0,2025,3,9,16650000,35430000,1,1
202601,6,4.기타,숙명여대,11170,14,0,0,0,1,0,1,51,04,6,2,300,150,4,0,0,0,1,1,2,1,10,1,1,1,1,1,8,1,3,1,1,I,562,1,1,1,6,5,10,6,5,66200,2,1,0,6,5,10,6,5,66200,2,1,0,6,5,10,6,5,66200,2,1,0,2024,3,8,28930000,26600000,1,2
202601,6,4.기타,숙명여대,11170,14,0,0,0,1,0,1,51,04,6,2,300,150,4,0,0,0,1,1,2,1,10,1,1,1,1,1,8,1,3,2,1,I,562,1,1,1,5,3,8,5,3,26100,2,1,0,5,3,8,5,3,26100,2,1,0,5,3,8,5,3,26100,2,1,0,2024,3,8,28930000,26600000,1,2
202601,6,4.기타,숙명여대,11170,15,0,0,0,1,0,1,51,03,9,2,150,20,5,0,0,0,1,1,2,1,9,1,1,1,1,1,8,1,3,1,1,I,562,1,1,1,4,4,9,4,4,34900,1,1,0,4,4,9,4,4,34900,1,1,0,4,4,9,4,4,34900,1,1,0,2025,3,10,30000000,18510000,1,3
202601,6,4.기타,숙명여대,11170,15,0,0,0,1,0,1,51,03,9,2,150,20,5,0,0,0,1,1,2,1,9,1,1,1,1,1,8,1,3,1,1,L,682,1,1,1,3,4,9,3,4,40700,1,1,0,3,4,9,3,4,40700,1,1,0,3,4,9,3,4,40700,1,1,0,2025,3,10,30000000,18510000,1,3
202601,6,4.기타,숙명여대,11170,15,0,0,0,1,0,1,51,03,9,2,150,20,5,0,0,0,1,1,2,1,9,1,1,1,1,1,8,1,3,2,1,G,476,1,1,2,3,4,7,3,4,18200,1,1,0,3,4,7,3,4,18200,1,1,0,3,4,7,3,4,18200,1,1,0,2025,3,10,30000000,18510000,1,3
202601,6,4.기타,숙명여대,11170,14,0,0,0,1,0,1,51,03,1,1,936,없음,6,0,0,0,1,1,3,1,10,1,1,1,1,1,8,1,3,1,1,I,561,2,1,2,5,5,9,5,5,36400,2,1,0,5,5,9,5,5,36400,2,1,0,5,5,9,5,5,36400,2,1,0,2024,3,9,26100000,15400000,1,3
202601,6,4.기타,숙명여대,11170,14,0,0,0,1,0,1,51,03,1,1,936,없음,6,0,0,0,1,1,3,1,10,1,1,1,1,1,8,1,3,2,1,I,561,2,1,2,4,4,8,4,5,25100,2,1,0,4,4,8,4,5,25100,2,1,0,4,4,8,4,5,25100,2,1,0,2024,3,10,26100000,15400000,1,3
202601,6,4.기타,숙명여대,11170,14,0,0,0,1,0,1,51,03,1,1,329,없음,1,0,0,0,1,1,1,1,10,1,1,1,1,1,8,1,3,1,1,G,463,1,1,1,4,4,9,4,4,38300,1,1,0,4,4,9,4,4,38300,1,1,0,4,4,9,4,4,38300,1,1,0,2024,3,9,16720000,17070000,1,3
202601,6,4.기타,숙명여대,11170,15,0,0,0,1,0,1,21,03,6,2,300,80,5,0,0,0,2,2,4,1,10,1,1,2,1,1,8,2,3,1,2,I,561,1,1,1,1,1,1,4,4,32200,1,1,0,1,1,1,4,4,32200,1,1,0,1,1,1,4,4,32200,1,1,0,0,1,1,28460000,24750000,3,2
202601,6,4.기타,숙명여대,11170,15,0,0,0,1,0,1,21,03,6,2,300,80,5,0,0,0,2,2,4,1,10,1,1,2,1,1,8,2,3,1,1,G,472,1,1,1,4,4,9,4,4,36200,1,1,0,4,4,9,4,4,36200,1,1,0,4,4,9,4,4,36200,1,1,0,2026,3,10,28460000,24750000,3,2
202601,6,4.기타,숙명여대,11170,15,0,0,0,1,0,1,21,03,6,2,300,80,5,0,0,0,2,2,4,1,10,1,1,2,1,1,8,2,3,1,1,S,961,1,1,1,5,5,9,5,5,41400,1,1,0,5,5,9,5,5,41400,1,1,0,5,5,9,5,5,41400,1,1,0,2024,3,8,28460000,24750000,3,2
202601,6,4.기타,숙명여대,11170,15,0,0,0,1,0,1,21,03,6,2,300,80,5,0,0,0,2,2,4,1,10,1,1,2,1,1,8,2,3,2,2,0,999,3,1,3,1,1,1,6,4,9900,1,1,0,1,1,1,6,4,9900,1,1,0,1,1,1,6,4,9900,1,1,0,0,1,1,28460000,24750000,3,2
202601,6,4.기타,숙명여대,11170,22,0,0,0,1,0,4,11,03,8,2,679,없음,8,0,0,0,1,1,3,1,10,1,1,1,1,1,8,1,3,1,1,I,562,2,1,2,5,5,8,5,5,30400,1,1,0,5,5,8,5,5,30400,1,1,0,5,5,8,5,5,30400,1,1,0,2025,3,10,29000000,21690000,1,3
202601,6,4.기타,숙명여대,11170,22,0,0,0,1,0,4,11,03,8,2,679,없음,8,0,0,0,1,1,3,1,10,1,1,1,1,1,8,1,3,2,1,I,562,2,1,2,3,4,7,3,4,18600,1,1,0,3,4,7,3,4,18600,1,1,0,3,4,7,3,4,18600,1,1,0,2025,3,10,29000000,21690000,1,3
202601,6,4.기타,용산역,11170,14,0,0,0,1,0,1,51,03,1,1,200,200,3,0,0,0,1,1,3,1,10,1,1,1,1,1,8,1,3,1,1,I,561,2,1,2,4,5,9,4,5,34600,1,1,0,4,5,9,4,5,34600,1,1,0,4,5,9,4,5,34600,1,1,0,2024,3,9,14970000,10850000,1,2
202601,6,4.기타,용산역,11170,14,0,0,0,1,0,1,51,03,1,1,200,200,3,0,0,0,1,1,3,1,10,1,1,1,1,1,8,1,3,2,1,I,561,2,1,2,3,4,7,3,4,16200,1,1,0,3,4,7,3,4,16200,1,1,0,3,4,7,3,4,16200,1,1,0,2026,3,10,14970000,10850000,1,2
202601,6,4.기타,용산역,11170,14,0,0,0,1,0,1,51,04,6,1,150,150,3,0,0,0,1,1,2,1,9,1,1,1,1,1,8,1,3,1,1,I,561,2,1,2,5,5,9,5,5,34600,1,1,0,5,5,9,5,5,34600,1,1,0,5,5,9,5,5,34600,1,1,0,2024,3,9,15110000,20410000,1,3
202601,6,4.기타,용산역,11170,14,0,0,0,1,0,1,51,04,6,1,150,150,3,0,0,0,1,1,2,1,9,1,1,1,1,1,8,1,3,2,1,I,561,1,1,1,4,4,8,4,3,26700,1,1,0,4,4,8,4,3,26700,1,1,0,4,4,8,4,3,26700,1,1,0,2024,3,9,15110000,20410000,1,3
202601,6,4.기타,용산역,11170,15,0,0,0,1,0,1,51,04,1,1,400,100,8,0,0,0,2,1,3,1,10,1,1,1,1,1,8,2,3,1,1,G,473,2,1,2,4,5,9,4,4,31300,1,1,0,4,5,9,4,4,31300,1,1,0,4,5,9,4,4,31300,1,1,0,2024,3,9,14940000,20930000,1,3
202601,6,4.기타,용산역,11170,15,0,0,0,1,0,1,51,04,1,1,400,100,8,0,0,0,2,1,3,1,10,1,1,1,1,1,8,2,3,1,1,G,473,2,1,2,5,5,9,5,5,27200,1,1,0,5,5,9,5,5,27200,1,1,0,5,5,9,5,5,27200,1,1,0,2024,3,9,14940000,20930000,1,3
202601,6,4.기타,용산역,11170,22,0,0,0,1,0,1,21,04,8,2,350,60,6,0,0,0,1,2,4,1,10,2,1,1,1,1,8,1,3,1,1,G,473,2,1,2,5,5,8,5,5,30800,1,1,0,5,5,8,5,5,30800,1,1,0,5,5,8,5,5,30800,1,1,0,2025,3,9,21590000,14740000,1,2
202601,6,4.기타,용산역,11170,22,0,0,0,1,0,1,21,04,8,2,350,60,6,0,0,0,1,2,4,1,10,2,1,1,1,1,8,1,3,2,1,G,473,2,1,2,5,4,7,5,5,23200,1,1,0,5,4,7,5,5,23200,1,1,0,5,4,7,5,5,23200,1,1,0,2025,3,9,21590000,14740000,1,2
202601,6,4.기타,용산역,11170,15,0,0,0,1,1,1,11,04,5,1,500,200,8,0,0,0,2,2,4,1,10,1,1,1,1,1,8,2,3,-1,6,0,999,3,1,3,1,1,1,4,3,5900,1,1,1,1,1,1,4,3,5900,1,1,1,1,1,1,4,3,5900,1,1,1,0,1,1,13280000,8060000,1,1
202601,6,4.기타,용산역,11170,15,0,0,0,1,1,1,11,04,5,1,500,200,8,0,0,0,2,2,4,1,10,1,1,1,1,1,8,2,3,1,1,G,473,2,1,2,4,4,7,4,4,18300,1,1,0,4,4,7,4,4,18300,1,1,0,4,4,7,4,4,18300,1,1,0,2024,3,10,13280000,8060000,1,1
202601,6,4.기타,용산역,11170,15,0,0,0,1,1,1,11,04,5,1,500,200,8,0,0,0,2,2,4,1,10,1,1,1,1,1,8,2,3,2,2,0,999,2,1,2,1,1,1,5,3,8000,1,1,0,1,1,1,5,3,8000,1,1,0,1,1,1,5,3,8000,1,1,0,0,1,1,13280000,8060000,1,1
202601,6,4.기타,용산역,11170,14,0,0,0,1,0,1,51,04,8,1,700,100,6,0,0,0,2,1,3,1,10,1,1,1,1,1,8,2,3,1,1,I,561,1,1,1,6,5,10,6,4,43300,1,1,0,6,5,10,6,4,43300,1,1,0,6,5,10,6,4,43300,1,1,0,2024,3,9,16310000,22400000,1,3
202601,6,4.기타,용산역,11170,14,0,0,0,1,0,1,51,04,8,1,700,100,6,0,0,0,2,1,3,1,10,1,1,1,1,1,8,2,3,1,1,I,561,3,1,3,7,6,9,6,6,32800,1,1,0,7,6,9,6,6,32800,1,1,0,7,6,9,6,6,32800,1,1,0,2024,3,10,16310000,22400000,1,3
202601,6,4.기타,용산역,11170,14,0,0,0,1,0,1,51,04,1,1,500,500,8,0,0,0,1,1,2,1,10,1,1,1,1,1,8,1,3,1,1,S,969,2,1,2,5,5,9,5,5,43900,1,1,0,5,5,9,5,5,43900,1,1,0,5,5,9,5,5,43900,1,1,0,2025,3,10,16380000,21400000,1,3
202601,6,4.기타,용산역,11170,14,0,0,0,1,0,1,51,04,7,1,300,300,8,0,0,0,1,1,2,1,10,1,1,1,1,1,8,1,3,1,1,I,561,2,1,2,6,5,9,6,5,45900,1,1,0,6,5,9,6,5,45900,1,1,0,6,5,9,6,5,45900,1,1,0,2025,3,9,16280000,25930000,1,3
202601,6,4.기타,용산역,11170,14,0,0,0,1,0,1,51,04,10,1,200,60,8,0,0,0,1,1,1,1,10,1,1,1,1,1,8,1,3,1,1,G,475,1,1,1,4,5,9,4,4,34400,1,1,0,4,5,9,4,4,34400,1,1,0,4,5,9,4,4,34400,1,1,0,2024,4,7,13300000,14760000,1,3
202601,6,4.기타,용산역,11170,14,0,0,0,1,0,1,51,04,5,1,410,120,8,0,0,0,1,1,3,1,9,1,1,1,1,1,8,1,3,1,1,I,561,2,1,2,6,5,8,6,5,32800,1,1,0,6,5,8,6,5,32800,1,1,0,6,5,8,6,5,32800,1,1,0,2025,3,8,17320000,19320000,1,2
202601,6,4.기타,용산역,11170,14,0,0,0,1,0,1,51,04,5,1,410,120,8,0,0,0,1,1,3,1,9,1,1,1,1,1,8,1,3,2,1,I,562,2,1,2,6,4,8,6,4,21100,1,1,0,6,4,8,6,4,21100,1,1,0,6,4,8,6,4,21100,1,1,0,2025,4,8,17320000,19320000,1,2
202601,6,4.기타,용산역,11170,14,0,0,0,1,0,3,11,03,6,2,400,200,8,0,0,0,1,1,3,1,10,1,1,1,1,1,8,1,3,1,1,J,620,2,1,2,6,5,9,6,5,37500,1,1,0,6,5,9,6,5,37500,1,1,0,6,5,9,6,5,37500,1,1,0,2025,3,10,17700000,14760000,1,3
202601,6,4.기타,용산역,11170,14,0,0,0,1,0,3,11,03,6,2,400,200,8,0,0,0,1,1,3,1,10,1,1,1,1,1,8,1,3,2,1,G,473,2,1,2,3,4,7,4,4,16500,1,1,0,3,4,7,4,4,16500,1,1,0,3,4,7,4,4,16500,1,1,0,2025,3,10,17700000,14760000,1,3
202601,6,4.기타,용산역,11170,14,0,0,0,1,0,1,12,04,9,1,350,220,9,0,0,0,1,1,2,1,10,1,1,1,1,1,8,1,3,1,1,I,561,2,1,2,4,5,9,4,5,36300,1,1,0,4,5,9,4,5,36300,1,1,0,4,5,9,4,5,36300,1,1,0,2026,3,8,15020000,17500000,1,3
202601,6,4.기타,용산역,11170,14,0,0,0,1,0,1,51,03,3,1,400,50,8,0,0,0,2,1,3,1,10,1,1,1,1,1,8,2,3,1,1,G,473,1,1,1,3,4,9,3,4,33500,1,1,0,3,4,9,3,4,33500,1,1,0,3,4,9,3,4,33500,1,1,0,2025,3,8,13740000,36270000,1,1
202601,6,4.기타,용산역,11170,14,0,0,0,1,0,1,51,03,3,1,400,50,8,0,0,0,2,1,3,1,10,1,1,1,1,1,8,2,3,1,1,G,478,1,1,1,3,4,9,3,4,34500,1,1,0,3,4,9,3,4,34500,1,1,0,3,4,9,3,4,34500,1,1,0,2025,3,8,13740000,36270000,1,1
202601,6,4.기타,용산역,11170,14,0,0,0,1,0,1,51,03,3,1,400,50,8,0,0,0,2,1,3,1,10,1,1,1,1,1,8,2,3,2,6,0,999,1,1,1,1,1,1,3,3,13000,1,1,1,1,1,1,3,3,13000,1,1,1,1,1,1,3,3,13000,1,1,1,0,1,1,13740000,36270000,1,1
202601,6,4.기타,용산역,11170,14,0,0,0,1,0,1,51,04,1,1,130,150,6,0,0,0,1,1,2,1,10,1,1,1,1,1,8,1,3,1,1,I,561,2,1,2,5,4,9,6,5,34500,1,1,0,5,4,9,6,5,34500,1,1,0,5,4,9,6,5,34500,1,1,0,2024,3,10,20940000,54430000,1,3
202601,6,4.기타,용산역,11170,22,0,300,0,1,0,1,51,04,7,2,100,150,1,0,0,0,1,1,2,1,10,1,1,1,1,1,8,1,3,1,1,I,561,1,1,1,4,5,10,4,5,45900,1,1,0,4,5,10,4,5,45900,1,1,0,4,5,10,4,5,45900,1,1,0,2024,3,7,33740000,27420000,1,2
202601,6,4.기타,용산역,11170,22,0,300,0,1,0,1,51,04,7,2,100,150,1,0,0,0,1,1,2,1,10,1,1,1,1,1,8,1,3,2,6,0,999,1,1,1,1,1,1,3,3,22300,1,1,1,1,1,1,3,3,22300,1,1,1,1,1,1,3,3,22300,1,1,1,0,1,1,33740000,27420000,1,2
202601,6,4.기타,용산역,11170,22,0,0,0,1,0,1,11,03,1,1,120,250,7,0,0,0,1,1,3,1,10,1,1,1,1,1,8,1,3,1,1,G,463,2,1,2,6,4,7,6,5,23600,1,1,0,6,4,7,6,5,23600,1,1,0,6,4,7,6,5,23600,1,1,0,2024,3,8,26690000,15910000,1,1
202601,6,4.기타,용산역,11170,22,0,0,0,1,0,1,11,03,1,1,120,250,7,0,0,0,1,1,3,1,10,1,1,1,1,1,8,1,3,2,6,0,999,2,1,2,1,1,1,4,3,14600,1,1,1,1,1,1,4,3,14600,1,1,1,1,1,1,4,3,14600,1,1,1,0,1,1,26690000,15910000,1,1
202601,6,4.기타,용산역,11170,14,0,0,0,1,1,1,11,04,6,1,200,200,8,0,0,0,2,2,4,1,10,2,1,1,1,1,8,2,3,-1,1,I,561,1,1,1,2,3,6,2,3,8200,1,1,0,2,3,6,2,3,8200,1,1,0,2,3,6,2,3,8200,1,1,0,2025,3,9,22070000,21300000,1,3
202601,6,4.기타,용산역,11170,14,0,0,0,1,1,1,11,04,6,1,200,200,8,0,0,0,2,2,4,1,10,2,1,1,1,1,8,2,3,1,1,I,561,3,1,3,5,6,8,5,6,36800,2,1,0,5,6,8,5,6,36800,2,1,0,5,6,8,5,6,36800,2,1,0,2025,3,9,22070000,21300000,1,3
202601,6,4.기타,용산역,11170,14,0,0,0,1,1,1,11,04,6,1,200,200,8,0,0,0,2,2,4,1,10,2,1,1,1,1,8,2,3,2,1,I,561,3,1,3,4,4,7,4,4,13700,2,1,0,4,4,7,4,4,13700,2,1,0,4,4,7,4,4,13700,2,1,0,2025,3,9,22070000,21300000,1,3
202601,6,4.기타,용산역,11170,14,0,0,0,1,0,1,51,03,1,1,150,60,8,0,0,0,1,1,3,1,10,1,1,1,1,1,8,1,3,1,1,I,561,2,1,2,4,4,8,4,5,35200,1,1,0,4,4,8,4,5,35200,1,1,0,4,4,8,4,5,35200,1,1,0,2024,3,7,40600000,52850000,1,2
202601,6,4.기타,용산역,11170,14,0,0,0,1,0,1,51,03,1,1,150,60,8,0,0,0,1,1,3,1,10,1,1,1,1,1,8,1,3,1,1,I,561,2,1,2,5,4,8,4,5,37100,1,1,0,5,4,8,4,5,37100,1,1,0,5,4,8,4,5,37100,1,1,0,2025,3,7,40600000,52850000,1,2
202601,6,4.기타,용산역,11170,14,0,0,0,1,1,1,11,03,5,1,100,100,8,0,0,0,2,2,4,1,9,2,1,1,1,1,8,2,3,-1,6,0,999,2,1,2,1,1,1,6,4,22000,1,1,1,1,1,1,6,4,22000,1,1,1,1,1,1,6,4,22000,1,1,1,0,1,1,25290000,16290000,1,3
202601,6,4.기타,용산역,11170,14,0,0,0,1,1,1,11,03,5,1,100,100,8,0,0,0,2,2,4,1,9,2,1,1,1,1,8,2,3,1,1,I,561,2,1,2,6,6,9,6,6,54400,2,1,0,6,6,9,6,6,54400,2,1,0,6,6,9,6,6,54400,2,1,0,2025,3,10,25290000,16290000,1,3
202601,6,4.기타,용산역,11170,14,0,0,0,1,1,1,11,03,5,1,100,100,8,0,0,0,2,2,4,1,9,2,1,1,1,1,8,2,3,2,1,I,561,2,1,2,6,6,9,6,6,42400,2,1,0,6,6,9,6,6,42400,2,1,0,6,6,9,6,6,42400,2,1,0,2025,3,10,25290000,16290000,1,3
202601,6,4.기타,용산역,11170,14,0,0,0,1,0,1,51,04,6,1,150,200,8,0,0,0,1,1,1,1,10,1,1,1,1,1,8,1,3,1,1,I,561,1,1,1,6,5,11,6,5,64100,1,1,0,6,5,11,6,5,64100,1,1,0,6,5,11,6,5,64100,1,1,0,2026,3,9,23780000,42860000,1,3
202601,6,4.기타,용산역,11170,22,0,0,0,1,0,1,51,04,1,1,100,150,3,0,0,0,1,1,2,1,10,1,1,1,1,1,8,1,3,1,1,G,478,2,1,2,5,5,9,5,5,39100,1,1,0,5,5,9,5,5,39100,1,1,0,5,5,9,5,5,39100,1,1,0,2025,3,7,40230000,66380000,1,3
202601,6,4.기타,용산역,11170,16,0,0,0,1,1,2,11,03,5,1,200,200,4,0,0,0,2,2,4,1,10,1,2,1,1,1,8,2,3,-1,6,0,999,3,1,3,1,1,1,5,5,17700,1,1,1,1,1,1,5,5,17700,1,1,1,1,1,1,5,5,17700,1,1,1,0,1,1,20610000,14100000,1,2
202601,6,4.기타,용산역,11170,16,0,0,0,1,1,2,11,03,5,1,200,200,4,0,0,0,2,2,4,1,10,1,2,1,1,1,8,2,3,1,1,I,562,2,1,2,5,5,9,5,5,41100,1,1,0,5,5,9,5,5,41100,1,1,0,5,5,9,5,5,41100,1,1,0,2025,3,8,20610000,14100000,1,2
202601,6,4.기타,용산역,11170,16,0,0,0,1,1,2,11,03,5,1,200,200,4,0,0,0,2,2,4,1,10,1,2,1,1,1,8,2,3,1,1,I,561,1,1,1,4,4,9,4,4,39900,1,1,0,4,4,9,4,4,39900,1,1,0,4,4,9,4,4,39900,1,1,0,2025,3,8,20610000,14100000,1,2
202601,6,4.기타,용산역,11170,16,0,0,0,1,1,2,11,03,5,1,200,200,4,0,0,0,2,2,4,1,10,1,2,1,1,1,8,2,3,2,6,0,999,2,1,2,1,1,1,4,4,13500,1,1,1,1,1,1,4,4,13500,1,1,1,1,1,1,4,4,13500,1,1,1,0,1,1,20610000,14100000,1,2
202601,6,4.기타,용산역,11170,16,0,0,0,1,0,1,51,03,1,1,200,200,6,0,0,0,1,1,1,1,10,1,1,1,1,1,8,1,3,1,1,I,562,1,1,1,5,4,9,4,4,42200,1,1,0,5,4,9,4,4,42200,1,1,0,5,4,9,4,4,42200,1,1,0,2025,3,10,30450000,67570000,1,2
202601,6,4.기타,용산역,11170,16,0,0,0,1,0,1,51,04,4,1,580,190,7,0,0,0,1,1,2,1,10,1,1,1,1,1,8,1,3,1,1,I,561,2,1,2,5,5,9,4,5,38900,1,1,0,5,5,9,4,5,38900,1,1,0,5,5,9,4,5,38900,1,1,0,2024,3,8,30240000,78230000,1,2
202601,6,4.기타,용산역,11170,16,0,0,0,1,0,1,51,04,6,1,600,600,8,0,0,0,1,1,2,1,10,1,1,1,1,1,8,1,3,1,1,I,561,2,1,2,6,6,10,6,6,59700,1,1,0,6,6,10,6,6,59700,1,1,0,6,6,10,6,6,59700,1,1,0,2024,3,10,28570000,56210000,1,2
202601,6,4.기타,용산역,11170,16,0,0,0,1,0,1,51,04,5,1,500,150,6,0,0,0,1,1,2,1,10,1,1,1,1,1,8,1,3,1,1,I,562,2,1,2,6,5,9,6,5,52500,1,1,0,6,5,9,6,5,52500,1,1,0,6,5,9,6,5,52500,1,1,0,2025,3,9,25150000,52850000,1,3
202601,6,4.기타,용산역,11170,22,16,0,0,1,0,1,51,03,1,1,500,200,6,0,0,0,1,1,2,1,10,1,1,1,1,1,8,1,3,1,1,I,561,2,1,2,5,5,10,5,5,53500,1,1,0,5,5,10,5,5,53500,1,1,0,5,5,10,5,5,53500,1,1,0,2026,3,10,33870000,57740000,1,3
202601,6,4.기타,용산역,11170,22,0,0,0,1,0,1,51,04,1,1,500,500,8,0,0,0,2,1,2,1,10,1,1,1,1,1,8,2,3,1,1,I,562,2,1,2,6,5,9,6,5,42600,1,1,0,6,5,9,6,5,42600,1,1,0,6,5,9,6,5,42600,1,1,0,2024,3,10,29350000,71800000,1,3
202601,6,4.기타,용산역,11170,22,0,0,0,1,0,1,11,04,8,1,500,500,7,0,0,0,2,2,4,1,10,2,1,1,1,1,8,2,3,1,1,I,561,3,1,3,6,6,9,6,6,46300,1,1,0,6,6,9,6,6,46300,1,1,0,6,6,9,6,6,46300,1,1,0,2024,3,10,42840000,45400000,1,1
202601,6,4.기타,용산역,11170,22,0,0,0,1,0,1,11,04,8,1,500,500,7,0,0,0,2,2,4,1,10,2,1,1,1,1,8,2,3,1,1,I,561,3,1,3,6,6,9,6,6,53500,1,1,0,6,6,9,6,6,53500,1,1,0,6,6,9,6,6,53500,1,1,0,2024,3,10,42840000,45400000,1,1
202601,6,4.기타,용산역,11170,22,0,0,0,1,0,1,11,04,8,1,500,500,7,0,0,0,2,2,4,1,10,2,1,1,1,1,8,2,3,2,1,I,561,1,1,1,2,3,7,2,3,17800,1,1,0,2,3,7,2,3,17800,1,1,0,2,3,7,2,3,17800,1,1,0,2024,3,10,42840000,45400000,1,1
202601,6,4.기타,용산역,11170,22,0,300,0,1,0,1,51,04,5,1,500,500,7,0,0,0,1,1,2,1,10,1,1,1,1,1,8,1,3,1,1,I,562,2,1,2,5,5,10,5,5,50900,1,1,0,5,5,10,5,5,50900,1,1,0,5,5,10,5,5,50900,1,1,0,2024,3,9,44360000,103980000,1,3
202601,6,4.기타,용산역,11170,22,0,0,0,1,0,1,12,03,1,1,500,50,6,0,0,0,2,2,4,1,10,2,1,1,1,1,8,2,3,1,1,S,952,2,1,3,5,5,8,5,6,41900,1,1,0,5,5,8,5,6,41900,1,1,0,5,5,8,5,6,41900,1,1,0,2024,3,8,40100000,47010000,1,1
202601,6,4.기타,용산역,11170,22,0,0,0,1,0,1,12,03,1,1,500,50,6,0,0,0,2,2,4,1,10,2,1,1,1,1,8,2,3,2,1,S,952,2,1,2,4,5,8,4,5,32400,1,1,0,4,5,8,4,5,32400,1,1,0,4,5,8,4,5,32400,1,1,0,2024,3,8,40100000,47010000,1,1
202601,6,4.기타,이태원,11170,14,0,200,0,1,0,1,11,03,1,1,280,300,3,0,0,0,2,1,3,1,10,1,1,1,1,1,8,2,3,1,1,G,474,1,1,1,4,4,10,4,4,58200,1,1,0,4,4,10,4,4,58200,1,1,0,4,4,10,4,4,58200,1,1,0,2025,3,10,35190000,51200000,1,2
202601,6,4.기타,이태원,11170,14,0,200,0,1,0,1,11,03,1,1,280,300,3,0,0,0,2,1,3,1,10,1,1,1,1,1,8,2,3,1,1,G,471,2,1,2,7,6,10,7,6,70400,1,1,0,7,6,10,7,6,70400,1,1,0,7,6,10,7,6,70400,1,1,0,2024,3,10,35190000,51200000,1,2
202601,6,4.기타,이태원,11170,14,0,200,0,1,0,1,11,04,10,1,500,200,8,0,0,0,1,1,3,1,10,1,1,1,1,1,8,1,3,1,1,I,562,3,1,3,6,6,9,6,6,44300,1,1,0,6,6,9,6,6,44300,1,1,0,6,6,9,6,6,44300,1,1,0,2025,3,10,26640000,29250000,1,3
202601,6,4.기타,이태원,11170,14,0,200,0,1,0,1,11,04,10,3,400,100,8,0,0,0,1,1,3,1,10,1,1,1,1,1,8,1,3,1,1,G,474,2,1,2,6,6,10,6,6,65900,1,1,0,6,6,10,6,6,65900,1,1,0,6,6,10,6,6,65900,1,1,0,2025,3,10,24210000,11180000,1,3
202601,6,4.기타,이태원,11170,14,0,200,0,1,0,1,11,04,10,3,400,100,8,0,0,0,1,1,3,1,10,1,1,1,1,1,8,1,3,2,1,0,999,2,1,2,5,3,7,5,3,13500,1,1,0,5,3,7,5,3,13500,1,1,0,5,3,7,5,3,13500,1,1,0,2025,3,10,24210000,11180000,1,3
202601,6,4.기타,이태원,11170,14,0,200,0,1,0,1,12,03,1,1,420,100,8,0,0,0,1,1,1,1,10,1,1,1,1,1,8,1,3,1,1,I,561,1,1,1,4,4,10,4,5,66000,1,1,0,4,4,10,4,5,66000,1,1,0,4,4,10,4,5,66000,1,1,0,2025,3,7,22220000,79460000,1,3
202601,6,4.기타,이태원,11170,14,0,200,0,1,0,1,11,04,10,2,450,150,10,0,0,0,1,2,4,1,10,2,1,1,1,1,8,1,3,1,1,I,561,2,1,2,5,5,8,5,5,26900,1,1,0,5,5,8,5,5,26900,1,1,0,5,5,8,5,5,26900,1,1,0,2025,3,9,24080000,13170000,1,2
202601,6,4.기타,이태원,11170,14,0,200,0,1,0,1,11,04,10,2,450,150,10,0,0,0,1,2,4,1,10,2,1,1,1,1,8,1,3,2,1,I,561,2,1,2,4,4,7,4,4,12800,1,1,0,4,4,7,4,4,12800,1,1,0,4,4,7,4,4,12800,1,1,0,2025,3,9,24080000,13170000,1,2
202601,6,4.기타,이태원,11170,14,16,200,0,1,0,1,51,04,7,1,200,200,9,0,0,0,2,1,3,1,10,1,1,1,1,1,8,2,3,1,1,I,561,1,1,1,5,4,10,5,5,65400,1,1,0,5,4,10,5,5,65400,1,1,0,5,4,10,5,5,65400,1,1,0,2024,3,10,21290000,32480000,1,3
202601,6,4.기타,이태원,11170,14,16,200,0,1,0,1,51,04,7,1,200,200,9,0,0,0,2,1,3,1,10,1,1,1,1,1,8,2,3,1,6,0,999,2,1,2,1,1,1,6,6,63200,1,1,1,1,1,1,6,6,63200,1,1,1,1,1,1,6,6,63200,1,1,1,0,1,1,21290000,32480000,1,3
202601,6,4.기타,이태원,11170,14,0,200,0,1,0,9,21,04,3,1,350,200,10,0,0,0,2,1,2,1,10,1,1,1,1,1,8,2,3,1,1,I,562,2,1,2,6,6,12,6,6,113000,1,1,0,6,6,12,6,6,113000,1,1,0,6,6,12,6,6,113000,1,1,0,2025,3,10,20280000,103460000,1,3
202601,6,4.기타,이태원,11170,14,0,0,0,1,1,2,11,04,6,2,450,150,8,0,0,0,1,2,4,1,10,2,1,1,1,1,8,1,3,-1,1,I,562,2,1,2,5,5,9,5,5,38700,1,1,0,5,5,9,5,5,38700,1,1,0,5,5,9,5,5,38700,1,1,0,2025,3,10,22750000,15000000,1,2
202601,6,4.기타,이태원,11170,14,0,0,0,1,1,2,11,04,6,2,450,150,8,0,0,0,1,2,4,1,10,2,1,1,1,1,8,1,3,1,1,I,562,2,1,2,6,5,9,6,5,43800,1,1,0,6,5,9,6,5,43800,1,1,0,6,5,9,6,5,43800,1,1,0,2025,3,10,22750000,15000000,1,2
202601,6,4.기타,이태원,11170,14,0,0,0,1,1,2,11,04,6,2,450,150,8,0,0,0,1,2,4,1,10,2,1,1,1,1,8,1,3,2,1,S,961,2,1,2,6,4,8,6,4,25900,1,1,0,6,4,8,6,4,25900,1,1,0,6,4,8,6,4,25900,1,1,0,2025,3,10,22750000,15000000,1,2
202601,6,4.기타,이태원,11170,14,0,200,0,1,1,2,11,04,5,1,200,200,8,0,0,0,1,2,4,1,10,2,1,1,1,1,8,1,3,-1,1,I,561,2,1,2,5,6,9,5,6,55500,1,1,0,5,6,9,5,6,55500,1,1,0,5,6,9,5,6,55500,1,1,0,2025,3,10,34240000,22650000,1,3
202601,6,4.기타,이태원,11170,14,0,200,0,1,1,2,11,04,5,1,200,200,8,0,0,0,1,2,4,1,10,2,1,1,1,1,8,1,3,1,1,I,561,2,1,2,6,6,11,6,6,100500,1,1,0,6,6,11,6,6,100500,1,1,0,6,6,11,6,6,100500,1,1,0,2025,3,10,34240000,22650000,1,3
202601,6,4.기타,이태원,11170,14,0,200,0,1,1,2,11,04,5,1,200,200,8,0,0,0,1,2,4,1,10,2,1,1,1,1,8,1,3,2,1,I,561,2,1,2,6,6,10,6,6,69200,1,1,0,6,6,10,6,6,69200,1,1,0,6,6,10,6,6,69200,1,1,0,2025,3,10,34240000,22650000,1,3
202601,6,4.기타,이태원,11170,14,0,200,0,1,1,4,21,03,6,2,300,100,9,0,0,0,2,2,4,1,10,2,1,1,1,1,8,2,3,-1,1,I,562,2,1,2,5,4,7,5,4,11700,1,1,0,5,4,7,5,4,11700,1,1,0,5,4,7,5,4,11700,1,1,0,2025,3,10,28170000,20070000,1,2
202601,6,4.기타,이태원,11170,14,0,200,0,1,1,4,21,03,6,2,300,100,9,0,0,0,2,2,4,1,10,2,1,1,1,1,8,2,3,1,1,I,562,2,1,2,6,6,10,6,6,71300,2,1,0,6,6,10,6,6,71300,2,1,0,6,6,10,6,6,71300,2,1,0,2025,3,10,28170000,20070000,1,2
202601,6,4.기타,이태원,11170,14,0,200,0,1,1,4,21,03,6,2,300,100,9,0,0,0,2,2,4,1,10,2,1,1,1,1,8,2,3,2,1,I,562,2,1,2,6,4,8,6,5,22100,2,1,0,6,4,8,6,5,22100,2,1,0,6,4,8,6,5,22100,2,1,0,2025,3,10,28170000,20070000,1,2
202601,6,4.기타,이태원,11170,16,0,200,0,1,0,1,12,03,4,1,150,100,8,0,0,0,1,1,2,1,10,1,1,1,1,1,8,1,3,1,1,G,463,1,1,1,5,4,10,5,5,62400,1,1,0,5,4,10,5,5,62400,1,1,0,5,4,10,5,5,62400,1,1,0,2026,3,10,29580000,33040000,1,3
202601,6,4.기타,이태원,11170,16,0,200,0,1,0,1,12,03,4,1,150,100,8,0,0,0,1,1,2,1,10,1,1,1,1,1,8,1,3,1,1,G,474,1,1,1,4,3,10,4,4,73600,1,1,0,4,3,10,4,4,73600,1,1,0,4,3,10,4,4,73600,1,1,0,2025,3,9,29580000,33040000,1,3
202601,6,4.기타,이태원,11170,16,0,200,0,1,0,1,12,03,4,1,150,100,8,0,0,0,1,1,2,1,10,1,1,1,1,1,8,1,3,1,1,L,681,1,1,1,4,3,10,4,4,75300,1,1,0,4,3,10,4,4,75300,1,1,0,4,3,10,4,4,75300,1,1,0,2025,3,8,29580000,33040000,1,3
202601,6,0.비상권,0.비상권,11170,14,0,200,0,1,0,1,51,04,1,1,550,250,4,0,0,0,1,1,1,1,8,1,1,1,1,1,8,1,3,1,1,L,682,1,1,1,6,5,10,6,5,57800,1,1,0,6,5,10,6,5,57800,1,1,0,6,5,10,6,5,57800,1,1,0,2025,3,9,26890000,24400000,1,3
202601,6,0.비상권,0.비상권,11170,14,0,200,0,1,0,1,51,04,1,1,550,250,4,0,0,0,1,1,1,1,8,1,1,1,1,1,8,1,3,1,1,I,561,1,1,1,4,3,10,4,3,56700,1,1,0,4,3,10,4,3,56700,1,1,0,4,3,10,4,3,56700,1,1,0,2024,3,9,26890000,24400000,1,3
202601,6,0.비상권,0.비상권,11170,14,0,200,0,1,1,1,12,03,7,2,700,400,4,0,0,0,1,1,3,1,10,1,1,1,1,1,8,1,3,-1,5,0,999,1,1,1,1,1,1,1,1,0,1,1,0,1,1,1,1,1,0,1,1,0,1,1,1,1,1,0,1,1,0,0,1,1,32140000,26380000,1,2
202601,6,0.비상권,0.비상권,11170,14,0,200,0,1,1,1,12,03,7,2,700,400,4,0,0,0,1,1,3,1,10,1,1,1,1,1,8,1,3,1,1,S,953,1,1,1,5,3,9,4,4,52200,1,1,0,5,3,9,4,4,52200,1,1,0,5,3,9,4,4,52200,1,1,0,2025,3,9,32140000,26380000,1,2
202601,6,0.비상권,0.비상권,11170,14,0,200,0,1,1,1,12,03,7,2,700,400,4,0,0,0,1,1,3,1,10,1,1,1,1,1,8,1,3,1,1,I,561,1,1,1,4,4,10,4,4,51900,1,1,0,4,4,10,4,4,51900,1,1,0,4,4,10,4,4,51900,1,1,0,2024,3,5,32140000,26380000,1,2
202601,6,0.비상권,0.비상권,11170,14,0,200,0,1,1,1,12,03,7,2,700,400,4,0,0,0,1,1,3,1,10,1,1,1,1,1,8,1,3,1,1,S,969,1,1,1,4,4,10,4,4,52200,1,1,0,4,4,10,4,4,52200,1,1,0,4,4,10,4,4,52200,1,1,0,2024,3,10,32140000,26380000,1,2
202601,6,0.비상권,0.비상권,11170,14,0,200,0,1,1,1,12,03,7,2,700,400,4,0,0,0,1,1,3,1,10,1,1,1,1,1,8,1,3,2,1,M,733,2,1,2,4,4,8,4,4,28300,1,1,0,4,4,8,4,4,28300,1,1,0,4,4,8,4,4,28300,1,1,0,2024,3,10,32140000,26380000,1,2
202601,6,0.비상권,0.비상권,11170,14,0,200,0,1,0,1,11,04,3,1,700,400,10,0,0,0,1,1,1,1,10,1,1,1,1,1,8,1,3,1,1,I,562,1,1,1,5,5,9,5,4,40400,1,1,0,5,5,9,5,4,40400,1,1,0,5,5,9,5,4,40400,1,1,0,2025,3,10,12180000,22620000,1,3
202601,6,0.비상권,0.비상권,11170,14,0,200,0,1,1,1,11,04,8,1,700,10,4,0,0,0,1,1,3,1,9,1,1,1,1,1,8,1,3,-1,1,0,999,1,1,1,3,3,7,3,3,18900,1,1,0,3,3,7,3,3,18900,1,1,0,3,3,7,3,3,18900,1,1,0,2025,3,8,25830000,24180000,1,3
202601,6,0.비상권,0.비상권,11170,14,0,200,0,1,1,1,11,04,8,1,700,10,4,0,0,0,1,1,3,1,9,1,1,1,1,1,8,1,3,1,1,I,561,1,1,1,4,4,9,4,4,41900,1,1,0,4,4,9,4,4,41900,1,1,0,4,4,9,4,4,41900,1,1,0,2025,3,10,25830000,24180000,1,3
202601,6,0.비상권,0.비상권,11170,14,0,200,0,1,1,1,11,04,8,1,700,10,4,0,0,0,1,1,3,1,9,1,1,1,1,1,8,1,3,1,1,I,561,1,1,1,4,4,9,4,5,38100,1,1,0,4,4,9,4,5,38100,1,1,0,4,4,9,4,5,38100,1,1,0,2025,3,10,25830000,24180000,1,3
202601,6,0.비상권,0.비상권,11170,14,0,200,0,1,0,1,11,04,8,2,500,300,8,0,0,0,1,1,3,1,10,1,1,1,1,1,8,1,3,1,1,I,562,2,1,2,6,5,10,6,5,53500,1,1,0,6,5,10,6,5,53500,1,1,0,6,5,10,6,5,53500,1,1,0,2024,3,7,16880000,11880000,1,3
202601,6,0.비상권,0.비상권,11170,14,0,200,0,1,0,1,11,04,8,2,500,300,8,0,0,0,1,1,3,1,10,1,1,1,1,1,8,1,3,2,6,0,999,2,1,2,1,1,1,4,4,18900,1,1,1,1,1,1,4,4,18900,1,1,1,1,1,1,4,4,18900,1,1,1,0,1,1,16880000,11880000,1,3
202601,6,0.비상권,0.비상권,11170,14,0,200,0,1,1,2,11,04,4,1,500,10,11,0,0,0,2,2,4,1,10,2,1,1,1,1,8,2,3,-1,1,I,562,2,1,2,4,4,7,4,4,19800,1,1,0,4,4,7,4,4,19800,1,1,0,4,4,7,4,4,19800,1,1,0,2025,4,9,20940000,20060000,1,2
202601,6,0.비상권,0.비상권,11170,14,0,200,0,1,1,2,11,04,4,1,500,10,11,0,0,0,2,2,4,1,10,2,1,1,1,1,8,2,3,1,1,I,562,2,1,2,6,5,9,6,6,46600,1,1,0,6,5,9,6,6,46600,1,1,0,6,5,9,6,6,46600,1,1,0,2025,4,9,20940000,20060000,1,2
202601,6,0.비상권,0.비상권,11170,14,0,200,0,1,1,2,11,04,4,1,500,10,11,0,0,0,2,2,4,1,10,2,1,1,1,1,8,2,3,2,1,I,562,2,1,2,6,4,8,6,4,23900,1,1,0,6,4,8,6,4,23900,1,1,0,6,4,8,6,4,23900,1,1,0,2025,4,9,20940000,20060000,1,2
202601,6,4.기타,이태원,11170,16,0,200,0,1,0,1,12,04,6,1,200,200,8,0,0,0,2,1,2,1,10,1,1,1,1,1,8,2,3,1,1,I,562,2,1,2,6,6,10,6,6,58400,1,1,0,6,6,10,6,6,58400,1,1,0,6,6,10,6,6,58400,1,1,0,2025,3,10,22570000,42700000,1,3
202601,6,4.기타,이태원,11170,14,0,200,0,1,0,6,31,04,6,1,300,300,8,0,0,0,1,1,3,1,10,1,1,1,1,1,8,2,3,1,1,G,474,2,1,2,7,6,10,7,6,71900,1,1,0,7,6,10,7,6,71900,1,1,0,7,6,10,7,6,71900,1,1,0,2025,3,10,46460000,56260000,1,3
202601,6,4.기타,이태원,11170,14,0,200,0,1,0,6,31,04,6,1,300,300,8,0,0,0,1,1,3,1,10,1,1,1,1,1,8,2,3,2,1,G,474,2,1,2,6,4,9,6,5,37500,1,1,0,6,4,9,6,5,37500,1,1,0,6,4,9,6,5,37500,1,1,0,2025,3,10,46460000,56260000,1,3
202601,6,4.기타,이태원,11170,13,0,200,0,1,1,1,11,04,8,2,500,100,8,0,0,0,1,2,4,1,10,2,1,1,1,1,8,1,3,-1,1,I,561,1,1,1,2,2,7,2,2,11600,1,1,0,2,2,7,2,2,11600,1,1,0,2,2,7,2,2,11600,1,1,0,2025,3,9,35680000,24980000,1,1
202601,6,4.기타,이태원,11170,13,0,200,0,1,1,1,11,04,8,2,500,100,8,0,0,0,1,2,4,1,10,2,1,1,1,1,8,1,3,1,1,I,561,2,1,2,6,6,11,6,6,81200,2,1,0,6,6,11,6,6,81200,2,1,0,6,6,11,6,6,81200,2,1,0,2025,3,9,35680000,24980000,1,1
202601,6,4.기타,이태원,11170,13,0,200,0,1,1,1,11,04,8,2,500,100,8,0,0,0,1,2,4,1,10,2,1,1,1,1,8,1,3,2,1,I,561,2,1,2,5,4,8,5,5,27500,2,1,0,5,4,8,5,5,27500,2,1,0,5,4,8,5,5,27500,2,1,0,2025,3,9,35680000,24980000,1,1
202601,6,4.기타,이태원,11170,13,0,200,0,1,0,1,51,04,9,2,500,50,8,0,0,0,1,1,3,1,9,1,1,1,1,1,8,1,3,1,1,G,478,2,1,2,6,6,12,6,7,115100,1,1,0,6,6,12,6,7,115100,1,1,0,6,6,12,6,7,115100,1,1,0,2024,3,9,37850000,26090000,1,1
202601,6,4.기타,이태원,11170,13,0,200,0,1,0,1,51,04,9,2,500,50,8,0,0,0,1,1,3,1,9,1,1,1,1,1,8,1,3,2,1,G,478,1,1,2,6,4,9,6,4,31800,1,1,0,6,4,9,6,4,31800,1,1,0,6,4,9,6,4,31800,1,1,0,2024,3,9,37850000,26090000,1,1
202601,6,4.기타,왕십리,11200,22,15,300,0,1,0,1,51,03,1,1,200,180,1,0,0,0,2,1,2,1,10,1,1,1,1,1,8,2,2,1,1,G,472,2,1,2,6,6,10,5,5,41400,1,1,0,6,6,10,5,5,41400,1,1,0,6,6,10,5,5,41400,1,1,0,2025,3,10,29560000,64770000,1,3
202601,6,4.기타,왕십리,11200,22,15,300,0,1,0,1,51,03,1,1,200,180,1,0,0,0,2,1,2,1,10,1,1,1,1,1,8,2,2,1,1,I,562,1,1,1,5,5,10,5,5,53800,1,1,0,5,5,10,5,5,53800,1,1,0,5,5,10,5,5,53800,1,1,0,2025,3,10,29560000,64770000,1,3
202601,6,4.기타,왕십리,11200,22,0,0,0,1,0,1,11,04,1,1,180,70,6,0,0,0,2,1,2,1,10,1,1,1,1,1,8,2,2,1,1,I,561,2,1,2,5,6,9,5,6,45800,1,1,0,5,6,9,5,6,45800,1,1,0,5,6,9,5,6,45800,1,1,0,2024,3,6,28940000,84840000,1,1
202601,6,4.기타,왕십리,11200,22,0,0,0,1,0,1,51,04,1,1,300,120,7,0,0,0,1,1,2,1,10,1,1,1,1,1,8,1,2,1,1,I,561,2,1,2,6,5,10,6,6,61500,1,1,0,6,5,10,6,6,61500,1,1,0,6,5,10,6,6,61500,1,1,0,2024,3,9,19490000,27970000,3,3
202601,6,4.기타,왕십리,11200,22,15,300,0,1,0,1,11,04,1,1,10,30,1,0,0,0,2,2,4,2,9,2,1,1,1,1,8,2,2,1,1,S,969,2,1,3,6,5,8,6,5,22900,1,1,0,6,5,8,6,5,22900,1,1,0,6,5,8,6,5,22900,1,1,0,2025,3,4,32740000,29690000,1,2
202601,6,4.기타,왕십리,11200,22,15,300,0,1,0,1,11,04,1,1,10,30,1,0,0,0,2,2,4,2,9,2,1,1,1,1,8,2,2,1,1,L,682,1,1,1,5,5,10,5,5,68100,1,1,0,5,5,10,5,5,68100,1,1,0,5,5,10,5,5,68100,1,1,0,2025,3,8,32740000,29690000,1,2
202601,6,4.기타,왕십리,11200,22,15,300,0,1,0,1,11,04,1,1,10,30,1,0,0,0,2,2,4,2,9,2,1,1,1,1,8,2,2,1,1,G,472,1,1,1,5,5,10,5,5,68100,1,1,0,5,5,10,5,5,68100,1,1,0,5,5,10,5,5,68100,1,1,0,2025,3,10,32740000,29690000,1,2
202601,6,4.기타,왕십리,11200,22,15,300,0,1,0,1,11,04,1,1,10,30,1,0,0,0,2,2,4,2,9,2,1,1,1,1,8,2,2,1,1,G,478,1,1,1,5,5,10,5,5,68100,1,1,0,5,5,10,5,5,68100,1,1,0,5,5,10,5,5,68100,1,1,0,2024,3,9,32740000,29690000,1,2
202601,6,4.기타,왕십리,11200,22,15,300,0,1,0,1,11,04,1,1,10,30,1,0,0,0,2,2,4,2,9,2,1,1,1,1,8,2,2,2,1,G,478,2,1,2,5,5,8,5,5,26800,1,1,0,5,5,8,5,5,26800,1,1,0,5,5,8,5,5,26800,1,1,0,2024,3,9,32740000,29690000,1,2
202601,6,4.기타,왕십리,11200,15,0,0,0,1,0,1,11,03,1,1,70,50,6,0,0,0,2,1,2,1,10,1,1,1,1,1,8,2,2,1,1,G,474,2,1,2,5,5,9,5,5,31400,1,1,0,5,5,9,5,5,31400,1,1,0,5,5,9,5,5,31400,1,1,0,2026,3,9,19330000,72420000,1,2
202601,6,4.기타,왕십리,11200,14,0,0,0,1,1,1,11,04,1,1,30,150,9,0,0,0,2,2,4,1,10,2,1,1,1,1,8,2,2,-1,1,I,561,1,1,1,4,3,7,4,3,20000,1,1,0,4,3,7,4,3,20000,1,1,0,4,3,7,4,3,20000,1,1,0,2026,3,9,21120000,19790000,1,1
202601,6,4.기타,왕십리,11200,14,0,0,0,1,1,1,11,04,1,1,30,150,9,0,0,0,2,2,4,1,10,2,1,1,1,1,8,2,2,1,1,I,561,3,1,3,7,6,9,7,6,42900,1,1,0,7,6,9,7,6,42900,1,1,0,7,6,9,7,6,42900,1,1,0,2025,3,10,21120000,19790000,1,1
202601,6,4.기타,왕십리,11200,14,0,0,0,1,1,1,11,04,1,1,30,150,9,0,0,0,2,2,4,1,10,2,1,1,1,1,8,2,2,1,1,I,561,1,1,1,6,4,9,6,4,44300,1,1,0,6,4,9,6,4,44300,1,1,0,6,4,9,6,4,44300,1,1,0,2026,3,9,21120000,19790000,1,1
202601,6,4.기타,왕십리,11200,14,0,0,0,1,1,1,11,04,1,1,30,150,9,0,0,0,2,2,4,1,10,2,1,1,1,1,8,2,2,2,2,0,999,3,1,3,1,1,1,8,1,25200,1,1,0,1,1,1,8,1,25200,1,1,0,1,1,1,8,1,25200,1,1,0,0,1,1,21120000,19790000,1,1
202601,6,4.기타,왕십리,11200,15,0,0,0,1,0,1,21,04,1,1,200,180,6,0,0,0,2,2,4,1,9,2,1,1,1,1,8,2,2,1,1,I,561,2,1,3,7,6,9,7,6,45900,1,1,0,7,6,9,7,6,45900,1,1,0,7,6,9,7,6,45900,1,1,0,2024,3,4,17690000,30890000,1,2
202601,6,4.기타,왕십리,11200,15,0,0,0,1,0,1,21,04,1,1,200,180,6,0,0,0,2,2,4,1,9,2,1,1,1,1,8,2,2,2,1,I,561,2,1,3,6,5,8,6,5,20300,1,1,0,6,5,8,6,5,20300,1,1,0,6,5,8,6,5,20300,1,1,0,2025,3,10,17690000,30890000,1,2
202601,6,4.기타,뚝섬,11200,33,0,0,0,1,0,1,12,04,6,1,34,없음,10,0,0,0,1,1,2,1,10,1,1,1,1,1,8,1,3,1,1,I,561,2,1,2,6,6,10,6,6,66200,1,1,0,6,6,10,6,6,66200,1,1,0,6,6,10,6,6,66200,1,1,0,2025,3,10,39760000,78260000,1,3
202601,6,4.기타,뚝섬,11200,33,0,0,0,1,1,3,11,04,6,2,71,없음,10,0,0,0,1,2,4,1,10,2,1,1,1,1,8,1,3,-1,1,I,562,2,1,2,5,5,9,5,5,35900,1,1,0,5,5,9,5,5,35900,1,1,0,5,5,9,5,5,35900,1,1,0,2026,3,9,40920000,25310000,1,2
202601,6,4.기타,뚝섬,11200,33,0,0,0,1,1,3,11,04,6,2,71,없음,10,0,0,0,1,2,4,1,10,2,1,1,1,1,8,1,3,1,1,I,562,2,1,2,5,5,9,5,6,64400,1,1,0,5,5,9,5,6,64400,1,1,0,5,5,9,5,6,64400,1,1,0,2026,3,9,40920000,25310000,1,2
202601,6,4.기타,뚝섬,11200,33,0,0,0,1,1,3,11,04,6,2,71,없음,10,0,0,0,1,2,4,1,10,2,1,1,1,1,8,1,3,2,1,I,561,2,1,2,5,5,9,5,5,43600,1,1,0,5,5,9,5,5,43600,1,1,0,5,5,9,5,5,43600,1,1,0,2025,3,9,40920000,25310000,1,2
202601,6,4.기타,뚝섬,11200,33,0,0,0,1,0,1,11,04,1,1,74,없음,3,0,0,0,2,1,3,1,10,1,1,1,1,1,8,2,3,1,1,Q,869,2,1,2,6,6,11,6,6,86200,1,1,0,6,6,11,6,6,86200,1,1,0,6,6,11,6,6,86200,1,1,0,2025,3,10,57780000,63220000,1,1
202601,6,4.기타,뚝섬,11200,33,0,0,0,1,0,1,11,04,1,1,74,없음,3,0,0,0,2,1,3,1,10,1,1,1,1,1,8,2,3,1,1,I,562,2,1,2,6,6,11,6,6,87700,1,1,0,6,6,11,6,6,87700,1,1,0,6,6,11,6,6,87700,1,1,0,2025,3,10,57780000,63220000,1,1
202601,6,0.비상권,0.비상권,11200,14,0,0,0,1,1,1,11,04,1,1,620,155,6,0,0,0,1,1,2,1,10,1,1,1,1,1,8,1,3,-1,1,I,561,1,1,1,2,3,7,2,3,14000,1,1,0,2,3,7,2,3,14000,1,1,0,2,3,7,2,3,14000,1,1,0,2026,3,9,25380000,29330000,1,2
202601,6,0.비상권,0.비상권,11200,14,0,0,0,1,1,1,11,04,1,1,620,155,6,0,0,0,1,1,2,1,10,1,1,1,1,1,8,1,3,1,1,I,561,2,1,2,5,5,9,5,5,30600,1,1,0,5,5,9,5,5,30600,1,1,0,5,5,9,5,5,30600,1,1,0,2026,3,9,25380000,29330000,1,2
202601,6,4.기타,뚝섬,11200,33,0,0,0,1,0,1,21,03,1,1,380,380,6,0,0,0,2,2,4,1,9,2,1,1,1,1,8,2,3,1,1,L,682,2,1,2,4,4,8,4,5,29900,1,1,0,4,4,8,4,5,29900,1,1,0,4,4,8,4,5,29900,1,1,0,2026,3,9,38660000,25880000,1,1
202601,6,4.기타,뚝섬,11200,33,0,0,0,1,0,1,21,03,1,1,380,380,6,0,0,0,2,2,4,1,9,2,1,1,1,1,8,2,3,1,1,S,961,2,1,2,5,5,8,5,5,29000,1,1,0,5,5,8,5,5,29000,1,1,0,5,5,8,5,5,29000,1,1,0,2024,3,10,38660000,25880000,1,1
202601,6,4.기타,뚝섬,11200,33,0,0,0,1,0,1,21,03,1,1,380,380,6,0,0,0,2,2,4,1,9,2,1,1,1,1,8,2,3,2,1,G,478,3,1,3,5,5,7,5,5,15200,1,1,0,5,5,7,5,5,15200,1,1,0,5,5,7,5,5,15200,1,1,0,2025,3,9,38660000,25880000,1,1
202601,6,4.기타,뚝섬,11200,33,0,0,0,1,0,1,12,03,1,1,480,120,6,0,0,0,1,1,2,1,10,1,1,1,1,1,8,1,3,1,1,I,561,2,1,2,5,5,8,5,5,29000,1,1,0,5,5,8,5,5,29000,1,1,0,5,5,8,5,5,29000,1,1,0,2025,3,10,38300000,43250000,1,3
202601,6,4.기타,뚝섬,11200,14,0,0,0,1,0,1,12,03,1,1,455,150,7,0,0,0,1,1,1,1,10,1,1,1,1,1,8,1,3,1,1,G,472,1,1,1,1,1,1,6,6,157500,1,1,1,1,1,1,6,6,157500,1,1,1,6,6,12,6,6,157500,1,1,0,2026,3,10,49780000,73120000,1,4
202601,6,4.기타,뚝섬,11200,14,0,0,0,1,0,1,21,04,1,1,390,65,3,0,0,0,2,2,3,2,8,1,2,1,1,1,8,2,3,1,6,0,999,2,1,2,1,1,1,6,6,66800,1,1,1,1,1,1,6,6,66800,1,1,1,1,1,1,6,6,66800,1,1,1,0,1,1,58480000,59300000,1,1
202601,6,4.기타,뚝섬,11200,14,0,0,0,1,0,1,21,04,1,1,390,65,3,0,0,0,2,2,3,2,8,1,2,1,1,1,8,2,3,2,6,0,999,2,1,2,1,1,1,5,5,17800,1,1,1,1,1,1,5,5,17800,1,1,1,1,1,1,5,5,17800,1,1,1,0,1,1,58480000,59300000,1,1
202601,6,4.기타,뚝섬,11200,33,0,0,0,1,0,1,21,04,1,1,250,60,1,0,0,0,1,1,2,1,9,1,1,1,1,1,8,1,3,1,1,I,561,1,1,1,7,6,12,7,6,107800,1,1,0,7,6,12,7,6,107800,1,1,0,7,6,12,7,6,107800,1,1,0,2022,5,10,88870000,38930000,1,3
202601,6,4.기타,뚝섬,11200,33,0,0,0,1,0,1,21,04,1,1,250,60,1,0,0,0,1,1,2,1,9,1,1,1,1,1,8,1,3,2,1,G,474,1,1,1,5,4,9,5,4,36500,1,1,0,5,4,9,5,4,36500,1,1,0,5,4,9,5,4,36500,1,1,0,2026,3,10,88870000,38930000,1,3
202601,6,4.기타,뚝섬,11200,33,0,0,0,1,1,1,11,04,1,1,210,200,8,0,0,0,2,2,4,1,9,2,1,1,1,1,8,2,3,-1,1,I,561,1,1,1,3,3,7,3,3,11800,1,1,0,3,3,7,3,3,11800,1,1,0,3,3,7,3,3,11800,1,1,0,2025,3,9,41930000,39150000,1,2
202601,6,4.기타,뚝섬,11200,33,0,0,0,1,1,1,11,04,1,1,210,200,8,0,0,0,2,2,4,1,9,2,1,1,1,1,8,2,3,1,1,I,561,3,1,3,6,6,9,6,6,46600,1,1,0,6,6,9,6,6,46600,1,1,0,6,6,9,6,6,46600,1,1,0,2025,3,9,41930000,39150000,1,2
202601,6,4.기타,뚝섬,11200,33,0,0,0,1,1,1,11,04,1,1,210,200,8,0,0,0,2,2,4,1,9,2,1,1,1,1,8,2,3,2,1,I,561,3,1,3,5,4,7,5,5,14300,1,1,0,5,4,7,5,5,14300,1,1,0,5,4,7,5,5,14300,1,1,0,2025,3,9,41930000,39150000,1,2
202601,6,4.기타,뚝섬,11200,33,0,0,0,1,0,1,11,03,1,1,170,200,9,0,0,0,1,2,4,1,9,2,1,1,1,1,8,1,3,1,1,I,561,2,1,2,5,6,9,5,6,51400,1,1,0,5,6,9,5,6,51400,1,1,0,5,6,9,5,6,51400,1,1,0,2025,3,9,41830000,26230000,1,1
202601,6,4.기타,뚝섬,11200,33,0,0,0,1,0,1,11,03,1,1,170,200,9,0,0,0,1,2,4,1,9,2,1,1,1,1,8,1,3,1,1,G,478,1,1,1,4,5,11,4,5,72100,1,1,0,4,5,11,4,5,72100,1,1,0,4,5,11,4,5,72100,1,1,0,2024,4,10,41830000,26230000,1,1
202601,6,4.기타,뚝섬,11200,33,0,0,0,1,0,1,11,03,1,1,170,200,9,0,0,0,1,2,4,1,9,2,1,1,1,1,8,1,3,2,1,0,999,2,1,3,7,5,8,7,5,23700,1,1,0,7,5,8,7,5,23700,1,1,0,7,5,8,7,5,23700,1,1,0,2026,3,10,41830000,26230000,1,1
202601,6,4.기타,뚝섬,11200,14,0,0,0,1,1,3,11,03,6,2,600,550,8,0,1,0,2,2,4,1,9,1,2,1,1,1,8,2,3,-1,1,I,561,2,1,2,6,6,9,6,6,37900,1,1,0,6,6,9,6,6,37900,1,1,0,6,6,9,6,6,37900,1,1,0,2024,3,10,37790000,22590000,2,3
202601,6,4.기타,뚝섬,11200,14,0,0,0,1,1,3,11,03,6,2,600,550,8,0,1,0,2,2,4,1,9,1,2,1,1,1,8,2,3,1,6,0,999,2,1,3,1,1,1,6,6,57900,1,1,1,1,1,1,6,6,57900,1,1,1,1,1,1,6,6,57900,1,1,1,0,1,1,37790000,22590000,2,3
202601,6,4.기타,뚝섬,11200,14,0,0,0,1,1,3,11,03,6,2,600,550,8,0,1,0,2,2,4,1,9,1,2,1,1,1,8,2,3,2,6,0,999,2,1,3,1,1,1,5,6,32800,1,1,1,1,1,1,5,6,32800,1,1,1,1,1,1,5,6,32800,1,1,1,0,1,1,37790000,22590000,2,3
202601,6,4.기타,뚝섬,11200,14,0,0,0,1,1,3,11,04,6,2,540,500,9,1,0,0,2,2,4,2,8,2,1,1,1,1,8,2,3,-1,1,G,474,2,1,3,7,6,10,7,6,52500,1,1,0,7,6,10,7,6,52500,1,1,0,7,6,10,7,6,52500,1,1,0,2025,3,10,48750000,29350000,1,3
202601,6,4.기타,뚝섬,11200,14,0,0,0,1,1,3,11,04,6,2,540,500,9,1,0,0,2,2,4,2,8,2,1,1,1,1,8,2,3,1,1,G,474,2,1,3,6,6,10,6,7,68500,1,1,0,6,6,10,6,7,68500,1,1,0,6,6,10,6,7,68500,1,1,0,2024,3,9,48750000,29350000,1,3
202601,6,4.기타,뚝섬,11200,14,0,0,0,1,1,3,11,04,6,2,540,500,9,1,0,0,2,2,4,2,8,2,1,1,1,1,8,2,3,2,6,0,999,2,1,3,1,1,1,7,6,47000,1,1,1,1,1,1,7,6,47000,1,1,1,1,1,1,7,6,47000,1,1,1,0,1,1,48750000,29350000,1,3
202601,6,4.기타,뚝섬,11200,14,0,0,0,1,1,1,11,04,1,1,600,500,10,0,0,0,2,1,3,1,10,1,1,1,1,1,8,2,3,-1,1,G,476,1,1,1,2,3,7,2,3,11000,1,1,0,2,3,7,2,3,11000,1,1,0,2,3,7,2,3,11000,1,1,0,2025,2,8,36900000,54380000,1,2
202601,6,4.기타,뚝섬,11200,14,0,0,0,1,1,1,11,04,1,1,600,500,10,0,0,0,2,1,3,1,10,1,1,1,1,1,8,2,3,1,1,G,476,2,1,3,6,6,9,6,6,48900,1,1,0,6,6,9,6,6,48900,1,1,0,6,6,9,6,6,48900,1,1,0,2025,2,9,36900000,54380000,1,2
202601,6,4.기타,뚝섬,11200,14,0,0,0,1,1,3,11,04,6,2,620,480,10,0,1,0,1,2,4,1,10,2,1,1,1,1,8,1,3,-1,1,I,562,2,1,2,6,6,9,6,6,49700,1,1,0,6,6,9,6,6,49700,1,1,0,6,6,9,6,6,49700,1,1,0,2024,3,10,37750000,22270000,2,1
202601,6,4.기타,뚝섬,11200,14,0,0,0,1,1,3,11,04,6,2,620,480,10,0,1,0,1,2,4,1,10,2,1,1,1,1,8,1,3,1,1,I,562,2,1,2,6,6,10,6,6,60000,1,1,0,6,6,10,6,6,60000,1,1,0,6,6,10,6,6,60000,1,1,0,2024,3,10,37750000,22270000,2,1
202601,6,4.기타,뚝섬,11200,14,0,0,0,1,1,3,11,04,6,2,620,480,10,0,1,0,1,2,4,1,10,2,1,1,1,1,8,1,3,2,1,I,561,2,1,2,7,6,10,7,6,57000,1,1,0,7,6,10,7,6,57000,1,1,0,7,6,10,7,6,57000,1,1,0,2024,3,10,37750000,22270000,2,1
202601,6,0.비상권,0.비상권,11200,33,0,0,0,1,0,9,31,04,6,1,없음,120,6,0,0,0,1,1,2,1,10,1,1,1,1,1,8,1,3,1,1,P,856,2,1,2,6,6,11,6,6,69300,1,1,0,6,6,11,6,6,69300,1,1,0,6,6,11,6,6,69300,1,1,0,2026,3,10,31620000,53480000,1,4
202601,6,4.기타,뚝섬,11200,33,0,0,0,1,1,1,11,04,1,1,900,없음,6,0,0,0,1,2,4,1,10,2,1,1,1,1,8,1,3,-1,5,0,999,1,1,1,1,1,1,1,1,0,1,1,0,1,1,1,1,1,0,1,1,0,1,1,1,1,1,0,1,1,0,0,1,1,53160000,33130000,1,1
202601,6,4.기타,뚝섬,11200,33,0,0,0,1,1,1,11,04,1,1,900,없음,6,0,0,0,1,2,4,1,10,2,1,1,1,1,8,1,3,1,1,I,561,2,1,2,6,6,10,6,6,54900,1,1,0,6,6,10,6,6,54900,1,1,0,6,6,10,6,6,54900,1,1,0,2026,3,8,53160000,33130000,1,1
202601,6,4.기타,뚝섬,11200,33,0,0,0,1,1,1,11,04,1,1,900,없음,6,0,0,0,1,2,4,1,10,2,1,1,1,1,8,1,3,1,1,G,478,1,1,1,6,5,12,5,5,89700,1,1,0,6,5,12,5,5,89700,1,1,0,6,5,12,5,5,89700,1,1,0,2026,3,10,53160000,33130000,1,1
202601,6,4.기타,뚝섬,11200,33,0,0,0,1,1,1,11,04,1,1,900,없음,6,0,0,0,1,2,4,1,10,2,1,1,1,1,8,1,3,2,1,I,561,2,1,2,5,5,8,5,5,25700,1,1,0,5,5,8,5,5,25700,1,1,0,5,5,8,5,5,25700,1,1,0,2024,3,10,53160000,33130000,1,1
202601,6,4.기타,뚝섬,11200,33,0,0,0,1,0,1,21,03,1,1,664,없음,3,0,0,0,1,2,4,1,10,2,1,1,1,1,8,1,3,1,1,G,465,2,1,2,5,5,8,4,5,39500,1,1,0,5,5,8,4,5,39500,1,1,0,5,5,8,4,5,39500,1,1,0,2026,3,9,45510000,23680000,1,1
202601,6,4.기타,뚝섬,11200,33,0,0,0,1,0,1,21,03,1,1,664,없음,3,0,0,0,1,2,4,1,10,2,1,1,1,1,8,1,3,1,1,G,465,2,1,2,4,5,8,4,5,39500,1,1,0,4,5,8,4,5,39500,1,1,0,4,5,8,4,5,39500,1,1,0,2026,3,9,45510000,23680000,1,1
202601,6,4.기타,뚝섬,11200,33,0,0,0,1,0,1,21,03,1,1,664,없음,3,0,0,0,1,2,4,1,10,2,1,1,1,1,8,1,3,2,1,0,999,2,1,2,3,3,7,3,4,13200,1,1,0,3,3,7,3,4,13200,1,1,0,3,3,7,3,4,13200,1,1,0,2024,3,9,45510000,23680000,1,1
202601,6,4.기타,뚝섬,11200,33,0,0,0,1,0,1,21,03,1,1,664,없음,3,0,0,0,1,2,4,1,10,2,1,1,1,1,8,1,3,2,1,0,999,2,1,2,3,3,7,3,4,13200,1,1,0,3,3,7,3,4,13200,1,1,0,3,3,7,3,4,13200,1,1,0,2024,3,9,45510000,23680000,1,1
202601,6,4.기타,뚝섬,11200,33,0,0,0,1,0,1,21,03,1,1,82,없음,7,0,0,0,2,2,4,2,9,2,1,1,1,1,8,2,3,1,1,S,961,4,1,4,7,6,9,7,7,53900,1,1,0,7,6,9,7,7,53900,1,1,0,7,6,9,7,7,53900,1,1,0,2025,3,5,56020000,39630000,1,1
202601,6,4.기타,뚝섬,11200,33,0,0,0,1,0,1,21,03,1,1,82,없음,7,0,0,0,2,2,4,2,9,2,1,1,1,1,8,2,3,2,1,I,551,4,1,4,6,5,7,6,6,20500,1,1,0,6,5,7,6,6,20500,1,1,0,6,5,7,6,6,20500,1,1,0,2025,3,5,56020000,39630000,1,1
202601,6,4.기타,뚝섬,11200,33,0,0,0,1,1,1,11,04,6,2,892,없음,8,0,0,0,2,2,4,1,10,2,1,1,1,1,8,2,3,-1,1,I,561,1,1,1,3,3,8,3,3,29000,1,1,0,3,3,8,3,3,29000,1,1,0,3,3,8,3,3,29000,1,1,0,2025,3,10,58030000,48050000,1,1
202601,6,4.기타,뚝섬,11200,33,0,0,0,1,1,1,11,04,6,2,892,없음,8,0,0,0,2,2,4,1,10,2,1,1,1,1,8,2,3,1,1,I,561,3,1,3,6,6,9,6,7,85700,1,1,0,6,6,9,6,7,85700,1,1,0,6,6,9,6,7,85700,1,1,0,2025,3,10,58030000,48050000,1,1
202601,6,4.기타,뚝섬,11200,33,0,0,0,1,1,1,11,04,6,2,892,없음,8,0,0,0,2,2,4,1,10,2,1,1,1,1,8,2,3,2,1,I,562,2,1,3,6,6,9,6,6,42100,1,1,0,6,6,9,6,6,42100,1,1,0,6,6,9,6,6,42100,1,1,0,2025,3,10,58030000,48050000,1,1
202601,6,4.기타,뚝섬,11200,33,0,0,0,1,0,1,11,04,7,1,140,없음,9,0,0,0,2,1,3,1,10,1,1,1,1,1,8,2,3,1,1,I,561,3,1,3,7,6,11,7,7,92800,1,1,0,7,6,11,7,7,92800,1,1,0,7,6,11,7,7,92800,1,1,0,2024,3,10,51380000,81920000,1,3
202601,6,4.기타,뚝섬,11200,33,0,0,0,1,1,2,31,03,6,2,200,200,8,0,0,0,2,2,4,1,9,2,1,1,1,1,8,2,3,-1,1,I,562,2,1,3,6,6,10,6,6,71300,1,1,0,6,6,10,6,6,71300,1,1,0,6,6,10,6,6,71300,1,1,0,2024,3,10,59710000,34340000,1,3
202601,6,4.기타,뚝섬,11200,33,0,0,0,1,1,2,31,03,6,2,200,200,8,0,0,0,2,2,4,1,9,2,1,1,1,1,8,2,3,1,1,I,561,2,1,2,7,6,11,7,7,90100,1,1,0,7,6,11,7,7,90100,1,1,0,7,6,11,7,7,90100,1,1,0,2024,3,10,59710000,34340000,1,3
202601,6,4.기타,뚝섬,11200,33,0,0,0,1,1,2,31,03,6,2,200,200,8,0,0,0,2,2,4,1,9,2,1,1,1,1,8,2,3,2,1,I,561,2,1,2,7,6,10,7,6,79700,1,1,0,7,6,10,7,6,79700,1,1,0,7,6,10,7,6,79700,1,1,0,2025,3,10,59710000,34340000,1,3
202601,6,4.기타,뚝섬,11200,33,0,0,0,1,1,1,11,04,6,2,350,130,8,0,0,0,2,2,4,1,9,2,1,1,1,1,8,2,3,-1,1,G,474,2,1,3,3,4,7,4,4,15000,1,1,0,3,4,7,4,4,15000,1,1,0,3,4,7,4,4,15000,1,1,0,2024,3,9,39410000,23350000,1,1
202601,6,4.기타,뚝섬,11200,33,0,0,0,1,1,1,11,04,6,2,350,130,8,0,0,0,2,2,4,1,9,2,1,1,1,1,8,2,3,1,1,G,474,2,1,3,6,6,9,6,6,56900,1,1,0,6,6,9,6,6,56900,1,1,0,6,6,9,6,6,56900,1,1,0,2024,3,9,39410000,23350000,1,1
202601,6,4.기타,뚝섬,11200,33,0,0,0,1,1,1,11,04,6,2,350,130,8,0,0,0,2,2,4,1,9,2,1,1,1,1,8,2,3,2,1,G,474,2,1,3,4,5,7,4,5,19500,1,1,0,4,5,7,4,5,19500,1,1,0,4,5,7,4,5,19500,1,1,0,2024,3,9,39410000,23350000,1,1
202601,6,4.기타,뚝섬,11200,33,0,0,0,1,1,3,21,04,6,2,250,100,6,0,0,0,2,2,4,2,9,2,1,1,1,1,8,2,3,-1,6,0,999,2,1,3,1,1,1,3,4,10700,1,1,1,1,1,1,3,4,10700,1,1,1,1,1,1,3,4,10700,1,1,1,0,1,1,44020000,28940000,1,1
202601,6,4.기타,뚝섬,11200,33,0,0,0,1,1,3,21,04,6,2,250,100,6,0,0,0,2,2,4,2,9,2,1,1,1,1,8,2,3,1,1,I,561,2,1,2,6,6,9,6,6,56600,1,1,0,6,6,9,6,6,56600,1,1,0,6,6,9,6,6,56600,1,1,0,2026,3,10,44020000,28940000,1,1
202601,6,4.기타,뚝섬,11200,33,0,0,0,1,1,3,21,04,6,2,250,100,6,0,0,0,2,2,4,2,9,2,1,1,1,1,8,2,3,1,1,I,562,2,1,2,5,6,9,5,6,55700,1,1,0,5,6,9,5,6,55700,1,1,0,5,6,9,5,6,55700,1,1,0,2024,3,10,44020000,28940000,1,1
202601,6,4.기타,뚝섬,11200,33,0,0,0,1,1,3,21,04,6,2,250,100,6,0,0,0,2,2,4,2,9,2,1,1,1,1,8,2,3,2,1,C,107,4,1,4,4,5,7,5,5,17900,1,1,0,4,5,7,5,5,17900,1,1,0,4,5,7,5,5,17900,1,1,0,2025,3,7,44020000,28940000,1,1
202601,6,4.기타,뚝섬,11200,33,0,0,0,1,0,1,11,03,1,1,483,없음,5,0,0,0,2,2,4,1,9,2,1,1,1,1,8,2,3,1,6,0,999,2,1,2,1,1,1,7,6,90300,1,1,1,1,1,1,7,6,90300,1,1,1,1,1,1,7,6,90300,1,1,1,0,1,1,43010000,37260000,1,1
202601,6,4.기타,뚝섬,11200,33,0,0,0,1,0,1,11,03,1,1,483,없음,5,0,0,0,2,2,4,1,9,2,1,1,1,1,8,2,3,1,1,I,561,2,1,2,6,6,11,6,6,88800,1,1,0,6,6,11,6,6,88800,1,1,0,6,6,11,6,6,88800,1,1,0,2025,3,8,43010000,37260000,1,1
202601,6,4.기타,뚝섬,11200,33,0,0,0,1,0,1,11,03,1,1,483,없음,5,0,0,0,2,2,4,1,9,2,1,1,1,1,8,2,3,2,1,G,474,3,1,3,8,7,12,8,6,67500,1,1,0,8,7,12,8,6,67500,1,1,0,8,7,12,8,6,67500,1,1,0,2025,3,10,43010000,37260000,1,1
202601,6,4.기타,뚝섬,11200,33,0,0,0,1,0,5,21,03,6,2,470,없음,7,0,0,0,1,1,3,1,9,1,1,1,1,1,8,1,3,1,1,I,561,2,1,2,5,5,8,5,6,67700,1,1,0,5,5,8,5,6,67700,1,1,0,5,5,8,5,6,67700,1,1,0,2024,3,8,41290000,41900000,1,2
202601,6,4.기타,뚝섬,11200,33,0,0,0,1,0,5,21,03,6,2,470,없음,7,0,0,0,1,1,3,1,9,1,1,1,1,1,8,1,3,2,1,0,999,2,1,2,6,4,7,6,4,21400,1,1,0,6,4,7,6,4,21400,1,1,0,6,4,7,6,4,21400,1,1,0,2025,3,10,41290000,41900000,1,2
202601,6,4.기타,뚝섬,11200,33,0,0,0,1,1,2,31,04,6,2,800,20,8,0,0,0,1,2,4,1,9,2,1,1,1,1,8,1,3,-1,1,I,562,2,1,2,6,6,9,6,6,44000,1,1,0,6,6,9,6,6,44000,1,1,0,6,6,9,6,6,44000,1,1,0,2024,3,10,36650000,22200000,1,1
202601,6,4.기타,뚝섬,11200,33,0,0,0,1,1,2,31,04,6,2,800,20,8,0,0,0,1,2,4,1,9,2,1,1,1,1,8,1,3,1,1,I,561,2,1,2,6,6,10,6,6,62500,1,1,0,6,6,10,6,6,62500,1,1,0,6,6,10,6,6,62500,1,1,0,2025,3,10,36650000,22200000,1,1
202601,6,4.기타,뚝섬,11200,33,0,0,0,1,1,2,31,04,6,2,800,20,8,0,0,0,1,2,4,1,9,2,1,1,1,1,8,1,3,2,6,0,999,2,1,2,1,1,1,6,6,51600,1,1,1,1,1,1,6,6,51600,1,1,1,1,1,1,6,6,51600,1,1,1,0,1,1,36650000,22200000,1,1
202601,6,0.비상권,0.비상권,11200,16,15,300,0,1,0,1,12,03,1,1,800,130,8,0,0,0,1,1,1,1,10,1,1,1,1,1,8,1,3,1,1,I,561,1,1,1,4,4,8,4,4,31500,2,1,0,4,4,8,4,4,31500,2,1,0,4,4,8,4,4,31500,2,1,0,2024,3,10,24140000,39240000,1,3
202601,6,0.비상권,0.비상권,11200,14,0,0,0,1,1,1,11,03,6,1,350,260,6,0,0,0,2,1,3,1,10,1,1,1,1,1,8,2,2,-1,1,I,561,1,1,1,3,3,7,3,3,16400,1,1,0,3,3,7,3,3,16400,1,1,0,3,3,7,3,3,16400,1,1,0,2025,3,7,13930000,20130000,1,3
202601,6,0.비상권,0.비상권,11200,14,0,0,0,1,1,1,11,03,6,1,350,260,6,0,0,0,2,1,3,1,10,1,1,1,1,1,8,2,2,1,1,I,561,2,1,2,6,6,10,6,6,69100,1,1,0,6,6,10,6,6,69100,1,1,0,6,6,10,6,6,69100,1,1,0,2025,3,7,13930000,20130000,1,3
202601,6,4.기타,군자,11215,16,0,0,0,1,1,1,11,03,1,1,290,130,6,0,0,0,2,2,4,1,10,2,1,1,1,1,8,2,2,-1,6,0,999,3,1,3,1,1,1,4,4,10500,1,1,1,1,1,1,4,4,10500,1,1,1,1,1,1,4,4,10500,1,1,1,0,1,1,16160000,11080000,1,1
202601,6,4.기타,군자,11215,16,0,0,0,1,1,1,11,03,1,1,290,130,6,0,0,0,2,2,4,1,10,2,1,1,1,1,8,2,2,1,1,J,581,2,1,2,5,5,8,5,5,26900,1,1,0,5,5,8,5,5,26900,1,1,0,5,5,8,5,5,27000,1,1,0,2025,3,8,16160000,11080000,1,1
202601,6,4.기타,군자,11215,16,0,0,0,1,1,1,11,03,1,1,290,130,6,0,0,0,2,2,4,1,10,2,1,1,1,1,8,2,2,1,1,S,969,1,1,1,3,3,8,3,4,25800,1,1,0,3,3,8,3,4,25800,1,1,0,3,3,8,3,4,25800,1,1,0,2025,3,10,16160000,11080000,1,1
202601,6,4.기타,군자,11215,16,0,0,0,1,1,1,11,03,1,1,290,130,6,0,0,0,2,2,4,1,10,2,1,1,1,1,8,2,2,2,1,0,999,1,1,1,3,3,7,3,3,17500,1,1,0,3,3,7,3,3,17500,1,1,0,3,3,7,3,3,17500,1,1,0,2024,3,10,16160000,11080000,1,1
202601,6,4.기타,군자,11215,16,0,0,0,1,1,1,11,03,1,1,290,130,6,0,0,0,2,2,4,1,10,2,1,1,1,1,8,2,2,2,2,0,999,2,1,2,1,1,1,7,3,16700,1,1,0,1,1,1,7,3,16700,1,1,0,1,1,1,7,3,16700,1,1,0,0,1,1,16160000,11080000,1,1
202601,6,4.기타,군자,11215,15,0,0,0,1,0,3,21,04,5,1,462,89,1,0,1,0,3,2,4,1,10,2,1,1,1,1,8,3,2,1,1,S,952,4,1,4,7,6,8,7,6,24400,1,1,0,7,6,8,7,6,24400,1,1,0,7,6,8,7,6,24800,1,1,0,2024,3,7,23510000,36280000,1,1
202601,6,4.기타,군자,11215,15,0,0,0,1,0,3,21,04,5,1,462,89,1,0,1,0,3,2,4,1,10,2,1,1,1,1,8,3,2,2,1,S,952,3,1,3,5,5,7,5,5,14800,1,1,0,5,5,7,5,5,14800,1,1,0,5,5,7,5,5,14800,1,1,0,2024,3,7,23510000,36280000,1,1
202601,6,4.기타,군자,11215,13,0,0,0,1,0,1,11,04,4,1,120,120,8,0,1,0,2,2,4,1,10,2,1,1,1,1,8,2,2,1,1,I,562,4,1,4,7,6,9,7,6,33400,1,1,0,7,6,9,7,6,33400,1,1,0,7,6,9,7,6,33400,1,1,0,2024,3,10,12570000,19730000,1,2
202601,6,4.기타,군자,11215,13,0,0,0,1,0,1,11,04,4,1,120,120,8,0,1,0,2,2,4,1,10,2,1,1,1,1,8,2,2,2,1,I,562,3,1,3,6,5,8,6,5,25500,1,1,0,6,5,8,6,5,25500,1,1,0,6,5,8,6,5,25500,1,1,0,2024,3,10,12570000,19730000,1,2
202601,6,4.기타,군자,11215,22,0,0,0,1,0,1,21,03,1,1,120,40,3,0,0,0,1,2,4,1,10,2,1,1,1,1,8,1,2,1,1,I,561,1,1,1,6,5,12,6,5,90300,1,1,0,6,5,12,6,5,90300,1,1,0,6,5,12,6,5,90300,1,1,0,2025,3,10,39180000,25200000,1,3
202601,6,4.기타,군자,11215,22,0,0,0,1,0,1,21,03,1,1,120,40,3,0,0,0,1,2,4,1,10,2,1,1,1,1,8,1,2,1,1,I,561,1,1,1,6,5,11,6,5,92100,1,1,0,6,5,11,6,5,92100,1,1,0,6,5,11,6,5,92100,1,1,0,2024,3,7,39180000,25200000,1,3
202601,6,4.기타,군자,11215,22,0,0,0,1,0,1,21,03,1,1,120,40,3,0,0,0,1,2,4,1,10,2,1,1,1,1,8,1,2,1,1,G,472,1,1,1,6,5,12,6,5,93000,1,1,0,6,5,12,6,5,93000,1,1,0,6,5,12,6,5,93000,1,1,0,2025,3,10,39180000,25200000,1,3
202601,6,4.기타,군자,11215,22,0,0,0,1,0,1,21,03,1,1,120,40,3,0,0,0,1,2,4,1,10,2,1,1,1,1,8,1,2,2,1,S,961,2,1,3,6,5,9,6,6,40700,1,1,0,6,5,9,6,6,40700,1,1,0,6,5,9,6,6,40700,1,1,0,2024,3,9,39180000,25200000,1,3
202601,6,4.기타,건대입구,11215,14,0,0,0,1,1,1,11,04,1,1,10,150,8,0,0,0,2,1,3,1,10,1,1,1,1,1,8,2,2,-1,1,I,561,1,1,1,3,3,7,3,3,11100,1,1,0,3,3,7,3,3,11100,1,1,0,3,3,7,3,3,11100,1,1,0,2025,3,8,9570000,13390000,1,2
202601,6,4.기타,건대입구,11215,14,0,0,0,1,1,1,11,04,1,1,10,150,8,0,0,0,2,1,3,1,10,1,1,1,1,1,8,2,2,1,1,I,561,2,1,2,6,5,8,6,5,25400,1,1,0,6,5,8,6,5,25400,1,1,0,6,5,8,6,5,25400,1,1,0,2025,3,8,9570000,13390000,1,2
202601,6,4.기타,건대입구,11215,14,0,0,0,1,0,1,12,04,1,1,228,없음,6,0,0,0,2,2,4,1,10,2,1,1,1,1,8,2,2,1,1,I,561,4,1,4,7,7,9,7,7,33400,1,1,0,7,7,9,7,7,33400,1,1,0,7,7,9,7,7,33400,1,1,0,2023,6,9,21520000,24520000,1,1
202601,6,4.기타,건대입구,11215,16,0,0,0,1,1,2,11,04,5,1,400,80,8,0,0,0,2,2,4,1,10,2,1,1,1,1,8,2,2,-1,1,I,562,3,1,3,4,4,7,4,4,11600,1,1,0,4,4,7,4,4,11600,1,1,0,4,4,7,4,4,11600,1,1,0,2024,3,10,16470000,10550000,1,1
202601,6,4.기타,건대입구,11215,16,0,0,0,1,1,2,11,04,5,1,400,80,8,0,0,0,2,2,4,1,10,2,1,1,1,1,8,2,2,1,1,I,562,2,1,2,5,5,8,5,5,24600,1,1,0,5,5,8,5,5,24600,1,1,0,5,5,8,5,5,24600,1,1,0,2024,3,10,16470000,10550000,1,1
202601,6,4.기타,건대입구,11215,16,0,0,0,1,1,2,11,04,5,1,400,80,8,0,0,0,2,2,4,1,10,2,1,1,1,1,8,2,2,2,1,0,999,2,1,2,5,4,7,5,4,16200,1,1,0,5,4,7,5,4,16200,1,1,0,5,4,7,5,4,16200,1,1,0,2025,3,10,16470000,10550000,1,1
202601,6,4.기타,건대입구,11215,16,0,0,0,1,1,1,11,04,1,1,260,120,8,0,0,0,2,2,4,1,9,2,1,1,1,1,8,2,2,-1,1,I,561,2,1,2,5,4,7,5,4,13900,1,1,0,5,4,7,5,4,13900,1,1,0,5,4,7,5,4,13900,1,1,0,2025,3,10,30430000,20810000,1,1
202601,6,4.기타,건대입구,11215,16,0,0,0,1,1,1,11,04,1,1,260,120,8,0,0,0,2,2,4,1,9,2,1,1,1,1,8,2,2,1,1,I,561,2,1,2,6,6,10,6,6,51900,1,1,0,6,6,10,6,6,51900,1,1,0,6,6,10,6,6,51900,1,1,0,2024,3,10,30430000,20810000,1,1
202601,6,4.기타,건대입구,11215,16,0,0,0,1,1,1,11,04,1,1,260,120,8,0,0,0,2,2,4,1,9,2,1,1,1,1,8,2,2,2,1,I,561,2,1,3,6,5,8,6,5,22200,1,1,0,6,5,8,6,5,22200,1,1,0,6,5,8,6,5,22200,1,1,0,2024,3,10,30430000,20810000,1,1
202601,6,4.기타,건대입구,11215,16,0,0,0,1,1,2,11,03,6,2,179,없음,8,0,0,0,2,2,4,1,10,2,1,1,1,1,8,2,2,-1,1,I,561,2,1,3,5,4,7,5,4,15900,1,1,0,5,4,7,5,4,15900,1,1,0,5,4,7,5,4,15900,1,1,0,2024,3,10,30460000,18710000,1,1
202601,6,4.기타,건대입구,11215,16,0,0,0,1,1,2,11,03,6,2,179,없음,8,0,0,0,2,2,4,1,10,2,1,1,1,1,8,2,2,1,1,I,561,3,1,3,7,6,9,7,6,42100,1,1,0,7,6,9,7,6,42100,1,1,0,7,6,9,7,6,42100,1,1,0,2024,3,10,30460000,18710000,1,1
202601,6,4.기타,건대입구,11215,16,0,0,0,1,1,2,11,03,6,2,179,없음,8,0,0,0,2,2,4,1,10,2,1,1,1,1,8,2,2,2,1,I,561,2,1,3,6,5,8,6,5,23500,1,1,0,6,5,8,6,5,23500,1,1,0,6,5,8,6,5,23500,1,1,0,2024,3,10,30460000,18710000,1,1
202601,6,4.기타,건대입구,11215,16,0,0,0,1,1,2,11,04,1,1,250,100,8,0,0,0,2,2,4,1,10,2,1,1,1,1,8,2,2,-1,1,I,561,2,1,3,5,4,7,5,4,16300,1,1,0,5,4,7,5,4,16300,1,1,0,5,4,7,5,4,16300,1,1,0,2025,3,10,30510000,20360000,1,2
202601,6,4.기타,건대입구,11215,16,0,0,0,1,1,2,11,04,1,1,250,100,8,0,0,0,2,2,4,1,10,2,1,1,1,1,8,2,2,1,1,I,561,2,1,3,7,6,10,7,6,59000,2,1,0,7,6,10,7,6,59000,2,1,0,7,6,10,7,6,59000,2,1,0,2025,3,10,30510000,20360000,1,2
202601,6,4.기타,건대입구,11215,16,0,0,0,1,1,2,11,04,1,1,250,100,8,0,0,0,2,2,4,1,10,2,1,1,1,1,8,2,2,2,1,I,561,2,1,3,7,5,8,7,5,27800,2,1,0,7,5,8,7,5,27800,2,1,0,7,5,8,7,5,27800,2,1,0,2025,3,10,30510000,20360000,1,2
202601,6,4.기타,건대입구,11215,16,0,0,0,1,1,1,11,04,6,2,90,40,8,0,0,0,1,2,4,1,9,1,2,1,1,1,8,2,2,-1,6,0,999,1,1,1,1,1,1,3,3,15400,1,1,1,1,1,1,3,3,15400,1,1,1,1,1,1,3,3,15400,1,1,1,0,1,1,22350000,19550000,1,1
202601,6,4.기타,건대입구,11215,16,0,0,0,1,1,1,11,04,6,2,90,40,8,0,0,0,1,2,4,1,9,1,2,1,1,1,8,2,2,1,6,0,999,2,1,2,1,1,1,6,6,44800,1,1,1,1,1,1,6,6,44800,1,1,1,1,1,1,6,6,44800,1,1,1,0,1,1,22350000,19550000,1,1
202601,6,4.기타,건대입구,11215,16,0,0,0,1,1,1,11,04,6,2,90,40,8,0,0,0,1,2,4,1,9,1,2,1,1,1,8,2,2,2,6,0,999,2,1,2,1,1,1,5,5,26200,1,1,1,1,1,1,5,5,26200,1,1,1,1,1,1,5,5,26200,1,1,1,0,1,1,22350000,19550000,1,1
202601,6,4.기타,건대입구,11215,16,0,0,0,1,1,1,21,04,1,1,77,없음,8,0,0,0,2,2,4,1,9,1,2,1,1,1,8,2,2,-1,6,0,999,1,1,1,1,1,1,4,3,17500,1,1,1,1,1,1,4,3,17500,1,1,1,1,1,1,4,3,17500,1,1,1,0,1,1,22830000,17570000,1,1
202601,6,4.기타,건대입구,11215,16,0,0,0,1,1,1,21,04,1,1,77,없음,8,0,0,0,2,2,4,1,9,1,2,1,1,1,8,2,2,1,6,0,999,2,1,3,1,1,1,6,6,42000,1,1,1,1,1,1,6,6,42000,1,1,1,1,1,1,6,6,42000,1,1,1,0,1,1,22830000,17570000,1,1
202601,6,4.기타,건대입구,11215,16,0,0,0,1,1,1,21,04,1,1,77,없음,8,0,0,0,2,2,4,1,9,1,2,1,1,1,8,2,2,2,6,0,999,2,1,2,1,1,1,6,5,25600,1,1,1,1,1,1,6,5,25600,1,1,1,1,1,1,6,5,25600,1,1,1,0,1,1,22830000,17570000,1,1
202601,6,4.기타,건대입구,11215,16,0,0,0,1,1,1,11,04,6,2,100,150,8,0,0,0,2,2,4,1,10,2,1,1,1,1,8,2,2,-1,1,I,562,1,1,1,4,3,7,4,3,14600,1,1,0,4,3,7,4,3,14600,1,1,0,4,3,7,4,3,14600,1,1,0,2024,3,9,23580000,16710000,1,1
202601,6,4.기타,건대입구,11215,16,0,0,0,1,1,1,11,04,6,2,100,150,8,0,0,0,2,2,4,1,10,2,1,1,1,1,8,2,2,1,1,I,562,3,1,3,7,6,9,7,6,41800,1,1,0,7,6,9,7,6,41800,1,1,0,7,6,9,7,6,41800,1,1,0,2024,3,9,23580000,16710000,1,1
202601,6,4.기타,건대입구,11215,16,0,0,0,1,1,1,11,04,6,2,100,150,8,0,0,0,2,2,4,1,10,2,1,1,1,1,8,2,2,2,1,I,562,3,1,3,5,5,8,5,5,21500,1,1,0,5,5,8,5,5,21500,1,1,0,5,5,8,5,5,21500,1,1,0,2024,3,9,23580000,16710000,1,1
202601,6,4.기타,건대입구,11215,14,0,0,0,1,1,1,11,04,1,1,160,110,8,0,0,0,2,2,4,1,9,2,1,1,1,1,8,2,2,-1,1,I,562,1,1,1,3,3,7,3,3,10200,1,1,0,3,3,7,3,3,10200,1,1,0,3,3,7,3,3,10200,1,1,0,2024,3,9,24860000,20010000,1,1
202601,6,4.기타,건대입구,11215,14,0,0,0,1,1,1,11,04,1,1,160,110,8,0,0,0,2,2,4,1,9,2,1,1,1,1,8,2,2,1,1,I,562,3,1,3,7,6,10,7,6,62600,1,1,0,7,6,10,7,6,62600,1,1,0,7,6,10,7,6,62600,1,1,0,2024,3,9,24860000,20010000,1,1
202601,6,4.기타,건대입구,11215,14,0,0,0,1,1,1,11,04,1,1,160,110,8,0,0,0,2,2,4,1,9,2,1,1,1,1,8,2,2,2,1,I,562,2,1,3,6,5,8,6,5,25900,1,1,0,6,5,8,6,5,25900,1,1,0,6,5,8,6,5,25900,1,1,0,2024,3,9,24860000,20010000,1,1
202601,6,4.기타,건대입구,11215,14,0,0,0,1,1,1,11,04,6,1,350,120,6,0,0,0,2,2,4,1,9,2,1,1,1,1,8,2,2,-1,1,S,961,1,1,1,4,3,7,4,3,15000,1,1,0,4,3,7,4,3,15000,1,1,0,4,3,7,4,3,15000,1,1,0,2023,4,9,30080000,28660000,1,2
202601,6,4.기타,건대입구,11215,14,0,0,0,1,1,1,11,04,6,1,350,120,6,0,0,0,2,2,4,1,9,2,1,1,1,1,8,2,2,1,1,S,961,3,1,3,7,7,10,7,7,69700,1,1,0,7,7,10,7,7,69700,1,1,0,7,7,10,7,7,69700,1,1,0,2023,4,9,30080000,28660000,1,2
202601,6,4.기타,건대입구,11215,14,0,0,0,1,1,1,11,04,6,1,350,120,6,0,0,0,2,2,4,1,9,2,1,1,1,1,8,2,2,2,1,0,999,3,1,3,7,5,8,7,5,24000,1,1,0,7,5,8,7,5,24000,1,1,0,7,5,8,7,5,24000,1,1,0,2023,4,9,30080000,28660000,1,2
202601,6,4.기타,건대입구,11215,14,0,0,0,1,1,1,11,03,1,1,150,120,6,0,0,0,2,2,4,1,9,2,1,1,1,1,8,2,2,-1,5,0,999,1,1,1,1,1,1,1,1,0,1,1,0,1,1,1,1,1,0,1,1,0,1,1,1,1,1,0,1,1,0,0,1,1,21500000,17150000,1,1
202601,6,4.기타,건대입구,11215,14,0,0,0,1,1,1,11,03,1,1,150,120,6,0,0,0,2,2,4,1,9,2,1,1,1,1,8,2,2,1,1,G,479,1,1,1,6,6,12,6,6,151600,1,1,0,6,6,12,6,6,151600,1,1,0,6,6,12,6,6,151600,1,1,0,2025,3,10,21500000,17150000,1,1
202601,6,4.기타,건대입구,11215,14,0,0,0,1,1,1,11,03,1,1,150,120,6,0,0,0,2,2,4,1,9,2,1,1,1,1,8,2,2,1,1,I,562,3,1,3,4,7,11,4,7,77800,1,1,0,4,7,11,4,7,77800,1,1,0,4,7,11,4,7,77800,1,1,0,2024,3,10,21500000,17150000,1,1
202601,6,4.기타,건대입구,11215,14,0,0,0,1,1,1,11,03,1,1,150,120,6,0,0,0,2,2,4,1,9,2,1,1,1,1,8,2,2,2,1,I,562,3,1,3,6,6,9,6,6,38500,1,1,0,6,6,9,6,6,38500,1,1,0,6,6,9,6,6,38500,1,1,0,2025,3,8,21500000,17150000,1,1
202601,6,4.기타,건대입구,11215,16,0,0,0,1,0,1,12,03,1,1,140,160,3,0,0,0,2,1,3,1,10,1,1,1,1,1,8,2,2,1,1,I,561,1,1,1,6,5,11,6,5,70400,1,1,0,6,5,11,6,5,70400,1,1,0,6,5,11,6,5,70400,1,1,0,2024,3,9,26360000,36020000,1,2
202601,6,4.기타,건대입구,11215,16,0,0,0,1,0,1,12,03,1,1,140,160,3,0,0,0,2,1,3,1,10,1,1,1,1,1,8,2,2,1,1,I,562,1,1,1,6,6,11,6,6,72300,1,1,0,6,6,11,6,6,72300,1,1,0,6,6,11,6,6,72300,1,1,0,2025,3,9,26360000,36020000,1,2
202601,6,4.기타,건대입구,11215,16,0,0,0,1,0,1,12,03,1,1,140,160,3,0,0,0,2,1,3,1,10,1,1,1,1,1,8,2,2,1,1,G,478,1,1,1,6,5,11,6,5,69800,1,1,0,6,5,11,6,5,69800,1,1,0,6,5,11,6,5,69800,1,1,0,2025,3,10,26360000,36020000,1,2
202601,6,4.기타,건대입구,11215,16,0,0,0,1,0,1,21,03,1,1,150,150,1,0,0,0,2,2,4,1,10,2,1,1,1,1,8,2,2,1,1,I,561,4,1,4,7,7,10,7,7,58300,1,1,0,7,7,10,7,7,58300,1,1,0,7,7,10,7,7,58300,1,1,0,2025,3,10,25300000,13330000,1,2
202601,6,4.기타,건대입구,11215,16,0,0,0,1,0,1,21,03,1,1,150,150,1,0,0,0,2,2,4,1,10,2,1,1,1,1,8,2,2,2,1,I,561,4,1,4,6,6,8,6,6,26900,1,1,0,6,6,8,6,6,26900,1,1,0,6,6,8,6,6,26900,1,1,0,2025,3,10,25300000,13330000,1,2
202601,6,0.비상권,0.비상권,11215,14,0,0,0,1,0,1,21,03,1,1,600,60,5,0,0,0,1,2,4,1,10,2,1,1,1,1,8,1,2,1,1,Q,869,3,1,3,6,6,9,6,6,41500,1,1,0,6,6,9,6,6,41500,1,1,0,6,6,9,6,6,41500,1,1,0,2024,4,7,16970000,10120000,1,1
202601,6,0.비상권,0.비상권,11215,14,0,0,0,1,0,1,21,03,1,1,600,60,5,0,0,0,1,2,4,1,10,2,1,1,1,1,8,1,2,2,1,P,855,3,1,3,4,4,6,4,4,9800,1,1,0,4,4,6,4,4,9800,1,1,0,4,4,6,4,4,9800,1,1,0,2025,4,10,16970000,10120000,1,1
202601,6,4.기타,군자,11215,15,0,0,0,1,0,4,11,03,6,1,360,120,7,0,0,0,2,2,4,1,10,2,1,1,1,1,8,2,2,1,1,I,561,2,1,2,4,5,9,4,5,32100,1,1,0,4,5,9,4,5,32100,1,1,0,4,5,9,4,5,32100,1,1,0,2025,3,10,16560000,27660000,1,1
202601,6,4.기타,군자,11215,15,0,0,0,1,0,4,11,03,6,1,360,120,7,0,0,0,2,2,4,1,10,2,1,1,1,1,8,2,2,1,1,I,561,3,1,3,5,5,8,5,5,27000,1,1,0,5,5,8,5,5,27000,1,1,0,5,5,8,5,5,26500,1,1,0,2026,3,10,16560000,27660000,1,1
202601,6,4.기타,군자,11215,14,0,0,0,1,1,1,11,03,1,1,330,55,4,0,0,0,2,2,4,1,10,2,1,1,1,1,8,2,2,-1,5,0,999,1,1,1,1,1,1,1,1,0,1,1,0,1,1,1,1,1,0,1,1,0,1,1,1,1,1,0,1,1,0,0,1,1,16280000,14670000,1,1
202601,6,4.기타,군자,11215,14,0,0,0,1,1,1,11,03,1,1,330,55,4,0,0,0,2,2,4,1,10,2,1,1,1,1,8,2,2,1,1,I,561,2,1,2,3,5,8,3,5,25900,1,1,0,3,5,8,3,5,25900,1,1,0,3,5,8,3,5,25900,1,1,0,2024,3,9,16280000,14670000,1,1
202601,6,4.기타,군자,11215,14,0,0,0,1,1,1,11,03,1,1,330,55,4,0,0,0,2,2,4,1,10,2,1,1,1,1,8,2,2,1,1,I,561,1,1,1,3,4,8,3,4,26500,1,1,0,3,4,8,3,4,26500,1,1,0,3,4,8,3,4,26800,1,1,0,2025,3,9,16280000,14670000,1,1
202601,6,4.기타,군자,11215,14,0,0,0,1,1,1,11,03,1,1,330,55,4,0,0,0,2,2,4,1,10,2,1,1,1,1,8,2,2,2,1,0,999,2,1,3,8,1,7,7,3,11200,1,1,0,8,1,7,7,3,11200,1,1,0,8,1,7,7,3,11200,1,1,0,2025,3,8,16280000,14670000,1,1
202601,6,4.기타,군자,11215,14,0,0,0,1,1,1,11,03,1,1,120,120,6,0,0,0,2,2,4,1,10,2,1,1,1,1,8,2,2,-1,1,I,561,1,1,1,3,3,7,3,3,14400,1,1,0,3,3,7,3,3,14400,1,1,0,3,3,7,3,3,14400,1,1,0,2025,3,9,15960000,13000000,1,1
202601,6,4.기타,군자,11215,14,0,0,0,1,1,1,11,03,1,1,120,120,6,0,0,0,2,2,4,1,10,2,1,1,1,1,8,2,2,1,1,I,561,3,1,3,6,6,9,6,6,49000,3,1,0,6,6,9,6,6,49000,3,1,0,6,6,9,6,6,49000,3,1,0,2025,3,9,15960000,13000000,1,1
202601,6,4.기타,군자,11215,14,0,0,0,1,1,1,11,03,1,1,120,120,6,0,0,0,2,2,4,1,10,2,1,1,1,1,8,2,2,2,2,0,999,3,1,3,1,1,1,6,4,15500,1,1,0,1,1,1,6,4,15500,1,1,0,1,1,1,6,4,15500,1,1,0,0,1,1,15960000,13000000,1,1
202601,6,4.기타,청량리,11230,22,0,300,0,1,0,1,11,03,1,1,230,150,1,0,0,0,2,1,3,1,9,1,1,1,1,1,8,2,2,1,1,I,561,3,1,3,8,7,11,8,7,79800,1,1,0,8,7,11,8,7,79800,1,1,0,8,7,11,8,7,79800,1,1,0,2025,3,9,32560000,45210000,1,3
202601,6,4.기타,청량리,11230,22,0,0,0,1,0,1,51,04,1,1,360,115,6,0,0,0,2,1,2,1,10,1,1,1,1,1,8,2,2,1,1,I,561,2,1,2,6,5,8,6,5,29400,1,1,0,6,5,8,6,5,29400,1,1,0,6,5,8,6,5,29400,1,1,0,2025,3,7,14500000,27390000,1,3
202601,6,4.기타,청량리,11230,22,16,0,0,1,0,1,51,03,1,1,300,100,6,0,0,0,2,1,2,1,10,1,1,1,1,1,8,2,2,1,1,I,561,2,1,2,6,5,8,6,5,29200,1,1,0,6,5,8,6,5,29200,1,1,0,6,5,8,6,5,29200,1,1,0,2025,3,8,8460000,15960000,1,3
202601,6,4.기타,청량리,11230,16,0,0,0,1,0,1,51,04,1,1,300,60,6,0,0,0,2,1,2,1,10,1,1,1,1,1,8,2,2,1,1,I,561,2,1,2,6,5,9,6,5,35000,1,1,0,6,5,9,6,5,35000,1,1,0,6,5,9,6,5,35000,1,1,0,2024,3,7,16060000,32490000,1,3
202601,6,4.기타,청량리,11230,15,0,0,0,1,0,5,32,04,5,1,200,50,1,0,0,0,2,2,4,1,10,2,1,1,1,1,8,2,2,1,1,I,561,4,1,4,7,7,9,7,7,47100,1,1,0,7,7,9,7,7,47100,1,1,0,7,7,9,7,7,47100,1,1,0,2024,3,10,15810000,31760000,1,1
202601,6,4.기타,청량리,11230,15,0,0,0,1,0,6,32,03,5,1,200,70,1,0,0,0,2,1,3,1,10,1,1,1,1,1,8,2,2,1,1,I,561,2,1,2,6,6,10,6,6,67600,1,1,0,6,6,10,6,6,67600,1,1,0,6,6,10,6,6,67600,1,1,0,2024,3,7,16150000,32430000,1,3
202601,6,4.기타,청량리,11230,15,0,0,0,1,0,6,32,03,5,1,200,70,1,0,0,0,2,1,3,1,10,1,1,1,1,1,8,2,2,1,1,G,475,2,1,2,6,6,10,6,6,66600,1,1,0,6,6,10,6,6,66600,1,1,0,6,6,10,6,6,66600,1,1,0,2025,3,10,16150000,32430000,1,3
202601,6,4.기타,청량리,11230,22,0,0,0,1,0,1,12,04,1,1,200,30,1,0,0,0,2,2,4,1,10,2,1,1,1,1,8,2,2,1,1,L,682,2,1,2,5,6,9,5,6,40500,1,1,0,5,6,9,5,6,40500,1,1,0,5,6,9,5,6,40500,1,1,0,2025,3,10,21940000,31670000,1,3
202601,6,4.기타,청량리,11230,22,0,0,0,1,0,1,12,04,1,1,200,30,1,0,0,0,2,2,4,1,10,2,1,1,1,1,8,2,2,1,1,I,561,1,1,1,4,5,9,4,5,43500,1,1,0,4,5,9,4,5,43500,1,1,0,4,5,9,4,5,43500,1,1,0,2026,3,7,21940000,31670000,1,3
202601,6,4.기타,청량리,11230,22,0,0,0,1,0,1,12,04,1,1,200,30,1,0,0,0,2,2,4,1,10,2,1,1,1,1,8,2,2,1,1,I,561,2,1,2,4,5,9,4,5,40000,1,1,0,4,5,9,4,5,40000,1,1,0,4,5,9,4,5,40000,1,1,0,2025,3,10,21940000,31670000,1,3
202601,6,4.기타,청량리,11230,14,0,0,0,1,0,1,51,04,10,2,65,65,7,0,0,0,1,1,3,1,10,1,1,1,1,1,8,1,2,1,2,L,682,1,1,1,1,1,1,5,4,26900,1,1,0,1,1,1,5,4,26900,1,1,0,1,1,1,5,4,26900,1,1,0,0,1,1,14320000,10520000,1,2
202601,6,4.기타,청량리,11230,14,0,0,0,1,0,1,51,04,10,2,65,65,7,0,0,0,1,1,3,1,10,1,1,1,1,1,8,1,2,1,1,I,561,2,1,2,7,4,7,7,4,18200,1,1,0,7,4,7,7,4,18200,1,1,0,7,4,7,7,4,17800,1,1,0,2025,3,9,14320000,10520000,1,2
202601,6,0.비상권,0.비상권,11230,14,0,0,0,1,0,1,21,03,1,1,200,30,1,0,0,0,1,2,4,1,9,1,1,1,1,1,8,1,2,1,1,P,857,2,1,3,4,5,8,4,5,21500,1,1,0,4,5,8,4,5,21500,1,1,0,4,5,8,4,5,21500,1,1,0,2026,3,9,16020000,10110000,1,1
202601,6,0.비상권,0.비상권,11230,14,0,0,0,1,0,1,21,03,1,1,200,30,1,0,0,0,1,2,4,1,9,1,1,1,1,1,8,1,2,2,6,0,999,3,1,3,1,1,1,4,4,9700,1,1,1,1,1,1,4,4,9700,1,1,1,1,1,1,4,4,9700,1,1,1,0,1,1,16020000,10110000,1,1
202601,6,0.비상권,0.비상권,11230,14,0,0,0,1,0,1,12,03,1,1,350,300,1,0,0,0,1,1,2,1,9,1,1,1,1,1,8,1,2,1,1,S,961,1,1,2,5,4,8,5,4,28200,1,1,0,5,4,8,5,4,28200,1,1,0,5,4,8,5,4,28200,1,1,0,2024,5,9,11910000,6440000,1,2
202601,6,0.비상권,0.비상권,11230,14,0,0,0,1,0,1,12,03,1,1,350,300,1,0,0,0,1,1,2,1,9,1,1,1,1,1,8,1,2,2,1,S,961,1,1,2,4,4,8,4,4,22500,1,1,0,4,4,8,4,4,22500,1,1,0,4,4,8,4,4,22500,1,1,0,2026,3,10,11910000,6440000,1,2
202601,6,4.기타,청량리,11230,22,0,0,0,1,0,1,51,04,8,1,300,50,6,0,0,0,1,1,2,1,10,1,1,1,1,1,8,1,2,1,1,I,561,1,1,1,5,4,9,5,4,34500,1,1,0,5,4,9,5,4,34500,1,1,0,5,4,9,5,4,34500,1,1,0,2024,3,9,11010000,13830000,1,3
202601,6,4.기타,청량리,11230,22,0,0,0,1,0,1,51,04,8,1,300,50,6,0,0,0,1,1,2,1,10,1,1,1,1,1,8,1,2,1,1,I,561,2,1,2,5,5,9,5,5,34600,1,1,0,5,5,9,5,5,34600,1,1,0,5,5,9,5,5,34600,1,1,0,2024,3,9,11010000,13830000,1,3
202601,6,4.기타,청량리,11230,22,0,0,0,1,0,4,32,03,6,1,220,50,6,0,0,0,2,1,2,1,10,1,1,1,1,1,8,2,2,1,1,I,561,1,1,1,5,4,9,5,4,46600,1,1,0,5,4,9,5,4,46600,1,1,0,5,4,9,5,4,46600,1,1,0,2025,3,7,14800000,27180000,3,3
202601,6,4.기타,청량리,11230,22,0,0,0,1,0,4,32,03,6,1,220,50,6,0,0,0,2,1,2,1,10,1,1,1,1,1,8,2,2,1,1,I,561,1,1,1,4,4,9,4,4,47800,1,1,0,4,4,9,4,4,47800,1,1,0,4,4,9,4,4,47800,1,1,0,2025,3,7,14800000,27180000,3,3
202601,6,4.기타,청량리,11230,22,0,0,0,1,0,4,32,03,6,1,220,50,6,0,0,0,2,1,2,1,10,1,1,1,1,1,8,2,2,1,1,L,682,1,1,1,5,4,9,5,4,46600,1,1,0,5,4,9,5,4,46600,1,1,0,5,4,9,5,4,46600,1,1,0,2025,3,9,14800000,27180000,3,3
202601,6,4.기타,청량리,11230,14,0,0,0,1,0,1,51,03,1,1,400,100,6,0,0,0,1,1,2,1,10,1,1,1,1,1,8,1,2,1,1,I,561,1,1,1,4,4,8,4,4,30400,1,1,0,4,4,8,4,4,30400,1,1,0,4,4,8,4,4,30400,1,1,0,2025,3,10,10050000,17180000,1,1
202601,6,4.기타,청량리,11230,14,0,0,0,1,0,1,51,03,1,1,400,100,6,0,0,0,1,1,2,1,10,1,1,1,1,1,8,1,2,1,1,I,561,1,1,1,4,4,8,4,4,30200,1,1,0,4,4,8,4,4,30200,1,1,0,4,4,8,4,4,30200,1,1,0,2024,3,10,10050000,17180000,1,1
202601,6,4.기타,청량리,11230,14,0,0,0,1,0,1,51,03,1,1,350,150,7,0,0,0,1,1,2,1,10,1,1,1,1,1,8,1,2,1,2,G,463,1,1,1,1,1,1,4,4,50700,1,1,0,1,1,1,4,4,50700,1,1,0,1,1,1,4,4,50700,1,1,0,0,1,1,10490000,18240000,1,3
202601,6,4.기타,청량리,11230,14,0,0,0,1,0,1,51,03,1,1,350,150,7,0,0,0,1,1,2,1,10,1,1,1,1,1,8,1,2,1,1,G,472,1,1,1,3,4,8,3,4,28000,1,1,0,3,4,8,3,4,28000,1,1,0,3,4,8,3,4,28000,1,1,0,2025,3,10,10490000,18240000,1,3
202601,6,4.기타,청량리,11230,14,0,0,0,1,0,1,11,03,1,1,525,550,1,0,0,0,1,1,2,1,10,1,1,1,1,1,8,1,2,1,1,G,463,2,1,2,5,5,10,5,6,63700,1,1,0,5,5,10,5,6,63700,1,1,0,5,5,10,5,6,63700,1,1,0,2025,2,9,19080000,23090000,1,3
202601,6,4.기타,청량리,11230,22,0,0,0,1,0,1,51,04,1,1,150,150,8,0,0,0,2,1,3,1,10,1,1,1,1,1,8,2,2,1,1,I,561,3,1,3,5,5,8,5,5,21600,1,1,0,5,5,8,5,5,21600,1,1,0,5,5,8,5,5,21600,1,1,0,2025,3,9,10870000,20780000,1,2
202601,6,4.기타,청량리,11230,22,0,0,0,1,0,1,51,03,1,1,166,150,7,0,0,0,2,1,2,1,9,1,1,1,1,1,8,2,3,1,1,G,471,1,1,1,5,4,10,5,4,57100,1,1,0,5,4,10,5,4,57100,1,1,0,5,4,10,5,4,57100,1,1,0,2025,3,10,13960000,23590000,1,3
202601,6,4.기타,청량리,11230,22,0,0,0,1,0,1,51,03,1,1,166,150,7,0,0,0,2,1,2,1,9,1,1,1,1,1,8,2,3,1,1,I,561,1,1,1,4,4,10,4,4,59600,1,1,0,4,4,10,4,4,59600,1,1,0,4,4,10,4,4,59600,1,1,0,2024,3,8,13960000,23590000,1,3
202601,6,4.기타,청량리,11230,22,0,0,0,1,0,1,51,03,1,1,166,150,7,0,0,0,2,1,2,1,9,1,1,1,1,1,8,2,3,1,2,G,472,1,1,1,1,1,1,4,4,52900,1,1,0,1,1,1,4,4,52900,1,1,0,1,1,1,4,4,52900,1,1,0,0,1,1,13960000,23590000,1,3
202601,6,4.기타,청량리,11230,22,0,0,0,1,0,1,51,03,1,1,166,150,7,0,0,0,2,1,2,1,9,1,1,1,1,1,8,2,3,1,1,G,475,1,1,1,4,4,9,4,4,41900,1,1,0,4,4,9,4,4,41900,1,1,0,4,4,9,4,4,41900,1,1,0,2024,3,8,13960000,23590000,1,3
202601,6,4.기타,청량리,11230,22,0,0,0,1,0,1,51,03,1,1,166,150,7,0,0,0,2,1,2,1,9,1,1,1,1,1,8,2,3,1,1,I,561,1,1,1,4,4,12,3,3,52900,1,1,0,4,4,12,3,3,52900,1,1,0,4,4,12,3,3,52900,1,1,0,2025,3,10,13960000,23590000,1,3
202601,6,4.기타,청량리,11230,15,0,0,0,1,0,1,21,03,1,1,150,150,6,0,0,0,2,2,4,1,10,2,1,1,1,1,8,2,2,1,1,G,472,2,1,2,7,5,9,7,5,36900,1,1,0,7,5,9,7,5,36900,1,1,0,7,5,9,7,5,36900,1,1,0,2024,3,9,14800000,23060000,1,2
202601,6,4.기타,청량리,11230,15,0,0,0,1,0,1,21,03,1,1,150,150,6,0,0,0,2,2,4,1,10,2,1,1,1,1,8,2,2,1,1,G,472,2,1,2,7,5,9,7,5,36100,1,1,0,7,5,9,7,5,36100,1,1,0,7,5,9,7,5,36100,1,1,0,2024,3,7,14800000,23060000,1,2
202601,6,4.기타,청량리,11230,15,0,0,0,1,0,1,12,03,1,1,750,750,6,0,0,0,2,1,3,1,10,1,1,1,1,1,8,2,2,1,1,G,468,1,1,1,4,3,7,4,3,17500,1,2,0,4,3,7,4,3,17500,1,2,0,4,3,7,4,3,16900,1,2,0,2024,3,8,6200000,7160000,1,1
202601,6,4.기타,청량리,11230,15,0,0,0,1,0,1,12,03,1,1,750,750,6,0,0,0,2,1,3,1,10,1,1,1,1,1,8,2,2,1,1,G,468,1,1,1,4,3,7,4,3,17700,1,1,0,4,3,7,4,3,17700,1,1,0,4,3,7,4,3,17700,1,1,0,2024,3,8,6200000,7160000,1,1
202601,6,4.기타,청량리,11230,15,0,0,0,1,0,1,12,03,1,1,750,750,6,0,0,0,2,1,3,1,10,1,1,1,1,1,8,2,2,1,1,G,468,1,1,1,4,3,7,4,3,17700,1,1,0,4,3,7,4,3,17700,1,1,0,4,3,7,4,3,17700,1,1,0,2024,3,8,6200000,7160000,1,1
202601,6,4.기타,청량리,11230,15,0,0,0,1,0,1,11,03,1,1,없음,100,4,0,0,0,2,1,3,1,10,1,1,1,1,1,8,2,2,1,1,G,467,2,1,2,5,5,9,5,5,33300,1,1,0,5,5,9,5,5,33300,1,1,0,5,5,9,5,5,33300,1,1,0,2025,3,10,9790000,14310000,1,2
202601,6,4.기타,청량리,11230,15,0,0,0,1,0,1,11,03,1,1,없음,100,4,0,0,0,2,1,3,1,10,1,1,1,1,1,8,2,2,1,1,G,467,2,1,2,5,5,9,5,5,33500,1,1,0,5,5,9,5,5,33500,1,1,0,5,5,9,5,5,33500,1,1,0,2025,3,10,9790000,14310000,1,2
202601,6,4.기타,청량리,11230,15,0,0,0,1,0,1,51,03,6,1,600,100,6,0,0,0,1,1,2,1,10,1,1,1,1,1,8,1,2,1,1,G,463,2,1,2,4,4,7,4,5,20000,1,1,0,4,4,7,4,5,20000,1,1,0,4,4,7,4,5,20000,1,1,0,2025,3,9,6690000,12290000,1,1
202601,6,4.기타,청량리,11230,14,0,0,0,1,0,1,11,03,7,1,700,300,1,0,0,0,2,1,3,1,9,1,1,1,1,1,8,2,2,1,1,G,475,1,1,1,5,5,10,5,5,67800,1,1,0,5,5,10,5,5,67800,1,1,0,5,5,10,5,5,67800,1,1,0,2025,3,9,18000000,25200000,1,2
202601,6,4.기타,청량리,11230,14,0,0,0,1,0,1,11,03,7,1,700,300,1,0,0,0,2,1,3,1,9,1,1,1,1,1,8,2,2,1,1,G,475,1,1,1,5,5,10,5,5,67800,1,1,0,5,5,10,5,5,67800,1,1,0,5,5,10,5,5,67800,1,1,0,2025,3,9,18000000,25200000,1,2
202601,6,4.기타,청량리,11230,14,0,0,0,1,0,1,11,03,7,1,700,300,1,0,0,0,2,1,3,1,9,1,1,1,1,1,8,2,2,1,1,G,472,1,1,1,5,5,10,5,5,67800,1,1,0,5,5,10,5,5,67800,1,1,0,5,5,10,5,5,67800,1,1,0,2025,3,10,18000000,25200000,1,2
202601,6,4.기타,청량리,11230,14,0,750,0,1,0,1,51,03,1,1,349,681,4,0,0,0,1,1,2,1,10,1,1,1,1,1,8,1,2,1,1,G,467,1,1,1,5,4,9,5,4,46500,1,1,0,5,4,9,5,4,46500,1,1,0,5,4,9,5,4,46500,1,1,0,2024,3,9,13480000,23660000,1,3
202601,6,4.기타,청량리,11230,14,0,750,0,1,0,1,51,03,1,1,349,681,4,0,0,0,1,1,2,1,10,1,1,1,1,1,8,1,2,1,1,G,467,1,1,1,4,4,10,4,4,56800,1,1,0,4,4,10,4,4,56800,1,1,0,4,4,10,4,4,56800,1,1,0,2024,3,10,13480000,23660000,1,3
202601,6,4.기타,청량리,11230,14,0,750,0,1,0,1,51,03,1,1,349,681,4,0,0,0,1,1,2,1,10,1,1,1,1,1,8,1,2,1,1,G,467,1,1,1,6,4,10,6,4,62100,1,1,0,6,4,10,6,4,62100,1,1,0,6,4,10,6,4,62100,1,1,0,2024,3,10,13480000,23660000,1,3
202601,6,4.기타,청량리,11230,14,0,0,0,1,0,7,31,03,6,1,530,100,6,0,0,0,2,1,3,1,10,1,1,1,1,1,8,2,2,1,1,G,472,2,1,2,4,4,8,4,4,25300,1,1,0,4,4,8,4,4,25300,1,1,0,4,4,8,4,4,25300,1,1,0,2024,3,9,8540000,15280000,1,2
202601,6,4.기타,청량리,11230,14,0,0,0,1,0,7,31,03,6,1,530,100,6,0,0,0,2,1,3,1,10,1,1,1,1,1,8,2,2,1,1,G,472,2,1,2,4,4,8,4,4,25100,1,1,0,4,4,8,4,4,25100,1,1,0,4,4,8,4,4,25100,1,1,0,2025,3,8,8540000,15280000,1,2
202601,6,4.기타,청량리,11230,15,0,0,0,1,0,1,51,03,1,1,400,80,7,0,0,0,1,1,2,1,9,1,1,1,1,1,8,1,2,1,1,G,462,2,1,2,5,5,8,5,5,27800,1,1,0,5,5,8,5,5,27800,1,1,0,5,5,8,5,5,27400,1,1,0,2024,3,3,10290000,15960000,3,2
202601,6,4.기타,청량리,11230,14,0,750,0,1,0,1,11,03,1,1,509,633,4,0,0,0,2,1,3,1,9,1,1,1,1,1,8,2,2,1,1,H,521,1,1,2,3,4,7,3,3,13700,1,1,0,3,4,7,3,3,13700,1,1,0,3,4,7,3,3,14000,1,1,0,2026,3,10,9820000,13610000,1,3
202601,6,4.기타,청량리,11230,14,0,750,0,1,0,1,11,03,1,1,509,633,4,0,0,0,2,1,3,1,9,1,1,1,1,1,8,2,2,1,1,C,105,2,1,3,5,5,8,5,5,17700,1,1,0,5,5,8,5,5,17700,1,1,0,5,5,8,5,5,17700,1,1,0,2025,3,9,9820000,13610000,1,3
202601,6,4.기타,청량리,11230,14,0,750,0,1,0,5,11,03,6,1,521,624,5,0,0,0,2,1,3,1,10,1,1,1,1,1,8,2,2,1,1,I,561,3,1,3,5,6,9,5,6,34200,1,1,0,5,6,9,5,6,34200,1,1,0,5,6,9,5,6,34200,1,1,0,2025,3,7,10700000,17900000,1,2
202601,6,4.기타,청량리,11230,14,0,750,0,1,0,1,51,03,1,1,811,250,7,0,0,0,2,1,3,1,9,1,1,1,1,1,8,2,2,1,1,G,463,1,1,1,4,4,11,4,4,82800,1,1,0,4,4,11,4,4,82800,1,1,0,4,4,11,4,4,82800,1,1,0,2024,3,5,12460000,24540000,1,2
202601,6,4.기타,청량리,11230,14,0,750,0,1,0,1,51,03,1,1,811,250,7,0,0,0,2,1,3,1,9,1,1,1,1,1,8,2,2,1,1,G,463,1,1,1,4,4,11,4,4,82800,1,1,0,4,4,11,4,4,82800,1,1,0,4,4,11,4,4,82800,1,1,0,2024,3,5,12460000,24540000,1,2
202601,6,4.기타,청량리,11230,14,0,750,0,1,0,1,51,03,1,1,811,250,7,0,0,0,2,1,3,1,9,1,1,1,1,1,8,2,2,1,1,I,561,1,1,1,3,4,8,3,4,24700,1,1,0,3,4,8,3,4,24700,1,1,0,3,4,8,3,4,24700,1,1,0,2025,3,9,12460000,24540000,1,2
202601,6,4.기타,청량리,11230,14,0,750,0,1,0,1,51,03,1,1,811,250,7,0,0,0,2,1,3,1,9,1,1,1,1,1,8,2,2,1,1,C,339,1,1,1,3,3,7,3,3,16800,1,1,0,3,3,7,3,3,16800,1,1,0,3,3,7,3,3,16000,1,1,0,2025,3,10,12460000,24540000,1,2
202601,6,4.기타,청량리,11230,14,0,750,0,1,0,1,12,03,1,1,300,200,4,0,0,0,1,1,2,1,10,1,1,1,1,1,8,1,2,1,1,G,467,1,1,1,5,4,9,5,4,34800,1,1,0,5,4,9,5,4,34800,1,1,0,5,4,9,5,4,34800,1,1,0,2024,3,3,13810000,15660000,1,2
202601,6,4.기타,청량리,11230,14,0,750,0,1,0,1,12,03,1,1,300,200,4,0,0,0,1,1,2,1,10,1,1,1,1,1,8,1,2,1,1,G,467,2,1,2,5,4,8,5,4,28700,1,1,0,5,4,8,5,4,28700,1,1,0,5,4,8,5,4,28700,1,1,0,2024,3,3,13810000,15660000,1,2
202601,6,4.기타,청량리,11230,22,0,0,0,1,0,1,51,04,1,1,360,170,1,0,0,0,2,1,2,1,10,1,1,1,1,1,8,2,2,1,1,I,561,2,1,2,5,5,9,5,5,39300,1,1,0,5,5,9,5,5,39300,1,1,0,5,5,9,5,5,39300,1,1,0,2025,3,10,17790000,36690000,1,3
202601,6,4.기타,청량리,11230,22,0,0,0,1,0,1,51,04,1,1,360,170,1,0,0,0,2,1,2,1,10,1,1,1,1,1,8,2,2,1,1,S,961,1,1,1,5,4,10,5,4,70200,1,1,0,5,4,10,5,4,70200,1,1,0,5,4,10,5,4,70200,1,1,0,2025,3,10,17790000,36690000,1,3
202601,6,4.기타,청량리,11230,22,0,0,0,1,0,1,51,04,1,1,550,50,1,0,0,0,2,1,3,1,10,1,1,1,1,1,8,2,2,1,1,G,475,2,1,2,6,5,9,6,5,44500,1,1,0,6,5,9,6,5,44500,1,1,0,6,5,9,6,5,44500,1,1,0,2025,3,9,18070000,30440000,1,3
202601,6,4.기타,청량리,11230,22,0,0,0,1,0,1,51,04,1,1,550,50,1,0,0,0,2,1,3,1,10,1,1,1,1,1,8,2,2,1,1,I,561,2,1,2,6,5,9,6,5,35900,1,1,0,6,5,9,6,5,35900,1,1,0,6,5,9,6,5,35900,1,1,0,2025,3,10,18070000,30440000,1,3
202601,6,4.기타,청량리,11230,22,0,0,0,1,0,1,12,03,1,1,550,50,1,0,0,0,2,2,4,1,10,2,1,1,1,1,8,2,2,1,1,S,961,4,1,4,7,6,9,7,6,36000,1,1,0,7,6,9,7,6,36000,1,1,0,7,6,9,7,6,36000,1,1,0,2024,3,9,18100000,21570000,1,2
202601,6,0.비상권,0.비상권,11230,14,0,0,0,1,0,5,32,03,6,1,540,200,6,0,0,0,1,1,2,1,10,1,1,1,1,1,8,1,2,1,1,Q,869,2,1,2,4,4,8,4,4,24700,1,1,0,4,4,8,4,4,24700,1,1,0,4,4,8,4,4,24700,1,1,0,2024,3,9,8910000,16390000,1,2
202601,6,0.비상권,0.비상권,11230,14,0,0,0,1,1,1,11,03,9,2,없음,50,3,0,0,0,1,2,4,1,10,1,1,1,1,1,8,1,2,-1,6,0,999,1,1,1,1,1,1,2,2,9400,1,1,1,1,1,1,2,2,9400,1,1,1,1,1,1,2,2,9400,1,1,1,0,1,1,10020000,6690000,1,2
202601,6,0.비상권,0.비상권,11230,14,0,0,0,1,1,1,11,03,9,2,없음,50,3,0,0,0,1,2,4,1,10,1,1,1,1,1,8,1,2,1,1,C,339,2,1,2,6,4,8,6,5,26400,1,1,0,6,4,8,6,5,26400,1,1,0,6,4,8,6,5,26400,1,1,0,2024,3,7,10020000,6690000,1,2
202601,6,0.비상권,0.비상권,11230,14,0,0,0,1,1,1,11,03,9,2,없음,50,3,0,0,0,1,2,4,1,10,1,1,1,1,1,8,1,2,2,6,0,999,2,1,2,1,1,1,5,5,20400,1,1,1,1,1,1,5,5,20400,1,1,1,1,1,1,5,5,20400,1,1,1,0,1,1,10020000,6690000,1,2
202601,6,0.비상권,0.비상권,11230,15,0,0,0,1,0,1,11,04,1,1,없음,30,1,0,0,0,1,1,1,1,10,1,1,1,1,1,8,1,2,1,1,L,682,1,1,1,5,4,11,5,4,77700,1,1,0,5,4,11,5,4,77700,1,1,0,5,4,11,5,4,77700,1,1,0,2026,3,10,12750000,41880000,1,3
202601,6,4.기타,장안동,11230,14,0,0,0,1,0,4,32,03,6,1,285,없음,6,0,0,0,1,1,1,1,9,1,1,1,1,1,8,1,2,1,1,L,682,1,1,2,5,5,9,5,5,41200,1,1,0,5,5,9,5,5,41200,1,1,0,5,5,9,5,5,41200,1,1,0,2025,3,8,6720000,11660000,1,3
202601,6,4.기타,장안동,11230,22,0,0,0,1,0,3,11,04,6,1,200,250,6,0,0,0,2,2,4,1,10,2,1,1,1,1,8,2,2,1,1,I,561,2,1,2,6,5,9,6,5,32000,1,1,0,6,5,9,6,5,32000,1,1,0,6,5,9,6,5,32000,1,1,0,2026,3,8,10940000,11270000,1,3
202601,6,4.기타,장안동,11230,22,0,0,0,1,0,3,11,04,6,1,200,250,6,0,0,0,2,2,4,1,10,2,1,1,1,1,8,2,2,1,1,L,682,1,1,1,5,5,10,5,5,51000,1,1,0,5,5,10,5,5,51000,1,1,0,5,5,10,5,5,51000,1,1,0,2024,3,9,10940000,11270000,1,3
202601,6,4.기타,장안동,11230,22,0,0,0,1,0,3,11,04,6,1,200,250,6,0,0,0,2,2,4,1,10,2,1,1,1,1,8,2,2,2,1,R,901,2,1,2,5,5,8,5,5,24700,1,1,0,5,5,8,5,5,24700,1,1,0,5,5,8,5,5,24700,1,1,0,2025,3,7,10940000,11270000,1,3
202601,6,4.기타,장안동,11230,14,0,0,0,1,1,1,11,03,1,1,800,500,4,0,0,0,1,1,2,1,10,1,1,1,1,1,8,1,2,-1,1,G,452,1,1,1,1,2,5,3,2,9100,1,1,0,1,2,5,3,2,9100,1,1,0,1,2,5,3,2,9100,1,1,0,2024,3,2,9700000,11100000,1,3
202601,6,4.기타,장안동,11230,14,0,0,0,1,1,1,11,03,1,1,800,500,4,0,0,0,1,1,2,1,10,1,1,1,1,1,8,1,2,1,1,G,452,1,1,1,4,4,11,4,4,68000,1,1,0,4,4,11,4,4,68000,1,1,0,4,4,11,4,4,68000,1,1,0,2024,3,2,9700000,11100000,1,3
202601,6,4.기타,장안동,11230,14,0,0,0,1,1,1,11,03,1,1,800,500,4,0,0,0,1,1,2,1,10,1,1,1,1,1,8,1,2,1,1,G,452,1,1,1,4,4,10,4,4,69500,1,1,0,4,4,10,4,4,69500,1,1,0,4,4,10,4,4,69500,1,1,0,2024,3,2,9700000,11100000,1,3
202601,6,4.기타,장안동,11230,14,0,0,0,1,1,1,11,03,1,1,800,500,4,0,0,0,1,1,2,1,10,1,1,1,1,1,8,1,2,1,1,G,452,1,1,1,4,4,11,4,4,68600,1,1,0,4,4,11,4,4,68600,1,1,0,4,4,11,4,4,68600,1,1,0,2024,3,2,9700000,11100000,1,3
202601,6,4.기타,장안동,11230,14,0,0,0,1,0,1,11,03,6,1,400,200,5,0,0,0,2,1,3,1,10,1,1,1,1,1,8,2,2,1,1,G,452,1,1,1,3,3,9,3,3,44500,1,1,0,3,3,9,3,3,44500,1,1,0,3,3,9,3,3,44500,1,1,0,2025,3,5,8950000,17060000,1,3
202601,6,4.기타,장안동,11230,14,0,0,0,1,0,1,11,03,6,1,400,200,5,0,0,0,2,1,3,1,10,1,1,1,1,1,8,2,2,1,1,G,452,3,1,3,6,6,9,6,6,42400,1,1,0,6,6,9,6,6,42400,1,1,0,6,6,9,6,6,42000,1,1,0,2025,3,5,8950000,17060000,1,3
202601,6,4.기타,장안동,11230,14,0,0,0,1,0,1,11,03,6,1,400,200,5,0,0,0,2,1,3,1,10,1,1,1,1,1,8,2,2,1,1,G,452,1,1,1,3,3,9,3,3,39200,1,1,0,3,3,9,3,3,39200,1,1,0,3,3,9,3,3,39200,1,1,0,2025,3,10,8950000,17060000,1,3
202601,6,0.비상권,0.비상권,11230,14,0,0,0,1,0,1,11,03,6,2,없음,150,6,0,0,0,2,2,4,1,9,2,1,1,1,1,8,2,2,1,2,G,472,2,1,3,1,1,1,7,6,52800,1,1,0,1,1,1,7,6,52800,1,1,0,1,1,1,7,6,52800,1,1,0,0,1,1,9360000,8280000,1,3
202601,6,0.비상권,0.비상권,11230,14,0,0,0,1,0,1,11,03,6,2,없음,150,6,0,0,0,2,2,4,1,9,2,1,1,1,1,8,2,2,1,1,G,472,1,1,1,6,5,11,6,5,85000,1,1,0,6,5,11,6,5,85000,1,1,0,6,5,11,6,5,85000,1,1,0,2025,3,6,9360000,8280000,1,3
202601,6,0.비상권,0.비상권,11230,14,0,0,0,1,0,1,11,03,6,2,없음,150,6,0,0,0,2,2,4,1,9,2,1,1,1,1,8,2,2,2,1,S,961,3,1,3,6,5,7,6,5,17300,1,1,0,6,5,7,6,5,17300,1,1,0,6,5,7,6,5,17300,1,1,0,2024,3,7,9360000,8280000,1,3
202601,6,0.비상권,0.비상권,11230,14,0,0,0,1,1,1,11,03,1,1,없음,50,7,0,0,0,1,2,4,1,10,2,1,1,1,1,8,1,2,-1,6,0,999,1,1,1,1,1,1,2,2,11000,1,1,1,1,1,1,2,2,11000,1,1,1,1,1,1,2,2,11000,1,1,1,0,1,1,10060000,8840000,1,3
202601,6,0.비상권,0.비상권,11230,14,0,0,0,1,1,1,11,03,1,1,없음,50,7,0,0,0,1,2,4,1,10,2,1,1,1,1,8,1,2,1,1,I,561,1,1,1,5,4,10,5,4,38800,1,1,0,5,4,10,5,4,38800,1,1,0,5,4,10,5,4,38800,1,1,0,2025,3,10,10060000,8840000,1,3
202601,6,0.비상권,0.비상권,11230,14,0,0,0,1,1,1,11,03,1,1,없음,50,7,0,0,0,1,2,4,1,10,2,1,1,1,1,8,1,2,1,1,G,475,1,1,1,3,4,9,3,4,33900,1,1,0,3,4,9,3,4,33900,1,1,0,3,4,9,3,4,33900,1,1,0,2025,3,10,10060000,8840000,1,3
202601,6,0.비상권,0.비상권,11230,14,0,0,0,1,1,1,11,03,1,1,없음,50,7,0,0,0,1,2,4,1,10,2,1,1,1,1,8,1,2,1,1,I,561,1,1,1,5,3,8,5,3,26700,1,1,0,5,3,8,5,3,26700,1,1,0,5,3,8,5,3,26700,1,1,0,2025,3,10,10060000,8840000,1,3
202601,6,0.비상권,0.비상권,11230,14,0,0,0,1,1,1,11,03,1,1,없음,50,7,0,0,0,1,2,4,1,10,2,1,1,1,1,8,1,2,2,1,S,969,2,1,2,5,3,7,5,3,13000,1,1,0,5,3,7,5,3,13000,1,1,0,5,3,7,5,3,13000,1,1,0,2026,3,9,10060000,8840000,1,3
202601,6,4.기타,장안동,11230,14,0,0,0,1,1,1,11,03,1,1,없음,410,6,0,0,0,2,2,4,1,10,2,1,1,1,1,8,2,2,-1,1,G,474,3,1,3,3,3,4,3,3,5200,1,1,0,3,3,4,3,3,5200,1,1,0,3,3,4,3,3,5200,1,1,0,2026,3,9,8580000,5040000,1,2
202601,6,4.기타,장안동,11230,14,0,0,0,1,1,1,11,03,1,1,없음,410,6,0,0,0,2,2,4,1,10,2,1,1,1,1,8,2,2,1,1,S,951,1,1,1,4,4,8,4,4,23500,1,1,0,4,4,8,4,4,23500,1,1,0,4,4,8,4,4,23500,1,1,0,2024,3,10,8580000,5040000,1,2
202601,6,4.기타,장안동,11230,14,0,0,0,1,1,1,11,03,1,1,없음,410,6,0,0,0,2,2,4,1,10,2,1,1,1,1,8,2,2,1,2,S,969,1,1,1,1,1,1,4,4,23100,1,1,0,1,1,1,4,4,23100,1,1,0,1,1,1,4,4,23100,1,1,0,0,1,1,8580000,5040000,1,2
202601,6,4.기타,장안동,11230,14,0,0,0,1,1,1,11,03,1,1,없음,410,6,0,0,0,2,2,4,1,10,2,1,1,1,1,8,2,2,2,2,0,999,2,1,2,1,1,1,3,3,9300,1,1,0,1,1,1,3,3,9300,1,1,0,1,1,1,3,3,9300,1,1,0,0,1,1,8580000,5040000,1,2
202601,6,4.기타,장안동,11230,14,0,0,0,1,1,2,11,03,1,1,300,100,7,0,0,0,2,1,3,1,10,1,1,1,1,1,8,2,2,-1,6,0,999,1,1,1,1,1,1,3,3,12100,1,1,1,1,1,1,3,3,12100,1,1,1,1,1,1,3,3,12100,1,1,1,0,1,1,9630000,16720000,1,3
202601,6,4.기타,장안동,11230,14,0,0,0,1,1,2,11,03,1,1,300,100,7,0,0,0,2,1,3,1,10,1,1,1,1,1,8,2,2,1,1,G,452,3,1,3,1,4,7,6,6,45000,1,1,0,1,4,7,6,6,45000,1,1,0,1,4,7,6,6,45000,1,1,0,2024,3,6,9630000,16720000,1,3
202601,6,4.기타,장안동,11230,16,0,0,0,1,0,3,11,04,5,1,500,100,6,0,0,0,2,2,4,1,10,2,1,1,1,1,8,2,2,1,1,G,452,2,1,2,4,4,8,4,4,20700,1,1,0,4,4,8,4,4,20700,1,1,0,4,4,8,4,4,20700,1,1,0,2024,3,6,11980000,28940000,1,2
202601,6,4.기타,장안동,11230,16,0,0,0,1,0,3,11,04,5,1,500,100,6,0,0,0,2,2,4,1,10,2,1,1,1,1,8,2,2,1,1,G,451,3,1,3,4,5,8,4,5,22400,1,1,0,4,5,8,4,5,22400,1,1,0,4,5,8,4,5,22300,1,1,0,2026,2,10,11980000,28940000,1,2
202601,6,4.기타,장안동,11230,16,0,0,0,1,0,6,31,04,5,1,400,200,6,0,1,0,3,2,4,1,10,2,1,1,1,1,8,3,2,1,1,S,952,2,1,2,5,5,9,5,5,37700,1,1,0,5,5,9,5,5,37700,1,1,0,5,5,9,5,5,37700,1,1,0,2024,3,10,16320000,38440000,1,3
202601,6,4.기타,장안동,11230,16,0,0,0,1,0,6,31,04,5,1,400,200,6,0,1,0,3,2,4,1,10,2,1,1,1,1,8,3,2,1,1,S,952,3,1,3,5,5,8,5,6,29400,1,1,0,5,5,8,5,6,29400,1,1,0,5,5,8,5,6,29400,1,1,0,2025,3,10,16320000,38440000,1,3
202601,6,4.기타,장안동,11230,16,0,0,0,1,0,6,31,04,5,1,400,200,6,0,1,0,3,2,4,1,10,2,1,1,1,1,8,3,2,1,1,S,952,3,1,3,5,6,8,5,6,29000,1,1,0,5,6,8,5,6,29000,1,1,0,5,6,8,5,6,29000,1,1,0,2024,3,8,16320000,38440000,1,3
202601,6,4.기타,장안동,11230,22,0,0,0,1,0,1,21,03,6,1,191,147,6,0,0,0,3,2,4,2,9,2,1,1,1,1,8,3,2,1,1,I,562,2,1,2,6,5,9,6,5,30900,1,1,0,6,5,9,6,5,30900,1,1,0,6,5,9,6,5,30900,1,1,0,2024,3,9,10990000,19700000,1,3
202601,6,4.기타,장안동,11230,22,0,0,0,1,0,1,21,03,6,1,191,147,6,0,0,0,3,2,4,2,9,2,1,1,1,1,8,3,2,1,1,I,562,3,1,3,6,6,9,6,6,30300,1,1,0,6,6,9,6,6,30300,1,1,0,6,6,9,6,6,30300,1,1,0,2025,3,10,10990000,19700000,1,3
202601,6,4.기타,장안동,11230,22,0,0,0,1,0,1,21,03,6,1,191,147,6,0,0,0,3,2,4,2,9,2,1,1,1,1,8,3,2,1,1,I,562,2,1,2,6,5,9,6,5,35000,1,1,0,6,5,9,6,5,35000,1,1,0,6,5,9,6,5,35000,1,1,0,2024,3,9,10990000,19700000,1,3
202601,6,4.기타,장안동,11230,22,0,0,0,1,0,1,21,03,6,1,191,147,6,0,0,0,3,2,4,2,9,2,1,1,1,1,8,3,2,1,1,I,561,2,1,2,6,5,9,6,5,35000,1,1,0,6,5,9,6,5,35000,1,1,0,6,5,9,6,5,35000,1,1,0,2024,3,7,10990000,19700000,1,3
202601,6,4.기타,장안동,11230,14,0,0,0,1,1,1,21,03,1,1,443,289,7,0,0,0,2,2,4,1,9,2,1,1,1,1,8,2,2,-1,6,0,999,3,1,3,1,1,1,4,4,8600,1,1,1,1,1,1,4,4,8600,1,1,1,1,1,1,4,4,8600,1,1,1,0,1,1,8530000,5410000,1,2
202601,6,4.기타,장안동,11230,14,0,0,0,1,1,1,21,03,1,1,443,289,7,0,0,0,2,2,4,1,9,2,1,1,1,1,8,2,2,1,1,G,452,2,1,2,5,6,9,5,5,35000,1,1,0,5,6,9,5,5,35000,1,1,0,5,6,9,5,5,35000,1,1,0,2024,3,9,8530000,5410000,1,2
202601,6,4.기타,장안동,11230,14,0,0,0,1,1,1,21,03,1,1,443,289,7,0,0,0,2,2,4,1,9,2,1,1,1,1,8,2,2,1,1,G,474,1,1,1,4,4,9,4,4,41400,1,1,0,4,4,9,4,4,41400,1,1,0,4,4,9,4,4,41400,1,1,0,2025,2,9,8530000,5410000,1,2
202601,6,4.기타,장안동,11230,14,0,0,0,1,1,1,21,03,1,1,443,289,7,0,0,0,2,2,4,1,9,2,1,1,1,1,8,2,2,2,1,G,452,3,1,3,4,4,7,4,4,10500,1,1,0,4,4,7,4,4,10500,1,1,0,4,4,7,4,4,10500,1,1,0,2026,3,9,8530000,5410000,1,2
202601,6,4.기타,장안동,11230,15,0,0,0,1,1,1,11,03,1,1,344,236,6,0,0,0,2,2,4,2,9,2,2,1,1,1,8,2,2,-1,6,0,999,3,1,4,1,1,1,5,5,12100,1,1,1,1,1,1,5,5,12100,1,1,1,1,1,1,5,5,12100,1,1,1,0,1,1,9750000,6030000,1,2
202601,6,4.기타,장안동,11230,15,0,0,0,1,1,1,11,03,1,1,344,236,6,0,0,0,2,2,4,2,9,2,2,1,1,1,8,2,2,1,1,I,561,1,1,1,4,4,9,4,4,33100,1,1,0,4,4,9,4,4,33100,1,1,0,4,4,9,4,4,33100,1,1,0,2025,3,10,9750000,6030000,1,2
202601,6,4.기타,장안동,11230,15,0,0,0,1,1,1,11,03,1,1,344,236,6,0,0,0,2,2,4,2,9,2,2,1,1,1,8,2,2,1,1,I,562,1,1,1,4,4,9,4,4,30800,1,1,0,4,4,9,4,4,30800,1,1,0,4,4,9,4,4,30800,1,1,0,2025,3,9,9750000,6030000,1,2
202601,6,4.기타,장안동,11230,15,0,0,0,1,1,1,11,03,1,1,344,236,6,0,0,0,2,2,4,2,9,2,2,1,1,1,8,2,2,1,1,I,561,1,1,1,4,4,9,4,4,30500,1,1,0,4,4,9,4,4,30500,1,1,0,4,4,9,4,4,31200,1,1,0,2025,3,9,9750000,6030000,1,2
202601,6,4.기타,장안동,11230,15,0,0,0,1,1,1,11,03,1,1,344,236,6,0,0,0,2,2,4,2,9,2,2,1,1,1,8,2,2,2,1,0,999,3,1,3,5,5,7,5,5,17600,1,1,0,5,5,7,5,5,17600,1,1,0,5,5,7,5,5,17600,1,1,0,2026,3,7,9750000,6030000,1,2
202601,6,4.기타,청량리,11230,22,0,0,0,1,0,1,51,04,1,1,450,100,1,0,0,0,1,1,2,1,10,1,1,1,1,1,8,1,2,1,1,G,474,2,1,2,5,5,9,5,5,49300,1,1,0,5,5,9,5,5,49300,1,1,0,5,5,9,5,5,49300,1,1,0,2025,3,8,19080000,28750000,1,3
202601,6,4.기타,청량리,11230,22,0,0,0,1,0,1,12,03,1,1,90,150,1,0,0,0,1,1,1,1,10,1,1,1,1,1,8,1,2,1,1,G,474,1,1,1,6,5,12,6,5,94000,1,1,0,6,5,12,6,5,94000,1,1,0,6,5,12,6,5,94000,1,1,0,2026,3,8,37810000,40470000,1,3
202601,6,4.기타,청량리,11230,22,0,0,0,1,0,1,11,04,1,1,100,100,1,0,0,0,2,2,4,1,10,1,1,1,1,1,8,2,2,1,2,0,999,2,1,2,1,1,1,7,6,54200,1,1,0,1,1,1,7,6,54200,1,1,0,1,1,1,7,6,54200,1,1,0,0,1,1,37820000,41100000,1,3
202601,6,4.기타,청량리,11230,22,0,0,0,1,0,1,11,04,1,1,100,100,1,0,0,0,2,2,4,1,10,1,1,1,1,1,8,2,2,1,6,0,999,2,1,2,1,1,1,6,6,52600,1,1,1,1,1,1,6,6,52600,1,1,1,1,1,1,6,6,52700,1,1,1,0,1,1,37820000,41100000,1,3
202601,6,4.기타,청량리,11230,15,0,0,0,1,0,1,51,03,1,1,300,30,1,0,0,0,1,1,1,1,10,1,1,1,1,1,8,1,2,1,1,S,961,1,1,1,6,5,9,6,5,47500,1,1,0,6,5,9,6,5,47500,1,1,0,6,5,9,6,5,47500,1,1,0,2025,4,9,16670000,22250000,1,3
202601,6,4.기타,청량리,11230,15,0,0,0,1,0,1,12,03,1,1,300,40,2,0,0,0,1,1,1,1,10,1,1,1,1,1,8,1,2,1,1,L,681,1,1,1,6,4,11,6,5,81200,1,1,0,6,4,11,6,5,81200,1,1,0,6,4,11,6,5,81200,1,1,0,2025,3,9,21300000,10910000,1,3
202601,6,4.기타,청량리,11230,15,0,0,0,1,0,1,12,03,1,1,300,40,2,0,0,0,1,1,1,1,10,1,1,1,1,1,8,1,2,2,1,S,969,1,1,1,3,3,8,3,3,27100,1,1,0,3,3,8,3,3,27100,1,1,0,3,3,8,3,3,27100,1,1,0,2024,3,10,21300000,10910000,1,3
202601,6,4.기타,청량리,11230,15,0,0,0,1,0,1,51,03,1,1,570,222,1,0,0,0,2,1,2,1,8,1,1,1,1,1,8,2,2,1,1,I,561,2,1,3,6,5,8,6,5,25100,1,1,0,6,5,8,6,5,25100,1,1,0,6,5,8,6,5,25100,1,1,0,2026,3,10,11640000,33660000,1,3
202601,6,4.기타,청량리,11230,22,0,0,0,1,0,1,51,04,1,1,200,200,1,0,0,0,1,1,2,1,8,1,1,1,1,1,8,1,2,1,1,L,682,1,1,2,6,5,9,6,5,43400,1,1,0,6,5,9,6,5,43400,1,1,0,6,5,9,6,5,43700,1,1,0,2025,3,8,25650000,22260000,1,3
202601,6,4.기타,청량리,11230,22,0,0,0,1,0,1,51,04,1,1,200,200,1,0,0,0,1,1,2,1,8,1,1,1,1,1,8,1,2,2,1,L,682,1,1,1,3,3,8,3,3,25200,1,1,0,3,3,8,3,3,25200,1,1,0,3,3,8,3,3,25200,1,1,0,2025,3,8,25650000,22260000,1,3
202601,6,4.기타,청량리,11230,22,0,300,0,1,0,1,51,03,9,1,10,10,1,0,0,0,1,1,2,1,10,1,1,1,1,1,8,1,2,1,1,Q,869,2,1,2,7,6,11,7,6,82800,1,1,0,7,6,11,7,6,82800,1,1,0,7,6,11,7,6,82800,1,1,0,2025,3,10,48600000,56910000,1,3
202601,6,4.기타,청량리,11230,22,0,300,0,1,0,1,11,03,1,1,100,150,1,0,0,0,1,2,4,1,10,2,1,1,1,1,8,1,2,1,1,I,561,3,1,3,8,6,11,7,6,65400,1,1,0,8,6,11,7,6,65400,1,1,0,8,6,11,7,6,65400,1,1,0,2024,3,9,48330000,25350000,1,3
202601,6,4.기타,청량리,11230,22,0,300,0,1,0,1,11,03,1,1,100,150,1,0,0,0,1,2,4,1,10,2,1,1,1,1,8,1,2,2,1,S,969,3,1,3,6,6,9,6,6,36600,1,1,0,6,6,9,6,6,36600,1,1,0,6,6,9,6,6,36600,1,1,0,2024,3,8,48330000,25350000,1,3
202601,6,4.기타,청량리,11230,22,0,300,0,1,0,7,11,04,1,1,10,50,6,0,0,0,2,1,3,1,10,1,1,1,1,1,8,2,2,1,1,I,561,3,1,3,6,6,9,5,6,26500,1,1,0,6,6,9,5,6,26500,1,1,0,6,6,9,5,6,26500,1,1,0,2025,2,10,21170000,24550000,1,2
202601,6,4.기타,청량리,11230,22,0,300,0,1,0,4,32,03,6,1,500,200,9,0,0,0,1,1,2,1,10,1,1,1,1,1,8,1,2,1,1,I,561,2,1,2,5,5,9,5,5,39200,1,1,0,5,5,9,5,5,39200,1,1,0,5,5,9,5,5,39200,1,1,0,2025,3,10,14830000,26780000,1,3
202601,6,4.기타,경희대,11230,15,0,0,0,1,0,1,11,03,1,1,600,120,8,0,0,0,2,1,2,1,10,1,1,1,1,1,8,2,2,1,1,I,561,1,1,1,5,5,10,5,5,60500,1,1,0,5,5,10,5,5,60500,1,1,0,5,5,10,5,5,60500,1,1,0,2025,3,10,14340000,24840000,1,3
202601,6,4.기타,경희대,11230,15,0,0,0,1,0,1,11,03,1,1,600,120,8,0,0,0,2,1,2,1,10,1,1,1,1,1,8,2,2,1,1,I,561,2,1,2,6,6,10,6,6,66200,1,1,0,6,6,10,6,6,66200,1,1,0,6,6,10,6,6,66200,1,1,0,2024,3,10,14340000,24840000,1,3
202601,6,4.기타,경희대,11230,15,0,0,0,1,1,3,11,03,6,2,500,150,9,0,0,0,1,2,3,1,9,2,1,1,1,1,8,1,2,-1,1,S,969,2,1,2,4,4,7,4,4,17000,1,1,0,4,4,7,4,4,17000,1,1,0,4,4,7,4,4,17000,1,1,0,2026,3,7,16030000,9900000,1,2
202601,6,4.기타,경희대,11230,15,0,0,0,1,1,3,11,03,6,2,500,150,9,0,0,0,1,2,3,1,9,2,1,1,1,1,8,1,2,1,1,I,561,1,1,1,7,4,9,7,4,36400,1,1,0,7,4,9,7,4,36400,1,1,0,7,4,9,7,4,36400,1,1,0,2025,3,8,16030000,9900000,1,2
202601,6,4.기타,경희대,11230,15,0,0,0,1,1,3,11,03,6,2,500,150,9,0,0,0,1,2,3,1,9,2,1,1,1,1,8,1,2,2,1,S,961,1,1,1,6,3,7,6,3,19300,1,1,0,6,3,7,6,3,19300,1,1,0,6,3,7,6,3,19300,1,1,0,2026,3,9,16030000,9900000,1,2
202601,6,4.기타,경희대,11230,15,0,0,0,1,0,1,99,03,1,1,500,150,8,0,0,0,2,2,4,1,9,2,1,1,1,1,8,2,2,1,1,I,561,3,1,3,6,5,7,6,5,18600,1,1,0,6,5,7,6,5,18600,1,1,0,6,5,7,6,5,18600,1,1,0,2024,3,10,12130000,11090000,1,1
202601,6,4.기타,경희대,11230,15,0,0,0,1,0,1,99,03,1,1,500,150,8,0,0,0,2,2,4,1,9,2,1,1,1,1,8,2,2,2,1,0,999,2,1,3,5,5,7,5,5,17200,1,1,0,5,5,7,5,5,17200,1,1,0,5,5,7,5,5,17200,1,1,0,2025,3,10,12130000,11090000,1,1
202601,6,4.기타,경희대,11230,15,0,0,0,1,0,1,11,03,1,1,800,70,8,0,0,0,2,1,2,1,10,1,1,1,1,1,8,2,2,1,1,I,561,2,1,2,6,5,9,6,6,39900,1,1,0,6,5,9,6,6,39900,1,1,0,6,5,9,6,6,39900,1,1,0,2024,3,6,14060000,34500000,1,2
202601,6,4.기타,경희대,11230,15,0,0,0,1,1,1,19,04,5,1,550,95,4,0,1,0,2,2,4,1,10,2,1,1,1,1,8,2,2,-1,5,0,999,1,1,1,1,1,1,1,1,0,1,1,0,1,1,1,1,1,0,1,1,0,1,1,1,1,1,0,1,1,0,0,1,1,14820000,17210000,1,3
202601,6,4.기타,경희대,11230,15,0,0,0,1,1,1,19,04,5,1,550,95,4,0,1,0,2,2,4,1,10,2,1,1,1,1,8,2,2,1,1,I,561,3,1,3,6,6,9,6,6,32200,1,1,0,6,6,9,6,6,32200,1,1,0,6,6,9,6,6,32200,1,1,0,2024,3,10,14820000,17210000,1,3
202601,6,4.기타,경희대,11230,15,0,0,0,1,1,1,19,04,5,1,550,95,4,0,1,0,2,2,4,1,10,2,1,1,1,1,8,2,2,2,1,I,561,2,1,2,3,4,7,3,4,13400,1,1,0,3,4,7,3,4,13400,1,1,0,3,4,7,3,4,13400,1,1,0,2024,3,10,14820000,17210000,1,3
202601,6,4.기타,경희대,11230,14,0,0,0,1,1,1,12,04,1,1,700,120,6,0,0,0,2,2,4,1,10,2,1,1,1,1,8,2,2,-1,5,0,999,1,1,1,1,1,1,1,1,0,1,1,0,1,1,1,1,1,0,1,1,0,1,1,1,1,1,0,1,1,0,0,1,1,12500000,15620000,1,1
202601,6,4.기타,경희대,11230,14,0,0,0,1,1,1,12,04,1,1,700,120,6,0,0,0,2,2,4,1,10,2,1,1,1,1,8,2,2,1,1,I,561,3,1,3,6,6,9,6,5,27800,1,1,0,6,6,9,6,5,27800,1,1,0,6,6,9,6,5,27800,1,1,0,2025,3,10,12500000,15620000,1,1
202601,6,4.기타,경희대,11230,14,0,0,0,1,1,1,12,04,1,1,700,120,6,0,0,0,2,2,4,1,10,2,1,1,1,1,8,2,2,2,1,I,561,1,1,1,4,3,7,4,3,15900,1,1,0,4,3,7,4,3,15900,1,1,0,4,3,7,4,3,15900,1,1,0,2025,3,10,12500000,15620000,1,1
202601,6,4.기타,경희대,11230,15,0,0,0,1,0,1,51,04,8,2,500,110,6,0,0,0,1,1,3,1,10,1,1,1,1,1,8,1,2,1,1,I,561,2,1,2,6,5,9,6,5,37500,1,1,0,6,5,9,6,5,37500,1,1,0,6,5,9,6,5,37500,1,1,0,2025,3,10,7450000,5950000,1,3
202601,6,4.기타,경희대,11230,15,0,0,0,1,0,1,51,04,8,2,500,110,6,0,0,0,1,1,3,1,10,1,1,1,1,1,8,1,2,2,1,S,961,1,1,1,4,3,7,4,3,18000,1,1,0,4,3,7,4,3,18000,1,1,0,4,3,7,4,3,18000,1,1,0,2024,3,10,7450000,5950000,1,3
202601,6,4.기타,경희대,11230,15,0,0,0,1,0,1,12,03,7,1,250,120,4,0,0,0,1,1,2,1,10,1,1,1,1,1,8,1,2,1,1,I,561,1,1,1,6,5,10,6,5,61500,1,1,0,6,5,10,6,5,61500,1,1,0,6,5,10,6,5,61500,1,1,0,2024,3,10,19490000,29140000,1,3
202601,6,4.기타,경희대,11230,15,0,0,0,1,0,1,12,03,7,1,250,120,4,0,0,0,1,1,2,1,10,1,1,1,1,1,8,1,2,1,1,I,561,1,1,1,6,5,11,6,5,68800,1,1,0,6,5,11,6,5,68800,1,1,0,6,5,11,6,5,68800,1,1,0,2024,3,10,19490000,29140000,1,3
202601,6,4.기타,경희대,11230,16,0,0,0,1,0,1,51,03,6,1,128,133,4,0,0,0,2,1,3,1,10,1,1,1,1,1,8,2,2,1,1,I,561,1,1,1,4,6,12,4,6,121600,1,1,0,4,6,12,4,6,121600,1,1,0,4,6,12,4,6,121600,1,1,0,2025,2,9,21670000,37230000,1,2
202601,6,4.기타,경희대,11230,16,0,0,0,1,0,1,51,03,6,1,128,133,4,0,0,0,2,1,3,1,10,1,1,1,1,1,8,2,2,1,2,L,682,2,1,2,1,1,1,6,6,94000,1,1,0,1,1,1,6,6,94000,1,1,0,1,1,1,6,6,94000,1,1,0,0,1,1,21670000,37230000,1,2
202601,6,4.기타,경희대,11230,16,0,0,0,1,0,1,51,03,6,1,128,133,4,0,0,0,2,1,3,1,10,1,1,1,1,1,8,2,2,1,1,I,561,1,1,1,7,6,12,7,6,110300,1,1,0,7,6,12,7,6,110300,1,1,0,7,6,12,7,6,110300,1,1,0,2025,2,7,21670000,37230000,1,2
202601,6,4.기타,경희대,11230,22,15,0,0,1,0,1,51,04,1,1,153,137,5,0,0,0,1,1,2,1,10,1,1,1,1,1,8,1,2,1,1,I,562,1,1,1,4,4,11,4,4,90900,1,1,0,4,4,11,4,4,90900,1,1,0,4,4,11,4,4,90900,1,1,0,2025,3,10,23310000,28200000,1,3
202601,6,4.기타,경희대,11230,22,15,0,0,1,0,1,51,04,1,1,153,137,5,0,0,0,1,1,2,1,10,1,1,1,1,1,8,1,2,1,1,L,682,1,1,1,4,5,12,4,5,90000,1,1,0,4,5,12,4,5,90000,1,1,0,4,5,12,4,5,90000,1,1,0,2024,3,10,23310000,28200000,1,3
202601,6,4.기타,경희대,11230,22,15,0,0,1,0,1,51,04,1,1,153,137,5,0,0,0,1,1,2,1,10,1,1,1,1,1,8,1,2,1,1,G,474,1,1,1,4,4,11,4,5,87900,1,1,0,4,4,11,4,5,87900,1,1,0,4,4,11,4,5,87900,1,1,0,2025,3,9,23310000,28200000,1,3
202601,6,4.기타,경희대,11230,14,0,0,0,1,0,1,12,04,4,1,150,200,10,0,0,0,2,1,2,1,9,1,1,1,1,1,8,2,2,1,6,0,999,2,1,2,1,1,1,6,5,33300,1,1,1,1,1,1,6,5,33300,1,1,1,1,1,1,6,5,33300,1,1,1,0,1,1,9710000,27400000,1,3
202601,6,0.비상권,0.비상권,11260,16,0,0,0,1,1,1,11,03,1,1,60,15,3,0,0,0,2,2,4,1,10,2,1,1,1,1,8,2,2,-1,5,0,999,1,1,1,1,1,1,1,1,0,1,1,0,1,1,1,1,1,0,1,1,0,1,1,1,1,1,0,1,1,0,0,1,1,10980000,11850000,1,3
202601,6,0.비상권,0.비상권,11260,16,0,0,0,1,1,1,11,03,1,1,60,15,3,0,0,0,2,2,4,1,10,2,1,1,1,1,8,2,2,1,1,G,474,2,1,2,5,5,8,5,5,27600,1,1,0,5,5,8,5,5,27600,1,1,0,5,5,8,5,5,27600,1,1,0,2024,3,6,10980000,11850000,1,3
202601,6,0.비상권,0.비상권,11260,16,0,0,0,1,1,1,11,03,1,1,60,15,3,0,0,0,2,2,4,1,10,2,1,1,1,1,8,2,2,1,1,I,561,2,1,2,4,4,8,4,4,20600,1,1,0,4,4,8,4,4,20600,1,1,0,4,4,8,4,4,20600,1,1,0,2025,3,10,10980000,11850000,1,3
202601,6,4.기타,상봉역,11260,22,0,0,0,1,0,1,11,04,8,2,200,250,5,0,0,0,2,2,4,1,10,2,1,1,1,1,8,2,2,1,1,G,471,2,1,2,6,6,10,6,6,58400,1,1,0,6,6,10,6,6,58400,1,1,0,6,6,10,6,6,58400,1,1,0,2024,3,9,17600000,15080000,1,3
202601,6,4.기타,상봉역,11260,22,0,0,0,1,0,1,11,04,8,2,200,250,5,0,0,0,2,2,4,1,10,2,1,1,1,1,8,2,2,1,1,I,561,2,1,2,6,6,10,6,6,55200,1,1,0,6,6,10,6,6,55200,1,1,0,6,6,10,6,6,55200,1,1,0,2025,2,10,17600000,15080000,1,3
202601,6,4.기타,상봉역,11260,22,0,0,0,1,0,1,11,04,8,2,200,250,5,0,0,0,2,2,4,1,10,2,1,1,1,1,8,2,2,2,1,R,912,2,1,2,5,4,7,5,5,17800,1,1,0,5,4,7,5,5,17800,1,1,0,5,4,7,5,5,17800,1,1,0,2025,3,10,17600000,15080000,1,3
202601,6,4.기타,상봉역,11260,22,0,0,0,1,1,1,11,03,1,1,380,325,4,0,0,0,1,1,2,1,10,1,1,1,1,1,8,1,2,-1,5,0,999,1,1,1,1,1,1,1,1,0,1,1,0,1,1,1,1,1,0,1,1,0,1,1,1,1,1,0,1,1,0,0,1,1,13190000,20090000,1,3
202601,6,4.기타,상봉역,11260,22,0,0,0,1,1,1,11,03,1,1,380,325,4,0,0,0,1,1,2,1,10,1,1,1,1,1,8,1,2,1,1,I,562,2,1,2,6,6,10,6,6,68400,1,1,0,6,6,10,6,6,68400,1,1,0,6,6,10,6,6,68400,1,1,0,2024,3,9,13190000,20090000,1,3
202601,6,4.기타,상봉역,11260,16,0,0,0,1,0,1,11,04,1,1,300,300,5,0,0,0,2,2,4,1,10,2,1,1,1,1,8,2,2,1,1,I,562,2,1,2,6,6,10,6,6,50200,1,1,0,6,6,10,6,6,50200,1,1,0,6,6,10,6,6,50200,1,1,0,2025,3,9,17770000,15180000,1,2
202601,6,4.기타,상봉역,11260,16,0,0,0,1,0,1,11,04,1,1,300,300,5,0,0,0,2,2,4,1,10,2,1,1,1,1,8,2,2,1,1,C,101,2,1,2,4,4,8,4,4,23500,1,1,0,4,4,8,4,4,23500,1,1,0,4,4,8,4,4,23500,1,1,0,2025,3,8,17770000,15180000,1,2
202601,6,4.기타,상봉역,11260,16,0,0,0,1,0,1,11,04,1,1,300,300,5,0,0,0,2,2,4,1,10,2,1,1,1,1,8,2,2,2,1,0,999,3,1,3,4,4,7,4,4,12500,1,1,0,4,4,7,4,4,12500,1,1,0,4,4,7,4,4,12500,1,1,0,2026,3,9,17770000,15180000,1,2
202601,6,4.기타,상봉역,11260,14,0,0,0,1,0,1,11,03,9,2,100,100,5,0,0,0,2,2,4,1,10,1,1,2,1,1,8,2,2,1,2,I,561,3,1,3,1,1,1,6,6,36300,1,1,0,1,1,1,6,6,36300,1,1,0,1,1,1,6,6,36300,1,1,0,0,1,1,11700000,9220000,1,1
202601,6,4.기타,상봉역,11260,14,0,0,0,1,0,1,11,03,9,2,100,100,5,0,0,0,2,2,4,1,10,1,1,2,1,1,8,2,2,1,1,I,561,2,1,2,5,5,9,5,5,32700,1,1,0,5,5,9,5,5,32700,1,1,0,5,5,9,5,5,32700,1,1,0,2024,3,9,11700000,9220000,1,1
202601,6,4.기타,상봉역,11260,14,0,0,0,1,0,1,11,03,9,2,100,100,5,0,0,0,2,2,4,1,10,1,1,2,1,1,8,2,2,2,2,0,999,2,1,2,1,1,1,4,3,8600,1,1,0,1,1,1,4,3,8600,1,1,0,1,1,1,4,3,8600,1,1,0,0,1,1,11700000,9220000,1,1
202601,6,4.기타,상봉역,11260,15,0,0,0,1,0,1,11,03,1,1,80,20,1,0,0,0,2,1,3,1,10,1,1,1,1,1,8,2,2,1,1,I,561,2,1,2,5,5,9,5,5,40200,1,1,0,5,5,9,5,5,40200,1,1,0,5,5,9,5,5,40200,1,1,0,2025,3,10,13920000,18960000,1,3
202601,6,4.기타,상봉역,11260,15,0,0,0,1,0,1,11,03,1,1,80,20,1,0,0,0,2,1,3,1,10,1,1,1,1,1,8,2,2,1,1,I,561,2,1,2,5,5,9,5,5,40800,1,1,0,5,5,9,5,5,40800,1,1,0,5,5,9,5,5,40800,1,1,0,2025,3,10,13920000,18960000,1,3
202601,6,0.비상권,0.비상권,11290,13,0,130,0,1,0,2,51,04,1,1,없음,50,9,0,0,0,1,1,2,1,9,1,1,1,1,1,8,1,3,1,1,I,562,2,1,2,6,6,10,6,6,50400,1,1,0,6,6,10,6,6,50400,1,1,0,6,6,10,6,6,50400,1,1,0,2024,3,10,8290000,13810000,1,3
202601,6,0.비상권,0.비상권,11290,13,0,0,0,1,0,1,12,03,1,1,750,100,3,0,0,0,1,1,3,1,10,1,1,1,1,1,8,1,3,1,1,L,681,2,1,2,5,5,9,5,5,36500,1,1,0,5,5,9,5,5,36500,1,1,0,5,5,9,5,5,36500,1,1,0,2026,3,9,13200000,11820000,1,1
202601,6,0.비상권,0.비상권,11290,13,0,0,0,1,0,1,12,03,1,1,750,100,3,0,0,0,1,1,3,1,10,1,1,1,1,1,8,1,3,2,6,0,999,2,1,2,1,1,1,4,4,19200,1,1,1,1,1,1,4,4,19200,1,1,1,1,1,1,4,4,19200,1,1,1,0,1,1,13200000,11820000,1,1
202601,6,0.비상권,0.비상권,11290,14,0,130,0,1,0,1,51,03,1,1,750,10,3,0,0,0,1,1,2,1,10,1,1,1,1,1,8,1,3,1,1,G,471,1,1,1,6,4,9,5,5,45300,1,1,0,6,4,9,5,5,45300,1,1,0,6,4,9,5,5,45300,1,1,0,2026,3,10,14790000,21170000,1,3
202601,6,0.비상권,0.비상권,11290,14,0,130,0,1,0,1,51,03,1,1,750,10,3,0,0,0,1,1,2,1,10,1,1,1,1,1,8,1,3,1,2,0,999,1,1,1,1,1,1,5,4,49500,1,1,0,1,1,1,5,4,49500,1,1,0,1,1,1,5,4,49500,1,1,0,0,1,1,14790000,21170000,1,3
202601,6,0.비상권,0.비상권,11290,13,0,130,0,1,0,4,21,04,6,2,700,200,3,0,0,0,2,2,4,1,10,1,1,1,1,1,8,2,3,1,6,0,999,2,1,2,1,1,1,6,5,32700,1,1,1,1,1,1,6,5,32700,1,1,1,1,1,1,6,5,32700,1,1,1,0,1,1,12580000,11690000,1,3
202601,6,0.비상권,0.비상권,11290,13,0,130,0,1,0,4,21,04,6,2,700,200,3,0,0,0,2,2,4,1,10,1,1,1,1,1,8,2,3,2,1,G,474,2,1,2,4,4,7,4,4,18300,1,1,0,4,4,7,4,4,18300,1,1,0,4,4,7,4,4,18300,1,1,0,2024,3,9,12580000,11690000,1,3
202601,6,0.비상권,0.비상권,11290,13,0,130,0,1,0,1,51,04,1,1,443,135,3,0,0,0,1,1,1,1,7,1,1,1,1,1,8,1,3,1,1,I,561,1,1,2,4,5,10,4,5,49400,1,1,0,4,5,10,4,5,49400,1,1,0,4,5,10,4,5,49400,1,1,0,2024,4,10,12290000,15990000,1,3
202601,6,0.비상권,0.비상권,11290,14,0,130,0,1,0,1,11,03,10,1,300,300,6,0,0,0,1,1,2,1,10,1,1,1,1,1,8,1,3,1,1,G,474,2,1,2,4,5,9,4,5,29700,1,1,0,4,5,9,4,5,29700,1,1,0,4,5,9,4,5,29700,1,1,0,2025,3,8,12380000,13440000,1,3
202601,6,4.기타,성신여대,11290,22,15,0,0,1,0,1,51,03,1,1,30,110,1,0,0,0,1,2,4,1,10,2,1,1,1,1,8,1,3,1,1,I,561,4,1,4,7,6,9,7,7,84200,1,1,0,7,6,9,7,7,84200,1,1,0,7,6,9,7,7,84200,1,1,0,2026,3,10,25300000,16120000,1,3
202601,6,4.기타,성신여대,11290,22,15,0,0,1,0,1,51,03,1,1,30,110,1,0,0,0,1,2,4,1,10,2,1,1,1,1,8,1,3,2,1,I,561,2,1,2,4,4,7,6,5,44000,1,1,0,4,4,7,6,5,44000,1,1,0,4,4,7,6,5,44000,1,1,0,2026,3,10,25300000,16120000,1,3
202601,6,4.기타,성신여대,11290,15,0,0,0,1,0,2,51,04,1,1,50,30,6,0,0,0,1,1,1,1,10,1,1,1,1,1,8,1,3,1,1,I,561,1,1,1,6,6,11,6,6,84700,1,1,0,6,6,11,6,6,84700,1,1,0,6,6,11,6,6,84700,1,1,0,2023,4,8,11260000,25510000,1,3
202601,6,4.기타,성신여대,11290,15,0,0,0,1,0,1,51,03,1,1,50,200,10,0,0,0,1,1,2,1,10,1,1,1,1,1,8,1,3,1,1,I,561,2,1,2,6,5,9,6,5,41200,1,1,0,6,5,9,6,5,41200,1,1,0,6,5,9,6,5,41200,1,1,0,2024,5,10,10900000,19000000,1,3
202601,6,4.기타,성신여대,11290,15,0,0,0,1,0,5,32,03,5,1,156,133,6,0,1,0,2,1,3,1,10,1,1,1,1,1,8,2,3,1,1,I,561,3,1,3,6,6,9,6,6,39500,1,1,0,6,6,9,6,6,39500,1,1,0,6,6,9,6,6,39500,1,1,0,2024,3,9,11450000,25040000,1,3
202601,6,4.기타,성신여대,11290,15,22,0,0,1,0,2,51,04,1,1,218,83,10,0,0,0,1,1,1,1,10,1,1,1,1,1,8,1,3,1,1,I,561,1,1,1,6,4,9,6,4,42800,1,1,0,6,4,9,6,4,42800,1,1,0,6,4,9,6,4,42800,1,1,0,2025,3,7,14360000,27640000,1,3
202601,6,4.기타,성신여대,11290,15,0,0,0,1,1,1,11,03,1,1,188,없음,9,0,0,0,2,1,3,1,10,1,1,1,1,1,8,2,3,-1,5,0,999,1,1,1,1,1,1,1,1,0,1,1,0,1,1,1,1,1,0,1,1,0,1,1,1,1,1,0,1,1,0,0,1,1,14090000,20520000,3,3
202601,6,4.기타,성신여대,11290,15,0,0,0,1,1,1,11,03,1,1,188,없음,9,0,0,0,2,1,3,1,10,1,1,1,1,1,8,2,3,1,1,I,561,1,1,1,5,4,10,5,5,70800,1,1,0,5,4,10,5,5,70800,1,1,0,5,4,10,5,5,70800,1,1,0,2025,3,10,14090000,20520000,3,3
202601,6,4.기타,성신여대,11290,15,0,0,0,1,1,1,11,03,1,1,188,없음,9,0,0,0,2,1,3,1,10,1,1,1,1,1,8,2,3,1,1,G,472,1,1,1,5,4,10,5,4,62500,1,1,0,5,4,10,5,4,62500,1,1,0,5,4,10,5,4,62500,1,1,0,2025,3,10,14090000,20520000,3,3
202601,6,4.기타,성신여대,11290,15,0,0,0,1,1,1,11,03,1,1,188,없음,9,0,0,0,2,1,3,1,10,1,1,1,1,1,8,2,3,1,1,I,562,1,1,1,5,5,10,5,5,50300,1,1,0,5,5,10,5,5,50300,1,1,0,5,5,10,5,5,50300,1,1,0,2024,4,8,14090000,20520000,3,3
202601,6,4.기타,성신여대,11290,16,0,0,0,1,0,1,51,04,1,1,176,139,8,0,0,0,1,1,2,1,10,1,1,1,1,1,8,1,3,1,1,I,561,2,1,2,6,5,9,6,5,44100,1,1,0,6,5,9,6,5,44100,1,1,0,6,5,9,6,5,44100,1,1,0,2025,3,10,10190000,14230000,1,2
202601,6,4.기타,성신여대,11290,16,0,0,0,1,0,3,51,04,8,1,137,220,10,0,0,0,1,1,2,1,10,1,1,1,1,1,8,1,3,1,1,I,562,2,1,2,5,4,8,5,4,21700,1,1,0,5,4,8,5,4,21700,1,1,0,5,4,8,5,4,21700,1,1,0,2025,3,9,6550000,8500000,1,2
202601,6,4.기타,성신여대,11290,16,15,0,0,1,0,1,51,03,1,1,228,191,6,0,0,0,1,1,1,1,10,1,1,1,1,1,8,1,3,1,1,I,561,1,1,1,6,5,11,6,5,85900,1,1,0,6,5,11,6,5,85900,1,1,0,6,5,11,6,5,85900,1,1,0,2025,3,10,10460000,26570000,1,4
202601,6,4.기타,성신여대,11290,15,0,0,0,1,0,1,51,04,1,1,115,430,7,0,0,0,1,1,2,1,10,1,1,1,1,1,8,1,3,1,1,I,561,1,1,1,5,4,10,5,4,55800,1,1,0,5,4,10,5,4,55800,1,1,0,5,4,10,5,4,55800,1,1,0,2025,3,8,10270000,19440000,1,3
202601,6,4.기타,성신여대,11290,15,0,0,0,1,0,1,51,04,1,1,115,430,7,0,0,0,1,1,2,1,10,1,1,1,1,1,8,1,3,1,1,I,561,1,1,1,5,4,10,5,4,52300,1,1,0,5,4,10,5,4,52300,1,1,0,5,4,10,5,4,52300,1,1,0,2025,3,8,10270000,19440000,1,3
202601,6,4.기타,성신여대,11290,15,0,0,0,1,0,1,51,04,1,1,115,430,7,0,0,0,1,1,2,1,10,1,1,1,1,1,8,1,3,1,1,G,478,1,1,1,3,3,10,3,3,62200,1,1,0,3,3,10,3,3,62200,1,1,0,3,3,10,3,3,62200,1,1,0,2024,3,8,10270000,19440000,1,3
202601,6,4.기타,성신여대,11290,15,0,0,0,1,0,3,51,03,1,1,399,165,6,0,0,0,1,1,1,1,10,1,1,1,1,1,8,1,3,1,1,I,561,1,1,1,4,5,9,4,5,50800,1,1,0,4,5,9,4,5,50800,1,1,0,4,5,9,4,5,50800,1,1,0,2024,3,9,10470000,18020000,1,3
202601,6,4.기타,성신여대,11290,15,0,0,0,1,0,1,51,04,1,1,50,380,8,0,0,0,1,1,1,1,10,1,1,1,1,1,8,1,3,1,1,I,562,1,1,1,5,5,10,5,5,58400,1,1,0,5,5,10,5,5,58400,1,1,0,5,5,10,5,5,58400,1,1,0,2024,4,9,10480000,18220000,1,3
202601,6,4.기타,성신여대,11290,22,0,0,0,1,0,3,51,04,1,1,50,79,8,0,0,0,1,1,1,1,10,1,1,1,1,1,8,1,3,1,1,I,561,1,1,1,6,5,10,6,5,51700,1,1,0,6,5,10,6,5,51700,1,1,0,6,5,10,6,5,51700,1,1,0,2025,3,10,11380000,26690000,1,3
202601,6,4.기타,성신여대,11290,22,0,0,0,1,0,1,11,03,1,1,50,50,5,0,0,0,1,1,2,1,10,1,1,1,1,1,8,1,3,1,1,G,463,2,1,2,6,6,10,6,6,71600,1,1,0,6,6,10,6,6,71600,1,1,0,6,6,10,6,6,71600,1,1,0,2025,3,6,17740000,20350000,1,2
202601,6,4.기타,성신여대,11290,16,0,0,0,1,0,1,11,03,1,1,399,없음,1,0,0,0,1,1,2,1,10,1,1,1,1,1,8,1,3,1,1,I,561,1,1,1,5,4,10,5,4,54700,1,1,0,5,4,10,5,4,54700,1,1,0,5,4,10,5,4,54700,1,1,0,2025,3,10,13410000,16760000,1,3
202601,6,4.기타,성신여대,11290,16,0,0,0,1,0,1,11,03,1,1,399,없음,1,0,0,0,1,1,2,1,10,1,1,1,1,1,8,1,3,1,1,G,478,1,1,1,5,4,10,5,4,52500,1,1,0,5,4,10,5,4,52500,1,1,0,5,4,10,5,4,52500,1,1,0,2025,3,10,13410000,16760000,1,3
202601,6,4.기타,성신여대,11290,16,0,0,0,1,0,1,11,03,1,1,399,없음,1,0,0,0,1,1,2,1,10,1,1,1,1,1,8,1,3,1,1,I,561,1,1,1,5,4,9,5,4,49100,1,1,0,5,4,9,5,4,49100,1,1,0,5,4,9,5,4,49100,1,1,0,2024,4,9,13410000,16760000,1,3
202601,6,4.기타,성신여대,11290,14,0,0,0,1,0,1,12,03,6,1,330,107,8,0,0,0,1,1,2,1,10,1,1,1,1,1,8,1,3,1,1,I,561,2,1,2,5,5,10,5,6,56500,1,1,0,5,5,10,5,6,56500,1,1,0,5,5,10,5,6,56500,1,1,0,2025,3,10,7640000,14100000,1,4
202601,6,4.기타,성신여대,11290,14,0,0,0,1,0,8,31,04,6,2,341,없음,8,0,0,0,1,1,3,1,10,1,1,1,1,1,8,1,3,1,1,I,561,2,1,2,5,5,9,5,5,40900,1,1,0,5,5,9,5,5,40900,1,1,0,5,5,9,5,5,40900,1,1,0,2025,4,9,8460000,7330000,1,2
202601,6,4.기타,성신여대,11290,14,0,0,0,1,0,8,31,04,6,2,341,없음,8,0,0,0,1,1,3,1,10,1,1,1,1,1,8,1,3,2,2,0,999,2,1,2,1,1,1,5,4,20500,1,1,0,1,1,1,5,4,20500,1,1,0,1,1,1,5,4,20500,1,1,0,0,1,1,8460000,7330000,1,2
202601,6,4.기타,성신여대,11290,14,0,0,0,1,0,2,51,04,7,1,388,147,6,0,0,0,1,1,2,1,10,1,1,1,1,1,8,1,3,1,1,I,561,2,1,2,6,6,10,6,6,52200,1,1,0,6,6,10,6,6,52200,1,1,0,6,6,10,6,6,52200,1,1,0,2026,3,10,8680000,14220000,1,4
202601,6,4.기타,성신여대,11290,14,0,0,0,1,0,1,51,03,1,1,500,35,5,0,0,0,1,1,2,1,10,1,1,1,1,1,8,1,3,1,1,I,561,2,1,2,6,6,10,6,6,62700,1,1,0,6,6,10,6,6,62700,1,1,0,6,6,10,6,6,62700,1,1,0,2024,3,10,14380000,24350000,1,2
202601,6,4.기타,성신여대,11290,14,0,0,0,1,0,1,51,04,5,1,540,10,9,0,0,0,2,1,2,1,10,1,1,1,1,1,8,2,3,1,1,I,561,2,1,2,6,6,10,6,6,64300,1,1,0,6,6,10,6,6,64300,1,1,0,6,6,10,6,6,64300,1,1,0,2026,3,10,8350000,17840000,1,2
202601,6,4.기타,성신여대,11290,22,0,0,0,1,0,1,51,04,1,1,123,없음,1,0,0,0,1,1,2,1,10,1,1,1,1,1,8,1,3,1,1,G,472,1,1,1,6,5,11,5,6,83700,1,1,0,6,5,11,5,6,83700,1,1,0,6,5,11,5,6,83700,1,1,0,2025,3,10,25560000,42560000,1,3
202601,6,4.기타,성신여대,11290,22,0,0,0,1,0,1,51,04,1,1,123,없음,1,0,0,0,1,1,2,1,10,1,1,1,1,1,8,1,3,1,1,I,561,1,1,1,6,5,11,6,6,87000,1,1,0,6,5,11,6,6,87000,1,1,0,6,5,11,6,6,87000,1,1,0,2026,3,9,25560000,42560000,1,3
202601,6,0.비상권,0.비상권,11290,15,0,0,0,1,0,1,51,04,1,1,136,없음,9,0,0,0,2,1,2,1,9,1,1,1,1,1,8,2,3,1,1,I,561,2,1,2,6,6,10,6,6,62600,2,1,0,6,6,10,6,6,62600,2,1,0,6,6,10,6,6,62600,2,1,0,2025,3,10,12040000,25790000,1,3
202601,6,0.비상권,0.비상권,11290,15,0,0,0,1,1,4,21,03,8,2,80,없음,3,0,0,0,1,1,2,1,10,1,1,1,1,1,8,1,3,-1,1,H,521,1,1,1,2,3,7,2,3,18700,1,1,0,2,3,7,2,3,18700,1,1,0,2,3,7,2,3,18700,1,1,0,2026,3,9,19260000,9410000,1,3
202601,6,0.비상권,0.비상권,11290,15,0,0,0,1,1,4,21,03,8,2,80,없음,3,0,0,0,1,1,2,1,10,1,1,1,1,1,8,1,3,1,1,I,561,1,1,1,3,4,12,3,4,92700,1,1,0,3,4,12,3,4,92700,1,1,0,3,4,12,3,4,92700,1,1,0,2025,3,9,19260000,9410000,1,3
202601,6,0.비상권,0.비상권,11290,15,0,0,0,1,1,4,21,03,8,2,80,없음,3,0,0,0,1,1,2,1,10,1,1,1,1,1,8,1,3,1,1,I,561,1,1,1,5,4,12,5,4,99800,1,1,0,5,4,12,5,4,99800,1,1,0,5,4,12,5,4,99800,1,1,0,2026,3,9,19260000,9410000,1,3
202601,6,0.비상권,0.비상권,11290,15,0,0,0,1,1,4,21,03,8,2,80,없음,3,0,0,0,1,1,2,1,10,1,1,1,1,1,8,1,3,2,1,I,561,1,1,1,2,3,7,2,3,18700,1,1,0,2,3,7,2,3,18700,1,1,0,2,3,7,2,3,18700,1,1,0,2025,3,9,19260000,9410000,1,3
202601,6,0.비상권,0.비상권,11290,15,0,0,0,1,1,4,21,03,6,1,34,없음,2,0,0,0,1,1,3,1,9,1,1,1,1,1,8,1,3,-1,1,G,478,1,1,1,5,4,8,5,4,21900,1,1,0,5,4,8,5,4,21900,1,1,0,5,4,8,5,4,21900,1,1,0,2024,3,8,23530000,15130000,1,4
202601,6,0.비상권,0.비상권,11290,15,0,0,0,1,1,4,21,03,6,1,34,없음,2,0,0,0,1,1,3,1,9,1,1,1,1,1,8,1,3,1,1,G,478,1,1,1,7,6,12,7,6,122800,1,1,0,7,6,12,7,6,122800,1,1,0,7,6,12,7,6,122800,1,1,0,2024,3,8,23530000,15130000,1,4
202601,6,0.비상권,0.비상권,11290,15,0,0,0,1,1,4,21,03,6,1,34,없음,2,0,0,0,1,1,3,1,9,1,1,1,1,1,8,1,3,2,1,L,682,1,1,1,6,4,9,6,4,48800,1,1,0,6,4,9,6,4,48800,1,1,0,6,4,9,6,4,48800,1,1,0,2024,3,9,23530000,15130000,1,4
202601,6,4.기타,미아사거리,11290,22,0,0,0,1,1,1,21,03,9,2,450,40,2,0,0,0,2,2,4,1,10,2,1,1,1,1,8,2,2,-1,6,0,999,3,1,3,1,1,1,5,5,21500,1,1,1,1,1,1,5,5,21500,1,1,1,1,1,1,5,5,21500,1,1,1,0,1,1,24870000,12640000,1,2
202601,6,4.기타,미아사거리,11290,22,0,0,0,1,1,1,21,03,9,2,450,40,2,0,0,0,2,2,4,1,10,2,1,1,1,1,8,2,2,1,1,G,478,3,1,3,7,6,10,7,6,61300,1,1,0,7,6,10,7,6,61300,1,1,0,7,6,10,7,6,61300,1,1,0,2026,2,8,24870000,12640000,1,2
202601,6,4.기타,미아사거리,11290,22,0,0,0,1,1,1,21,03,9,2,450,40,2,0,0,0,2,2,4,1,10,2,1,1,1,1,8,2,2,1,1,G,478,2,1,2,6,5,9,6,6,46100,1,1,0,6,5,9,6,6,46100,1,1,0,6,5,9,6,6,46100,1,1,0,2024,3,10,24870000,12640000,1,2
202601,6,4.기타,미아사거리,11290,22,0,0,0,1,1,1,21,03,9,2,450,40,2,0,0,0,2,2,4,1,10,2,1,1,1,1,8,2,2,2,1,G,478,2,1,3,7,5,9,6,6,34700,1,1,0,7,5,9,6,6,34700,1,1,0,7,5,9,6,6,34700,1,1,0,2024,3,10,24870000,12640000,1,2
202601,6,4.기타,미아사거리,11290,22,0,0,0,1,0,1,51,03,7,1,367,60,8,0,0,0,2,2,3,1,10,2,1,1,1,1,8,2,2,1,1,I,561,3,1,4,5,5,7,5,5,20000,1,1,0,5,5,7,5,5,20000,1,1,0,5,5,7,5,5,20000,1,1,0,2024,3,8,10570000,15270000,1,3
202601,6,4.기타,미아사거리,11305,16,0,0,0,1,0,1,12,03,5,1,154,120,6,0,0,0,1,1,1,1,10,1,1,1,1,1,8,1,2,1,1,I,561,1,1,1,5,4,12,5,4,100000,1,1,0,5,4,12,5,4,100000,1,1,0,5,4,12,5,4,100000,1,1,0,2025,3,6,17150000,34680000,1,3
202601,6,4.기타,미아사거리,11305,16,0,0,0,1,0,1,12,03,5,1,154,120,6,0,0,0,1,1,1,1,10,1,1,1,1,1,8,1,2,1,6,0,999,1,1,1,1,1,1,5,4,84000,1,1,1,1,1,1,5,4,84000,1,1,1,1,1,1,5,4,84000,1,1,1,0,1,1,17150000,34680000,1,3
202601,6,4.기타,미아사거리,11305,14,0,0,0,1,1,3,11,04,6,1,115,110,10,0,1,0,2,2,4,1,10,2,1,1,1,1,8,2,2,-1,1,I,551,2,1,3,4,4,7,4,4,15100,1,1,0,4,4,7,4,4,15100,1,1,0,4,4,7,4,4,15100,1,1,0,2025,3,10,7380000,5070000,1,3
202601,6,4.기타,미아사거리,11305,14,0,0,0,1,1,3,11,04,6,1,115,110,10,0,1,0,2,2,4,1,10,2,1,1,1,1,8,2,2,1,1,I,562,2,1,2,5,5,8,5,5,21500,1,1,0,5,5,8,5,5,21500,1,1,0,5,5,8,5,5,21500,1,1,0,2024,3,9,7380000,5070000,1,3
202601,6,4.기타,미아사거리,11305,14,0,0,0,1,1,3,11,04,6,1,115,110,10,0,1,0,2,2,4,1,10,2,1,1,1,1,8,2,2,2,1,0,999,2,1,3,8,1,7,8,1,14600,1,1,0,8,1,7,8,1,14600,1,1,0,8,1,7,8,1,14600,1,1,0,2024,3,10,7380000,5070000,1,3
202601,6,4.기타,미아사거리,11305,14,0,0,0,1,0,1,11,04,5,1,113,108,8,0,0,0,2,1,2,1,10,1,1,1,1,1,8,2,2,1,1,I,561,2,1,2,7,6,11,7,6,69500,1,1,0,7,6,11,7,6,69500,1,1,0,7,6,11,7,6,69500,1,1,0,2025,3,10,11850000,24130000,1,3
202601,6,4.기타,미아사거리,11305,14,0,0,0,1,0,1,11,04,1,1,123,100,8,0,0,0,1,1,2,1,10,1,1,1,1,1,8,1,2,1,1,I,562,2,1,2,6,6,11,6,6,71500,1,1,0,6,6,11,6,6,71500,1,1,0,6,6,11,6,6,71500,1,1,0,2026,3,10,11970000,19750000,1,4
202601,6,4.기타,미아사거리,11305,14,0,0,0,1,0,1,11,04,1,1,134,83,7,0,0,0,1,1,1,1,10,1,1,1,1,1,8,1,2,1,1,I,561,1,1,1,5,5,11,5,5,86600,1,1,0,5,5,11,5,5,86600,1,1,0,5,5,11,5,5,86600,1,1,0,2025,2,7,14610000,17120000,1,3
202601,6,4.기타,미아사거리,11305,14,0,0,0,1,0,1,11,04,1,1,134,83,7,0,0,0,1,1,1,1,10,1,1,1,1,1,8,1,2,1,1,L,682,1,1,1,4,4,12,4,4,90300,1,1,0,4,4,12,4,4,90300,1,1,0,4,4,12,4,4,90300,1,1,0,2024,3,5,14610000,17120000,1,3
202601,6,0.비상권,0.비상권,11305,14,0,0,0,1,1,4,21,03,6,2,50,50,5,0,0,0,1,2,4,1,9,2,1,1,1,1,8,1,2,-1,1,G,474,2,1,2,4,4,7,4,4,13100,1,1,0,4,4,7,4,4,13100,1,1,0,4,4,7,4,4,13100,1,1,0,2024,3,9,17530000,9220000,3,3
202601,6,0.비상권,0.비상권,11305,14,0,0,0,1,1,4,21,03,6,2,50,50,5,0,0,0,1,2,4,1,9,2,1,1,1,1,8,1,2,1,1,I,562,2,1,2,7,6,11,7,6,83000,1,1,0,7,6,11,7,6,83000,1,1,0,7,6,11,7,6,83000,1,1,0,2025,3,9,17530000,9220000,3,3
202601,6,0.비상권,0.비상권,11305,14,0,0,0,1,1,4,21,03,6,2,50,50,5,0,0,0,1,2,4,1,9,2,1,1,1,1,8,1,2,2,1,S,961,2,1,2,6,5,9,6,5,40200,1,1,0,6,5,9,6,5,40200,1,1,0,6,5,9,6,5,40200,1,1,0,2024,3,9,17530000,9220000,3,3
202601,6,4.기타,미아사거리,11305,15,0,0,0,1,0,1,11,03,1,1,130,170,6,0,0,0,2,1,3,1,10,1,1,1,1,1,8,2,2,1,1,I,561,3,1,3,6,5,7,6,5,17700,1,1,0,6,5,7,6,5,17700,1,1,0,6,5,7,6,5,17700,1,1,0,2024,3,10,9950000,15540000,1,3
202601,6,4.기타,미아사거리,11305,15,0,0,0,1,1,3,11,03,7,2,340,399,4,0,0,0,1,2,4,1,9,1,1,1,1,1,8,1,2,-1,6,0,999,2,1,2,1,1,1,3,3,7500,1,1,1,1,1,1,3,3,7500,1,1,1,1,1,1,3,3,7500,1,1,1,0,1,1,9490000,5280000,1,3
202601,6,4.기타,미아사거리,11305,15,0,0,0,1,1,3,11,03,7,2,340,399,4,0,0,0,1,2,4,1,9,1,1,1,1,1,8,1,2,1,1,I,561,2,1,2,4,4,8,4,4,24400,2,1,0,4,4,8,4,4,24400,2,1,0,4,4,8,4,4,24400,2,1,0,2025,3,10,9490000,5280000,1,3
202601,6,4.기타,미아사거리,11305,15,0,0,0,1,1,3,11,03,7,2,340,399,4,0,0,0,1,2,4,1,9,1,1,1,1,1,8,1,2,2,2,0,999,2,1,2,1,1,1,5,3,10900,1,1,0,1,1,1,5,3,10900,1,1,0,1,1,1,5,3,10900,1,1,0,0,1,1,9490000,5280000,1,3
202601,6,4.기타,미아사거리,11305,15,0,0,0,1,0,1,11,04,1,1,704,92,5,0,0,0,1,1,3,1,10,1,1,1,1,1,8,1,2,1,1,I,561,2,1,2,5,5,8,5,5,20100,1,1,0,5,5,8,5,5,20100,1,1,0,5,5,8,5,5,20100,1,1,0,2026,2,9,8430000,6710000,1,3
202601,6,4.기타,미아사거리,11305,15,0,0,0,1,0,1,11,04,1,1,704,92,5,0,0,0,1,1,3,1,10,1,1,1,1,1,8,1,2,2,1,0,999,1,1,1,3,3,7,4,3,16900,1,1,0,3,3,7,4,3,16900,1,1,0,3,3,7,4,3,16900,1,1,0,2024,3,10,8430000,6710000,1,3
202601,6,4.기타,수유,11305,22,0,0,0,1,0,1,11,03,1,1,577,없음,2,0,0,0,2,1,3,1,10,1,1,1,1,1,8,2,2,1,1,G,473,3,1,3,6,6,9,6,6,34400,1,1,0,6,6,9,6,6,34400,1,1,0,6,6,9,6,6,34400,1,1,0,2025,3,10,18190000,25740000,1,3
202601,6,4.기타,수유,11305,15,0,0,0,1,0,1,11,03,1,1,600,300,7,0,0,0,2,1,3,1,10,1,1,1,1,1,8,2,2,1,1,I,561,2,1,2,6,6,9,6,6,41200,1,1,0,6,6,9,6,6,41200,1,1,0,6,6,9,6,6,41200,1,1,0,2024,3,6,8890000,13420000,1,2
202601,6,4.기타,수유,11305,15,0,0,0,1,0,1,11,03,1,1,600,300,7,0,0,0,2,1,3,1,10,1,1,1,1,1,8,2,2,2,1,0,999,1,1,1,4,3,7,4,3,12600,1,1,0,4,3,7,4,3,12600,1,1,0,4,3,7,4,3,12600,1,1,0,2024,3,6,8890000,13420000,1,2
202601,6,4.기타,미아사거리,11305,15,0,0,0,1,1,1,11,04,1,1,55,80,4,0,0,0,2,2,4,1,9,2,1,1,1,1,8,2,2,-1,5,0,999,1,1,1,1,1,1,1,1,0,1,1,0,1,1,1,1,1,0,1,1,0,1,1,1,1,1,0,1,1,0,0,1,1,12330000,9780000,1,2
202601,6,4.기타,미아사거리,11305,15,0,0,0,1,1,1,11,04,1,1,55,80,4,0,0,0,2,2,4,1,9,2,1,1,1,1,8,2,2,1,6,0,999,1,1,1,1,1,1,3,3,19700,1,1,1,1,1,1,3,3,19700,1,1,1,1,1,1,3,3,19700,1,1,1,0,1,1,12330000,9780000,1,2
202601,6,4.기타,미아사거리,11305,15,0,0,0,1,1,1,11,04,1,1,55,80,4,0,0,0,2,2,4,1,9,2,1,1,1,1,8,2,2,1,1,I,561,3,1,3,5,6,8,5,6,28000,1,1,0,5,6,8,5,6,28000,1,1,0,5,6,8,5,6,28000,1,1,0,2024,3,9,12330000,9780000,1,2
202601,6,4.기타,미아사거리,11305,15,0,0,0,1,1,1,11,04,1,1,55,80,4,0,0,0,2,2,4,1,9,2,1,1,1,1,8,2,2,2,1,S,969,3,1,3,5,5,7,5,5,15600,1,1,0,5,5,7,5,5,15600,1,1,0,5,5,7,5,5,15600,1,1,0,2024,3,9,12330000,9780000,1,2
202601,6,4.기타,미아사거리,11305,14,0,0,0,1,1,1,21,03,7,2,90,122,4,0,0,0,2,2,4,1,10,2,1,1,1,1,8,2,2,-1,5,0,999,1,1,1,1,1,1,1,1,0,1,1,0,1,1,1,1,1,0,1,1,0,1,1,1,1,1,0,1,1,0,0,1,1,11620000,9290000,1,3
202601,6,4.기타,미아사거리,11305,14,0,0,0,1,1,1,21,03,7,2,90,122,4,0,0,0,2,2,4,1,10,2,1,1,1,1,8,2,2,1,1,I,561,4,1,4,7,6,8,7,6,25400,1,1,0,7,6,8,7,6,25400,1,1,0,7,6,8,7,6,25400,1,1,0,2026,2,10,11620000,9290000,1,3
202601,6,4.기타,미아사거리,11305,14,0,0,0,1,1,1,21,03,7,2,90,122,4,0,0,0,2,2,4,1,10,2,1,1,1,1,8,2,2,2,1,R,912,4,1,4,5,5,7,4,5,9200,1,1,0,5,5,7,4,5,9200,1,1,0,5,5,7,4,5,9200,1,1,0,2025,3,10,11620000,9290000,1,3
202601,6,4.기타,미아사거리,11305,14,0,0,0,1,1,2,12,03,1,1,70,33,5,0,0,0,1,2,4,1,10,2,1,1,1,1,8,1,2,-1,1,I,562,1,1,1,4,4,9,4,4,29400,1,1,0,4,4,9,4,4,29400,1,1,0,4,4,9,4,4,29400,1,1,0,2026,2,10,20250000,13660000,1,3
202601,6,4.기타,미아사거리,11305,14,0,0,0,1,1,2,12,03,1,1,70,33,5,0,0,0,1,2,4,1,10,2,1,1,1,1,8,1,2,1,1,I,562,3,1,3,8,7,11,8,7,79000,1,1,0,8,7,11,8,7,79000,1,1,0,8,7,11,8,7,79000,1,1,0,2026,2,10,20250000,13660000,1,3
202601,6,4.기타,수유,11305,16,0,0,0,1,0,1,11,03,1,1,100,80,5,0,0,0,2,2,4,1,10,2,1,1,1,1,8,2,2,1,1,G,474,1,1,1,6,5,10,6,5,72500,1,1,0,6,5,10,6,5,72500,1,1,0,6,5,10,6,5,72500,1,1,0,2024,3,9,15250000,28620000,1,3
202601,6,4.기타,수유,11305,16,0,0,0,1,0,1,11,03,1,1,100,80,5,0,0,0,2,2,4,1,10,2,1,1,1,1,8,2,2,1,1,I,562,1,1,1,6,5,11,6,5,72500,1,1,0,6,5,11,6,5,72500,1,1,0,6,5,11,6,5,72500,1,1,0,2025,3,10,15250000,28620000,1,3
202601,6,4.기타,수유,11305,16,0,0,0,1,0,1,11,03,1,1,100,80,5,0,0,0,2,2,4,1,10,2,1,1,1,1,8,2,2,1,1,I,561,1,1,1,6,5,11,6,5,76700,1,1,0,6,5,11,6,5,76700,1,1,0,6,5,11,6,5,76700,1,1,0,2024,3,9,15250000,28620000,1,3
202601,6,4.기타,수유,11305,16,0,0,0,1,0,1,11,03,1,1,100,80,5,0,0,0,2,2,4,1,10,2,1,1,1,1,8,2,2,1,1,L,681,1,1,1,6,5,11,6,5,72200,1,1,0,6,5,11,6,5,72200,1,1,0,6,5,11,6,5,72200,1,1,0,2024,3,9,15250000,28620000,1,3
202601,6,4.기타,수유,11305,16,0,0,0,1,0,1,11,03,1,1,100,80,5,0,0,0,2,2,4,1,10,2,1,1,1,1,8,2,2,1,1,J,639,1,1,1,6,5,11,6,5,73100,1,1,0,6,5,11,6,5,73100,1,1,0,6,5,11,6,5,73600,1,1,0,2025,3,10,15250000,28620000,1,3
202601,6,4.기타,수유,11305,16,0,0,0,1,1,1,11,03,1,1,80,80,6,0,0,0,1,1,2,1,10,1,1,1,1,1,8,1,2,-1,1,I,561,1,1,1,3,2,6,3,2,8300,1,1,0,3,2,6,3,2,8300,1,1,0,3,2,6,3,2,8300,1,1,0,2024,3,10,10900000,14050000,1,1
202601,6,4.기타,수유,11305,16,0,0,0,1,1,1,11,03,1,1,80,80,6,0,0,0,1,1,2,1,10,1,1,1,1,1,8,1,2,1,1,I,561,2,1,2,6,5,8,6,5,22200,1,1,0,6,5,8,6,5,22200,1,1,0,6,5,8,6,5,22000,1,1,0,2024,3,10,10900000,14050000,1,1
202601,6,4.기타,수유,11305,22,0,0,0,1,0,1,21,03,1,1,650,500,6,0,0,0,2,2,4,1,10,2,2,1,1,1,8,2,2,1,1,I,561,2,1,2,5,5,8,5,5,20600,1,1,0,5,5,8,5,5,20600,1,1,0,5,5,8,5,5,20600,1,1,0,2025,2,9,10910000,8210000,1,1
202601,6,4.기타,수유,11305,22,0,0,0,1,0,1,21,03,1,1,650,500,6,0,0,0,2,2,4,1,10,2,2,1,1,1,8,2,2,1,1,I,561,2,1,2,5,5,8,5,5,20600,1,1,0,5,5,8,5,5,20600,1,1,0,5,5,8,5,5,20600,1,1,0,2025,3,7,10910000,8210000,1,1
202601,6,4.기타,수유,11305,22,0,0,0,1,0,1,21,03,1,1,650,500,6,0,0,0,2,2,4,1,10,2,2,1,1,1,8,2,2,2,6,0,999,4,1,4,1,1,1,5,4,8000,1,1,1,1,1,1,5,4,8000,1,1,1,1,1,1,5,4,8000,1,1,1,0,1,1,10910000,8210000,1,1
202601,6,0.비상권,0.비상권,11305,15,0,130,0,1,1,1,11,03,1,1,360,30,4,0,0,0,2,1,3,1,9,1,1,1,1,1,8,2,2,-1,5,0,999,1,1,1,1,1,1,1,1,0,1,1,0,1,1,1,1,1,0,1,1,0,1,1,1,1,1,0,1,1,0,0,1,1,8200000,12020000,1,3
202601,6,0.비상권,0.비상권,11305,15,0,130,0,1,1,1,11,03,1,1,360,30,4,0,0,0,2,1,3,1,9,1,1,1,1,1,8,2,2,1,1,S,969,1,1,1,6,3,8,6,3,21000,1,1,0,6,3,8,6,3,21000,1,1,0,6,3,8,6,3,21000,1,1,0,2025,3,7,8200000,12020000,1,3
202601,6,0.비상권,0.비상권,11305,15,0,130,0,1,1,1,11,03,1,1,360,30,4,0,0,0,2,1,3,1,9,1,1,1,1,1,8,2,2,1,1,I,561,2,1,2,4,4,8,4,4,20200,1,1,0,4,4,8,4,4,20200,1,1,0,4,4,8,4,4,20200,1,1,0,2025,3,9,8200000,12020000,1,3
202601,6,4.기타,수유,11305,16,0,0,0,1,0,1,12,04,1,1,300,75,3,0,0,0,2,2,4,1,10,2,1,1,1,1,8,2,2,1,1,I,561,4,1,4,1,1,1,6,7,32800,1,1,1,6,6,8,6,7,32800,1,1,0,6,6,8,6,7,32800,1,1,0,2026,2,10,17360000,17360000,1,3
202601,6,4.기타,수유,11305,14,0,0,0,1,1,1,11,04,1,1,342,908,8,0,0,0,2,2,4,1,10,2,1,1,1,1,8,2,2,-1,1,I,561,1,1,1,4,3,7,4,3,14800,1,1,0,4,3,7,4,3,14800,1,1,0,4,3,7,4,3,14800,1,1,0,2025,3,9,7400000,10580000,1,2
202601,6,4.기타,수유,11305,14,0,0,0,1,1,1,11,04,1,1,342,908,8,0,0,0,2,2,4,1,10,2,1,1,1,1,8,2,2,1,1,I,561,3,1,3,6,6,9,6,6,33000,1,1,0,6,6,9,6,6,33000,1,1,0,6,6,9,6,6,32900,1,1,0,2025,3,9,7400000,10580000,1,2
202601,6,4.기타,수유,11305,22,0,0,0,1,0,1,11,03,1,1,80,80,4,0,0,0,2,2,4,1,9,2,1,1,1,1,8,2,2,1,6,0,999,1,1,1,5,5,12,5,5,96000,1,1,0,5,5,12,5,5,96000,1,1,0,1,1,1,5,5,96000,1,1,1,0,1,1,16430000,14630000,1,3
202601,6,4.기타,수유,11305,22,0,0,0,1,0,1,11,03,1,1,80,80,4,0,0,0,2,2,4,1,9,2,1,1,1,1,8,2,2,1,1,M,711,1,1,1,6,5,11,6,5,72900,1,1,0,6,5,11,6,5,72900,1,1,0,6,5,11,6,5,72900,1,1,0,2024,3,8,16430000,14630000,1,3
202601,6,4.기타,수유,11305,22,0,0,0,1,0,1,11,03,1,1,80,80,4,0,0,0,2,2,4,1,9,2,1,1,1,1,8,2,2,1,1,G,479,1,1,1,5,4,11,5,5,78400,1,1,0,5,4,11,5,5,78400,1,1,0,5,4,11,5,5,78400,1,1,0,2024,3,10,16430000,14630000,1,3
202601,6,4.기타,수유,11305,22,0,0,0,1,0,1,11,03,1,1,80,80,4,0,0,0,2,2,4,1,9,2,1,1,1,1,8,2,2,1,1,I,561,1,1,2,5,5,9,5,5,42100,1,1,0,5,5,9,5,5,42100,1,1,0,5,5,9,5,5,42100,1,1,0,2025,3,10,16430000,14630000,1,3
202601,6,4.기타,수유,11305,22,0,0,0,1,0,1,11,03,1,1,80,80,4,0,0,0,2,2,4,1,9,2,1,1,1,1,8,2,2,2,6,0,999,1,1,1,1,1,1,4,4,25200,1,1,1,1,1,1,4,4,25200,1,1,1,1,1,1,4,4,25200,1,1,1,0,1,1,16430000,14630000,1,3
202601,6,4.기타,수유,11305,22,0,0,0,1,0,1,11,03,1,1,80,80,4,0,0,0,2,2,4,1,9,2,1,1,1,1,8,2,2,2,1,R,901,1,1,2,4,4,8,5,4,20600,1,1,0,4,4,8,5,4,20600,1,1,0,4,4,8,5,4,20800,1,1,0,2025,3,10,16430000,14630000,1,3
202601,6,4.기타,수유,11305,16,0,0,0,1,1,1,11,04,5,1,150,6,9,0,0,0,2,2,4,1,10,2,1,1,1,1,8,2,2,-1,1,I,561,2,1,2,3,3,6,3,3,8700,1,1,0,3,3,6,3,3,8700,1,1,0,3,3,6,3,3,8700,1,1,0,2025,3,10,11680000,9020000,1,3
202601,6,4.기타,수유,11305,16,0,0,0,1,1,1,11,04,5,1,150,6,9,0,0,0,2,2,4,1,10,2,1,1,1,1,8,2,2,1,1,I,561,2,1,3,5,5,8,5,5,29300,1,1,0,5,5,8,5,5,29300,1,1,0,5,5,8,5,5,29300,1,1,0,2025,3,10,11680000,9020000,1,3
202601,6,4.기타,수유,11305,16,0,0,0,1,1,1,11,04,5,1,150,6,9,0,0,0,2,2,4,1,10,2,1,1,1,1,8,2,2,2,1,I,561,2,1,3,4,4,7,4,4,12600,1,1,0,4,4,7,4,4,12600,1,1,0,4,4,7,4,4,12600,1,1,0,2025,3,10,11680000,9020000,1,3
202601,6,4.기타,수유,11305,16,0,0,0,1,0,1,11,04,1,1,180,180,8,0,0,0,2,1,3,1,10,1,1,1,1,1,8,2,2,1,1,I,561,3,1,3,6,6,9,6,6,39700,1,1,0,6,6,9,6,6,39700,1,1,0,6,6,9,6,6,39700,1,1,0,2026,3,10,10890000,16550000,1,3
202601,6,4.기타,수유,11305,16,0,0,0,1,1,1,11,03,1,1,130,140,8,0,0,0,2,1,3,1,10,1,1,1,1,1,8,2,2,-1,1,I,561,1,1,1,2,2,7,2,2,10400,1,1,0,2,2,7,2,2,10400,1,1,0,2,2,7,2,2,10400,1,1,0,2025,3,10,10900000,15720000,1,2
202601,6,4.기타,수유,11305,16,0,0,0,1,1,1,11,03,1,1,130,140,8,0,0,0,2,1,3,1,10,1,1,1,1,1,8,2,2,1,1,I,561,2,1,2,6,6,9,6,6,40600,2,1,0,6,6,9,6,6,40600,2,1,0,6,6,9,6,6,40600,2,1,0,2025,3,10,10900000,15720000,1,2
202601,6,4.기타,수유,11305,14,0,0,0,1,1,1,11,04,1,1,230,230,8,0,0,0,2,1,3,1,10,1,1,1,1,1,8,2,2,-1,1,I,561,1,1,1,3,2,5,3,2,6000,1,1,0,3,2,5,3,2,6000,1,1,0,3,2,5,3,2,6000,1,1,0,2026,3,9,9130000,21280000,1,2
202601,6,4.기타,수유,11305,14,0,0,0,1,1,1,11,04,1,1,230,230,8,0,0,0,2,1,3,1,10,1,1,1,1,1,8,2,2,1,1,I,561,3,1,3,6,5,8,6,5,24900,1,1,0,6,5,8,6,5,24900,1,1,0,6,5,8,6,5,24900,1,1,0,2026,3,9,9130000,21280000,1,2
202601,6,4.기타,수유,11305,16,0,0,0,1,0,1,11,04,1,1,200,250,8,0,0,0,2,2,4,1,10,2,1,1,1,1,8,2,2,1,1,I,562,2,1,2,5,5,8,6,5,27900,1,1,0,5,5,8,6,5,27900,1,1,0,5,5,8,6,5,27900,1,1,0,2024,3,10,12020000,10090000,1,1
202601,6,4.기타,수유,11305,16,0,0,0,1,0,1,11,04,1,1,200,250,8,0,0,0,2,2,4,1,10,2,1,1,1,1,8,2,2,2,1,I,562,2,1,2,3,4,6,3,4,9300,1,1,0,3,4,6,3,4,9300,1,1,0,3,4,6,3,4,9300,1,1,0,2024,3,10,12020000,10090000,1,1
202601,6,4.기타,수유,11305,22,0,0,0,1,1,1,11,04,1,1,83,972,10,0,0,0,2,2,4,1,10,2,1,1,1,1,8,2,2,-1,1,I,561,1,1,1,2,2,7,2,2,10300,1,1,0,2,2,7,2,2,10300,1,1,0,2,2,7,2,2,10300,1,1,0,2024,3,9,11050000,18700000,1,2
202601,6,4.기타,수유,11305,22,0,0,0,1,1,1,11,04,1,1,83,972,10,0,0,0,2,2,4,1,10,2,1,1,1,1,8,2,2,1,1,I,561,4,1,4,7,7,10,7,7,55300,1,1,0,7,7,10,7,7,55300,1,1,0,7,7,10,7,7,55300,1,1,0,2024,3,9,11050000,18700000,1,2
202601,6,4.기타,수유,11305,22,0,0,0,1,1,1,11,04,1,1,60,60,9,0,0,0,2,1,3,1,10,1,1,1,1,1,8,2,2,-1,1,I,562,1,1,1,3,2,5,3,2,8000,1,1,0,3,2,5,3,2,8000,1,1,0,3,2,5,3,2,8000,1,1,0,2025,3,10,14390000,22680000,1,2
202601,6,4.기타,수유,11305,22,0,0,0,1,1,1,11,04,1,1,60,60,9,0,0,0,2,1,3,1,10,1,1,1,1,1,8,2,2,1,1,I,562,2,1,2,7,6,9,7,6,40900,1,1,0,7,6,9,7,6,40900,1,1,0,7,6,9,7,6,40900,1,1,0,2025,3,10,14390000,22680000,1,2
202601,6,0.비상권,0.비상권,11305,14,0,200,0,1,0,1,21,03,1,1,300,10,4,0,0,0,2,2,4,1,10,2,1,1,1,1,8,2,2,1,1,G,466,2,1,2,4,4,7,4,4,18000,1,1,0,4,4,7,4,4,18000,1,1,0,4,4,7,4,4,18000,1,1,0,2025,3,4,7670000,5500000,1,1
202601,6,0.비상권,0.비상권,11305,14,0,200,0,1,0,1,21,03,1,1,300,10,4,0,0,0,2,2,4,1,10,2,1,1,1,1,8,2,2,1,1,I,562,2,1,2,4,4,7,4,4,17700,1,1,0,4,4,7,4,4,17700,1,1,0,4,4,7,4,4,17700,1,1,0,2024,3,7,7670000,5500000,1,1
202601,6,0.비상권,0.비상권,11305,14,0,200,0,1,0,1,21,03,1,1,300,10,4,0,0,0,2,2,4,1,10,2,1,1,1,1,8,2,2,1,1,S,961,2,1,2,4,4,7,4,4,17700,1,1,0,4,4,7,4,4,17700,1,1,0,4,4,7,4,4,17700,1,1,0,2025,3,9,7670000,5500000,1,1
202601,6,0.비상권,0.비상권,11305,14,0,200,0,1,0,1,21,03,1,1,300,10,4,0,0,0,2,2,4,1,10,2,1,1,1,1,8,2,2,1,1,G,478,2,1,2,4,4,7,4,4,17700,1,1,0,4,4,7,4,4,17700,1,1,0,4,4,7,4,4,17700,1,1,0,2025,3,8,7670000,5500000,1,1
202601,6,0.비상권,0.비상권,11305,14,0,200,0,1,0,1,21,03,1,1,300,10,4,0,0,0,2,2,4,1,10,2,1,1,1,1,8,2,2,2,1,R,901,3,1,3,5,4,7,5,4,11000,1,1,0,5,4,7,5,4,11000,1,1,0,5,4,7,5,4,11000,1,1,0,2025,3,8,7670000,5500000,1,1
202601,6,0.비상권,0.비상권,11305,14,0,200,0,1,0,1,21,03,1,1,300,10,4,0,0,0,2,2,4,1,10,2,1,1,1,1,8,2,2,2,1,R,901,1,1,2,3,3,7,3,3,11300,1,1,0,3,3,7,3,3,11300,1,1,0,3,3,7,3,3,11300,1,1,0,2025,3,10,7670000,5500000,1,1
202601,6,0.비상권,0.비상권,11305,14,0,200,0,1,0,1,11,04,1,1,400,110,9,0,0,0,2,2,4,1,10,1,1,1,1,1,8,2,2,1,6,0,999,3,1,3,1,1,1,4,5,14700,1,1,1,1,1,1,4,5,14700,1,1,1,1,1,1,4,5,14700,1,1,1,0,1,1,4450000,3540000,2,1
202601,6,0.비상권,0.비상권,11305,14,0,200,0,1,0,1,11,04,1,1,400,110,9,0,0,0,2,2,4,1,10,1,1,1,1,1,8,2,2,1,1,G,475,3,1,3,5,4,7,5,4,14600,1,1,0,5,4,7,5,4,14600,1,1,0,5,4,7,5,4,14600,1,1,0,2024,3,9,4450000,3540000,2,1
202601,6,0.비상권,0.비상권,11305,14,0,200,0,1,0,1,11,04,1,1,400,110,9,0,0,0,2,2,4,1,10,1,1,1,1,1,8,2,2,2,2,0,999,3,1,3,1,1,1,8,1,8800,1,1,0,1,1,1,8,1,8800,1,1,0,1,1,1,8,1,8800,1,1,0,0,1,1,4450000,3540000,2,1
202601,6,0.비상권,0.비상권,11305,14,0,200,0,1,0,1,11,04,1,1,470,80,8,0,0,0,1,1,2,1,10,1,1,1,1,1,8,1,2,1,6,0,999,2,1,2,1,1,1,6,5,24000,1,1,1,1,1,1,6,5,24000,1,1,1,1,1,1,6,5,24000,1,1,1,0,1,1,5390000,7450000,1,3
202601,6,0.비상권,0.비상권,11320,22,0,0,0,1,1,3,11,03,6,1,70,70,7,0,0,0,3,2,4,2,9,2,1,1,1,1,8,3,2,-1,6,0,999,1,1,1,1,1,1,3,3,7200,1,1,1,1,1,1,3,3,7200,1,1,1,1,1,1,3,3,7200,1,1,1,0,1,1,23010000,36080000,1,3
202601,6,0.비상권,0.비상권,11320,22,0,0,0,1,1,3,11,03,6,1,70,70,7,0,0,0,3,2,4,2,9,2,1,1,1,1,8,3,2,1,1,F,411,2,1,3,6,6,10,6,6,52000,1,1,0,6,6,10,6,6,52000,1,1,0,6,6,10,6,6,52000,1,1,0,2025,3,10,23010000,36080000,1,3
202601,6,0.비상권,0.비상권,11320,22,0,0,0,1,1,3,11,03,6,1,70,70,7,0,0,0,3,2,4,2,9,2,1,1,1,1,8,3,2,1,1,I,561,2,1,3,6,6,10,6,6,51600,1,1,0,6,6,10,6,6,51600,1,1,0,6,6,10,6,6,51700,1,1,0,2024,3,10,23010000,36080000,1,3
202601,6,0.비상권,0.비상권,11320,22,0,0,0,1,1,3,11,03,6,1,70,70,7,0,0,0,3,2,4,2,9,2,1,1,1,1,8,3,2,1,1,S,949,4,1,4,6,6,8,6,6,29400,1,1,0,6,6,8,6,6,29400,1,1,0,6,6,8,6,6,29400,1,1,0,2024,3,10,23010000,36080000,1,3
202601,6,0.비상권,0.비상권,11320,16,0,0,0,1,1,1,21,04,1,1,800,100,2,0,0,0,2,2,4,1,10,1,1,2,1,1,8,2,2,-1,5,0,999,2,1,2,1,1,1,1,1,0,1,1,0,1,1,1,1,1,0,1,1,0,1,1,1,1,1,0,1,1,0,0,1,1,16280000,12340000,1,1
202601,6,0.비상권,0.비상권,11320,16,0,0,0,1,1,1,21,04,1,1,800,100,2,0,0,0,2,2,4,1,10,1,1,2,1,1,8,2,2,1,1,S,952,3,1,3,5,6,9,5,6,39600,1,1,0,5,6,9,5,6,39600,1,1,0,5,6,9,5,6,39600,1,1,0,2026,3,10,16280000,12340000,1,1
202601,6,0.비상권,0.비상권,11320,16,0,0,0,1,1,1,21,04,1,1,800,100,2,0,0,0,2,2,4,1,10,1,1,2,1,1,8,2,2,2,2,0,999,3,1,3,1,1,1,6,5,19600,1,1,0,1,1,1,6,5,19600,1,1,0,1,1,1,6,5,19600,1,1,0,0,1,1,16280000,12340000,1,1
202601,6,4.기타,상계역,11350,14,15,0,0,1,0,1,11,03,1,1,320,100,7,0,0,0,2,2,4,2,9,2,1,1,1,1,8,2,2,1,1,I,561,4,1,4,6,5,7,6,5,17700,1,1,0,6,5,7,6,5,17700,1,1,0,6,5,7,6,5,17700,1,1,0,2025,3,10,7810000,4130000,1,2
202601,6,4.기타,상계역,11350,14,15,0,0,1,0,1,11,03,1,1,320,100,7,0,0,0,2,2,4,2,9,2,1,1,1,1,8,2,2,2,1,S,949,4,1,4,4,5,7,4,5,10000,1,1,0,4,5,7,4,5,10000,1,1,0,4,5,7,4,5,10000,1,1,0,2025,3,10,7810000,4130000,1,2
202601,6,4.기타,상계역,11350,15,14,0,0,1,1,1,21,03,1,1,400,150,7,0,0,0,2,2,4,1,10,1,1,1,1,1,8,2,2,-1,5,0,999,1,1,1,1,1,1,1,1,0,1,1,0,1,1,1,1,1,0,1,1,0,1,1,1,1,1,0,1,1,0,0,1,1,9530000,6960000,2,1
202601,6,4.기타,상계역,11350,15,14,0,0,1,1,1,21,03,1,1,400,150,7,0,0,0,2,2,4,1,10,1,1,1,1,1,8,2,2,1,1,I,561,2,1,2,4,4,7,4,4,16100,1,1,0,4,4,7,4,4,16100,1,1,0,4,4,7,4,4,16100,1,1,0,2025,2,10,9530000,6960000,2,1
202601,6,4.기타,상계역,11350,15,14,0,0,1,1,1,21,03,1,1,400,150,7,0,0,0,2,2,4,1,10,1,1,1,1,1,8,2,2,1,1,S,969,2,1,2,4,4,7,4,4,16100,1,1,0,4,4,7,4,4,16100,1,1,0,4,4,7,4,4,16100,1,1,0,2025,3,9,9530000,6960000,2,1
202601,6,4.기타,상계역,11350,15,14,0,0,1,1,1,21,03,1,1,400,150,7,0,0,0,2,2,4,1,10,1,1,1,1,1,8,2,2,2,2,S,949,3,1,3,1,1,1,8,1,8600,1,1,0,1,1,1,8,1,8600,1,1,0,1,1,1,8,1,8600,1,1,0,0,1,1,9530000,6960000,2,1
202601,6,4.기타,상계역,11350,14,0,0,0,1,1,1,11,03,1,1,300,100,6,0,0,0,2,1,3,1,10,1,1,1,1,1,8,2,2,-1,5,0,999,1,1,1,1,1,1,1,1,0,1,1,0,1,1,1,1,1,0,1,1,0,1,1,1,1,1,0,1,1,0,0,1,1,9600000,14680000,1,1
202601,6,4.기타,상계역,11350,14,0,0,0,1,1,1,11,03,1,1,300,100,6,0,0,0,2,1,3,1,10,1,1,1,1,1,8,2,2,1,1,I,562,3,1,3,6,5,7,6,4,15900,1,1,0,6,5,7,6,4,15900,1,1,0,6,5,7,6,4,15900,1,1,0,2024,3,10,9600000,14680000,1,1
202601,6,0.비상권,0.비상권,11350,16,0,0,0,1,0,4,31,04,6,1,200,50,1,0,0,0,2,2,4,1,10,2,1,1,1,1,8,2,2,1,1,I,561,4,1,4,8,6,9,8,6,43100,1,1,0,8,6,9,8,6,43100,1,1,0,8,6,9,8,6,43100,1,1,0,2024,3,10,18790000,35140000,1,3
202601,6,4.기타,상계역,11350,14,0,0,0,1,0,5,31,04,6,1,390,32,6,0,0,0,2,1,3,1,9,1,1,1,1,1,8,2,2,1,1,S,952,3,1,3,5,5,7,5,5,17300,1,1,0,5,5,7,5,5,17300,1,1,0,5,5,7,5,5,17300,1,1,0,2025,3,6,7110000,12000000,1,1
202601,6,4.기타,상계역,11350,14,0,0,0,1,1,1,11,03,1,1,480,60,5,0,0,0,1,2,4,1,9,2,1,1,1,1,8,1,2,-1,1,S,969,2,1,2,4,3,7,4,3,10000,1,1,0,4,3,7,4,3,10000,1,1,0,4,3,7,4,3,10000,1,1,0,2025,3,10,12620000,7100000,1,3
202601,6,4.기타,상계역,11350,14,0,0,0,1,1,1,11,03,1,1,480,60,5,0,0,0,1,2,4,1,9,2,1,1,1,1,8,1,2,1,1,I,562,2,1,2,5,5,9,5,5,37200,1,1,0,5,5,9,5,5,37200,1,1,0,5,5,9,5,5,37200,1,1,0,2026,3,10,12620000,7100000,1,3
202601,6,4.기타,상계역,11350,14,0,0,0,1,1,1,11,03,1,1,480,60,5,0,0,0,1,2,4,1,9,2,1,1,1,1,8,1,2,2,1,N,759,2,1,2,5,4,7,5,4,16400,1,1,0,5,4,7,5,4,16400,1,1,0,5,4,7,5,4,16400,1,1,0,2025,3,9,12620000,7100000,1,3
202601,6,4.기타,상계역,11350,14,0,0,0,1,1,1,21,03,1,1,465,151,7,0,0,0,2,2,4,2,9,2,1,1,1,1,8,2,2,-1,1,S,949,4,1,4,4,4,4,4,4,5200,1,1,0,4,4,4,4,4,5200,1,1,0,4,4,4,4,4,5200,1,1,0,2025,3,4,8980000,5530000,1,1
202601,6,4.기타,상계역,11350,14,0,0,0,1,1,1,21,03,1,1,465,151,7,0,0,0,2,2,4,2,9,2,1,1,1,1,8,2,2,1,1,I,562,1,1,1,4,4,8,4,4,28900,1,1,0,4,4,8,4,4,28900,1,1,0,4,4,8,4,4,28900,1,1,0,2025,3,9,8980000,5530000,1,1
202601,6,4.기타,상계역,11350,14,0,0,0,1,1,1,21,03,1,1,465,151,7,0,0,0,2,2,4,2,9,2,1,1,1,1,8,2,2,1,1,I,561,2,1,3,6,5,8,6,5,28600,1,1,0,6,5,8,6,5,28600,1,1,0,6,5,8,6,5,28600,1,1,0,2024,3,5,8980000,5530000,1,1
202601,6,4.기타,상계역,11350,14,0,0,0,1,1,1,21,03,1,1,465,151,7,0,0,0,2,2,4,2,9,2,1,1,1,1,8,2,2,2,1,S,949,3,1,3,4,4,7,4,4,10500,1,1,0,4,4,7,4,4,10500,1,1,0,4,4,7,4,4,10500,1,1,0,2025,3,4,8980000,5530000,1,1
202601,6,4.기타,상계역,11350,14,0,0,0,1,1,1,11,03,1,1,417,186,9,0,0,0,1,2,4,1,10,2,1,1,1,1,8,1,2,-1,1,0,999,1,1,1,4,1,5,4,1,7400,1,1,0,4,1,5,4,1,7400,1,1,0,4,1,5,4,1,7400,1,1,0,2025,3,9,6740000,6510000,1,1
202601,6,4.기타,상계역,11350,14,0,0,0,1,1,1,11,03,1,1,417,186,9,0,0,0,1,2,4,1,10,2,1,1,1,1,8,1,2,1,1,I,561,2,1,2,6,5,9,6,5,31800,1,1,0,6,5,9,6,5,31800,1,1,0,6,5,9,6,5,31800,1,1,0,2025,3,10,6740000,6510000,1,1
202601,6,4.기타,상계역,11350,14,0,0,0,1,1,1,11,03,1,1,417,186,9,0,0,0,1,2,4,1,10,2,1,1,1,1,8,1,2,2,1,0,999,2,1,2,8,1,7,8,1,12500,1,1,0,8,1,7,8,1,12500,1,1,0,8,1,7,8,1,12500,1,1,0,2025,3,9,6740000,6510000,1,1
202601,6,4.기타,상계역,11350,14,0,0,0,1,1,1,11,03,1,1,426,125,6,0,0,0,2,2,4,1,10,2,1,1,1,1,8,2,2,-1,1,R,901,3,1,3,4,3,5,4,3,6900,1,1,0,4,3,5,4,3,6900,1,1,0,4,3,5,4,3,6900,1,1,0,2025,3,10,7970000,4800000,1,2
202601,6,4.기타,상계역,11350,14,0,0,0,1,1,1,11,03,1,1,426,125,6,0,0,0,2,2,4,1,10,2,1,1,1,1,8,2,2,1,1,L,682,1,1,1,4,4,8,4,4,21900,1,1,0,4,4,8,4,4,21900,1,1,0,4,4,8,4,4,21900,1,1,0,2026,3,10,7970000,4800000,1,2
202601,6,4.기타,상계역,11350,14,0,0,0,1,1,1,11,03,1,1,426,125,6,0,0,0,2,2,4,1,10,2,1,1,1,1,8,2,2,1,1,I,561,1,1,1,4,4,8,4,4,21900,1,1,0,4,4,8,4,4,21900,1,1,0,4,4,8,4,4,21900,1,1,0,2026,3,10,7970000,4800000,1,2
202601,6,4.기타,상계역,11350,14,0,0,0,1,1,1,11,03,1,1,426,125,6,0,0,0,2,2,4,1,10,2,1,1,1,1,8,2,2,2,1,0,999,2,1,2,7,1,5,7,1,8400,1,1,0,7,1,5,7,1,8400,1,1,0,7,1,5,7,1,8400,1,1,0,2024,3,9,7970000,4800000,1,2
202601,6,4.기타,상계역,11350,14,0,0,0,1,1,1,11,03,1,1,439,87,6,0,0,0,1,2,4,1,10,1,1,1,1,1,8,1,2,-1,1,I,562,2,1,2,4,3,6,4,3,8800,1,1,0,4,3,6,4,3,8800,1,1,0,4,3,6,4,3,8800,1,1,0,2026,3,10,8310000,5580000,1,1
202601,6,4.기타,상계역,11350,14,0,0,0,1,1,1,11,03,1,1,439,87,6,0,0,0,1,2,4,1,10,1,1,1,1,1,8,1,2,1,1,Q,869,1,1,1,4,3,8,4,3,20400,1,1,0,4,3,8,4,3,20400,1,1,0,4,3,8,4,3,20400,1,1,0,2025,3,7,8310000,5580000,1,1
202601,6,4.기타,상계역,11350,14,0,0,0,1,1,1,11,03,1,1,439,87,6,0,0,0,1,2,4,1,10,1,1,1,1,1,8,1,2,1,1,L,682,1,1,1,4,3,8,4,3,20400,1,1,0,4,3,8,4,3,20400,1,1,0,4,3,8,4,3,20400,1,1,0,2024,3,9,8310000,5580000,1,1
202601,6,4.기타,상계역,11350,14,0,0,0,1,1,1,11,03,1,1,439,87,6,0,0,0,1,2,4,1,10,1,1,1,1,1,8,1,2,2,2,0,999,2,1,2,1,1,1,8,1,11200,1,1,0,1,1,1,8,1,11200,1,1,0,1,1,1,8,1,11200,1,1,0,0,1,1,8310000,5580000,1,1
202601,6,4.기타,상계역,11350,15,0,0,0,1,0,7,32,03,5,1,25,38,7,0,0,0,1,1,1,1,10,1,1,1,1,1,8,1,2,1,1,S,961,1,1,1,4,5,10,4,5,66200,1,1,0,4,5,10,4,5,66200,1,1,0,4,5,10,4,5,66200,1,1,0,2024,3,9,13030000,26140000,1,2
202601,6,4.기타,상계역,11350,14,0,0,0,1,0,2,11,03,1,1,71,28,8,0,0,0,1,1,2,1,10,1,1,1,1,1,8,1,2,1,1,I,561,2,1,2,5,5,9,5,5,32200,1,1,0,5,5,9,5,5,32200,1,1,0,5,5,9,5,5,32200,1,1,0,2025,3,10,9290000,12120000,1,1
202601,6,4.기타,상계역,11350,14,0,0,0,1,0,1,11,03,1,1,120,110,8,0,0,0,1,1,2,1,9,1,1,1,1,1,8,1,2,1,1,0,999,1,1,1,4,3,8,4,3,26300,1,1,0,4,3,8,4,3,26300,1,1,0,4,3,8,4,3,26300,1,1,0,2024,3,8,14480000,14800000,1,2
202601,6,4.기타,상계역,11350,14,0,0,0,1,0,1,11,03,1,1,120,110,8,0,0,0,1,1,2,1,9,1,1,1,1,1,8,1,2,1,1,I,562,2,1,2,6,5,9,6,5,35700,1,1,0,6,5,9,6,5,35700,1,1,0,6,5,9,6,5,35700,1,1,0,2024,3,10,14480000,14800000,1,2
202601,6,4.기타,상계역,11350,14,0,0,0,1,0,1,12,04,1,1,64,32,8,0,0,0,1,1,2,1,10,1,1,1,1,1,8,1,2,1,1,I,562,2,1,2,6,5,9,6,5,38900,1,1,0,6,5,9,6,5,38900,1,1,0,6,5,9,6,5,38900,1,1,0,2025,2,9,9620000,10310000,1,2
202601,6,4.기타,상계역,11350,15,0,0,0,1,0,5,32,04,6,1,179,114,3,0,1,0,3,2,4,1,10,2,1,1,1,1,8,3,2,1,1,I,561,4,1,4,6,6,8,6,6,20900,1,1,0,6,6,8,6,6,20900,1,1,0,6,6,8,6,6,20900,1,1,0,2024,3,8,12230000,23510000,1,1
202601,6,4.기타,불광역,11380,16,0,0,0,1,1,2,21,03,1,1,300,300,7,0,0,0,2,2,4,1,9,2,1,1,1,1,8,2,3,-1,1,I,561,3,1,3,4,4,6,4,4,9900,1,1,0,4,4,6,4,4,9900,1,1,0,4,4,6,4,4,9900,1,1,0,2024,3,8,12000000,7540000,1,3
202601,6,4.기타,불광역,11380,16,0,0,0,1,1,2,21,03,1,1,300,300,7,0,0,0,2,2,4,1,9,2,1,1,1,1,8,2,3,1,1,I,561,2,1,2,6,5,9,6,5,37700,1,1,0,6,5,9,6,5,37700,1,1,0,6,5,9,6,5,37700,1,1,0,2024,3,8,12000000,7540000,1,3
202601,6,4.기타,불광역,11380,16,0,0,0,1,1,2,21,03,1,1,300,300,7,0,0,0,2,2,4,1,9,2,1,1,1,1,8,2,3,2,6,0,999,2,1,2,1,1,1,5,4,13200,1,1,1,1,1,1,5,4,13200,1,1,1,1,1,1,5,4,13200,1,1,1,0,1,1,12000000,7540000,1,3
202601,6,4.기타,불광역,11380,16,0,0,0,1,1,1,11,04,6,1,150,130,9,0,0,0,2,2,4,2,7,2,1,1,1,1,8,2,3,-1,1,I,561,2,1,2,3,3,4,3,3,8300,1,1,0,3,3,4,3,3,8300,1,1,0,3,3,4,3,3,8300,1,1,0,2023,5,9,10810000,7760000,1,3
202601,6,4.기타,불광역,11380,16,0,0,0,1,1,1,11,04,6,1,150,130,9,0,0,0,2,2,4,2,7,2,1,1,1,1,8,2,3,1,1,I,561,2,1,2,6,5,8,6,5,31600,1,1,0,6,5,8,6,5,31600,1,1,0,6,5,8,6,5,31600,1,1,0,2023,5,9,10810000,7760000,1,3
202601,6,4.기타,불광역,11380,16,0,0,0,1,1,1,11,04,6,1,150,130,9,0,0,0,2,2,4,2,7,2,1,1,1,1,8,2,3,2,1,I,561,2,1,2,4,4,7,5,4,15900,1,1,0,4,4,7,5,4,15900,1,1,0,4,4,7,5,4,15900,1,1,0,2023,5,9,10810000,7760000,1,3
202601,6,4.기타,불광역,11380,22,0,0,0,1,0,1,11,04,6,1,100,100,8,0,0,0,2,1,3,1,10,1,1,1,1,1,8,2,3,1,1,I,561,3,1,3,6,6,9,6,6,37700,1,1,0,6,6,9,6,6,37700,1,1,0,6,6,9,6,6,37700,1,1,0,2025,3,10,13070000,23480000,1,3
202601,6,4.기타,불광역,11380,14,0,0,0,1,0,1,51,03,1,1,200,150,8,0,0,0,1,1,2,1,10,1,1,1,1,1,8,1,3,1,1,S,961,2,1,2,5,5,8,5,5,26700,1,1,0,5,5,8,5,5,26700,1,1,0,5,5,8,5,5,26700,1,1,0,2025,3,10,8980000,11480000,1,3
202601,6,4.기타,연신내,11380,15,0,0,0,1,0,1,11,04,1,1,294,200,6,0,0,0,2,1,3,1,10,1,1,1,1,1,8,2,3,1,1,I,561,3,1,3,6,6,9,6,6,40700,1,1,0,6,6,9,6,6,40700,1,1,0,6,6,9,6,6,40700,1,1,0,2024,4,10,9620000,23480000,1,3
202601,6,4.기타,연신내,11380,22,0,0,0,1,0,1,11,04,6,1,198,180,6,0,0,0,2,2,4,1,10,2,1,1,1,1,8,2,3,1,1,I,561,4,1,4,6,6,10,6,7,51700,2,1,0,6,6,10,6,7,51700,2,1,0,6,6,10,6,7,51700,2,1,0,2024,3,8,15290000,25500000,1,3
202601,6,4.기타,연신내,11380,15,0,0,0,1,0,1,21,03,8,2,136,170,6,0,0,0,1,2,3,1,8,1,1,1,1,1,8,1,3,1,6,0,999,1,1,1,1,1,1,5,5,58400,1,1,1,1,1,1,5,5,58400,1,1,1,1,1,1,5,5,58400,1,1,1,0,1,1,13330000,9950000,1,3
202601,6,4.기타,연신내,11380,15,0,0,0,1,0,1,21,03,8,2,136,170,6,0,0,0,1,2,3,1,8,1,1,1,1,1,8,1,3,1,1,I,561,1,1,1,5,5,10,5,5,58300,1,1,0,5,5,10,5,5,58300,1,1,0,5,5,10,5,5,58300,1,1,0,2025,3,10,13330000,9950000,1,3
202601,6,4.기타,연신내,11380,15,0,0,0,1,0,1,21,03,8,2,136,170,6,0,0,0,1,2,3,1,8,1,1,1,1,1,8,1,3,1,1,G,472,1,1,1,5,5,10,5,5,58400,1,1,0,5,5,10,5,5,58400,1,1,0,5,5,10,5,5,58400,1,1,0,2026,3,10,13330000,9950000,1,3
202601,6,4.기타,연신내,11380,15,0,0,0,1,0,1,21,03,8,2,136,170,6,0,0,0,1,2,3,1,8,1,1,1,1,1,8,1,3,2,1,S,969,2,1,2,5,5,8,5,5,27400,1,1,0,5,5,8,5,5,27400,1,1,0,5,5,8,5,5,27400,1,1,0,2025,2,9,13330000,9950000,1,3
202601,6,4.기타,연신내,11380,14,0,0,0,1,0,4,42,03,6,2,310,350,6,0,0,0,2,2,4,1,9,2,1,1,1,1,8,2,3,1,1,I,561,2,1,2,6,6,9,6,6,37100,1,1,0,6,6,9,6,6,37100,1,1,0,6,6,9,6,6,37100,1,1,0,2024,3,10,10830000,9090000,1,3
202601,6,4.기타,연신내,11380,14,0,0,0,1,0,4,42,03,6,2,310,350,6,0,0,0,2,2,4,1,9,2,1,1,1,1,8,2,3,2,1,S,961,2,1,2,4,4,7,4,4,16400,1,1,0,4,4,7,4,4,16400,1,1,0,4,4,7,4,4,16400,1,1,0,2025,3,10,10830000,9090000,1,3
202601,6,4.기타,연신내,11380,14,0,0,0,1,0,1,12,04,1,1,310,350,7,0,0,0,1,1,2,1,10,1,1,1,1,1,8,1,3,1,1,I,561,2,1,2,6,5,9,6,5,39500,1,1,0,6,5,9,6,5,39500,1,1,0,6,5,9,6,5,39500,1,1,0,2026,3,10,10490000,10390000,1,3
202601,6,4.기타,연신내,11380,14,0,0,0,1,1,2,11,04,1,1,253,280,6,0,0,0,2,2,4,2,8,2,1,1,1,1,8,2,3,-1,1,I,561,2,1,3,3,3,5,4,4,11700,1,1,0,3,3,5,4,4,11700,1,1,0,3,3,5,4,4,11700,1,1,0,2024,5,10,10770000,7340000,1,3
202601,6,4.기타,연신내,11380,14,0,0,0,1,1,2,11,04,1,1,253,280,6,0,0,0,2,2,4,2,8,2,1,1,1,1,8,2,3,1,1,I,561,2,1,3,7,6,9,7,6,50400,1,1,0,7,6,9,7,6,50400,1,1,0,7,6,9,7,6,50400,1,1,0,2024,5,10,10770000,7340000,1,3
202601,6,4.기타,연신내,11380,14,0,0,0,1,1,2,11,04,1,1,253,280,6,0,0,0,2,2,4,2,8,2,1,1,1,1,8,2,3,2,1,I,561,2,1,3,6,5,9,6,5,30000,1,1,0,6,5,9,6,5,30000,1,1,0,6,5,9,6,5,30000,1,1,0,2024,5,10,10770000,7340000,1,3
202601,6,4.기타,연신내,11380,14,0,0,0,1,1,1,11,04,5,2,249,270,7,0,0,0,2,2,4,1,9,2,1,1,1,1,8,2,3,-1,6,0,999,1,1,1,1,1,1,3,3,15500,1,1,1,1,1,1,3,3,15500,1,1,1,1,1,1,3,3,15500,1,1,1,0,1,1,11380000,10430000,1,3
202601,6,4.기타,연신내,11380,14,0,0,0,1,1,1,11,04,5,2,249,270,7,0,0,0,2,2,4,1,9,2,1,1,1,1,8,2,3,1,1,G,478,1,1,1,6,5,10,6,5,65800,1,1,0,6,5,10,6,5,65800,1,1,0,6,5,10,6,5,65800,1,1,0,2025,3,9,11380000,10430000,1,3
202601,6,4.기타,연신내,11380,14,0,0,0,1,1,1,11,04,5,2,249,270,7,0,0,0,2,2,4,1,9,2,1,1,1,1,8,2,3,1,6,0,999,1,1,1,1,1,1,6,5,64700,1,1,1,1,1,1,6,5,64700,1,1,1,1,1,1,6,5,64700,1,1,1,0,1,1,11380000,10430000,1,3
202601,6,4.기타,연신내,11380,14,0,0,0,1,1,1,11,04,5,2,249,270,7,0,0,0,2,2,4,1,9,2,1,1,1,1,8,2,3,1,1,G,478,2,1,2,6,5,10,6,6,58400,1,1,0,6,5,10,6,6,58400,1,1,0,6,5,10,6,6,58400,1,1,0,2025,3,8,11380000,10430000,1,3
202601,6,4.기타,연신내,11380,14,0,0,0,1,1,1,11,04,5,2,249,270,7,0,0,0,2,2,4,1,9,2,1,1,1,1,8,2,3,1,1,I,562,1,1,1,6,5,10,6,5,70600,1,1,0,6,5,10,6,5,70600,1,1,0,6,5,10,6,5,70600,1,1,0,2025,3,9,11380000,10430000,1,3
202601,6,4.기타,연신내,11380,14,0,0,0,1,1,1,11,04,5,2,249,270,7,0,0,0,2,2,4,1,9,2,1,1,1,1,8,2,3,2,1,0,999,3,1,4,6,5,8,6,5,20800,1,1,0,6,5,8,6,5,20800,1,1,0,6,5,8,6,5,20800,1,1,0,2026,3,9,11380000,10430000,1,3
202601,6,4.기타,연신내,11380,14,0,0,0,1,0,1,11,03,6,2,233,270,8,0,1,0,2,2,4,2,8,2,1,1,1,1,8,2,3,1,1,I,562,3,1,4,7,6,9,7,6,33200,1,1,0,7,6,9,7,6,33200,1,1,0,7,6,9,7,6,33200,1,1,0,2025,3,10,10150000,9150000,1,3
202601,6,4.기타,연신내,11380,14,0,0,0,1,0,1,11,03,6,2,233,270,8,0,1,0,2,2,4,2,8,2,1,1,1,1,8,2,3,2,1,I,562,3,1,4,5,5,7,5,5,15700,1,1,0,5,5,7,5,5,15700,1,1,0,5,5,7,5,5,15700,1,1,0,2025,3,10,10150000,9150000,1,3
202601,6,4.기타,연신내,11380,14,0,0,0,1,1,1,11,04,1,1,222,270,8,0,0,0,2,2,4,1,9,2,1,1,1,1,8,2,3,-1,1,I,562,1,1,1,3,3,7,3,3,13000,1,1,0,3,3,7,3,3,13000,1,1,0,3,3,7,3,3,13000,1,1,0,2025,3,7,10290000,13930000,1,3
202601,6,4.기타,연신내,11380,14,0,0,0,1,1,1,11,04,1,1,222,270,8,0,0,0,2,2,4,1,9,2,1,1,1,1,8,2,3,1,1,I,562,3,1,3,6,6,9,7,6,37900,1,1,0,6,6,9,7,6,37900,1,1,0,6,6,9,7,6,37900,1,1,0,2025,3,7,10290000,13930000,1,3
202601,6,4.기타,연신내,11380,14,0,0,0,1,1,1,11,04,1,1,222,270,8,0,0,0,2,2,4,1,9,2,1,1,1,1,8,2,3,2,1,I,562,2,1,2,5,4,8,5,5,26300,1,1,0,5,4,8,5,5,26300,1,1,0,5,4,8,5,5,26300,1,1,0,2025,3,7,10290000,13930000,1,3
202601,6,4.기타,연신내,11380,15,0,0,0,1,0,1,11,04,1,1,181,200,7,0,0,0,2,2,4,1,10,2,1,1,1,1,8,2,3,1,6,0,999,2,1,2,1,1,1,5,5,34100,1,1,1,1,1,1,5,5,34100,1,1,1,1,1,1,5,5,34100,1,1,1,0,1,1,12550000,11780000,1,3
202601,6,4.기타,연신내,11380,15,0,0,0,1,0,1,11,04,1,1,181,200,7,0,0,0,2,2,4,1,10,2,1,1,1,1,8,2,3,1,1,G,474,2,1,2,5,5,9,5,5,33000,2,1,0,5,5,9,5,5,33000,2,1,0,5,5,9,5,5,33000,2,1,0,2026,3,5,12550000,11780000,1,3
202601,6,4.기타,연신내,11380,15,0,0,0,1,0,1,11,04,1,1,181,200,7,0,0,0,2,2,4,1,10,2,1,1,1,1,8,2,3,2,1,I,561,3,1,3,5,5,7,5,5,21400,2,1,0,5,5,7,5,5,21400,2,1,0,5,5,7,5,5,21400,2,1,0,2025,3,6,12550000,11780000,1,3
202601,6,4.기타,불광역,11380,22,0,0,0,1,0,1,11,03,1,1,200,200,1,0,0,0,1,1,2,1,10,1,1,1,1,1,8,1,3,1,1,I,561,1,1,1,5,4,10,5,5,63800,1,1,0,5,4,10,5,5,63800,1,1,0,5,4,10,5,5,63800,1,1,0,2024,3,8,21540000,40760000,1,3
202601,6,4.기타,불광역,11380,22,0,0,0,1,0,1,11,03,1,1,200,200,1,0,0,0,1,1,2,1,10,1,1,1,1,1,8,1,3,1,1,I,561,1,1,1,5,4,10,5,5,63800,1,1,0,5,4,10,5,5,63800,1,1,0,5,4,10,5,5,63800,1,1,0,2026,3,6,21540000,40760000,1,3
202601,6,4.기타,불광역,11380,22,0,0,0,1,0,6,21,04,6,1,140,250,8,0,0,0,1,1,2,1,9,1,1,1,1,1,8,1,3,1,1,I,561,1,1,2,5,5,9,5,5,37500,1,1,0,5,5,9,5,5,37500,1,1,0,5,5,9,5,5,37500,1,1,0,2025,3,9,16390000,17680000,1,3
202601,6,4.기타,불광역,11380,22,0,0,0,1,0,6,21,04,6,1,140,250,8,0,0,0,1,1,2,1,9,1,1,1,1,1,8,1,3,2,1,S,949,1,1,1,4,3,7,4,3,17600,1,1,0,4,3,7,4,3,17600,1,1,0,4,3,7,4,3,17600,1,1,0,2026,4,10,16390000,17680000,1,3
202601,6,4.기타,불광역,11380,22,0,0,0,1,0,1,51,04,6,1,130,70,8,0,0,0,2,1,3,1,10,1,1,1,1,1,8,2,3,1,1,I,561,2,1,2,6,5,9,6,5,42100,1,1,0,6,5,9,6,5,42100,1,1,0,6,5,9,6,5,42100,1,1,0,2025,3,6,16550000,28050000,1,3
202601,6,4.기타,불광역,11380,22,0,0,0,1,0,1,51,04,6,1,130,70,8,0,0,0,2,1,3,1,10,1,1,1,1,1,8,2,3,1,1,I,561,2,1,2,6,5,9,6,5,41100,1,1,0,6,5,9,6,5,41100,1,1,0,6,5,9,6,5,41100,1,1,0,2025,3,10,16550000,28050000,1,3
202601,6,4.기타,불광역,11380,22,0,0,0,1,0,1,12,03,1,1,30,120,6,0,0,0,1,1,3,1,9,1,1,1,1,1,8,1,3,1,6,0,999,2,1,2,1,1,1,5,5,45900,1,1,1,1,1,1,5,5,45900,1,1,1,1,1,1,5,5,45900,1,1,1,0,1,1,15360000,10960000,1,3
202601,6,4.기타,불광역,11380,22,0,0,0,1,0,1,12,03,1,1,30,120,6,0,0,0,1,1,3,1,9,1,1,1,1,1,8,1,3,2,1,0,999,2,1,2,4,4,7,4,4,12800,1,1,0,4,4,7,4,4,12800,1,1,0,4,4,7,4,4,12800,1,1,0,2024,3,9,15360000,10960000,1,3
202601,6,3.영등포신촌,신촌/이대,11410,22,0,0,0,1,0,3,51,03,1,1,480,150,10,0,0,0,1,1,2,1,10,1,1,1,1,1,8,1,3,1,1,I,562,2,1,2,6,5,9,6,5,31600,1,1,0,6,5,9,6,5,31600,1,1,0,6,5,9,6,5,31600,1,1,0,2025,4,9,14810000,27240000,1,2
202601,6,3.영등포신촌,신촌/이대,11410,22,0,0,0,1,0,1,51,04,1,1,92,500,10,0,0,0,2,1,2,1,10,1,1,1,1,1,8,2,3,1,6,0,999,2,1,3,1,1,1,7,5,32200,1,1,1,1,1,1,7,5,32200,1,1,1,1,1,1,7,5,32200,1,1,1,0,1,1,15290000,25790000,1,2
202601,6,3.영등포신촌,신촌/이대,11410,22,0,0,0,1,0,1,51,04,1,1,200,200,10,0,0,0,1,1,2,1,10,1,1,1,1,1,8,1,3,1,1,I,561,1,1,1,4,4,9,4,4,38600,1,1,0,4,4,9,4,4,38600,1,1,0,4,4,9,4,4,38600,1,1,0,2025,3,10,10370000,19020000,1,3
202601,6,3.영등포신촌,신촌/이대,11410,22,0,0,0,1,0,1,51,04,1,1,200,200,10,0,0,0,1,1,2,1,10,1,1,1,1,1,8,1,3,1,1,I,561,1,1,1,4,4,9,4,4,38700,1,1,0,4,4,9,4,4,38700,1,1,0,4,4,9,4,4,38700,1,1,0,2025,3,10,10370000,19020000,1,3
202601,6,3.영등포신촌,신촌/이대,11410,22,0,0,0,1,0,1,51,04,4,1,200,200,8,0,0,0,1,1,1,1,10,1,1,1,1,1,8,1,3,1,1,I,561,1,1,1,5,5,9,5,5,41400,1,1,0,5,5,9,5,5,41400,1,1,0,5,5,9,5,5,41400,1,1,0,2025,3,9,21160000,55020000,1,1
202601,6,3.영등포신촌,신촌/이대,11410,22,0,0,0,1,0,1,51,03,1,1,250,200,6,0,0,0,1,1,2,1,10,1,1,1,1,1,8,1,3,1,1,M,713,2,1,2,5,5,9,5,5,40700,1,1,0,5,5,9,5,5,40700,1,1,0,5,5,9,5,5,40700,1,1,0,2025,2,8,21050000,33690000,1,2
202601,6,3.영등포신촌,신촌/이대,11410,14,0,0,0,1,0,4,51,04,6,1,356,없음,8,0,0,0,2,1,3,1,10,1,1,1,1,1,8,2,3,1,1,I,561,3,1,3,6,6,9,7,6,38900,1,1,0,6,6,9,7,6,38900,1,1,0,6,6,9,7,6,38900,1,1,0,2024,3,9,12160000,21900000,1,2
202601,6,3.영등포신촌,신촌/이대,11410,15,0,0,0,1,0,1,51,04,1,1,500,300,8,0,0,0,1,1,2,1,10,1,1,1,1,1,8,1,3,1,1,I,561,2,1,2,6,5,8,6,5,28200,1,1,0,6,5,8,6,5,28200,1,1,0,6,5,8,6,5,28200,1,1,0,2024,3,8,11350000,20720000,1,2
202601,6,3.영등포신촌,신촌/이대,11410,15,0,0,0,1,0,1,11,03,1,1,270,230,5,0,0,0,1,2,4,1,10,2,1,1,1,1,8,1,3,1,1,I,561,2,1,2,7,6,12,7,6,100000,1,1,0,7,6,12,7,6,100000,1,1,0,7,6,12,7,6,100000,1,1,0,2024,3,8,40900000,23970000,1,2
202601,6,3.영등포신촌,신촌/이대,11410,15,0,0,0,1,0,1,11,03,1,1,270,230,5,0,0,0,1,2,4,1,10,2,1,1,1,1,8,1,3,2,1,J,612,2,1,2,5,5,8,5,5,29700,1,1,0,5,5,8,5,5,29700,1,1,0,5,5,8,5,5,29700,1,1,0,2025,3,9,40900000,23970000,1,2
202601,6,3.영등포신촌,신촌/이대,11410,14,0,0,0,1,0,1,11,04,1,1,266,없음,8,0,0,0,1,1,2,1,9,1,1,1,1,1,8,1,3,1,1,I,561,2,1,2,7,5,9,7,5,45200,1,1,0,7,5,9,7,5,45200,1,1,0,7,5,9,7,5,45200,1,1,0,2025,2,9,11410000,17360000,1,3
202601,6,3.영등포신촌,신촌/이대,11410,15,0,0,0,1,0,1,11,03,1,1,400,300,6,0,0,0,2,1,2,1,10,1,1,1,1,1,8,2,3,1,1,L,682,1,1,1,4,3,7,4,3,16800,1,1,0,4,3,7,4,3,16800,1,1,0,4,3,7,4,3,16800,1,1,0,2025,3,8,21450000,55050000,1,3
202601,6,3.영등포신촌,신촌/이대,11410,15,0,0,0,1,0,1,11,03,1,1,400,300,6,0,0,0,2,1,2,1,10,1,1,1,1,1,8,2,3,1,1,I,562,1,1,1,4,3,7,4,3,18300,1,1,0,4,3,7,4,3,18300,1,1,0,4,3,7,4,3,18300,1,1,0,2026,2,8,21450000,55050000,1,3
202601,6,3.영등포신촌,신촌/이대,11410,22,0,0,0,1,0,1,51,03,1,1,190,350,6,0,0,0,1,1,2,1,10,1,1,1,1,1,8,1,3,1,1,G,471,2,1,2,7,5,10,7,5,48100,1,1,0,7,5,10,7,5,48100,1,1,0,7,5,10,7,5,48100,1,1,0,2025,3,10,35240000,64950000,1,1
202601,6,3.영등포신촌,신촌/이대,11410,15,0,0,0,1,1,2,21,03,1,1,398,없음,6,0,0,0,1,2,4,1,9,1,1,1,1,1,8,1,3,-1,6,0,999,2,1,2,1,1,1,4,4,12900,1,1,1,1,1,1,4,4,12900,1,1,1,1,1,1,4,4,12900,1,1,1,0,1,1,20940000,13460000,1,3
202601,6,3.영등포신촌,신촌/이대,11410,15,0,0,0,1,1,2,21,03,1,1,398,없음,6,0,0,0,1,2,4,1,9,1,1,1,1,1,8,1,3,1,1,S,969,2,1,2,6,5,9,6,5,45500,1,1,0,6,5,9,6,5,45500,1,1,0,6,5,9,6,5,45500,1,1,0,2025,3,9,20940000,13460000,1,3
202601,6,3.영등포신촌,신촌/이대,11410,15,0,0,0,1,1,2,21,03,1,1,398,없음,6,0,0,0,1,2,4,1,9,1,1,1,1,1,8,1,3,2,6,0,999,2,1,2,1,1,1,5,4,20700,1,1,1,1,1,1,5,4,20700,1,1,1,1,1,1,5,4,20700,1,1,1,0,1,1,20940000,13460000,1,3
202601,6,3.영등포신촌,신촌/이대,11410,14,0,0,0,1,0,1,51,04,1,1,100,100,8,0,0,0,1,1,1,1,10,1,1,1,1,1,8,1,3,1,1,I,561,1,1,2,6,4,8,6,4,26400,1,1,0,6,4,8,6,4,26400,1,1,0,6,4,8,6,4,26400,1,1,0,2025,3,7,12660000,37540000,1,3
202601,6,3.영등포신촌,신촌/이대,11410,14,0,0,0,1,0,1,51,04,1,1,100,100,8,0,0,0,1,1,2,1,10,1,1,1,1,1,8,1,3,1,1,I,561,2,1,2,6,4,9,6,4,33300,1,1,0,6,4,9,6,4,33300,1,1,0,6,4,9,6,4,33300,1,1,0,2024,3,10,12660000,14270000,1,4
202601,6,0.비상권,0.비상권,11410,15,0,0,0,1,0,1,11,03,1,1,없음,96,4,0,0,0,1,1,3,1,10,1,1,1,1,1,8,1,3,1,1,I,562,2,1,2,6,6,10,6,6,52000,1,1,0,6,6,10,6,6,52000,1,1,0,6,6,10,6,6,52000,1,1,0,2025,3,9,7940000,7270000,1,2
202601,6,0.비상권,0.비상권,11410,15,0,0,0,1,0,1,11,03,1,1,없음,96,4,0,0,0,1,1,3,1,10,1,1,1,1,1,8,1,3,2,1,I,562,2,1,2,6,4,8,6,4,29200,1,1,0,6,4,8,6,4,29200,1,1,0,6,4,8,6,4,29200,1,1,0,2025,3,9,7940000,7270000,1,2
202601,6,0.비상권,0.비상권,11410,15,0,0,0,1,1,1,21,04,1,1,없음,70,2,0,0,0,2,2,4,2,9,2,2,1,1,1,8,2,3,-1,1,I,561,1,1,1,1,3,6,1,3,8600,1,1,0,1,3,6,1,3,8600,1,1,0,1,3,6,1,3,8600,1,1,0,2024,4,10,11700000,6180000,2,2
202601,6,0.비상권,0.비상권,11410,15,0,0,0,1,1,1,21,04,1,1,없음,70,2,0,0,0,2,2,4,2,9,2,2,1,1,1,8,2,3,1,1,I,561,2,1,3,6,5,8,6,6,29800,1,1,0,6,5,8,6,6,29800,1,1,0,6,5,8,6,6,29800,1,1,0,2024,4,10,11700000,6180000,2,2
202601,6,0.비상권,0.비상권,11410,15,0,0,0,1,1,1,21,04,1,1,없음,70,2,0,0,0,2,2,4,2,9,2,2,1,1,1,8,2,3,1,1,I,561,2,1,2,6,5,9,6,6,35400,1,1,0,6,5,9,6,6,35400,1,1,0,6,5,9,6,6,35400,1,1,0,2024,4,10,11700000,6180000,2,2
202601,6,0.비상권,0.비상권,11410,15,0,0,0,1,1,1,21,04,1,1,없음,70,2,0,0,0,2,2,4,2,9,2,2,1,1,1,8,2,3,2,6,0,999,4,1,4,1,1,1,6,6,23700,1,1,1,1,1,1,6,6,23700,1,1,1,1,1,1,6,6,23700,1,1,1,0,1,1,11700000,6180000,2,2
202601,6,0.비상권,0.비상권,11410,11,0,0,0,1,1,1,11,03,6,1,없음,260,9,1,0,0,2,2,4,1,10,2,1,1,1,1,8,2,3,-1,1,I,561,2,1,3,1,3,4,1,3,4400,1,1,0,1,3,4,1,3,4400,1,1,0,1,3,4,1,3,4400,1,1,0,2024,3,10,6580000,4820000,1,1
202601,6,0.비상권,0.비상권,11410,11,0,0,0,1,1,1,11,03,6,1,없음,260,9,1,0,0,2,2,4,1,10,2,1,1,1,1,8,2,3,1,1,I,561,4,1,4,6,6,9,6,6,32900,1,1,0,6,6,9,6,6,32900,1,1,0,6,6,9,6,6,32900,1,1,0,2024,3,10,6580000,4820000,1,1
202601,6,0.비상권,0.비상권,11410,11,0,0,0,1,1,1,11,03,6,1,없음,260,9,1,0,0,2,2,4,1,10,2,1,1,1,1,8,2,3,2,1,I,561,3,1,3,6,6,9,6,6,31700,1,1,0,6,6,9,6,6,31700,1,1,0,6,6,9,6,6,31700,1,1,0,2024,3,10,6580000,4820000,1,1
202601,6,0.비상권,0.비상권,11410,14,0,0,0,1,1,1,11,03,1,1,없음,100,6,0,0,0,2,2,4,1,10,2,1,1,1,1,8,2,3,-1,1,I,561,3,1,3,5,3,5,5,4,6800,1,1,0,5,3,5,5,4,6800,1,1,0,5,3,5,5,4,6800,1,1,0,2025,3,5,9630000,7700000,1,1
202601,6,0.비상권,0.비상권,11410,14,0,0,0,1,1,1,11,03,1,1,없음,100,6,0,0,0,2,2,4,1,10,2,1,1,1,1,8,2,3,1,1,I,561,4,1,4,7,5,7,7,5,16800,1,1,0,7,5,7,7,5,16800,1,1,0,7,5,7,7,5,16800,1,1,0,2024,3,7,9630000,7700000,1,1
202601,6,0.비상권,0.비상권,11410,14,0,0,0,1,1,1,11,03,1,1,없음,100,6,0,0,0,2,2,4,1,10,2,1,1,1,1,8,2,3,2,1,I,561,3,1,3,5,4,6,5,4,8600,1,1,0,5,4,6,5,4,8600,1,1,0,5,4,6,5,4,8600,1,1,0,2024,3,7,9630000,7700000,1,1
202601,6,0.비상권,0.비상권,11410,11,0,0,0,1,1,1,11,03,6,2,없음,200,8,0,0,0,2,2,4,1,10,1,1,1,1,1,8,2,3,-1,1,I,562,1,1,1,1,3,7,1,3,17400,1,1,0,1,3,7,1,3,17400,1,1,0,1,3,7,1,3,17400,1,1,0,2025,3,10,10160000,9030000,1,3
202601,6,0.비상권,0.비상권,11410,11,0,0,0,1,1,1,11,03,6,2,없음,200,8,0,0,0,2,2,4,1,10,1,1,1,1,1,8,2,3,1,1,I,562,2,1,2,6,5,9,6,5,36700,1,1,0,6,5,9,6,5,36700,1,1,0,6,5,9,6,5,36700,1,1,0,2025,3,10,10160000,9030000,1,3
202601,6,0.비상권,0.비상권,11410,11,0,0,0,1,1,1,11,03,6,2,없음,200,8,0,0,0,2,2,4,1,10,1,1,1,1,1,8,2,3,2,2,0,999,2,1,2,1,1,1,8,1,25500,1,1,0,1,1,1,8,1,25500,1,1,0,1,1,1,8,1,25500,1,1,0,0,1,1,10160000,9030000,1,3
202601,6,0.비상권,0.비상권,11410,13,0,0,0,1,1,1,11,03,3,1,없음,100,9,0,0,0,3,2,4,1,10,2,1,1,1,1,8,3,3,-1,1,I,561,2,1,2,5,4,7,5,4,16500,1,1,0,5,4,7,5,4,16500,1,1,0,5,4,7,5,4,16500,1,1,0,2024,3,9,9860000,14250000,1,1
202601,6,0.비상권,0.비상권,11410,13,0,0,0,1,1,1,11,03,3,1,없음,100,9,0,0,0,3,2,4,1,10,2,1,1,1,1,8,3,3,-1,1,I,561,2,1,2,5,4,7,5,4,16900,1,1,0,5,4,7,5,4,16900,1,1,0,5,4,7,5,4,16900,1,1,0,2026,3,10,9860000,14250000,1,1
202601,6,0.비상권,0.비상권,11410,13,0,0,0,1,1,1,11,03,3,1,없음,100,9,0,0,0,3,2,4,1,10,2,1,1,1,1,8,3,3,1,1,I,561,4,1,4,7,6,9,7,6,37400,1,1,0,7,6,9,7,6,37400,1,1,0,7,6,9,7,6,37400,1,1,0,2024,3,6,9860000,14250000,1,1
202601,6,0.비상권,0.비상권,11410,13,0,0,0,1,1,1,11,03,3,1,없음,100,9,0,0,0,3,2,4,1,10,2,1,1,1,1,8,3,3,2,1,I,562,3,1,3,6,6,9,6,6,31900,1,1,0,6,6,9,6,6,31900,1,1,0,6,6,9,6,6,31900,1,1,0,2024,3,10,9860000,14250000,1,1
202601,6,0.비상권,0.비상권,11410,13,0,0,0,1,1,1,11,03,5,1,없음,142,4,0,0,0,2,2,4,1,10,2,1,1,1,1,8,2,3,-1,1,I,561,3,1,3,5,4,6,5,4,8500,1,1,0,5,4,6,5,4,8500,1,1,0,5,4,6,5,4,8500,1,1,0,2024,3,5,10940000,7860000,1,1
202601,6,0.비상권,0.비상권,11410,13,0,0,0,1,1,1,11,03,5,1,없음,142,4,0,0,0,2,2,4,1,10,2,1,1,1,1,8,2,3,1,1,I,561,3,1,3,6,5,8,6,5,24800,1,1,0,6,5,8,6,5,24800,1,1,0,6,5,8,6,5,24800,1,1,0,2024,3,5,10940000,7860000,1,1
202601,6,0.비상권,0.비상권,11410,13,0,0,0,1,1,1,11,03,5,1,없음,142,4,0,0,0,2,2,4,1,10,2,1,1,1,1,8,2,3,2,1,I,561,3,1,3,6,4,7,6,4,14700,1,1,0,6,4,7,6,4,14700,1,1,0,6,4,7,6,4,14700,1,1,0,2024,3,5,10940000,7860000,1,1
202601,6,3.영등포신촌,공덕역,11440,14,0,0,0,1,0,1,51,04,1,1,500,300,10,0,0,0,2,1,2,1,10,1,1,1,1,1,8,2,3,1,6,0,999,2,1,2,1,1,1,5,5,23900,1,1,1,1,1,1,5,5,23900,1,1,1,1,1,1,5,5,23900,1,1,1,0,1,1,10640000,22890000,1,2
202601,6,3.영등포신촌,공덕역,11440,14,0,0,0,1,0,1,11,03,10,1,400,200,6,0,0,0,1,1,2,1,10,1,1,1,1,1,8,1,3,1,1,I,561,2,1,2,4,5,9,4,5,33400,1,1,0,4,5,9,4,5,33400,1,1,0,4,5,9,4,5,33400,1,1,0,2024,3,7,15860000,17320000,1,3
202601,6,3.영등포신촌,공덕역,11440,14,0,0,0,1,0,1,51,04,6,1,400,200,7,0,0,0,1,1,1,1,10,1,1,1,1,1,8,1,3,1,1,I,562,1,1,1,5,5,10,5,5,62900,1,1,0,5,5,10,5,5,62900,1,1,0,5,5,10,5,5,62900,1,1,0,2026,3,9,15700000,21040000,1,3
202601,6,3.영등포신촌,공덕역,11440,14,0,0,0,1,0,1,51,04,1,1,400,200,7,0,0,0,1,1,2,1,10,1,1,1,1,1,8,1,3,1,1,I,561,2,1,2,6,6,11,6,6,70700,1,1,0,6,6,11,6,6,70700,1,1,0,6,6,11,6,6,70700,1,1,0,2024,3,9,16670000,29540000,1,2
202601,6,3.영등포신촌,공덕역,11440,14,0,0,0,1,0,3,51,04,1,1,400,200,7,0,0,0,2,1,2,1,10,1,1,1,1,1,8,2,3,1,1,I,561,2,1,2,6,6,10,6,6,56400,1,1,0,6,6,10,6,6,56400,1,1,0,6,6,10,6,6,56400,1,1,0,2024,3,10,16660000,35210000,1,3
202601,6,3.영등포신촌,공덕역,11440,14,0,0,0,1,0,1,11,04,1,1,515,없음,8,0,0,0,1,1,2,1,9,1,1,1,1,1,8,1,3,1,1,I,561,1,1,2,5,5,9,5,5,42600,1,1,0,5,5,9,5,5,42600,1,1,0,5,5,9,5,5,42600,1,1,0,2025,3,10,15690000,13710000,1,3
202601,6,3.영등포신촌,공덕역,11440,14,0,0,0,1,0,1,11,04,1,1,515,없음,8,0,0,0,1,1,2,1,9,1,1,1,1,1,8,1,3,2,1,I,561,1,1,2,4,3,7,4,3,12900,1,1,0,4,3,7,4,3,12900,1,1,0,4,3,7,4,3,12900,1,1,0,2025,3,10,15690000,13710000,1,3
202601,6,3.영등포신촌,공덕역,11440,14,0,0,0,1,0,1,11,04,6,1,493,없음,6,0,0,0,2,2,4,1,10,2,1,1,1,1,8,2,3,1,1,I,561,3,1,3,7,6,9,7,6,41400,1,1,0,7,6,9,7,6,41400,1,1,0,7,6,9,7,6,41400,1,1,0,2025,3,7,17550000,18560000,1,2
202601,6,3.영등포신촌,공덕역,11440,14,0,0,0,1,0,1,11,04,6,1,493,없음,6,0,0,0,2,2,4,1,10,2,1,1,1,1,8,2,3,2,1,I,561,3,1,3,6,5,8,6,6,28600,1,1,0,6,5,8,6,6,28600,1,1,0,6,5,8,6,6,28600,1,1,0,2025,3,7,17550000,18560000,1,2
202601,6,3.영등포신촌,공덕역,11440,14,0,0,0,1,0,4,11,04,8,2,300,100,8,0,0,0,1,1,3,1,10,1,1,1,1,1,8,1,3,1,1,I,562,2,1,2,6,5,9,6,5,32300,1,1,0,6,5,9,6,5,32300,1,1,0,6,5,9,6,5,32300,1,1,0,2025,3,8,19130000,16510000,1,2
202601,6,3.영등포신촌,공덕역,11440,14,0,0,0,1,0,4,11,04,8,2,300,100,8,0,0,0,1,1,3,1,10,1,1,1,1,1,8,1,3,2,1,I,562,2,1,2,4,3,7,4,3,11500,1,1,0,4,3,7,4,3,11500,1,1,0,4,3,7,4,3,11500,1,1,0,2025,3,8,19130000,16510000,1,2
202601,6,3.영등포신촌,공덕역,11440,14,0,0,0,1,1,1,11,04,8,2,50,50,4,0,0,0,1,2,4,1,10,2,1,1,1,1,8,1,3,-1,6,0,999,1,1,1,1,1,1,4,3,18500,1,1,1,1,1,1,4,3,18500,1,1,1,1,1,1,4,3,18500,1,1,1,0,1,1,32230000,17950000,1,2
202601,6,3.영등포신촌,공덕역,11440,14,0,0,0,1,1,1,11,04,8,2,50,50,4,0,0,0,1,2,4,1,10,2,1,1,1,1,8,1,3,1,1,I,561,1,1,1,6,6,12,6,6,126500,1,1,0,6,6,12,6,6,126500,1,1,0,6,6,12,6,6,126500,1,1,0,2024,3,8,32230000,17950000,1,2
202601,6,3.영등포신촌,공덕역,11440,14,0,0,0,1,1,1,11,04,8,2,50,50,4,0,0,0,1,2,4,1,10,2,1,1,1,1,8,1,3,1,1,G,471,2,1,2,6,6,11,6,6,73000,1,1,0,6,6,11,6,6,73000,1,1,0,6,6,11,6,6,73000,1,1,0,2024,3,9,32230000,17950000,1,2
202601,6,3.영등포신촌,공덕역,11440,14,0,0,0,1,1,1,11,04,8,2,50,50,4,0,0,0,1,2,4,1,10,2,1,1,1,1,8,1,3,2,1,I,561,2,1,3,6,6,9,6,6,44500,1,1,0,6,6,9,6,6,44500,1,1,0,6,6,9,6,6,44500,1,1,0,2024,3,8,32230000,17950000,1,2
202601,6,3.영등포신촌,공덕역,11440,22,0,0,0,1,0,1,11,04,1,1,120,40,6,0,0,0,1,2,4,1,10,2,1,1,1,1,8,1,3,1,1,I,562,3,1,3,7,6,10,7,6,56500,1,1,0,7,6,10,7,6,56500,1,1,0,7,6,10,7,6,56500,1,1,0,2024,3,8,34890000,19510000,1,3
202601,6,3.영등포신촌,공덕역,11440,22,0,0,0,1,0,1,11,04,1,1,120,40,6,0,0,0,1,2,4,1,10,2,1,1,1,1,8,1,3,2,1,I,561,3,1,3,6,6,9,6,6,33000,1,1,0,6,6,9,6,6,33000,1,1,0,6,6,9,6,6,33000,1,1,0,2025,3,9,34890000,19510000,1,3
202601,6,3.영등포신촌,공덕역,11440,14,0,0,0,1,0,1,11,03,1,1,151,없음,7,0,0,0,2,2,4,1,10,2,1,1,1,1,8,2,3,1,1,I,561,4,1,4,7,7,10,8,8,77000,1,1,0,7,7,10,8,8,77000,1,1,0,7,7,10,8,8,77000,1,1,0,2024,3,8,20480000,17950000,1,2
202601,6,3.영등포신촌,공덕역,11440,14,0,0,0,1,0,1,11,03,1,1,151,없음,7,0,0,0,2,2,4,1,10,2,1,1,1,1,8,2,3,2,1,I,561,4,1,4,7,7,10,7,7,53300,1,1,0,7,7,10,7,7,53300,1,1,0,7,7,10,7,7,53300,1,1,0,2025,3,9,20480000,17950000,1,2
202601,6,3.영등포신촌,공덕역,11440,14,0,0,0,1,0,1,21,03,1,1,150,60,8,0,0,0,2,2,4,1,10,1,1,1,1,1,8,2,3,1,1,I,561,2,1,2,7,6,11,7,6,72000,1,1,0,7,6,11,7,6,72000,1,1,0,7,6,11,7,6,72000,1,1,0,2024,3,7,17590000,21480000,1,3
202601,6,3.영등포신촌,공덕역,11440,14,0,0,0,1,0,1,21,03,1,1,150,60,8,0,0,0,2,2,4,1,10,1,1,1,1,1,8,2,3,2,2,0,999,2,1,2,1,1,1,6,4,23800,1,1,0,1,1,1,6,4,23800,1,1,0,1,1,1,6,4,23800,1,1,0,0,1,1,17590000,21480000,1,3
202601,6,3.영등포신촌,공덕역,11440,14,0,0,0,1,0,6,21,04,6,2,140,10,4,0,1,0,2,2,4,1,10,2,1,1,1,1,8,2,3,1,1,I,561,4,1,4,7,7,10,8,7,66700,1,1,0,7,7,10,8,7,66700,1,1,0,7,7,10,8,7,66700,1,1,0,2025,3,10,31200000,28670000,1,3
202601,6,3.영등포신촌,공덕역,11440,14,0,0,0,1,0,6,21,04,6,2,140,10,4,0,1,0,2,2,4,1,10,2,1,1,1,1,8,2,3,2,1,I,561,4,1,4,6,6,8,6,6,30400,1,1,0,6,6,8,6,6,30400,1,1,0,6,6,8,6,6,30400,1,1,0,2025,3,10,31200000,28670000,1,3
202601,6,3.영등포신촌,공덕역,11440,14,0,0,0,1,1,2,11,03,1,1,149,없음,9,0,0,0,1,2,3,1,9,1,2,1,1,1,8,1,3,-1,6,0,999,1,1,2,1,1,1,4,4,19400,1,1,1,1,1,1,4,4,19400,1,1,1,1,1,1,4,4,19400,1,1,1,0,1,1,15070000,10140000,1,3
202601,6,3.영등포신촌,공덕역,11440,14,0,0,0,1,1,2,11,03,1,1,149,없음,9,0,0,0,1,2,3,1,9,1,2,1,1,1,8,1,3,1,6,0,999,1,1,2,1,1,1,5,5,38600,1,1,1,1,1,1,5,5,38600,1,1,1,1,1,1,5,5,38600,1,1,1,0,1,1,15070000,10140000,1,3
202601,6,3.영등포신촌,공덕역,11440,14,0,0,0,1,1,2,11,03,1,1,149,없음,9,0,0,0,1,2,3,1,9,1,2,1,1,1,8,1,3,2,6,0,999,1,1,2,1,1,1,4,4,19100,1,1,1,1,1,1,4,4,19100,1,1,1,1,1,1,4,4,19100,1,1,1,0,1,1,15070000,10140000,1,3
202601,6,3.영등포신촌,공덕역,11440,14,0,0,0,1,0,1,51,04,1,1,253,253,10,0,0,0,1,1,1,1,10,1,1,1,1,1,8,1,3,1,1,I,561,1,1,1,6,5,10,6,5,65000,1,1,0,6,5,10,6,5,65000,1,1,0,6,5,10,6,5,65000,1,1,0,2025,3,8,13870000,24660000,1,3
202601,6,3.영등포신촌,공덕역,11440,14,0,0,0,1,0,1,51,03,1,1,272,233,11,0,0,0,2,1,2,1,10,1,1,1,1,1,8,2,3,1,1,I,561,2,1,2,7,6,11,7,6,80700,1,1,0,7,6,11,7,6,80700,1,1,0,7,6,11,7,6,80700,1,1,0,2025,3,10,13940000,47620000,1,4
202601,6,3.영등포신촌,신촌/이대,11440,16,0,0,0,1,0,1,12,03,1,1,166,123,1,0,0,0,2,1,2,1,10,1,1,1,1,1,8,2,3,1,1,I,561,2,1,3,4,6,9,4,6,31000,1,1,0,4,6,9,4,6,31000,1,1,0,4,6,9,4,6,31000,1,1,0,2025,3,6,19070000,35060000,1,2
202601,6,3.영등포신촌,신촌/이대,11440,22,0,0,0,1,0,1,51,04,1,1,200,200,6,0,0,0,1,1,2,1,10,1,1,1,1,1,8,1,3,1,1,I,561,2,1,2,5,5,9,5,5,33600,1,1,0,5,5,9,5,5,33600,1,1,0,5,5,9,5,5,33600,1,1,0,2025,3,7,18670000,34180000,1,3
202601,6,3.영등포신촌,신촌/이대,11440,16,0,0,0,1,0,1,51,04,1,1,310,100,10,0,0,0,1,1,2,1,10,1,1,1,1,1,8,1,3,1,1,I,561,2,1,2,5,5,9,5,5,34600,1,1,0,5,5,9,5,5,34600,1,1,0,5,5,9,5,5,34600,1,1,0,2025,3,6,9770000,18140000,1,3
202601,6,3.영등포신촌,신촌/이대,11440,16,0,0,0,1,0,1,51,03,1,1,460,260,8,0,0,0,1,1,2,1,10,1,1,1,1,1,8,1,3,1,1,I,562,2,1,2,4,5,9,4,5,40000,1,1,0,4,5,9,4,5,40000,1,1,0,4,5,9,4,5,40000,1,1,0,2024,3,9,13950000,32100000,1,1
202601,6,3.영등포신촌,신촌/이대,11440,22,0,0,0,1,0,1,51,04,1,1,100,100,6,0,0,0,1,1,1,1,10,1,1,1,1,1,8,1,3,1,1,L,682,1,1,1,5,4,9,5,4,46200,1,1,0,5,4,9,5,4,46200,1,1,0,5,4,9,5,4,46200,1,1,0,2026,3,7,23460000,61250000,1,3
202601,6,3.영등포신촌,신촌/이대,11440,22,0,0,0,1,0,1,51,04,1,1,100,100,6,0,0,0,1,1,1,1,10,1,1,1,1,1,8,1,3,1,1,G,474,1,1,1,4,4,9,4,4,41800,1,1,0,4,4,9,4,4,41800,1,1,0,4,4,9,4,4,41800,1,1,0,2026,3,9,23460000,61250000,1,3
202601,6,3.영등포신촌,신촌/이대,11440,22,0,0,0,1,0,1,51,03,1,1,50,50,6,0,0,0,1,1,2,1,10,1,1,1,1,1,8,1,3,1,1,I,561,2,1,2,6,5,10,6,6,65300,1,1,0,6,5,10,6,6,65300,1,1,0,6,5,10,6,6,65300,1,1,0,2024,3,9,22960000,62310000,1,3
202601,6,3.영등포신촌,홍대/합정,11440,14,0,750,0,1,1,1,11,04,7,2,200,200,10,0,0,0,2,2,4,1,10,2,1,1,1,1,8,2,3,-1,1,S,961,3,1,3,5,6,9,5,6,29400,1,1,0,5,6,9,5,6,29400,1,1,0,5,6,9,5,6,29400,1,1,0,2024,3,10,17540000,9380000,1,3
202601,6,3.영등포신촌,홍대/합정,11440,14,0,750,0,1,1,1,11,04,7,2,200,200,10,0,0,0,2,2,4,1,10,2,1,1,1,1,8,2,3,1,1,I,562,3,1,3,6,6,8,6,6,30900,1,1,0,6,6,8,6,6,31500,1,1,0,6,6,8,6,6,31500,1,1,0,2025,3,10,17540000,9380000,1,3
202601,6,3.영등포신촌,홍대/합정,11440,14,0,750,0,1,1,1,11,04,7,2,200,200,10,0,0,0,2,2,4,1,10,2,1,1,1,1,8,2,3,2,1,M,713,2,1,2,5,5,8,5,5,24400,1,1,0,5,5,8,5,5,25100,1,1,0,5,5,8,5,5,25100,1,1,0,2025,3,10,17540000,9380000,1,3
202601,6,3.영등포신촌,홍대/합정,11440,15,0,750,0,1,0,1,11,03,1,2,400,100,3,0,0,0,2,2,4,1,10,2,1,1,1,1,8,2,3,1,1,G,478,2,1,2,7,6,10,8,6,63700,1,1,0,7,6,10,8,6,63700,1,1,0,7,6,10,8,6,63700,1,1,0,2023,4,10,28200000,18330000,1,3
202601,6,3.영등포신촌,홍대/합정,11440,15,0,750,0,1,0,1,11,03,1,2,400,100,3,0,0,0,2,2,4,1,10,2,1,1,1,1,8,2,3,1,1,S,969,1,1,1,5,5,10,5,5,70300,1,1,0,5,5,10,5,5,72700,1,1,0,5,5,10,5,5,72700,1,1,0,2025,3,10,28200000,18330000,1,3
202601,6,3.영등포신촌,홍대/합정,11440,15,0,750,0,1,0,1,11,03,1,2,400,100,3,0,0,0,2,2,4,1,10,2,1,1,1,1,8,2,3,2,1,Q,862,3,1,3,7,6,9,7,5,32700,1,1,0,7,6,9,7,5,32700,1,1,0,7,6,9,7,5,32700,1,1,0,2025,4,7,28200000,18330000,1,3
202601,6,3.영등포신촌,망원역,11440,14,0,0,0,1,0,1,11,04,6,1,209,없음,8,0,1,0,2,2,4,1,10,2,1,1,1,1,8,2,3,1,1,M,713,3,1,3,6,6,9,6,6,34100,1,1,0,6,6,9,6,6,34100,1,1,0,6,6,9,6,6,34100,1,1,0,2024,3,9,12750000,12980000,1,3
202601,6,3.영등포신촌,망원역,11440,14,0,0,0,1,0,1,11,04,6,1,209,없음,8,0,1,0,2,2,4,1,10,2,1,1,1,1,8,2,3,2,1,M,713,3,1,3,6,5,8,6,5,22400,1,1,0,6,5,8,6,5,22400,1,1,0,6,5,8,6,5,22400,1,1,0,2024,3,9,12750000,12980000,1,3
202601,6,3.영등포신촌,홍대/합정,11440,14,0,750,0,1,0,1,11,04,5,1,500,400,8,0,0,0,2,2,4,1,10,1,1,1,1,1,8,2,3,1,1,I,551,3,1,3,7,6,9,6,6,41800,1,1,0,7,6,9,6,6,41800,1,1,0,7,6,9,6,6,41800,1,1,0,2025,3,10,19680000,26130000,1,3
202601,6,3.영등포신촌,홍대/합정,11440,14,0,750,0,1,0,1,11,04,5,1,500,400,8,0,0,0,2,2,4,1,10,1,1,1,1,1,8,2,3,2,6,0,999,2,1,2,1,1,1,5,5,29200,1,1,1,1,1,1,5,5,29200,1,1,1,1,1,1,5,5,29200,1,1,1,0,1,1,19680000,26130000,1,3
202601,6,3.영등포신촌,홍대/합정,11440,14,0,750,0,1,1,2,11,03,6,1,300,500,8,0,0,0,2,2,4,1,10,2,1,1,1,1,8,2,3,-1,1,I,561,2,1,2,5,5,9,5,5,44700,1,1,0,5,5,9,5,5,44700,1,1,0,5,5,9,5,5,44700,1,1,0,2024,3,9,26650000,17880000,1,3
202601,6,3.영등포신촌,홍대/합정,11440,14,0,750,0,1,1,2,11,03,6,1,300,500,8,0,0,0,2,2,4,1,10,2,1,1,1,1,8,2,3,-1,1,I,561,2,1,2,5,5,9,5,5,46100,1,1,0,5,5,9,5,5,46100,1,1,0,5,5,9,5,5,46100,1,1,0,2024,3,9,26650000,17880000,1,3
202601,6,3.영등포신촌,홍대/합정,11440,14,0,750,0,1,1,2,11,03,6,1,300,500,8,0,0,0,2,2,4,1,10,2,1,1,1,1,8,2,3,1,1,I,561,2,1,2,6,6,10,5,6,55500,1,1,0,6,6,10,6,6,57300,1,1,0,6,6,10,6,6,57300,1,1,0,2025,2,8,26650000,17880000,1,3
202601,6,3.영등포신촌,홍대/합정,11440,14,0,750,0,1,1,2,11,03,6,1,300,500,8,0,0,0,2,2,4,1,10,2,1,1,1,1,8,2,3,1,1,I,561,2,1,2,6,6,10,5,6,55200,1,1,0,6,6,10,6,6,56700,1,1,0,6,6,10,6,6,56700,1,1,0,2025,3,10,26650000,17880000,1,3
202601,6,3.영등포신촌,홍대/합정,11440,14,0,750,0,1,1,2,11,03,6,1,300,500,8,0,0,0,2,2,4,1,10,2,1,1,1,1,8,2,3,2,1,I,561,3,1,3,6,6,9,6,6,36500,1,1,0,6,6,9,6,6,36500,1,1,0,6,6,9,6,6,36500,1,1,0,2024,3,10,26650000,17880000,1,3
202601,6,3.영등포신촌,홍대/합정,11440,15,0,750,0,1,1,1,11,04,1,1,485,없음,6,0,0,0,1,2,3,1,10,2,1,1,1,1,8,1,3,-1,1,I,561,1,1,1,4,3,7,4,3,13400,1,1,0,4,3,7,4,3,13400,1,1,0,4,3,7,4,3,13400,1,1,0,2025,4,9,27830000,20710000,1,2
202601,6,3.영등포신촌,홍대/합정,11440,15,0,750,0,1,1,1,11,04,1,1,485,없음,6,0,0,0,1,2,3,1,10,2,1,1,1,1,8,1,3,1,1,I,561,2,1,2,6,5,9,7,5,34600,1,1,0,6,5,9,7,5,35700,1,1,0,6,5,9,7,5,35700,1,1,0,2025,4,9,27830000,20710000,1,2
202601,6,3.영등포신촌,홍대/합정,11440,15,0,750,0,1,1,1,11,04,1,1,485,없음,6,0,0,0,1,2,3,1,10,2,1,1,1,1,8,1,3,2,1,I,561,2,1,2,5,4,7,5,4,18800,1,1,0,5,4,7,5,4,18800,1,1,0,5,4,7,5,4,18800,1,1,0,2025,4,9,27830000,20710000,1,2
202601,6,3.영등포신촌,홍대/합정,11440,15,0,750,0,1,0,1,11,04,5,1,500,300,6,0,0,0,2,2,4,1,10,2,1,1,1,1,8,2,3,1,1,G,478,2,1,2,7,7,12,7,7,186900,1,1,0,7,7,12,7,7,191100,1,1,0,7,7,12,7,7,191100,1,1,0,2023,5,9,41840000,47750000,1,3
202601,6,3.영등포신촌,홍대/합정,11440,15,0,750,0,1,0,1,11,04,5,1,500,300,6,0,0,0,2,2,4,1,10,2,1,1,1,1,8,2,3,1,1,I,562,1,1,1,6,6,12,6,6,208000,1,1,0,6,6,12,6,6,208000,1,1,0,6,6,12,6,6,208000,1,1,0,2025,3,10,41840000,47750000,1,3
202601,6,3.영등포신촌,홍대/합정,11440,15,0,750,0,1,0,1,11,04,5,1,500,300,6,0,0,0,2,2,4,1,10,2,1,1,1,1,8,2,3,1,1,G,474,1,1,1,6,7,12,6,7,241900,1,1,0,6,7,12,6,7,241900,1,1,0,6,7,12,6,7,241900,1,1,0,2024,3,8,41840000,47750000,1,3
202601,6,3.영등포신촌,홍대/합정,11440,15,0,750,0,1,0,1,11,04,5,1,500,300,6,0,0,0,2,2,4,1,10,2,1,1,1,1,8,2,3,1,1,L,682,1,1,1,5,6,12,5,6,205700,1,1,0,5,6,12,5,6,205700,1,1,0,5,6,12,5,6,205700,1,1,0,2024,4,7,41840000,47750000,1,3
202601,6,3.영등포신촌,홍대/합정,11440,15,0,750,0,1,0,1,11,04,5,1,500,300,6,0,0,0,2,2,4,1,10,2,1,1,1,1,8,2,3,2,1,I,561,3,1,3,6,7,11,6,7,82700,1,1,0,6,7,11,6,7,82700,1,1,0,6,7,11,6,7,82700,1,1,0,2024,3,10,41840000,47750000,1,3
202601,6,3.영등포신촌,홍대/합정,11440,14,0,750,0,1,1,2,21,03,1,1,400,100,6,0,0,0,1,2,4,1,10,1,1,1,1,1,8,1,3,-1,6,0,999,2,1,2,1,1,1,6,4,27000,1,1,1,1,1,1,6,4,27000,1,1,1,1,1,1,6,4,27000,1,1,1,0,1,1,23360000,17070000,1,3
202601,6,3.영등포신촌,홍대/합정,11440,14,0,750,0,1,1,2,21,03,1,1,400,100,6,0,0,0,1,2,4,1,10,1,1,1,1,1,8,1,3,1,1,I,561,2,1,2,6,5,9,6,5,46800,1,1,0,6,5,9,6,5,46800,1,1,0,6,5,9,6,5,46800,1,1,0,2025,3,9,23360000,17070000,1,3
202601,6,3.영등포신촌,홍대/합정,11440,14,0,750,0,1,1,2,21,03,1,1,400,100,6,0,0,0,1,2,4,1,10,1,1,1,1,1,8,1,3,2,6,0,999,2,1,2,1,1,1,6,5,35600,1,1,1,1,1,1,6,5,35600,1,1,1,1,1,1,6,5,35600,1,1,1,0,1,1,23360000,17070000,1,3
202601,6,3.영등포신촌,홍대/합정,11440,15,0,750,0,1,1,4,11,03,5,1,350,10,10,0,0,0,2,1,3,1,9,1,1,1,1,1,8,2,3,-1,1,I,561,1,1,1,4,2,7,4,3,16800,1,1,0,4,2,7,4,3,16800,1,1,0,4,2,7,4,3,16800,1,1,0,2025,3,10,19590000,37930000,1,3
202601,6,3.영등포신촌,홍대/합정,11440,15,0,750,0,1,1,4,11,03,5,1,350,10,10,0,0,0,2,1,3,1,9,1,1,1,1,1,8,2,3,1,1,I,561,2,1,3,6,6,9,6,6,40300,1,1,0,6,6,9,6,6,41100,1,1,0,6,6,9,6,6,41100,1,1,0,2025,3,10,19590000,37930000,1,3
202601,6,3.영등포신촌,홍대/합정,11440,14,0,750,0,1,0,5,32,04,6,1,690,430,4,0,1,0,2,2,4,1,10,2,1,1,1,1,8,2,3,1,1,G,474,4,1,4,8,8,11,8,8,89500,1,1,0,8,8,11,8,8,89500,1,1,0,8,8,11,8,8,89500,1,1,0,2024,3,10,28410000,38280000,1,1
202601,6,3.영등포신촌,홍대/합정,11440,14,0,750,0,1,0,5,32,04,6,1,690,430,4,0,1,0,2,2,4,1,10,2,1,1,1,1,8,2,3,2,1,G,474,2,1,2,6,6,9,6,6,47300,1,1,0,6,6,9,6,6,47300,1,1,0,6,6,9,6,6,47300,1,1,0,2024,3,10,28410000,38280000,1,1
202601,6,3.영등포신촌,홍대/합정,11440,16,0,0,0,1,0,1,11,04,5,1,300,300,5,0,0,0,2,2,4,1,10,2,1,1,1,1,8,2,3,1,1,I,562,3,1,3,6,6,10,7,6,71800,1,1,0,6,6,10,7,6,73200,1,1,0,6,6,10,7,6,73200,1,1,0,2024,4,10,22600000,27620000,1,3
202601,6,3.영등포신촌,홍대/합정,11440,16,0,0,0,1,0,1,11,04,5,1,300,300,5,0,0,0,2,2,4,1,10,2,1,1,1,1,8,2,3,2,1,I,562,2,1,2,4,5,9,5,5,42100,1,1,0,4,5,9,5,5,42100,1,1,0,4,5,9,5,5,42100,1,1,0,2024,4,10,22600000,27620000,1,3
202601,6,3.영등포신촌,홍대/합정,11440,14,0,750,0,1,1,1,11,03,5,1,300,300,8,0,0,0,2,2,4,1,10,2,1,1,1,1,8,2,3,-1,1,I,562,2,1,2,5,5,8,5,5,22000,1,1,0,5,5,8,5,5,22000,1,1,0,5,5,8,5,5,22000,1,1,0,2025,3,10,24200000,30860000,1,2
202601,6,3.영등포신촌,홍대/합정,11440,14,0,750,0,1,1,1,11,03,5,1,300,300,8,0,0,0,2,2,4,1,10,2,1,1,1,1,8,2,3,1,1,I,562,3,1,3,6,6,9,6,6,48300,1,1,0,6,6,9,6,6,49800,1,1,0,6,6,9,6,6,49800,1,1,0,2025,3,10,24200000,30860000,1,2
202601,6,3.영등포신촌,홍대/합정,11440,14,0,750,0,1,1,1,11,03,5,1,300,300,8,0,0,0,2,2,4,1,10,2,1,1,1,1,8,2,3,2,1,I,562,3,1,3,6,6,9,6,6,35400,1,1,0,6,6,9,6,6,35400,1,1,0,6,6,9,6,6,35400,1,1,0,2025,3,10,24200000,30860000,1,2
202601,6,3.영등포신촌,홍대/합정,11440,14,0,750,0,1,1,1,11,04,5,1,414,없음,8,0,0,0,2,2,4,1,10,2,1,1,1,1,8,2,3,-1,6,0,999,1,1,1,1,1,1,3,3,21600,1,1,1,1,1,1,3,3,21600,1,1,1,1,1,1,3,3,21600,1,1,1,0,1,1,21410000,25540000,1,3
202601,6,3.영등포신촌,홍대/합정,11440,14,0,750,0,1,1,1,11,04,5,1,414,없음,8,0,0,0,2,2,4,1,10,2,1,1,1,1,8,2,3,1,1,I,561,4,1,4,7,6,9,7,7,48300,1,1,0,7,6,9,7,7,48300,1,1,0,7,6,9,7,7,48300,1,1,0,2025,3,9,21410000,25540000,1,3
202601,6,3.영등포신촌,홍대/합정,11440,14,0,750,0,1,1,1,11,04,5,1,414,없음,8,0,0,0,2,2,4,1,10,2,1,1,1,1,8,2,3,2,1,I,561,3,1,3,6,5,8,6,5,28700,1,1,0,6,5,8,6,5,28700,1,1,0,6,5,8,6,5,28700,1,1,0,2025,3,9,21410000,25540000,1,3
202601,6,3.영등포신촌,홍대/합정,11440,14,0,750,0,1,0,1,11,04,5,1,323,없음,8,0,0,0,2,1,3,1,9,1,1,1,1,1,8,2,3,1,1,I,562,3,1,3,6,6,9,6,6,34400,1,1,0,6,6,9,6,6,34400,1,1,0,6,6,9,6,6,34400,1,1,0,2025,3,10,17160000,38170000,1,3
202601,6,3.영등포신촌,홍대/합정,11440,14,0,750,0,1,0,1,11,04,6,1,314,없음,6,0,0,0,2,1,2,1,9,1,1,1,1,1,8,2,3,1,6,0,999,2,1,3,1,1,1,6,6,53300,1,1,1,1,1,1,6,6,53300,1,1,1,1,1,1,6,6,53300,1,1,1,0,1,1,17970000,31050000,1,3
202601,6,3.영등포신촌,홍대/합정,11440,14,0,750,0,1,1,1,11,04,1,1,700,200,6,0,1,0,2,2,4,1,10,1,2,1,1,1,8,2,3,-1,6,0,999,3,1,4,1,1,1,6,6,41100,1,1,1,1,1,1,6,6,41100,1,1,1,1,1,1,6,6,41100,1,1,1,0,1,1,27010000,23620000,1,3
202601,6,3.영등포신촌,홍대/합정,11440,14,0,750,0,1,1,1,11,04,1,1,700,200,6,0,1,0,2,2,4,1,10,1,2,1,1,1,8,2,3,1,6,0,999,3,1,4,1,1,1,7,7,58500,1,1,1,1,1,1,7,7,58500,1,1,1,1,1,1,7,7,58500,1,1,1,0,1,1,27010000,23620000,1,3
202601,6,3.영등포신촌,홍대/합정,11440,14,0,750,0,1,1,1,11,04,1,1,700,200,6,0,1,0,2,2,4,1,10,1,2,1,1,1,8,2,3,2,6,0,999,2,1,3,1,1,1,6,6,42000,1,1,1,1,1,1,6,6,42000,1,1,1,1,1,1,6,6,42000,1,1,1,0,1,1,27010000,23620000,1,3
202601,6,3.영등포신촌,홍대/합정,11440,14,0,750,0,1,1,2,11,04,6,2,360,없음,5,0,0,0,2,2,4,1,9,2,1,1,1,1,8,2,3,-1,1,I,562,3,1,3,6,5,8,6,6,31100,1,1,0,6,5,8,6,6,31100,1,1,0,6,5,8,6,6,31100,1,1,0,2025,3,10,33220000,20910000,1,3
202601,6,3.영등포신촌,홍대/합정,11440,14,0,750,0,1,1,2,11,04,6,2,360,없음,5,0,0,0,2,2,4,1,9,2,1,1,1,1,8,2,3,1,1,I,562,3,1,3,7,6,10,7,6,64700,1,1,0,7,6,10,7,6,64700,1,1,0,7,6,10,7,6,64700,1,1,0,2025,3,10,33220000,20910000,1,3
202601,6,3.영등포신촌,홍대/합정,11440,14,0,750,0,1,1,2,11,04,6,2,360,없음,5,0,0,0,2,2,4,1,9,2,1,1,1,1,8,2,3,2,1,I,562,3,1,3,6,6,9,6,6,37500,1,1,0,6,6,9,6,6,37500,1,1,0,6,6,9,6,6,37500,1,1,0,2025,3,10,33220000,20910000,1,3
202601,6,3.영등포신촌,홍대/합정,11440,14,0,750,0,1,1,2,11,04,6,1,400,300,8,0,0,0,2,2,4,1,10,2,1,1,1,1,8,2,3,-1,1,I,562,3,1,3,6,5,8,6,6,28000,1,1,0,6,5,8,6,6,28000,1,1,0,6,5,8,6,6,28000,1,1,0,2024,3,10,23800000,16730000,1,3
202601,6,3.영등포신촌,홍대/합정,11440,14,0,750,0,1,1,2,11,04,6,1,400,300,8,0,0,0,2,2,4,1,10,2,1,1,1,1,8,2,3,1,1,I,561,3,1,3,5,6,9,5,6,39700,1,1,0,5,6,9,5,6,39700,1,1,0,5,6,9,5,6,39700,1,1,0,2025,3,10,23800000,16730000,1,3
202601,6,3.영등포신촌,홍대/합정,11440,14,0,750,0,1,1,2,11,04,6,1,400,300,8,0,0,0,2,2,4,1,10,2,1,1,1,1,8,2,3,2,1,I,561,2,1,3,5,5,8,5,5,24900,1,1,0,5,5,8,5,5,24900,1,1,0,5,5,8,5,5,24900,1,1,0,2024,3,10,23800000,16730000,1,3
202601,6,3.영등포신촌,홍대/합정,11440,14,0,750,0,1,1,2,11,04,6,1,500,300,8,0,0,0,2,2,4,1,9,2,1,1,1,1,8,2,3,-1,6,0,999,1,1,1,1,1,1,3,3,14900,1,1,1,1,1,1,3,3,14900,1,1,1,1,1,1,3,3,14900,1,1,1,0,1,1,24460000,22330000,1,3
202601,6,3.영등포신촌,홍대/합정,11440,14,0,750,0,1,1,2,11,04,6,1,500,300,8,0,0,0,2,2,4,1,9,2,1,1,1,1,8,2,3,1,1,R,901,3,1,3,6,6,9,6,6,56300,1,1,0,6,6,9,6,6,56300,1,1,0,6,6,9,6,6,56300,1,1,0,2025,3,10,24460000,22330000,1,3
202601,6,3.영등포신촌,홍대/합정,11440,14,0,750,0,1,1,2,11,04,6,1,500,300,8,0,0,0,2,2,4,1,9,2,1,1,1,1,8,2,3,2,1,I,562,2,1,2,6,6,9,6,6,36700,2,1,0,6,6,9,6,6,36700,2,1,0,6,6,9,6,6,36700,2,1,0,2024,3,9,24460000,22330000,1,3
202601,6,3.영등포신촌,망원역,11440,14,0,0,0,1,1,1,11,03,3,1,127,없음,7,0,0,0,3,2,4,2,9,2,1,1,1,1,8,3,3,-1,1,S,961,2,1,2,5,4,7,5,4,14500,1,1,0,5,4,7,5,4,14500,1,1,0,5,4,7,5,4,14500,1,1,0,2023,5,9,16890000,27840000,1,3
202601,6,3.영등포신촌,망원역,11440,14,0,0,0,1,1,1,11,03,3,1,127,없음,7,0,0,0,3,2,4,2,9,2,1,1,1,1,8,3,3,1,1,S,961,4,1,4,7,6,9,7,6,38200,1,1,0,7,6,9,7,6,38200,1,1,0,7,6,9,7,6,38200,1,1,0,2023,5,9,16890000,27840000,1,3
202601,6,3.영등포신촌,망원역,11440,14,0,0,0,1,1,1,11,03,3,1,127,없음,7,0,0,0,3,2,4,2,9,2,1,1,1,1,8,3,3,2,1,S,961,2,1,3,5,5,7,5,5,17500,1,1,0,5,5,7,5,5,17500,1,1,0,5,5,7,5,5,17500,1,1,0,2023,5,9,16890000,27840000,1,3
202601,6,3.영등포신촌,망원역,11440,14,0,0,0,1,1,1,11,04,1,1,339,없음,6,0,0,0,2,2,4,1,9,2,1,1,1,1,8,2,3,-1,1,G,476,1,1,1,4,4,9,4,4,48400,1,1,0,4,4,9,4,4,48400,1,1,0,4,4,9,4,4,48400,1,1,0,2024,3,9,17370000,22160000,1,3
202601,6,3.영등포신촌,망원역,11440,14,0,0,0,1,1,1,11,04,1,1,339,없음,6,0,0,0,2,2,4,1,9,2,1,1,1,1,8,2,3,1,1,M,732,3,1,3,6,6,10,6,6,50500,2,2,0,6,6,10,6,6,50500,2,2,0,6,6,10,6,6,50500,2,2,0,2025,3,9,17370000,22160000,1,3
202601,6,3.영등포신촌,망원역,11440,14,0,0,0,1,1,1,11,04,1,1,339,없음,6,0,0,0,2,2,4,1,9,2,1,1,1,1,8,2,3,2,1,M,732,2,1,2,4,4,8,4,5,22600,2,1,0,4,4,8,4,5,22600,2,1,0,4,4,8,4,5,22600,2,1,0,2025,3,9,17370000,22160000,1,3
202601,6,3.영등포신촌,동교/연남,11440,14,0,0,0,1,0,1,32,03,7,1,400,없음,10,0,0,0,1,1,2,1,10,1,1,1,1,1,8,2,3,1,1,I,562,2,1,2,6,6,10,6,6,52300,1,1,0,6,6,10,6,6,52300,1,1,0,6,6,10,6,6,52300,1,1,0,2024,3,9,22370000,38940000,1,3
202601,6,3.영등포신촌,동교/연남,11440,14,0,0,0,1,0,1,11,03,8,2,289,없음,9,0,0,0,2,2,4,1,10,1,1,1,1,1,8,2,3,1,1,G,471,1,1,1,4,4,10,4,4,68400,1,1,0,4,4,10,4,4,68400,1,1,0,4,4,10,4,4,68400,1,1,0,2024,3,10,25740000,18830000,1,3
202601,6,3.영등포신촌,동교/연남,11440,14,0,0,0,1,0,1,11,03,8,2,289,없음,9,0,0,0,2,2,4,1,10,1,1,1,1,1,8,2,3,1,1,G,471,2,1,2,6,5,10,6,5,52600,2,1,0,6,5,10,6,5,52600,2,1,0,6,5,10,6,5,52600,2,1,0,2024,3,10,25740000,18830000,1,3
202601,6,3.영등포신촌,동교/연남,11440,14,0,0,0,1,0,1,11,03,8,2,289,없음,9,0,0,0,2,2,4,1,10,1,1,1,1,1,8,2,3,1,1,S,969,1,1,1,4,4,11,4,4,72500,1,1,0,4,4,11,4,4,72500,1,1,0,4,4,11,4,4,72500,1,1,0,2024,3,10,25740000,18830000,1,3
202601,6,3.영등포신촌,동교/연남,11440,14,0,0,0,1,0,1,11,03,8,2,289,없음,9,0,0,0,2,2,4,1,10,1,1,1,1,1,8,2,3,1,1,M,733,1,1,1,5,5,10,5,5,62900,1,1,0,5,5,10,5,5,62900,1,1,0,5,5,10,5,5,62900,1,1,0,2024,3,10,25740000,18830000,1,3
202601,6,3.영등포신촌,동교/연남,11440,14,0,0,0,1,0,1,11,03,8,2,289,없음,9,0,0,0,2,2,4,1,10,1,1,1,1,1,8,2,3,2,2,0,999,3,1,3,1,1,1,6,5,22000,1,1,0,1,1,1,6,5,22000,1,1,0,1,1,1,6,5,22000,1,1,0,0,1,1,25740000,18830000,1,3
202601,6,3.영등포신촌,동교/연남,11440,14,0,0,0,1,0,1,11,04,6,1,300,없음,8,0,0,0,2,2,4,1,10,2,1,1,1,1,8,2,3,1,1,N,759,4,1,4,8,7,10,8,7,69200,1,1,0,8,7,10,8,7,69200,1,1,0,8,7,10,8,7,69200,1,1,0,2026,3,10,24230000,27660000,1,3
202601,6,3.영등포신촌,동교/연남,11440,14,0,0,0,1,0,1,11,04,6,1,300,없음,8,0,0,0,2,2,4,1,10,2,1,1,1,1,8,2,3,2,1,N,759,3,1,3,7,6,9,7,6,41400,1,1,0,7,6,9,7,6,41400,1,1,0,7,6,9,7,6,41400,1,1,0,2026,3,10,24230000,27660000,1,3
202601,6,3.영등포신촌,동교/연남,11440,15,0,0,0,1,1,2,11,03,5,1,100,250,8,0,0,0,2,2,4,1,9,2,1,1,1,1,8,2,3,-1,1,S,961,1,1,1,6,4,9,6,4,36900,1,1,0,6,4,9,6,4,36900,1,1,0,6,4,9,6,4,36900,1,1,0,2024,3,9,22350000,15110000,1,3
202601,6,3.영등포신촌,동교/연남,11440,15,0,0,0,1,1,2,11,03,5,1,100,250,8,0,0,0,2,2,4,1,9,2,1,1,1,1,8,2,3,-1,1,I,562,1,1,1,6,4,9,6,4,36900,1,1,0,6,4,9,6,4,36900,1,1,0,6,4,9,6,4,36900,1,1,0,2025,3,8,22350000,15110000,1,3
202601,6,3.영등포신촌,동교/연남,11440,15,0,0,0,1,1,2,11,03,5,1,100,250,8,0,0,0,2,2,4,1,9,2,1,1,1,1,8,2,3,1,1,I,561,2,1,2,6,6,10,6,6,56400,1,1,0,6,6,10,6,6,56400,1,1,0,6,6,10,6,6,56400,1,1,0,2025,3,8,22350000,15110000,1,3
202601,6,3.영등포신촌,동교/연남,11440,15,0,0,0,1,1,2,11,03,5,1,100,250,8,0,0,0,2,2,4,1,9,2,1,1,1,1,8,2,3,2,1,I,562,2,1,2,6,6,9,6,6,40500,1,1,0,6,6,9,6,6,40500,1,1,0,6,6,9,6,6,40500,1,1,0,2024,3,10,22350000,15110000,1,3
202601,6,3.영등포신촌,홍대/합정,11440,15,0,750,0,1,0,6,21,04,5,1,150,없음,6,0,0,0,2,2,4,1,10,2,1,1,1,1,8,2,3,1,1,I,561,2,1,2,6,6,11,7,7,88600,1,1,0,6,6,11,7,7,88600,1,1,0,6,6,11,7,7,88600,1,1,0,2026,4,10,30340000,30370000,1,3
202601,6,3.영등포신촌,홍대/합정,11440,15,0,750,0,1,0,6,21,04,5,1,150,없음,6,0,0,0,2,2,4,1,10,2,1,1,1,1,8,2,3,2,1,M,733,2,1,2,6,6,10,6,6,52400,1,1,0,6,6,10,6,6,52400,1,1,0,6,6,10,6,6,52400,1,1,0,2024,3,7,30340000,30370000,1,3
202601,6,3.영등포신촌,홍대/합정,11440,14,0,750,0,1,0,1,11,04,6,1,170,200,5,0,0,0,1,1,2,1,10,1,1,1,1,1,8,1,3,1,1,I,562,2,1,2,7,7,12,7,7,124000,1,1,0,7,7,12,7,7,124000,1,1,0,7,7,12,7,7,124000,1,1,0,2024,3,10,44480000,75980000,1,3
202601,6,3.영등포신촌,홍대/합정,11440,14,0,0,0,1,1,1,11,03,1,1,100,200,4,0,0,0,2,2,4,2,9,2,1,1,1,1,8,2,3,-1,6,0,999,1,1,1,1,1,1,3,3,19700,1,1,1,1,1,1,3,3,19700,1,1,1,1,1,1,3,3,19700,1,1,1,0,1,1,22240000,22050000,1,3
202601,6,3.영등포신촌,홍대/합정,11440,14,0,0,0,1,1,1,11,03,1,1,100,200,4,0,0,0,2,2,4,2,9,2,1,1,1,1,8,2,3,1,1,I,561,2,1,2,6,6,10,6,6,52300,1,1,0,6,6,10,6,6,52300,1,1,0,6,6,10,6,6,52300,1,1,0,2025,3,10,22240000,22050000,1,3
202601,6,3.영등포신촌,홍대/합정,11440,14,0,0,0,1,1,1,11,03,1,1,100,200,4,0,0,0,2,2,4,2,9,2,1,1,1,1,8,2,3,1,1,I,561,2,1,2,6,6,9,5,6,43700,1,1,0,6,6,9,5,6,43700,1,1,0,6,6,9,5,6,43700,1,1,0,2025,3,9,22240000,22050000,1,3
202601,6,3.영등포신촌,홍대/합정,11440,14,0,0,0,1,1,1,11,03,1,1,100,200,4,0,0,0,2,2,4,2,9,2,1,1,1,1,8,2,3,1,1,I,561,2,1,2,5,5,9,5,6,47700,1,1,0,5,5,9,5,6,47700,1,1,0,5,5,9,5,6,47700,1,1,0,2025,3,7,22240000,22050000,1,3
202601,6,3.영등포신촌,홍대/합정,11440,14,0,0,0,1,1,1,11,03,1,1,100,200,4,0,0,0,2,2,4,2,9,2,1,1,1,1,8,2,3,2,1,S,961,3,1,4,6,5,7,6,5,19800,1,1,0,6,5,7,6,5,19800,1,1,0,6,5,7,6,5,19800,1,1,0,2024,3,9,22240000,22050000,1,3
202601,6,3.영등포신촌,홍대/합정,11440,22,0,0,0,1,1,1,21,03,1,1,200,250,6,0,0,0,2,2,4,1,10,2,1,1,1,1,8,2,3,-1,1,I,562,2,1,2,4,5,8,4,5,20800,1,1,0,4,5,8,4,5,20800,1,1,0,4,5,8,4,5,20800,1,1,0,2025,3,9,25670000,17300000,1,3
202601,6,3.영등포신촌,홍대/합정,11440,22,0,0,0,1,1,1,21,03,1,1,200,250,6,0,0,0,2,2,4,1,10,2,1,1,1,1,8,2,3,1,1,I,561,2,1,2,4,6,9,4,6,46600,1,1,0,4,6,9,4,6,46600,1,1,0,4,6,9,4,6,46600,1,1,0,2025,3,10,25670000,17300000,1,3
202601,6,3.영등포신촌,홍대/합정,11440,22,0,0,0,1,1,1,21,03,1,1,200,250,6,0,0,0,2,2,4,1,10,2,1,1,1,1,8,2,3,2,1,I,562,2,1,2,5,5,8,5,5,27800,1,1,0,5,5,8,5,5,27800,1,1,0,5,5,8,5,5,27800,1,1,0,2026,3,9,25670000,17300000,1,3
202601,6,3.영등포신촌,홍대/합정,11440,14,0,0,0,1,1,1,11,04,1,1,300,400,6,0,0,0,2,2,4,1,10,2,1,1,1,1,8,2,3,-1,1,I,561,1,1,2,4,3,7,4,3,15100,1,1,0,4,3,7,4,3,15100,1,1,0,4,3,7,4,3,15100,1,1,0,2023,5,7,12510000,15460000,1,2
202601,6,3.영등포신촌,홍대/합정,11440,14,0,0,0,1,1,1,11,04,1,1,300,400,6,0,0,0,2,2,4,1,10,2,1,1,1,1,8,2,3,1,1,I,561,3,1,3,6,5,8,6,6,32000,1,1,0,6,5,8,6,6,32200,1,1,0,6,5,8,6,6,32200,1,1,0,2023,5,7,12510000,15460000,1,2
202601,6,3.영등포신촌,홍대/합정,11440,14,0,0,0,1,1,1,11,04,1,1,300,400,6,0,0,0,2,2,4,1,10,2,1,1,1,1,8,2,3,2,2,0,999,2,1,2,1,1,1,5,5,19700,1,1,0,1,1,1,5,5,19700,1,1,0,1,1,1,5,5,19700,1,1,0,0,1,1,12510000,15460000,1,2
202601,6,3.영등포신촌,홍대/합정,11440,15,0,750,0,1,0,1,11,04,6,1,327,없음,10,0,0,0,2,1,3,1,10,1,1,1,1,1,8,2,3,1,1,S,969,3,1,3,6,6,9,6,6,38100,1,1,0,6,6,9,6,6,38100,1,1,0,6,6,9,6,6,38500,1,1,0,2024,3,9,16580000,27880000,1,3
202601,6,3.영등포신촌,홍대/합정,11440,15,0,750,0,1,1,1,11,04,5,1,200,100,2,0,0,0,3,2,4,1,10,2,1,1,1,1,8,3,3,-1,1,I,561,1,1,1,4,3,8,4,3,20000,1,1,0,4,3,8,4,3,20500,1,1,0,4,3,8,4,3,20500,1,1,0,2025,3,10,28590000,41120000,1,3
202601,6,3.영등포신촌,홍대/합정,11440,15,0,750,0,1,1,1,11,04,5,1,200,100,2,0,0,0,3,2,4,1,10,2,1,1,1,1,8,3,3,1,1,I,561,4,1,4,7,7,10,7,7,50600,1,1,0,7,7,10,7,7,51300,1,1,0,7,7,10,7,7,51300,1,1,0,2025,3,10,28590000,41120000,1,3
202601,6,3.영등포신촌,홍대/합정,11440,15,0,750,0,1,1,1,11,04,5,1,200,100,2,0,0,0,3,2,4,1,10,2,1,1,1,1,8,3,3,2,1,I,561,2,1,2,4,5,8,4,5,27600,1,1,0,4,5,8,4,5,27600,1,1,0,4,5,8,4,5,27600,1,1,0,2025,3,10,28590000,41120000,1,3
202601,6,3.영등포신촌,망원역,11440,15,0,0,0,1,0,2,11,04,1,1,146,없음,7,0,0,0,1,1,3,1,9,1,1,1,1,1,8,1,3,1,1,I,562,2,1,2,5,5,10,5,6,53300,1,1,0,5,5,10,5,6,53300,1,1,0,5,5,10,5,6,53300,1,1,0,2024,3,10,21920000,17050000,1,3
202601,6,3.영등포신촌,망원역,11440,15,0,0,0,1,0,2,11,04,1,1,146,없음,7,0,0,0,1,1,3,1,9,1,1,1,1,1,8,1,3,2,1,I,561,1,1,2,5,5,9,5,5,32800,1,1,0,5,5,9,5,5,32800,1,1,0,5,5,9,5,5,32800,1,1,0,2025,3,10,21920000,17050000,1,3
202601,6,3.영등포신촌,망원역,11440,14,0,0,0,1,1,1,11,04,5,1,300,없음,9,0,0,0,1,2,4,1,10,2,1,1,1,1,8,1,3,-1,1,I,561,2,1,2,5,5,8,5,5,22100,1,1,0,5,5,8,5,5,22100,1,1,0,5,5,8,5,5,22100,1,1,0,2025,3,10,19460000,11520000,1,3
202601,6,3.영등포신촌,망원역,11440,14,0,0,0,1,1,1,11,04,5,1,300,없음,9,0,0,0,1,2,4,1,10,2,1,1,1,1,8,1,3,1,1,I,561,2,1,2,5,5,9,5,5,41600,1,1,0,5,5,9,5,5,41600,1,1,0,5,5,9,5,5,41600,1,1,0,2025,3,10,19460000,11520000,1,3
202601,6,3.영등포신촌,망원역,11440,14,0,0,0,1,1,1,11,04,5,1,300,없음,9,0,0,0,1,2,4,1,10,2,1,1,1,1,8,1,3,2,1,R,901,2,1,2,5,4,8,5,4,29800,1,1,0,5,4,8,5,4,29800,1,1,0,5,4,8,5,4,29800,1,1,0,2024,3,10,19460000,11520000,1,3
202601,6,3.영등포신촌,망원역,11440,14,0,0,0,1,0,1,12,03,7,1,300,300,7,0,0,0,1,1,2,1,10,1,1,1,1,1,8,1,3,1,1,G,472,2,1,2,6,5,10,6,6,53800,1,1,0,6,5,10,6,6,53800,1,1,0,6,5,10,6,6,53800,1,1,0,2026,2,10,15480000,25070000,1,3
202601,6,3.영등포신촌,망원역,11440,14,0,0,0,1,0,1,11,03,7,1,500,없음,8,0,0,0,1,1,2,1,9,1,1,1,1,1,8,1,3,1,1,I,562,2,1,2,6,6,9,6,6,47000,1,1,0,6,6,9,6,6,47000,1,1,0,6,6,9,6,6,47000,1,1,0,2025,3,10,15920000,23610000,1,3
202601,6,3.영등포신촌,망원역,11440,15,0,0,0,1,1,2,11,03,5,1,213,없음,9,0,0,0,2,2,4,1,9,2,1,1,1,1,8,2,3,-1,1,I,561,2,1,2,6,5,8,6,5,30300,1,1,0,6,5,8,6,5,30300,1,1,0,6,5,8,6,5,30300,1,1,0,2025,3,10,21000000,14370000,1,3
202601,6,3.영등포신촌,망원역,11440,15,0,0,0,1,1,2,11,03,5,1,213,없음,9,0,0,0,2,2,4,1,9,2,1,1,1,1,8,2,3,1,1,I,561,2,1,2,6,5,9,6,5,40600,2,2,0,6,5,9,6,5,40600,2,2,0,6,5,9,6,5,40600,2,2,0,2024,3,10,21000000,14370000,1,3
202601,6,3.영등포신촌,망원역,11440,15,0,0,0,1,1,2,11,03,5,1,213,없음,9,0,0,0,2,2,4,1,9,2,1,1,1,1,8,2,3,2,1,I,562,2,1,2,5,5,8,5,5,27500,1,1,0,5,5,8,5,5,27500,1,1,0,5,5,8,5,5,27500,1,1,0,2025,2,9,21000000,14370000,1,3
202601,6,3.영등포신촌,망원역,11440,14,0,0,0,1,1,1,11,03,1,1,500,20,4,0,0,0,2,1,3,1,10,1,1,1,1,1,8,2,3,-1,1,I,561,1,1,1,4,3,8,4,3,24500,1,1,0,4,3,8,4,3,24500,1,1,0,4,3,8,4,3,24500,1,1,0,2024,3,8,20700000,32450000,1,3
202601,6,3.영등포신촌,망원역,11440,14,0,0,0,1,1,1,11,03,1,1,500,20,4,0,0,0,2,1,3,1,10,1,1,1,1,1,8,2,3,1,1,I,561,2,1,2,5,5,8,5,5,28700,1,1,0,5,5,8,5,5,28700,1,1,0,5,5,8,5,5,28700,1,1,0,2024,3,9,20700000,32450000,1,3
202601,6,3.영등포신촌,망원역,11440,14,0,0,0,1,0,1,12,04,1,1,600,없음,8,0,0,0,1,1,1,1,9,1,1,1,1,1,8,1,3,1,1,I,561,1,1,1,4,5,10,4,5,52400,1,1,0,4,5,10,4,5,52400,1,1,0,4,5,10,4,5,52400,1,1,0,2025,3,10,14130000,42050000,1,3
202601,6,3.영등포신촌,망원역,11440,14,0,0,0,1,0,1,11,04,6,2,500,없음,6,0,0,0,2,2,4,1,10,1,1,1,1,1,8,2,3,1,1,M,733,1,1,1,6,5,11,6,6,87800,1,1,0,6,5,11,6,6,87800,1,1,0,6,5,11,6,6,87800,1,1,0,2025,3,10,18470000,15550000,1,3
202601,6,3.영등포신촌,망원역,11440,14,0,0,0,1,0,1,11,04,6,2,500,없음,6,0,0,0,2,2,4,1,10,1,1,1,1,1,8,2,3,1,1,G,476,1,1,1,6,5,11,6,6,87800,1,1,0,6,5,11,6,6,87800,1,1,0,6,5,11,6,6,87800,1,1,0,2024,3,10,18470000,15550000,1,3
202601,6,3.영등포신촌,망원역,11440,14,0,0,0,1,0,1,11,04,6,2,500,없음,6,0,0,0,2,2,4,1,10,1,1,1,1,1,8,2,3,1,1,R,901,1,1,1,6,5,11,6,6,87700,1,1,0,6,5,11,6,6,87700,1,1,0,6,5,11,6,6,87700,1,1,0,2025,3,10,18470000,15550000,1,3
202601,6,3.영등포신촌,망원역,11440,14,0,0,0,1,0,1,11,04,6,2,500,없음,6,0,0,0,2,2,4,1,10,1,1,1,1,1,8,2,3,2,2,0,999,3,1,3,1,1,1,6,5,23900,1,1,0,1,1,1,6,5,23900,1,1,0,1,1,1,6,5,23900,1,1,0,0,1,1,18470000,15550000,1,3
202601,6,3.영등포신촌,망원역,11440,14,0,0,0,1,0,1,21,03,1,1,500,200,6,0,0,0,2,2,4,1,10,2,1,1,1,1,8,2,3,1,1,I,561,2,1,2,5,5,8,5,5,29100,1,1,0,5,5,8,5,5,29100,1,1,0,5,5,8,5,5,29100,1,1,0,2024,3,10,18190000,14000000,1,3
202601,6,3.영등포신촌,망원역,11440,14,0,0,0,1,0,1,21,03,1,1,500,200,6,0,0,0,2,2,4,1,10,2,1,1,1,1,8,2,3,1,1,M,733,2,1,2,5,5,8,5,5,29100,1,1,0,5,5,8,5,5,29100,1,1,0,5,5,8,5,5,29100,1,1,0,2026,3,10,18190000,14000000,1,3
202601,6,3.영등포신촌,망원역,11440,14,0,0,0,1,0,1,21,03,1,1,500,200,6,0,0,0,2,2,4,1,10,2,1,1,1,1,8,2,3,1,1,G,478,2,1,2,5,5,8,5,5,29100,1,1,0,5,5,8,5,5,29100,1,1,0,5,5,8,5,5,29100,1,1,0,2025,3,10,18190000,14000000,1,3
202601,6,3.영등포신촌,망원역,11440,14,0,0,0,1,0,1,21,03,1,1,500,200,6,0,0,0,2,2,4,1,10,2,1,1,1,1,8,2,3,2,1,I,562,4,1,4,6,5,7,6,5,16000,1,1,0,6,5,7,6,5,16000,1,1,0,6,5,7,6,5,16000,1,1,0,2025,3,10,18190000,14000000,1,3
202601,6,3.영등포신촌,망원역,11440,14,0,0,0,1,0,1,11,04,7,2,600,없음,6,0,0,0,2,2,4,1,9,2,1,1,1,1,8,2,3,1,6,0,999,1,1,1,1,1,1,5,4,52000,1,1,1,1,1,1,5,4,52000,1,1,1,1,1,1,5,4,52000,1,1,1,0,1,1,17930000,16550000,1,3
202601,6,3.영등포신촌,망원역,11440,14,0,0,0,1,0,1,11,04,7,2,600,없음,6,0,0,0,2,2,4,1,9,2,1,1,1,1,8,2,3,1,1,I,562,2,1,2,6,6,9,6,6,42900,1,1,0,6,6,9,6,6,42900,1,1,0,6,6,9,6,6,42900,1,1,0,2024,3,9,17930000,16550000,1,3
202601,6,3.영등포신촌,망원역,11440,14,0,0,0,1,0,1,11,04,7,2,600,없음,6,0,0,0,2,2,4,1,9,2,1,1,1,1,8,2,3,2,1,G,474,2,1,2,6,5,8,6,5,29200,1,1,0,6,5,8,6,5,29200,1,1,0,6,5,8,6,5,29200,1,1,0,2024,3,10,17930000,16550000,1,3
202601,6,3.영등포신촌,망원역,11440,14,0,0,0,1,0,4,32,03,6,1,331,없음,7,0,0,0,2,1,3,1,10,1,1,1,1,1,8,2,3,1,1,I,561,3,1,3,5,5,8,5,5,21600,1,1,0,5,5,8,5,5,21600,1,1,0,5,5,8,5,5,21600,1,1,0,2024,3,7,12160000,20380000,1,3
202601,6,3.영등포신촌,망원역,11440,14,0,0,0,1,0,1,11,03,5,1,400,없음,8,0,0,0,2,2,3,1,8,2,1,1,1,1,8,2,3,1,1,I,561,3,1,3,6,6,9,6,6,30400,1,1,0,6,6,9,6,6,30400,1,1,0,6,6,9,6,6,30400,1,1,0,2025,3,10,16280000,23060000,1,3
202601,6,3.영등포신촌,망원역,11440,14,0,0,0,1,0,1,11,03,5,1,400,없음,8,0,0,0,2,2,3,1,8,2,1,1,1,1,8,2,3,2,1,I,561,1,1,1,4,3,7,4,3,15900,1,1,0,4,3,7,4,3,15900,1,1,0,4,3,7,4,3,15900,1,1,0,2025,3,10,16280000,23060000,1,3
202601,6,3.영등포신촌,동교/연남,11440,14,0,0,0,1,0,1,11,03,8,1,920,150,7,0,0,0,1,1,2,1,10,1,1,1,1,1,8,1,3,1,1,I,562,2,1,2,6,6,10,6,6,68100,1,1,0,6,6,10,6,6,68100,1,1,0,6,6,10,6,6,68100,1,1,0,2024,3,9,23000000,30780000,1,3
202601,6,3.영등포신촌,동교/연남,11440,14,0,0,0,1,1,1,11,04,6,1,150,150,8,0,0,0,2,1,3,1,10,1,1,1,1,1,8,2,3,-1,1,I,561,1,1,1,3,3,8,3,3,21300,1,1,0,3,3,8,3,3,21300,1,1,0,3,3,8,3,3,21300,1,1,0,2024,3,10,23370000,39490000,1,3
202601,6,3.영등포신촌,동교/연남,11440,14,0,0,0,1,1,1,11,04,6,1,150,150,8,0,0,0,2,1,3,1,10,1,1,1,1,1,8,2,3,1,1,I,561,3,1,3,6,6,9,6,6,49800,1,1,0,6,6,9,6,6,49800,1,1,0,6,6,9,6,6,49800,1,1,0,2024,3,10,23370000,39490000,1,3
202601,6,3.영등포신촌,동교/연남,11440,14,0,0,0,1,1,3,11,04,6,1,650,250,8,0,1,0,2,2,4,1,10,2,1,1,1,1,8,2,3,-1,1,I,561,1,1,1,5,5,9,5,5,36100,1,1,0,5,5,9,5,5,36100,1,1,0,5,5,9,5,5,36100,1,1,0,2025,3,10,24230000,17290000,1,3
202601,6,3.영등포신촌,동교/연남,11440,14,0,0,0,1,1,3,11,04,6,1,650,250,8,0,1,0,2,2,4,1,10,2,1,1,1,1,8,2,3,-1,1,I,562,1,1,1,5,4,9,5,5,35500,1,1,0,5,4,9,5,5,35500,1,1,0,5,4,9,5,5,35500,1,1,0,2025,3,10,24230000,17290000,1,3
202601,6,3.영등포신촌,동교/연남,11440,14,0,0,0,1,1,3,11,04,6,1,650,250,8,0,1,0,2,2,4,1,10,2,1,1,1,1,8,2,3,1,1,I,562,2,1,2,6,6,9,6,6,50800,1,1,0,6,6,9,6,6,50800,1,1,0,6,6,9,6,6,50800,1,1,0,2025,3,10,24230000,17290000,1,3
202601,6,3.영등포신촌,동교/연남,11440,14,0,0,0,1,1,3,11,04,6,1,650,250,8,0,1,0,2,2,4,1,10,2,1,1,1,1,8,2,3,2,1,S,961,2,1,3,5,6,9,5,6,34400,1,1,0,5,6,9,5,6,34400,1,1,0,5,6,9,5,6,34400,1,1,0,2024,3,10,24230000,17290000,1,3
202601,6,3.영등포신촌,동교/연남,11440,14,0,0,0,1,1,1,11,04,6,1,600,없음,8,0,0,0,2,2,4,1,10,2,1,1,1,1,8,2,3,-1,1,I,561,2,1,2,6,6,9,6,6,43400,1,1,0,6,6,9,6,6,43400,1,1,0,6,6,9,6,6,43400,1,1,0,2025,3,9,23230000,21630000,1,3
202601,6,3.영등포신촌,동교/연남,11440,14,0,0,0,1,1,1,11,04,6,1,600,없음,8,0,0,0,2,2,4,1,10,2,1,1,1,1,8,2,3,1,1,I,561,3,1,3,6,6,10,6,6,56600,1,1,0,6,6,10,6,6,56600,1,1,0,6,6,10,6,6,56600,1,1,0,2025,3,9,23230000,21630000,1,3
202601,6,3.영등포신촌,동교/연남,11440,14,0,0,0,1,1,1,11,04,6,1,490,680,7,0,1,0,2,2,4,1,10,2,1,1,1,1,8,2,3,-1,1,I,561,2,1,2,5,5,9,5,5,37800,1,1,0,5,5,9,5,5,37800,1,1,0,5,5,9,5,5,37800,1,1,0,2026,3,10,20900000,15850000,1,3
202601,6,3.영등포신촌,동교/연남,11440,14,0,0,0,1,1,1,11,04,6,1,490,680,7,0,1,0,2,2,4,1,10,2,1,1,1,1,8,2,3,-1,1,I,561,2,1,2,5,5,9,5,5,39600,1,1,0,5,5,9,5,5,39600,1,1,0,5,5,9,5,5,39600,1,1,0,2024,3,10,20900000,15850000,1,3
202601,6,3.영등포신촌,동교/연남,11440,14,0,0,0,1,1,1,11,04,6,1,490,680,7,0,1,0,2,2,4,1,10,2,1,1,1,1,8,2,3,1,1,I,561,4,1,4,6,6,9,6,6,42400,1,1,0,6,6,9,6,6,42400,1,1,0,6,6,9,6,6,42400,1,1,0,2024,3,10,20900000,15850000,1,3
202601,6,3.영등포신촌,동교/연남,11440,14,0,0,0,1,1,1,11,04,6,1,490,680,7,0,1,0,2,2,4,1,10,2,1,1,1,1,8,2,3,2,2,0,999,2,1,2,1,1,1,4,4,24200,1,1,0,1,1,1,4,4,24200,1,1,0,1,1,1,4,4,24200,1,1,0,0,1,1,20900000,15850000,1,3
202601,6,3.영등포신촌,동교/연남,11440,14,0,0,0,1,1,1,11,04,6,1,490,680,7,0,1,0,2,2,4,1,10,2,1,1,1,1,8,2,3,2,2,0,999,2,1,2,1,1,1,4,4,24200,1,1,0,1,1,1,4,4,24200,1,1,0,1,1,1,4,4,24200,1,1,0,0,1,1,20900000,15850000,1,3
202601,6,4.기타,목동,11470,14,0,0,0,1,0,1,11,03,1,1,400,100,9,0,0,0,2,2,4,1,9,2,1,1,1,1,8,2,3,1,1,S,969,1,1,1,3,3,7,3,3,18300,1,1,0,3,3,7,3,3,18300,1,1,0,3,3,7,3,3,18300,1,1,0,2025,3,10,9040000,8190000,1,1
202601,6,4.기타,목동,11470,14,0,0,0,1,0,1,11,03,1,1,400,100,9,0,0,0,2,2,4,1,9,2,1,1,1,1,8,2,3,1,1,G,472,2,1,2,4,4,7,4,4,18100,1,1,0,4,4,7,4,4,18100,1,1,0,4,4,7,4,4,18100,1,1,0,2024,3,9,9040000,8190000,1,1
202601,6,4.기타,목동,11470,14,0,0,0,1,0,1,11,03,1,1,400,100,9,0,0,0,2,2,4,1,9,2,1,1,1,1,8,2,3,1,1,G,472,1,1,1,4,4,8,4,4,23700,1,1,0,4,4,8,4,4,23700,1,1,0,4,4,8,4,4,23700,1,1,0,2025,3,10,9040000,8190000,1,1
202601,6,4.기타,목동,11470,14,0,0,0,1,0,1,11,03,1,1,400,100,9,0,0,0,2,2,4,1,9,2,1,1,1,1,8,2,3,2,1,S,969,3,1,3,4,4,6,4,4,9500,1,1,0,4,4,6,4,4,9500,1,1,0,4,4,6,4,4,9500,1,1,0,2025,3,10,9040000,8190000,1,1
202601,6,4.기타,목동,11470,14,0,0,0,1,0,5,12,04,5,1,800,100,6,0,0,0,2,1,2,1,10,1,1,1,1,1,8,2,3,1,1,S,952,2,1,2,5,5,8,5,5,27200,1,1,0,5,5,8,5,5,27200,1,1,0,5,5,8,5,5,27200,1,1,0,2024,3,10,8410000,19390000,1,3
202601,6,4.기타,목동,11470,15,0,0,0,1,1,1,11,04,1,1,400,100,9,0,0,0,2,2,4,1,9,2,1,1,1,1,8,2,3,-1,1,Q,862,1,1,1,3,3,7,3,3,12500,1,1,0,3,3,7,3,3,12500,1,1,0,3,3,7,3,3,12500,1,1,0,2025,3,10,9470000,7400000,1,2
202601,6,4.기타,목동,11470,15,0,0,0,1,1,1,11,04,1,1,400,100,9,0,0,0,2,2,4,1,9,2,1,1,1,1,8,2,3,1,1,Q,862,3,1,3,6,6,9,6,6,30400,1,1,0,6,6,9,6,6,30400,1,1,0,6,6,9,6,6,30400,1,1,0,2024,3,10,9470000,7400000,1,2
202601,6,4.기타,목동,11470,15,0,0,0,1,1,1,11,04,1,1,400,100,9,0,0,0,2,2,4,1,9,2,1,1,1,1,8,2,3,2,1,0,999,3,1,3,5,4,7,5,4,12700,1,1,0,5,4,7,5,4,12700,1,1,0,5,4,7,5,4,12700,1,1,0,2025,3,10,9470000,7400000,1,2
202601,6,4.기타,목동,11470,14,0,0,0,1,0,3,21,03,6,1,없음,150,6,0,0,0,2,1,3,1,10,1,1,1,1,1,8,2,2,1,1,G,472,2,1,2,5,6,9,5,6,43700,1,1,0,5,6,9,5,6,43700,1,1,0,5,6,9,5,6,43700,1,1,0,2025,3,10,10510000,17620000,1,3
202601,6,4.기타,목동,11470,14,0,0,0,1,0,3,21,03,6,1,없음,150,6,0,0,0,2,1,3,1,10,1,1,1,1,1,8,2,2,1,1,I,561,1,1,1,5,5,9,5,5,42500,1,1,0,5,5,9,5,5,42500,1,1,0,5,5,9,5,5,42500,1,1,0,2025,3,9,10510000,17620000,1,3
202601,6,0.비상권,0.비상권,11470,23,0,0,0,1,0,3,11,04,5,1,80,60,1,0,1,0,3,2,4,1,10,2,1,1,1,1,8,3,3,1,1,G,471,4,1,4,8,8,11,8,8,79600,1,1,0,8,8,11,8,8,79600,1,1,0,8,8,11,8,8,79600,1,1,0,2026,3,9,20420000,40140000,1,2
202601,6,0.비상권,0.비상권,11470,23,0,0,0,1,0,3,11,04,5,1,80,60,1,0,1,0,3,2,4,1,10,2,1,1,1,1,8,3,3,2,1,G,471,2,1,2,6,5,9,6,5,40800,1,1,0,6,5,9,6,5,40800,1,1,0,6,5,9,6,5,40800,1,1,0,2026,3,9,20420000,40140000,1,2
202601,6,4.기타,목동,11470,15,0,0,0,1,0,1,11,04,1,1,303,없음,2,0,0,0,2,1,3,1,10,1,1,1,1,1,8,2,3,1,1,I,561,3,1,3,7,6,10,7,6,66800,1,1,0,7,6,10,7,6,66800,1,1,0,7,6,10,7,6,66800,1,1,0,2024,3,6,16180000,25870000,1,3
202601,6,4.기타,목동,11470,15,0,0,0,1,0,5,32,04,6,1,273,없음,10,0,1,0,2,2,4,1,10,2,1,1,1,1,8,2,3,1,1,I,561,4,1,4,7,7,11,7,7,67800,1,1,0,7,7,11,7,7,67800,1,1,0,7,7,11,7,7,67800,1,1,0,2025,3,10,12510000,22230000,1,3
202601,6,4.기타,목동,11470,15,0,0,0,1,1,1,11,04,1,1,300,150,8,0,0,0,2,2,4,1,10,2,1,1,1,1,8,2,3,-1,6,0,999,1,1,1,1,1,1,3,3,18000,1,1,1,1,1,1,3,3,18000,1,1,1,1,1,1,3,3,18000,1,1,1,0,1,1,11940000,9970000,1,2
202601,6,4.기타,목동,11470,15,0,0,0,1,1,1,11,04,1,1,300,150,8,0,0,0,2,2,4,1,10,2,1,1,1,1,8,2,3,1,1,P,852,2,1,2,5,5,8,5,5,20400,1,1,0,5,5,8,5,5,20400,1,1,0,5,5,8,5,5,20400,1,1,0,2024,3,10,11940000,9970000,1,2
202601,6,4.기타,목동,11470,15,0,0,0,1,1,1,11,04,1,1,300,150,8,0,0,0,2,2,4,1,10,2,1,1,1,1,8,2,3,1,1,P,855,2,1,2,5,5,9,5,5,32700,1,1,0,5,5,9,5,5,32700,1,1,0,5,5,9,5,5,32700,1,1,0,2025,3,9,11940000,9970000,1,2
202601,6,4.기타,목동,11470,15,0,0,0,1,1,1,11,04,1,1,300,150,8,0,0,0,2,2,4,1,10,2,1,1,1,1,8,2,3,2,1,0,999,3,1,3,5,5,7,5,5,19300,1,1,0,5,5,7,5,5,19300,1,1,0,5,5,7,5,5,19300,1,1,0,2026,3,10,11940000,9970000,1,2
202601,6,4.기타,목동,11470,15,0,0,0,1,0,3,11,04,6,2,300,150,3,0,0,0,2,2,4,1,10,2,1,1,1,1,8,2,3,1,1,L,681,1,1,1,5,5,10,4,5,48600,1,1,0,5,5,10,4,5,48600,1,1,0,5,5,10,4,5,48600,1,1,0,2025,3,10,21790000,20330000,3,2
202601,6,4.기타,목동,11470,15,0,0,0,1,0,3,11,04,6,2,300,150,3,0,0,0,2,2,4,1,10,2,1,1,1,1,8,2,3,1,1,I,561,1,1,1,4,5,9,4,5,44400,1,1,0,4,5,9,4,5,44400,1,1,0,4,5,9,4,5,44400,1,1,0,2025,3,9,21790000,20330000,3,2
202601,6,4.기타,목동,11470,15,0,0,0,1,0,3,11,04,6,2,300,150,3,0,0,0,2,2,4,1,10,2,1,1,1,1,8,2,3,2,1,P,855,2,1,3,4,5,8,4,5,21100,1,1,0,4,5,8,4,5,21100,1,1,0,4,5,8,4,5,21100,1,1,0,2024,3,10,21790000,20330000,3,2
202601,6,4.기타,화곡,11500,14,0,522,0,1,0,6,32,04,6,1,711,5,4,0,0,0,1,1,2,1,10,1,1,1,1,1,8,1,3,1,1,R,912,2,1,2,5,6,9,6,6,44600,1,1,0,5,6,9,6,6,44600,1,1,0,5,6,9,6,6,44600,1,1,0,2025,3,10,10320000,17260000,1,2
202601,6,4.기타,화곡,11500,15,0,0,522,1,0,7,32,04,5,1,235,없음,7,0,1,0,2,2,4,1,10,2,1,1,1,1,8,2,3,1,1,S,952,2,1,2,6,6,9,6,6,49100,1,1,0,6,6,9,6,6,49100,1,1,0,6,6,9,6,6,49100,1,1,0,2024,3,8,12080000,24210000,1,3
202601,6,4.기타,화곡,11500,15,0,0,522,1,0,7,32,04,5,1,235,없음,7,0,1,0,2,2,4,1,10,2,1,1,1,1,8,2,3,1,1,G,478,3,1,3,6,6,10,6,7,55100,1,1,0,6,6,10,6,7,55100,1,1,0,6,6,10,6,7,55100,1,1,0,2025,3,10,12080000,24210000,1,3
202601,6,4.기타,화곡,11500,14,0,522,0,1,0,8,31,04,6,1,700,25,7,0,1,0,2,2,4,1,10,2,1,1,1,1,8,2,3,1,1,S,952,4,1,4,7,6,8,7,6,22600,2,1,0,7,6,8,7,6,22600,2,1,0,7,6,8,7,6,22600,2,1,0,2024,3,9,8880000,10680000,1,1
202601,6,4.기타,화곡,11500,14,0,522,0,1,0,8,31,04,6,1,700,25,7,0,1,0,2,2,4,1,10,2,1,1,1,1,8,2,3,2,1,S,952,2,1,2,5,3,7,5,3,11000,1,1,0,5,3,7,5,3,11000,1,1,0,5,3,7,5,3,11000,1,1,0,2024,3,9,8880000,10680000,1,1
202601,6,4.기타,화곡,11500,14,0,522,0,1,1,1,21,04,6,2,850,200,6,0,0,0,2,2,4,2,9,2,1,1,1,1,8,2,3,-1,2,H,521,1,1,1,1,1,1,2,3,6800,1,1,0,1,1,1,2,3,6800,1,1,0,1,1,1,2,3,6800,1,1,0,0,1,1,7810000,6930000,1,1
202601,6,4.기타,화곡,11500,14,0,522,0,1,1,1,21,04,6,2,850,200,6,0,0,0,2,2,4,2,9,2,1,1,1,1,8,2,3,1,1,R,912,2,1,2,4,4,7,4,4,18100,1,1,0,4,4,7,4,4,18100,1,1,0,4,4,7,4,4,18100,1,1,0,2024,3,9,7810000,6930000,1,1
202601,6,4.기타,화곡,11500,14,0,522,0,1,1,1,21,04,6,2,850,200,6,0,0,0,2,2,4,2,9,2,1,1,1,1,8,2,3,1,1,Q,872,2,1,2,4,4,7,4,4,18100,1,1,0,4,4,7,4,4,18100,1,1,0,4,4,7,4,4,18100,1,1,0,2024,3,9,7810000,6930000,1,1
202601,6,4.기타,화곡,11500,14,0,522,0,1,1,1,21,04,6,2,850,200,6,0,0,0,2,2,4,2,9,2,1,1,1,1,8,2,3,1,1,I,561,2,1,2,4,4,7,4,4,18100,1,1,0,4,4,7,4,4,18100,1,1,0,4,4,7,4,4,18100,1,1,0,2025,3,7,7810000,6930000,1,1
202601,6,4.기타,화곡,11500,14,0,522,0,1,1,1,21,04,6,2,850,200,6,0,0,0,2,2,4,2,9,2,1,1,1,1,8,2,3,2,6,0,999,3,1,3,1,1,1,3,3,4200,1,1,1,1,1,1,3,3,4200,1,1,1,1,1,1,3,3,4200,1,1,1,0,1,1,7810000,6930000,1,1
202601,6,4.기타,화곡,11500,15,0,522,0,1,0,1,11,03,6,1,700,65,1,0,0,0,2,1,2,1,10,1,1,1,1,1,8,2,3,1,6,0,999,1,1,1,1,1,1,6,5,44400,1,1,1,1,1,1,6,5,44400,1,1,1,1,1,1,6,5,44400,1,1,1,0,1,1,9780000,17240000,1,3
202601,6,4.기타,화곡,11500,15,0,522,0,1,0,1,11,03,6,1,700,65,1,0,0,0,2,1,2,1,10,1,1,1,1,1,8,2,3,1,1,I,561,1,1,1,6,5,9,6,5,45500,1,2,0,6,5,9,6,5,45500,1,2,0,6,5,9,6,5,45500,1,2,0,2026,3,10,9780000,17240000,1,3
202601,6,4.기타,화곡,11500,22,0,522,0,1,1,1,21,03,1,1,300,150,6,0,0,0,1,2,4,1,9,1,1,1,1,1,8,1,3,-1,1,C,285,1,1,1,2,2,4,2,2,4900,1,1,0,2,2,4,2,2,4900,1,1,0,2,2,4,2,2,4900,1,1,0,2024,3,7,9320000,4510000,1,1
202601,6,4.기타,화곡,11500,22,0,522,0,1,1,1,21,03,1,1,300,150,6,0,0,0,1,2,4,1,9,1,1,1,1,1,8,1,3,1,1,C,285,3,1,3,5,5,7,5,5,16000,1,1,0,5,5,7,5,5,16000,1,1,0,5,5,7,5,5,16000,1,1,0,2024,3,7,9320000,4510000,1,1
202601,6,4.기타,화곡,11500,22,0,522,0,1,1,1,21,03,1,1,300,150,6,0,0,0,1,2,4,1,9,1,1,1,1,1,8,1,3,2,2,0,999,3,1,3,1,1,1,7,4,15800,1,1,0,1,1,1,7,4,15800,1,1,0,1,1,1,7,4,15800,1,1,0,0,1,1,9320000,4510000,1,1
202601,6,4.기타,까치산역,11500,14,0,522,0,1,1,1,21,03,5,1,105,95,6,0,0,0,2,2,4,1,10,2,1,1,1,1,8,2,2,-1,5,0,999,1,1,1,1,1,1,1,1,0,1,1,0,1,1,1,1,1,0,1,1,0,1,1,1,1,1,0,1,1,0,0,1,1,7380000,6610000,1,2
202601,6,4.기타,까치산역,11500,14,0,522,0,1,1,1,21,03,5,1,105,95,6,0,0,0,2,2,4,1,10,2,1,1,1,1,8,2,2,1,1,I,561,1,1,1,5,4,9,5,4,31000,1,1,0,5,4,9,5,4,31000,1,1,0,5,4,9,5,4,31000,1,1,0,2024,3,9,7380000,6610000,1,2
202601,6,4.기타,까치산역,11500,14,0,522,0,1,1,1,21,03,5,1,105,95,6,0,0,0,2,2,4,1,10,2,1,1,1,1,8,2,2,1,1,I,561,1,1,1,5,4,9,5,4,31100,1,1,0,5,4,9,5,4,31100,1,1,0,5,4,9,5,4,31100,1,1,0,2025,3,10,7380000,6610000,1,2
202601,6,4.기타,까치산역,11500,14,0,522,0,1,1,1,21,03,5,1,105,95,6,0,0,0,2,2,4,1,10,2,1,1,1,1,8,2,2,1,1,G,474,1,1,1,5,4,9,5,4,37000,1,1,0,5,4,9,5,4,37000,1,1,0,5,4,9,5,4,37000,1,1,0,2024,3,10,7380000,6610000,1,2
202601,6,4.기타,까치산역,11500,14,0,522,0,1,1,1,21,03,5,1,105,95,6,0,0,0,2,2,4,1,10,2,1,1,1,1,8,2,2,2,1,0,999,3,1,3,8,1,7,8,1,13000,1,1,0,8,1,7,8,1,13000,1,1,0,8,1,7,8,1,13000,1,1,0,2024,3,9,7380000,6610000,1,2
202601,6,4.기타,까치산역,11500,22,0,522,0,1,0,1,21,03,6,2,200,190,4,0,0,0,2,2,4,1,9,2,1,1,1,1,8,2,2,1,1,I,561,2,1,3,6,6,9,6,6,36800,1,1,0,6,6,9,6,6,36800,1,1,0,6,6,9,6,6,36800,1,1,0,2026,3,10,13720000,12610000,1,3
202601,6,4.기타,까치산역,11500,22,0,522,0,1,0,1,21,03,6,2,200,190,4,0,0,0,2,2,4,1,9,2,1,1,1,1,8,2,2,2,1,I,562,2,1,2,5,5,8,5,5,22100,1,1,0,5,5,8,5,5,21900,1,1,0,5,5,8,5,5,21900,1,1,0,2024,3,9,13720000,12610000,1,3
202601,6,4.기타,까치산역,11500,22,0,520,0,1,0,3,21,04,6,2,350,110,6,0,0,0,2,2,4,1,10,2,1,1,1,1,8,2,2,1,1,I,561,1,1,1,5,4,8,5,4,21500,1,1,0,5,4,8,5,4,21500,1,1,0,5,4,8,5,4,21500,1,1,0,2025,3,7,13070000,12670000,1,1
202601,6,4.기타,까치산역,11500,22,0,520,0,1,0,3,21,04,6,2,350,110,6,0,0,0,2,2,4,1,10,2,1,1,1,1,8,2,2,1,1,I,561,1,1,1,5,4,8,5,4,21500,1,1,0,5,4,8,5,4,21500,1,1,0,5,4,8,5,4,21500,1,1,0,2024,3,9,13070000,12670000,1,1
202601,6,4.기타,까치산역,11500,22,0,520,0,1,0,3,21,04,6,2,350,110,6,0,0,0,2,2,4,1,10,2,1,1,1,1,8,2,2,2,1,0,999,3,1,3,6,4,7,6,4,11200,1,1,0,6,4,7,6,4,11200,1,1,0,6,4,7,6,4,11200,1,1,0,2025,3,9,13070000,12670000,1,1
202601,6,4.기타,까치산역,11500,22,0,522,0,1,1,1,11,04,1,1,212,63,4,0,0,0,2,2,4,1,9,2,1,1,1,1,8,2,2,-1,5,0,999,1,1,1,1,1,1,1,1,0,1,1,0,1,1,1,1,1,0,1,1,0,1,1,1,1,1,0,1,1,0,0,1,1,12730000,9660000,1,2
202601,6,4.기타,까치산역,11500,22,0,522,0,1,1,1,11,04,1,1,212,63,4,0,0,0,2,2,4,1,9,2,1,1,1,1,8,2,2,1,1,I,561,3,1,4,6,6,9,6,6,36300,1,1,0,6,6,9,6,6,36300,1,1,0,6,6,9,6,6,36300,1,1,0,2025,3,9,12730000,9660000,1,2
202601,6,4.기타,까치산역,11500,22,0,522,0,1,1,1,11,04,1,1,212,63,4,0,0,0,2,2,4,1,9,2,1,1,1,1,8,2,2,2,1,I,561,3,1,4,4,5,7,4,5,15000,1,1,0,4,5,7,4,5,15000,1,1,0,4,5,7,4,5,15000,1,1,0,2025,3,8,12730000,9660000,1,2
202601,6,4.기타,까치산역,11500,22,0,520,0,1,1,1,11,03,1,1,220,120,4,0,0,0,2,2,4,1,10,2,1,1,1,1,8,2,2,-1,6,0,999,1,1,2,1,1,1,4,3,10400,1,1,1,1,1,1,4,3,10400,1,1,1,1,1,1,4,3,10400,1,1,1,0,1,1,12550000,9130000,1,1
202601,6,4.기타,까치산역,11500,22,0,520,0,1,1,1,11,03,1,1,220,120,4,0,0,0,2,2,4,1,10,2,1,1,1,1,8,2,2,1,1,I,561,3,1,3,6,5,8,6,6,29500,1,1,0,6,5,8,6,6,29500,1,1,0,6,5,8,6,6,29500,1,1,0,2024,3,8,12550000,9130000,1,1
202601,6,4.기타,까치산역,11500,22,0,520,0,1,1,1,11,03,1,1,220,120,4,0,0,0,2,2,4,1,10,2,1,1,1,1,8,2,2,2,1,S,961,3,1,4,5,4,7,5,5,12100,1,1,0,5,4,7,5,5,12100,1,1,0,5,4,7,5,5,12100,1,1,0,2026,3,10,12550000,9130000,1,1
202601,6,4.기타,화곡,11500,15,0,522,0,1,1,1,11,03,5,1,333,30,6,0,0,0,2,2,4,1,9,2,1,1,1,1,8,2,3,-1,5,0,999,1,1,1,1,1,1,1,1,0,1,1,0,1,1,1,1,1,0,1,1,0,1,1,1,1,1,0,1,1,0,0,1,1,8480000,7070000,1,1
202601,6,4.기타,화곡,11500,15,0,522,0,1,1,1,11,03,5,1,333,30,6,0,0,0,2,2,4,1,9,2,1,1,1,1,8,2,3,1,1,I,562,1,1,1,4,4,9,4,4,31900,1,1,0,4,4,9,4,4,31900,1,1,0,4,4,9,4,4,31900,1,1,0,2025,3,9,8480000,7070000,1,1
202601,6,4.기타,화곡,11500,15,0,522,0,1,1,1,11,03,5,1,333,30,6,0,0,0,2,2,4,1,9,2,1,1,1,1,8,2,3,1,1,G,472,1,1,1,4,3,8,4,4,31900,1,1,0,4,3,8,4,4,31900,1,1,0,4,3,8,4,4,31900,1,1,0,2024,3,7,8480000,7070000,1,1
202601,6,4.기타,화곡,11500,15,0,522,0,1,1,1,11,03,5,1,333,30,6,0,0,0,2,2,4,1,9,2,1,1,1,1,8,2,3,1,1,I,561,1,1,1,4,4,9,4,4,32100,1,1,0,4,4,9,4,4,32100,1,1,0,4,4,9,4,4,32100,1,1,0,2024,3,9,8480000,7070000,1,1
202601,6,4.기타,화곡,11500,15,0,522,0,1,1,1,11,03,5,1,333,30,6,0,0,0,2,2,4,1,9,2,1,1,1,1,8,2,3,2,1,I,562,2,1,2,4,4,7,4,4,11500,1,1,0,4,4,7,4,4,11500,1,1,0,4,4,7,4,4,11500,1,1,0,2025,3,10,8480000,7070000,1,1
202601,6,4.기타,화곡,11500,22,0,522,0,1,0,1,11,04,1,1,87,없음,8,0,0,0,2,2,4,1,10,2,1,1,1,1,8,2,3,1,1,I,561,4,1,4,6,6,8,6,6,21700,1,1,0,6,6,8,6,6,21700,1,1,0,6,6,8,6,6,21700,1,1,0,2024,3,9,9620000,15220000,1,1
202601,6,4.기타,화곡,11500,14,0,522,0,1,1,1,11,04,1,1,900,170,8,0,0,0,2,2,4,1,10,2,1,1,1,1,8,2,3,-1,1,I,561,2,1,2,3,3,4,3,3,4900,1,1,0,3,3,4,3,3,4900,1,1,0,3,3,4,3,3,4900,1,1,0,2025,3,10,7120000,15150000,1,2
202601,6,4.기타,화곡,11500,14,0,522,0,1,1,1,11,04,1,1,900,170,8,0,0,0,2,2,4,1,10,2,1,1,1,1,8,2,3,1,1,I,561,3,1,3,6,5,8,5,5,21800,1,1,0,6,5,8,5,5,21800,1,1,0,6,5,8,5,5,21800,1,1,0,2025,3,10,7120000,15150000,1,2
202601,6,4.기타,화곡,11500,14,0,522,0,1,1,1,11,04,1,1,850,100,6,0,0,0,2,2,4,1,10,2,1,1,1,1,8,2,3,-1,6,0,999,1,1,1,1,1,1,2,2,6200,1,1,1,1,1,1,2,2,6200,1,1,1,1,1,1,2,2,6200,1,1,1,0,1,1,10400000,10680000,1,2
202601,6,4.기타,화곡,11500,14,0,522,0,1,1,1,11,04,1,1,850,100,6,0,0,0,2,2,4,1,10,2,1,1,1,1,8,2,3,1,1,I,561,3,1,3,6,6,9,6,6,44400,1,1,0,6,6,9,6,6,44400,1,1,0,6,6,9,6,6,44400,1,1,0,2025,3,10,10400000,10680000,1,2
202601,6,4.기타,화곡,11500,14,0,522,0,1,1,1,11,04,1,1,850,100,6,0,0,0,2,2,4,1,10,2,1,1,1,1,8,2,3,2,1,I,562,3,1,3,4,5,7,4,5,16400,1,1,0,4,5,7,4,5,16400,1,1,0,4,5,7,4,5,16400,1,1,0,2025,3,8,10400000,10680000,1,2
202601,6,4.기타,화곡,11500,14,0,522,0,1,0,6,32,04,6,1,915,없음,8,0,0,0,2,2,4,1,10,2,1,1,1,1,8,2,3,1,1,I,561,4,1,4,5,5,7,5,5,19000,1,1,0,5,5,7,5,5,19000,1,1,0,5,5,7,5,5,19000,1,1,0,2025,3,10,7750000,13010000,1,3
202601,6,4.기타,화곡,11500,14,0,522,0,1,0,1,11,04,1,1,888,없음,4,0,0,0,2,2,4,1,10,2,1,1,1,1,8,2,3,1,1,I,561,4,1,4,6,6,9,6,6,31300,1,1,0,6,6,9,6,6,31300,1,1,0,6,6,9,6,6,31300,1,1,0,2025,3,10,10320000,8960000,1,1
202601,6,4.기타,화곡,11500,14,0,522,0,1,0,1,11,04,1,1,888,없음,4,0,0,0,2,2,4,1,10,2,1,1,1,1,8,2,3,2,1,I,562,3,1,3,5,5,7,5,5,19700,1,1,0,5,5,7,5,5,19700,1,1,0,5,5,7,5,5,19700,1,1,0,2025,3,10,10320000,8960000,1,1
202601,6,0.비상권,0.비상권,11530,14,0,0,0,1,0,1,12,03,1,1,170,10,4,0,0,0,1,1,2,1,9,1,1,1,1,1,8,1,3,1,1,G,474,1,1,1,4,4,9,4,4,39700,1,1,0,4,4,9,4,4,39700,1,1,0,4,4,9,4,4,39700,1,1,0,2024,3,9,10310000,10490000,1,3
202601,6,0.비상권,0.비상권,11530,14,0,0,0,1,0,1,12,03,1,1,170,10,4,0,0,0,1,1,2,1,9,1,1,1,1,1,8,1,3,1,1,I,561,2,1,2,6,6,9,6,5,40500,1,1,0,6,6,9,6,5,40500,1,1,0,6,6,9,6,5,40500,1,1,0,2026,3,10,10310000,10490000,1,3
202601,6,4.기타,오류동역,11530,22,0,0,0,1,0,1,11,03,1,1,338,없음,3,0,0,0,1,1,2,1,9,1,1,1,1,1,8,1,3,1,1,I,561,1,1,2,5,5,9,5,5,42500,1,1,0,5,5,9,5,5,42500,1,1,0,5,5,9,5,5,42500,1,1,0,2025,3,10,18090000,16050000,1,3
202601,6,4.기타,오류동역,11530,22,0,0,0,1,0,1,11,03,1,1,338,없음,3,0,0,0,1,1,2,1,9,1,1,1,1,1,8,1,3,2,1,S,961,1,1,2,5,4,8,5,4,27800,1,1,0,5,4,8,5,4,27800,1,1,0,5,4,8,5,4,27800,1,1,0,2025,3,9,18090000,16050000,1,3
202601,6,4.기타,오류동역,11530,22,0,0,0,1,0,1,11,04,1,1,290,10,1,0,0,0,1,1,1,1,10,1,1,1,1,1,8,1,3,1,1,R,912,1,1,1,4,4,11,5,4,82100,1,1,0,4,4,11,5,4,82100,1,1,0,4,4,11,5,4,82100,1,1,0,2025,3,9,14420000,10030000,1,3
202601,6,4.기타,오류동역,11530,22,0,0,0,1,0,1,11,04,1,1,290,10,1,0,0,0,1,1,1,1,10,1,1,1,1,1,8,1,3,1,1,G,478,1,1,1,3,4,10,5,4,78400,1,1,0,3,4,10,5,4,78400,1,1,0,3,4,10,5,4,78400,1,1,0,2025,3,10,14420000,10030000,1,3
202601,6,4.기타,오류동역,11530,22,0,0,0,1,0,1,11,04,1,1,290,10,1,0,0,0,1,1,1,1,10,1,1,1,1,1,8,1,3,2,1,Q,872,1,1,1,4,3,8,4,3,29500,1,1,0,4,3,8,4,3,29500,1,1,0,4,3,8,4,3,29500,1,1,0,2025,3,9,14420000,10030000,1,3
202601,6,4.기타,오류동역,11530,22,0,0,0,1,0,4,21,03,7,2,100,300,4,0,0,0,1,1,3,1,9,1,1,1,1,1,8,1,3,1,1,N,759,1,1,1,4,4,9,4,4,38500,1,1,0,4,4,9,4,4,38500,1,1,0,4,4,9,4,4,38500,1,1,0,2026,3,7,12870000,10470000,1,2
202601,6,4.기타,오류동역,11530,22,0,0,0,1,0,4,21,03,7,2,100,300,4,0,0,0,1,1,3,1,9,1,1,1,1,1,8,1,3,1,1,G,478,1,1,1,4,4,9,4,4,35400,1,1,0,4,4,9,4,4,35400,1,1,0,4,4,9,4,4,35400,1,1,0,2025,3,7,12870000,10470000,1,2
202601,6,4.기타,오류동역,11530,22,0,0,0,1,0,4,21,03,7,2,100,300,4,0,0,0,1,1,3,1,9,1,1,1,1,1,8,1,3,2,6,0,999,2,1,2,1,1,1,5,4,19300,1,1,1,1,1,1,5,4,19300,1,1,1,1,1,1,5,4,19300,1,1,1,0,1,1,12870000,10470000,1,2
202601,6,4.기타,오류동역,11530,22,0,0,0,1,0,6,21,03,6,2,300,100,5,0,0,0,1,1,1,1,9,1,1,1,1,1,8,1,3,1,1,I,562,1,1,1,4,4,10,5,4,56200,1,1,0,4,4,10,5,4,56200,1,1,0,4,4,10,5,4,56200,1,1,0,2024,3,10,12940000,12560000,1,1
202601,6,4.기타,오류동역,11530,22,0,0,0,1,0,6,21,03,6,2,300,100,5,0,0,0,1,1,1,1,9,1,1,1,1,1,8,1,3,2,6,0,999,1,1,1,1,1,1,4,3,31500,1,1,1,1,1,1,4,3,31500,1,1,1,1,1,1,4,3,31500,1,1,1,0,1,1,12940000,12560000,1,1
202601,6,4.기타,오류동역,11530,22,0,0,0,1,0,1,51,03,1,1,180,40,1,0,0,0,2,1,2,1,10,1,1,1,1,1,8,2,3,1,1,I,561,1,1,1,6,5,11,6,5,68100,1,1,0,6,5,11,6,5,68100,1,1,0,6,5,11,6,5,68100,1,1,0,2025,3,10,17480000,35930000,1,3
202601,6,4.기타,오류동역,11530,22,0,0,0,1,0,1,51,03,1,1,180,40,1,0,0,0,2,1,2,1,10,1,1,1,1,1,8,2,3,1,2,I,561,2,1,2,1,1,1,6,6,66000,1,1,0,1,1,1,6,6,66000,1,1,0,1,1,1,6,6,66000,1,1,0,0,1,1,17480000,35930000,1,3
202601,6,4.기타,오류동역,11530,22,0,0,0,1,0,3,12,03,1,1,300,10,1,0,0,0,1,1,2,1,10,1,1,1,1,1,8,1,3,1,1,G,474,1,1,1,6,5,12,6,5,106000,1,1,0,6,5,12,6,5,106000,1,1,0,6,5,12,6,5,106100,1,1,0,2025,3,9,19430000,35270000,1,3
202601,6,4.기타,오류동역,11530,22,0,0,0,1,0,3,12,03,1,1,300,10,1,0,0,0,1,1,2,1,10,1,1,1,1,1,8,1,3,1,1,I,561,1,1,1,6,5,11,6,5,74800,1,1,0,6,5,11,6,5,74800,1,1,0,6,5,11,6,5,74800,1,1,0,2026,3,9,19430000,35270000,1,3
202601,6,4.기타,오류동역,11530,15,0,0,0,1,0,1,12,04,1,1,350,100,9,0,0,0,2,2,4,1,10,2,1,1,1,1,8,2,3,1,1,I,561,1,1,1,5,4,9,5,4,34400,1,1,0,5,4,9,5,4,34400,1,1,0,5,4,9,5,4,34400,1,1,0,2025,3,10,6810000,10120000,1,2
202601,6,4.기타,오류동역,11530,15,0,0,0,1,0,1,12,04,1,1,350,100,9,0,0,0,2,2,4,1,10,2,1,1,1,1,8,2,3,1,1,I,562,1,1,1,4,4,9,4,4,30700,1,1,0,4,4,9,4,4,30700,1,1,0,4,4,9,4,4,30700,1,1,0,2024,3,9,6810000,10120000,1,2
202601,6,4.기타,오류동역,11530,15,0,0,0,1,0,1,12,04,1,1,350,100,9,0,0,0,2,2,4,1,10,2,1,1,1,1,8,2,3,1,1,I,561,2,1,2,5,5,9,5,5,32600,1,1,0,5,5,9,5,5,32600,1,1,0,5,5,9,5,5,32600,1,1,0,2024,3,9,6810000,10120000,1,2
202601,6,4.기타,오류동역,11530,15,0,0,0,1,0,1,12,04,1,1,350,100,9,0,0,0,2,2,4,1,10,2,1,1,1,1,8,2,3,1,1,S,961,1,1,1,3,3,8,3,3,26700,1,1,0,3,3,8,3,3,26700,1,1,0,3,3,8,3,3,26700,1,1,0,2024,3,8,6810000,10120000,1,2
202601,6,4.기타,오류동역,11530,22,0,0,0,1,0,1,51,03,1,1,150,20,3,0,0,0,1,1,1,1,10,1,1,1,1,1,8,1,3,1,1,L,682,1,1,1,5,4,9,5,4,45900,1,1,0,5,4,9,5,4,45900,1,1,0,5,4,9,5,4,45900,1,1,0,2025,2,10,19360000,38800000,1,4
202601,6,4.기타,오류동역,11530,22,0,0,0,1,0,1,51,03,1,1,150,20,3,0,0,0,1,1,1,1,10,1,1,1,1,1,8,1,3,1,1,I,561,1,1,1,5,4,10,5,4,62800,1,1,0,5,4,10,5,4,62800,1,1,0,5,4,10,5,4,62800,1,1,0,2025,2,10,19360000,38800000,1,4
202601,6,4.기타,오류동역,11530,22,0,0,0,1,0,2,51,03,1,1,170,없음,1,0,0,0,1,1,1,1,9,1,1,1,1,1,8,1,3,1,1,I,561,1,1,1,6,5,12,6,5,233400,1,1,0,6,5,12,6,5,233400,1,1,0,6,5,12,6,5,233400,1,1,0,2024,3,9,25560000,67250000,1,5
202601,6,4.기타,오류동역,11530,22,0,0,0,1,0,2,51,03,1,1,170,없음,1,0,0,0,1,1,1,1,9,1,1,1,1,1,8,1,3,1,1,I,561,1,1,1,6,5,12,6,5,232000,1,1,0,6,5,12,6,5,232000,1,1,0,6,5,12,6,5,232000,1,1,0,2024,3,8,25560000,67250000,1,5
202601,6,4.기타,오류동역,11530,22,0,0,0,1,0,1,12,03,1,1,120,20,1,0,0,0,1,1,1,1,10,1,1,1,1,1,8,1,3,1,1,G,478,1,1,1,4,4,10,4,4,66800,1,1,0,4,4,10,4,4,66800,1,1,0,4,4,10,4,4,66900,1,1,0,2026,3,9,23010000,29480000,3,4
202601,6,4.기타,오류동역,11530,22,0,0,0,1,0,1,12,03,1,1,120,20,1,0,0,0,1,1,1,1,10,1,1,1,1,1,8,1,3,1,1,G,473,1,1,1,4,5,11,5,4,68700,1,1,0,4,5,11,5,4,68700,1,1,0,4,5,11,5,4,68700,1,1,0,2024,3,10,23010000,29480000,3,4
202601,6,4.기타,오류동역,11530,22,0,0,0,1,0,8,32,03,6,1,254,없음,9,0,0,0,1,1,1,1,10,1,1,1,1,1,8,1,3,1,1,G,472,1,1,1,5,4,8,5,4,27300,1,1,0,5,4,8,5,4,27300,1,1,0,5,4,8,5,4,27300,1,1,0,2024,3,10,9670000,17950000,1,3
202601,6,0.비상권,0.비상권,11545,15,0,0,0,1,0,1,11,04,1,1,없음,50,1,0,0,0,1,2,3,1,9,2,1,1,1,1,8,1,2,1,1,I,561,2,1,3,6,5,9,6,6,31900,2,1,0,6,5,9,6,6,31900,2,1,0,6,5,9,6,6,31600,2,1,0,2026,3,7,10010000,8260000,2,3
202601,6,0.비상권,0.비상권,11545,15,0,0,0,1,0,1,11,04,1,1,없음,50,1,0,0,0,1,2,3,1,9,2,1,1,1,1,8,1,2,2,1,S,961,2,1,2,4,4,8,4,4,22400,1,1,0,4,4,8,4,4,22400,1,1,0,4,4,8,4,4,22200,1,1,0,2025,3,9,10010000,8260000,2,3
202601,6,0.비상권,0.비상권,11545,14,0,0,0,1,0,1,11,03,1,1,없음,35,4,0,0,0,2,2,4,1,9,1,1,1,1,1,8,2,2,1,1,G,478,1,1,2,5,4,8,5,4,25500,1,1,0,5,4,8,5,4,25500,1,1,0,5,4,8,5,4,25400,1,1,0,2025,3,8,8530000,7550000,2,3
202601,6,0.비상권,0.비상권,11545,14,0,0,0,1,0,1,11,03,1,1,없음,35,4,0,0,0,2,2,4,1,9,1,1,1,1,1,8,2,2,1,1,S,969,2,1,2,4,4,8,4,4,20800,1,1,0,4,4,8,4,4,20800,1,1,0,4,4,8,4,4,20700,1,1,0,2025,3,8,8530000,7550000,2,3
202601,6,0.비상권,0.비상권,11545,14,0,0,0,1,0,1,11,03,1,1,없음,35,4,0,0,0,2,2,4,1,9,1,1,1,1,1,8,2,2,2,2,0,999,2,1,3,1,1,1,7,3,12800,1,1,0,1,1,1,7,3,12800,1,1,0,1,1,1,7,3,12800,1,1,0,0,1,1,8530000,7550000,2,3
202601,6,4.기타,독산/시흥,11545,14,0,0,0,1,0,1,21,04,10,2,825,219,5,0,0,0,2,2,4,1,9,2,1,1,1,1,8,2,3,1,1,L,682,1,1,1,5,4,9,5,5,38600,1,1,0,5,4,9,5,5,38600,1,1,0,5,4,9,5,5,38600,1,1,0,2024,3,9,8550000,5060000,2,3
202601,6,4.기타,독산/시흥,11545,14,0,0,0,1,0,1,21,04,10,2,825,219,5,0,0,0,2,2,4,1,9,2,1,1,1,1,8,2,3,1,1,I,561,2,1,3,6,5,8,6,5,28200,1,1,0,6,5,8,6,5,28200,1,1,0,6,5,8,6,5,28200,1,1,0,2026,2,10,8550000,5060000,2,3
202601,6,4.기타,독산/시흥,11545,14,0,0,0,1,0,1,21,04,10,2,825,219,5,0,0,0,2,2,4,1,9,2,1,1,1,1,8,2,3,2,2,0,999,3,1,3,1,1,1,6,5,15700,1,1,0,1,1,1,6,5,15700,1,1,0,1,1,1,6,5,15700,1,1,0,0,1,1,8550000,5060000,2,3
202601,6,4.기타,독산/시흥,11545,22,0,0,0,1,0,1,11,03,1,1,638,228,7,0,0,0,1,1,2,1,10,1,1,1,1,1,8,1,3,1,1,I,561,2,1,2,6,5,10,6,5,52300,1,1,0,6,5,10,6,5,52300,1,1,0,6,5,10,6,5,52300,1,1,0,2024,3,9,9770000,16530000,1,2
202601,6,4.기타,독산/시흥,11545,22,0,0,0,1,0,1,11,03,1,1,638,228,7,0,0,0,1,1,2,1,10,1,1,1,1,1,8,1,3,1,1,G,478,1,1,1,6,4,10,6,4,55000,1,1,0,6,4,10,6,4,55000,1,1,0,6,4,10,6,4,55200,1,1,0,2024,3,7,9770000,16530000,1,2
202601,6,4.기타,독산/시흥,11545,22,0,0,0,1,1,1,11,04,6,2,800,90,6,0,0,0,2,2,4,1,10,2,2,1,1,1,8,2,3,-1,2,0,999,2,1,2,1,1,1,4,4,16300,1,1,0,1,1,1,4,4,16300,1,1,0,1,1,1,4,4,16300,1,1,0,0,1,1,8570000,7020000,1,1
202601,6,4.기타,독산/시흥,11545,22,0,0,0,1,1,1,11,04,6,2,800,90,6,0,0,0,2,2,4,1,10,2,2,1,1,1,8,2,3,1,1,I,561,1,1,2,4,4,8,4,4,22700,1,1,0,4,4,8,4,4,22700,1,1,0,4,4,8,4,4,22700,1,1,0,2025,3,8,8570000,7020000,1,1
202601,6,4.기타,독산/시흥,11545,22,0,0,0,1,1,1,11,04,6,2,800,90,6,0,0,0,2,2,4,1,10,2,2,1,1,1,8,2,3,1,1,I,561,3,1,3,6,6,9,6,6,27000,1,1,0,6,6,9,6,6,27000,1,1,0,6,6,9,6,6,27000,1,1,0,2024,3,10,8570000,7020000,1,1
202601,6,4.기타,독산/시흥,11545,22,0,0,0,1,1,1,11,04,6,2,800,90,6,0,0,0,2,2,4,1,10,2,2,1,1,1,8,2,3,1,1,I,562,1,1,1,4,4,9,4,4,28000,1,1,0,4,4,9,4,4,28000,1,1,0,4,4,9,4,4,28000,1,1,0,2025,3,10,8570000,7020000,1,1
202601,6,4.기타,독산/시흥,11545,22,0,0,0,1,1,1,11,04,6,2,800,90,6,0,0,0,2,2,4,1,10,2,2,1,1,1,8,2,3,2,6,0,999,3,1,3,1,1,1,6,5,20300,1,1,1,1,1,1,6,5,20300,1,1,1,1,1,1,6,5,20300,1,1,1,0,1,1,8570000,7020000,1,1
202601,6,4.기타,독산/시흥,11545,22,0,0,0,1,1,1,11,04,6,2,800,90,6,0,0,0,2,2,4,1,10,2,2,1,1,1,8,2,3,2,6,0,999,2,1,2,1,1,1,4,4,19500,1,1,1,1,1,1,4,4,19500,1,1,1,1,1,1,4,4,19500,1,1,1,0,1,1,8570000,7020000,1,1
202601,6,4.기타,독산/시흥,11545,22,0,0,0,1,0,2,12,04,4,1,791,61,7,0,1,0,3,2,4,1,9,2,1,1,1,1,8,3,3,1,1,I,561,3,1,4,6,6,9,6,6,48300,1,1,0,6,6,9,6,6,48300,1,1,0,6,6,9,6,6,48500,1,1,0,2025,2,10,9650000,28370000,1,2
202601,6,4.기타,독산/시흥,11545,22,0,0,0,1,0,2,12,04,4,1,791,61,7,0,1,0,3,2,4,1,9,2,1,1,1,1,8,3,3,1,6,0,999,2,1,2,1,1,1,6,6,46500,1,1,1,1,1,1,6,6,46500,1,1,1,1,1,1,6,6,46700,1,1,1,0,1,1,9650000,28370000,1,2
202601,6,4.기타,독산/시흥,11545,22,0,0,0,1,0,2,12,04,4,1,791,61,7,0,1,0,3,2,4,1,9,2,1,1,1,1,8,3,3,1,1,G,476,2,1,2,6,6,9,6,6,44800,1,1,0,6,6,9,6,6,44800,1,1,0,6,6,9,6,6,45000,1,1,0,2024,3,10,9650000,28370000,1,2
202601,6,4.기타,독산/시흥,11545,15,0,0,0,1,0,5,32,04,5,1,875,128,6,0,1,0,3,2,4,1,10,2,1,1,1,1,8,3,3,1,1,I,561,2,1,2,4,5,9,4,5,26800,1,1,0,4,5,9,4,5,26800,1,1,0,4,5,9,4,5,26800,1,1,0,2024,3,10,8240000,16500000,1,1
202601,6,4.기타,독산/시흥,11545,15,0,0,0,1,0,5,32,04,5,1,875,128,6,0,1,0,3,2,4,1,10,2,1,1,1,1,8,3,3,1,1,I,561,3,1,3,6,6,8,6,6,25900,1,1,0,6,6,8,6,6,25900,1,1,0,6,6,8,6,6,25900,1,1,0,2024,3,9,8240000,16500000,1,1
202601,6,4.기타,독산/시흥,11545,15,0,0,0,1,0,5,32,04,5,1,875,128,6,0,1,0,3,2,4,1,10,2,1,1,1,1,8,3,3,1,1,I,562,2,1,2,5,5,8,5,5,24000,1,1,0,5,5,8,5,5,24000,1,1,0,5,5,8,5,5,24000,1,1,0,2024,3,9,8240000,16500000,1,1
202601,6,4.기타,독산/시흥,11545,14,0,0,0,1,0,7,32,04,6,1,872,120,6,0,1,0,3,2,4,1,10,2,1,1,1,1,8,3,3,1,1,I,561,3,1,4,4,5,7,4,5,18300,1,1,0,4,5,7,4,5,18300,1,1,0,4,5,7,4,5,18300,1,1,0,2024,3,9,6990000,11720000,1,2
202601,6,4.기타,독산/시흥,11545,14,0,0,0,1,0,7,32,04,6,1,872,120,6,0,1,0,3,2,4,1,10,2,1,1,1,1,8,3,3,1,1,G,472,3,1,4,6,5,8,4,5,19100,1,1,0,6,5,8,4,5,19100,1,1,0,6,5,8,4,5,19100,1,1,0,2025,2,10,6990000,11720000,1,2
202601,6,3.영등포신촌,영등포역,11560,16,0,0,0,1,1,3,11,04,6,1,737,없음,8,0,0,0,3,2,4,1,10,2,1,1,1,1,8,3,3,-1,5,0,999,1,1,2,1,1,1,1,1,0,1,1,0,1,1,1,1,1,0,1,1,0,1,1,1,1,1,0,1,1,0,0,1,1,13050000,22540000,1,1
202601,6,3.영등포신촌,영등포역,11560,16,0,0,0,1,1,3,11,04,6,1,737,없음,8,0,0,0,3,2,4,1,10,2,1,1,1,1,8,3,3,1,1,I,561,4,1,4,6,5,7,6,5,16600,1,1,0,6,5,7,6,5,16600,1,1,0,6,5,7,6,5,16600,1,1,0,2025,3,9,13050000,22540000,1,1
202601,6,3.영등포신촌,영등포역,11560,16,0,0,0,1,1,3,11,04,6,1,737,없음,8,0,0,0,3,2,4,1,10,2,1,1,1,1,8,3,3,1,1,M,739,4,1,4,6,5,7,6,5,16600,1,1,0,6,5,7,6,5,16600,1,1,0,6,5,7,6,5,16600,1,1,0,2025,3,8,13050000,22540000,1,1
202601,6,3.영등포신촌,영등포역,11560,22,16,0,0,1,0,8,31,03,3,1,709,없음,4,0,1,0,3,2,4,1,10,2,1,1,1,1,8,3,3,1,1,G,465,3,1,3,6,6,9,6,6,32500,1,1,0,6,6,9,6,6,32500,1,1,0,6,6,9,6,6,32500,1,1,0,2024,3,9,16890000,38090000,1,2
202601,6,3.영등포신촌,영등포역,11560,22,16,0,0,1,0,8,31,03,3,1,709,없음,4,0,1,0,3,2,4,1,10,2,1,1,1,1,8,3,3,2,1,G,465,2,1,3,5,4,7,5,4,15500,1,1,0,5,4,7,5,4,15500,1,1,0,5,4,7,5,4,15500,1,1,0,2024,3,9,16890000,38090000,1,2
202601,6,3.영등포신촌,영등포역,11560,16,0,0,0,1,0,1,12,03,6,1,500,300,9,0,0,0,2,2,3,1,10,2,1,1,1,1,8,2,3,1,1,G,463,1,1,1,4,3,8,4,4,24100,1,1,0,4,3,8,4,4,24100,1,1,0,4,3,8,4,4,24100,1,1,0,2025,3,10,11970000,20730000,1,2
202601,6,3.영등포신촌,영등포역,11560,16,0,0,0,1,0,1,12,03,6,1,500,300,9,0,0,0,2,2,3,1,10,2,1,1,1,1,8,2,3,1,1,G,463,1,1,1,4,3,8,4,3,23100,1,1,0,4,3,8,4,3,23100,1,1,0,4,3,8,4,3,23100,1,1,0,2025,3,10,11970000,20730000,1,2
202601,6,3.영등포신촌,영등포역,11560,16,0,0,0,1,0,1,12,03,6,1,500,300,9,0,0,0,2,2,3,1,10,2,1,1,1,1,8,2,3,1,1,G,474,1,1,1,3,3,8,3,3,25700,1,1,0,3,3,8,3,3,25700,1,1,0,3,3,8,3,3,25700,1,1,0,2025,3,10,11970000,20730000,1,2
202601,6,3.영등포신촌,영등포역,11560,16,0,0,0,1,0,1,12,03,6,1,500,300,9,0,0,0,2,2,3,1,10,2,1,1,1,1,8,2,3,1,1,G,465,2,1,2,5,4,8,5,4,21400,1,1,0,5,4,8,5,4,21400,1,1,0,5,4,8,5,4,21400,1,1,0,2024,3,9,11970000,20730000,1,2
202601,6,3.영등포신촌,영등포역,11560,22,0,0,0,1,0,1,51,03,5,1,200,10,1,0,0,0,1,1,2,1,9,1,1,1,1,1,8,1,3,1,1,G,478,2,1,2,7,7,12,7,7,140000,1,1,0,7,7,12,7,7,140000,1,1,0,7,7,12,7,7,140000,1,1,0,2024,3,9,48020000,62470000,3,3
202601,6,3.영등포신촌,영등포역,11560,22,0,0,0,1,0,1,51,03,5,1,200,10,1,0,0,0,1,1,2,1,9,1,1,1,1,1,8,1,3,2,1,S,969,1,1,1,5,4,9,5,4,41100,1,1,0,5,4,9,5,4,41100,1,1,0,5,4,9,5,4,41100,1,1,0,2024,3,9,48020000,62470000,3,3
202601,6,3.영등포신촌,영등포역,11560,22,0,0,0,1,0,1,51,04,9,2,100,76,11,0,0,0,1,1,3,1,9,1,1,1,1,1,8,1,3,1,1,I,561,2,1,2,7,6,10,7,6,60500,2,1,0,7,6,10,7,6,60500,2,1,0,7,6,10,7,6,60500,2,1,0,2025,3,10,22880000,13840000,1,3
202601,6,3.영등포신촌,영등포역,11560,22,0,0,0,1,0,1,51,04,9,2,100,76,11,0,0,0,1,1,3,1,9,1,1,1,1,1,8,1,3,2,1,I,561,2,1,2,6,5,9,6,5,40300,1,1,0,6,5,9,6,5,40300,1,1,0,6,5,9,6,5,40300,1,1,0,2025,3,10,22880000,13840000,1,3
202601,6,3.영등포신촌,영등포역,11560,22,0,0,0,1,0,1,51,04,1,1,250,300,1,0,0,0,2,2,4,1,10,2,1,1,1,1,8,2,3,1,1,I,561,1,1,1,6,5,11,5,5,73100,1,1,0,6,5,11,5,5,73100,1,1,0,6,5,11,5,5,73100,1,1,0,2025,3,10,35650000,28910000,1,2
202601,6,3.영등포신촌,영등포역,11560,22,0,0,0,1,0,1,51,04,1,1,250,300,1,0,0,0,2,2,4,1,10,2,1,1,1,1,8,2,3,1,1,I,561,4,1,4,7,7,10,7,7,68400,1,1,0,7,7,10,7,7,68400,1,1,0,7,7,10,7,7,68400,1,1,0,2025,3,10,35650000,28910000,1,2
202601,6,3.영등포신촌,영등포역,11560,22,0,0,0,1,0,1,51,04,1,1,250,300,1,0,0,0,2,2,4,1,10,2,1,1,1,1,8,2,3,2,1,R,912,3,1,3,6,5,7,6,5,13300,1,1,0,6,5,7,6,5,13300,1,1,0,6,5,7,6,5,13300,1,1,0,2025,3,9,35650000,28910000,1,2
202601,6,3.영등포신촌,영등포역,11560,22,0,0,0,1,0,1,11,03,1,1,250,300,6,0,0,0,1,2,4,1,10,2,1,1,1,1,8,1,3,1,1,I,561,2,1,2,5,6,9,5,6,45300,1,1,0,5,6,9,5,6,45300,1,1,0,5,6,9,5,6,45300,1,1,0,2025,3,10,28480000,11880000,1,2
202601,6,3.영등포신촌,영등포역,11560,22,0,0,0,1,0,1,11,03,1,1,250,300,6,0,0,0,1,2,4,1,10,2,1,1,1,1,8,1,3,2,1,I,561,2,1,2,5,4,7,5,5,18100,1,1,0,5,4,7,5,5,18100,1,1,0,5,4,7,5,5,18100,1,1,0,2025,3,10,28480000,11880000,1,2
202601,6,3.영등포신촌,영등포역,11560,22,0,0,0,1,0,1,51,04,1,1,300,400,6,0,0,0,1,1,2,1,9,1,1,1,1,1,8,1,3,1,1,I,562,2,1,2,6,6,11,7,6,73300,2,1,0,6,6,11,7,6,73300,2,1,0,6,6,11,7,6,73300,2,1,0,2025,2,8,28430000,26510000,1,3
202601,6,3.영등포신촌,영등포역,11560,22,0,0,0,1,0,1,51,04,1,1,300,400,6,0,0,0,1,1,2,1,9,1,1,1,1,1,8,1,3,2,1,I,561,1,1,1,6,5,9,6,5,43200,1,1,0,6,5,9,6,5,43200,1,1,0,6,5,9,6,5,43200,1,1,0,2025,3,8,28430000,26510000,1,3
202601,6,3.영등포신촌,영등포역,11560,22,0,0,0,1,0,1,51,04,1,1,696,없음,6,0,0,0,1,1,2,1,9,1,1,1,1,1,8,1,3,1,1,I,561,2,1,2,7,6,9,7,6,51500,1,1,0,7,6,9,7,6,51500,1,1,0,7,6,9,7,6,51500,1,1,0,2024,3,10,26630000,27040000,1,3
202601,6,3.영등포신촌,영등포역,11560,22,0,0,0,1,0,1,51,04,1,1,696,없음,6,0,0,0,1,1,2,1,9,1,1,1,1,1,8,1,3,2,1,I,561,1,1,1,5,3,8,5,3,29300,1,1,0,5,3,8,5,3,29300,1,1,0,5,3,8,5,3,29300,1,1,0,2024,3,10,26630000,27040000,1,3
202601,6,3.영등포신촌,영등포역,11560,22,0,0,0,1,0,1,21,04,5,1,230,180,7,0,0,0,2,2,4,1,10,2,1,1,1,1,8,2,3,1,1,I,561,4,1,4,7,7,10,7,7,67900,1,1,0,7,7,10,7,7,67900,1,1,0,7,7,10,7,7,67900,1,1,0,2025,3,9,28690000,39270000,1,3
202601,6,3.영등포신촌,영등포역,11560,22,0,0,0,1,0,1,21,04,5,1,230,180,7,0,0,0,2,2,4,1,10,2,1,1,1,1,8,2,3,2,1,I,562,3,1,3,6,6,9,5,6,30200,1,1,0,6,6,9,5,6,30200,1,1,0,6,6,9,5,6,30200,1,1,0,2025,3,9,28690000,39270000,1,3
202601,6,3.영등포신촌,영등포역,11560,16,0,0,0,1,0,1,51,03,1,1,500,120,8,0,0,0,2,1,2,1,10,1,1,1,1,1,8,2,3,1,1,I,561,2,1,3,6,6,9,6,6,50600,1,1,0,6,6,9,6,6,50600,1,1,0,6,6,9,6,6,50600,1,1,0,2025,3,10,17370000,32090000,1,2
202601,6,3.영등포신촌,영등포역,11560,16,0,0,0,1,0,4,32,04,6,1,500,200,8,0,1,0,2,2,4,1,10,2,1,1,1,1,8,2,3,1,1,J,581,1,1,1,4,4,8,4,5,34400,1,1,0,4,4,8,4,5,34400,1,1,0,4,4,8,4,5,34400,1,1,0,2024,3,7,16190000,27140000,1,1
202601,6,3.영등포신촌,영등포역,11560,16,0,0,0,1,0,4,32,04,6,1,500,200,8,0,1,0,2,2,4,1,10,2,1,1,1,1,8,2,3,1,1,J,581,2,1,2,4,4,7,4,5,21600,1,1,0,4,4,7,4,5,21600,1,1,0,4,4,7,4,5,21600,1,1,0,2024,3,8,16190000,27140000,1,1
202601,6,3.영등포신촌,영등포역,11560,16,0,0,0,1,0,4,32,04,6,1,500,200,8,0,1,0,2,2,4,1,10,2,1,1,1,1,8,2,3,1,1,J,581,1,1,1,4,4,8,4,4,32000,1,1,0,4,4,8,4,4,32000,1,1,0,4,4,8,4,4,32000,1,1,0,2024,3,7,16190000,27140000,1,1
202601,6,3.영등포신촌,영등포역,11560,16,0,0,0,1,0,4,32,04,6,1,500,200,8,0,1,0,2,2,4,1,10,2,1,1,1,1,8,2,3,1,1,J,581,1,1,1,4,4,8,4,5,32900,1,1,0,4,4,8,4,5,32900,1,1,0,4,4,8,4,5,32900,1,1,0,2025,3,8,16190000,27140000,1,1
202601,6,3.영등포신촌,영등포역,11560,16,0,0,0,1,0,4,32,04,6,1,500,200,8,0,1,0,2,2,4,1,10,2,1,1,1,1,8,2,3,1,1,J,581,1,1,1,4,4,8,4,4,32000,1,1,0,4,4,8,4,4,32000,1,1,0,4,4,8,4,4,32000,1,1,0,2024,3,9,16190000,27140000,1,1
202601,6,3.영등포신촌,영등포역,11560,16,0,0,0,1,0,6,32,04,6,1,500,100,7,0,1,0,3,2,4,1,10,2,1,1,1,1,8,3,3,1,1,I,561,4,1,4,8,6,7,8,6,24600,1,1,0,8,6,7,8,6,24600,1,1,0,8,6,7,8,6,24600,1,1,0,2025,2,8,14330000,23930000,1,3
202601,6,3.영등포신촌,영등포역,11560,16,0,0,0,1,0,1,51,03,1,1,400,100,8,0,0,0,1,1,2,1,10,1,1,1,1,1,8,1,3,1,1,C,181,1,1,1,4,4,9,4,4,42600,1,1,0,4,4,9,4,4,42600,1,1,0,4,4,9,4,4,42600,1,1,0,2026,3,7,15830000,25160000,1,3
202601,6,3.영등포신촌,영등포역,11560,16,0,0,0,1,0,1,51,03,1,1,400,100,8,0,0,0,1,1,2,1,10,1,1,1,1,1,8,1,3,1,1,C,181,1,1,1,4,4,9,4,4,42600,1,1,0,4,4,9,4,4,42600,1,1,0,4,4,9,4,4,42600,1,1,0,2024,3,7,15830000,25160000,1,3
202601,6,3.영등포신촌,영등포역,11560,16,0,0,0,1,0,1,51,03,1,1,400,100,8,0,0,0,1,1,2,1,10,1,1,1,1,1,8,1,3,1,1,C,181,1,1,1,4,4,9,4,4,42600,1,1,0,4,4,9,4,4,42600,1,1,0,4,4,9,4,4,42600,1,1,0,2025,3,10,15830000,25160000,1,3
202601,6,3.영등포신촌,영등포역,11560,22,16,0,0,1,0,1,51,03,1,1,50,30,9,0,0,0,2,1,2,1,10,1,1,1,1,1,8,2,3,1,1,G,478,1,1,1,4,4,9,4,5,35900,1,1,0,4,4,9,4,5,35900,1,1,0,4,4,9,4,5,35900,1,1,0,2026,3,7,10160000,17380000,1,1
202601,6,3.영등포신촌,영등포역,11560,22,16,0,0,1,0,1,51,03,1,1,50,30,9,0,0,0,2,1,2,1,10,1,1,1,1,1,8,2,3,1,1,G,478,1,1,2,4,5,9,4,5,42200,1,1,0,4,5,9,4,5,42200,1,1,0,4,5,9,4,5,42200,1,1,0,2026,3,7,10160000,17380000,1,1
202601,6,3.영등포신촌,영등포역,11560,22,0,0,0,1,0,1,51,03,1,1,50,30,8,0,0,0,1,1,2,1,10,1,1,1,1,1,8,1,3,1,1,G,472,2,1,2,4,5,8,4,5,26100,1,1,0,4,5,8,4,5,26100,1,1,0,4,5,8,4,5,26100,1,1,0,2024,3,7,17970000,31640000,1,2
202601,6,3.영등포신촌,영등포역,11560,33,0,0,0,1,0,1,51,03,9,1,797,100,6,0,0,0,1,1,2,1,10,1,1,1,1,1,8,1,3,1,1,I,561,2,1,2,6,5,8,6,5,27100,1,1,0,6,5,8,6,5,27100,1,1,0,6,5,8,6,5,27100,1,1,0,2025,3,9,18760000,22320000,1,3
202601,6,3.영등포신촌,영등포역,11560,33,0,300,0,1,0,4,11,03,5,1,500,20,2,0,0,0,1,1,1,1,10,1,1,1,1,1,8,1,3,1,1,G,462,1,1,2,5,5,9,5,5,34400,1,1,0,5,5,9,5,5,34400,1,1,0,5,5,9,5,5,34400,1,1,0,2024,3,7,16420000,35710000,1,3
202601,6,3.영등포신촌,영등포역,11560,33,0,0,0,1,0,1,11,03,1,1,300,50,6,0,0,0,2,2,4,1,10,2,1,1,1,1,8,2,3,1,1,I,561,3,1,4,5,5,7,5,5,14400,1,1,0,5,5,7,5,5,14400,1,1,0,5,5,7,5,5,14400,1,1,0,2025,3,7,10190000,13300000,1,2
202601,6,3.영등포신촌,영등포역,11560,33,0,0,0,1,0,1,11,03,1,1,300,50,6,0,0,0,2,2,4,1,10,2,1,1,1,1,8,2,3,2,1,0,999,2,1,3,5,4,7,5,4,10900,1,1,0,5,4,7,5,4,10900,1,1,0,5,4,7,5,4,10900,1,1,0,2025,3,9,10190000,13300000,1,2
202601,6,3.영등포신촌,영등포역,11560,33,0,0,0,1,0,1,51,03,1,1,250,100,7,0,0,0,1,1,2,1,10,1,1,1,1,1,8,1,3,1,1,G,472,2,1,2,5,5,9,5,5,40500,1,1,0,5,5,9,5,5,40500,1,1,0,5,5,9,5,5,40500,1,1,0,2026,3,8,11150000,20010000,1,2
202601,6,3.영등포신촌,영등포역,11560,33,0,0,0,1,0,1,51,03,1,1,100,200,6,0,0,0,1,1,1,1,7,1,1,1,1,1,8,1,3,1,1,I,562,1,1,1,4,3,9,4,4,32300,1,1,0,4,3,9,4,4,32300,1,1,0,4,3,9,4,4,32300,1,1,0,2025,3,10,11760000,25560000,1,3
202601,6,3.영등포신촌,영등포역,11560,33,0,0,0,1,0,1,51,03,1,1,100,200,6,0,0,0,1,1,1,1,7,1,1,1,1,1,8,1,3,1,1,G,464,1,1,1,4,3,9,4,4,32100,1,1,0,4,3,9,4,4,32100,1,1,0,4,3,9,4,4,32100,1,1,0,2025,3,10,11760000,25560000,1,3
202601,6,3.영등포신촌,영등포역,11560,22,33,0,0,1,0,1,12,04,9,1,30,10,8,0,0,0,1,1,3,1,10,1,1,1,1,1,8,1,3,1,1,0,999,1,1,1,3,3,7,3,3,11900,1,1,0,3,3,7,3,3,11900,1,1,0,3,3,7,3,3,11900,1,1,0,2024,3,8,11030000,12900000,1,2
202601,6,3.영등포신촌,영등포역,11560,22,33,0,0,1,0,1,12,04,9,1,30,10,8,0,0,0,1,1,3,1,10,1,1,1,1,1,8,1,3,1,1,I,562,2,1,2,5,5,9,5,5,32500,1,1,0,5,5,9,5,5,32500,1,1,0,5,5,9,5,5,32500,1,1,0,2025,3,10,11030000,12900000,1,2
202601,6,3.영등포신촌,영등포역,11560,22,0,0,0,1,0,1,11,04,8,1,183,5,1,0,0,0,2,1,3,1,10,1,1,1,1,1,8,2,3,1,1,G,478,1,1,1,4,4,9,4,4,38300,1,1,0,4,4,9,4,4,38300,1,1,0,4,4,9,4,4,38300,1,1,0,2024,3,7,18470000,27800000,1,1
202601,6,3.영등포신촌,영등포역,11560,22,0,0,0,1,0,1,11,04,8,1,183,5,1,0,0,0,2,1,3,1,10,1,1,1,1,1,8,2,3,1,1,I,561,1,1,1,4,4,9,4,4,38300,1,1,0,4,4,9,4,4,38300,1,1,0,4,4,9,4,4,38300,1,1,0,2025,3,8,18470000,27800000,1,1
202601,6,3.영등포신촌,영등포역,11560,22,0,0,0,1,0,1,11,04,8,1,183,5,1,0,0,0,2,1,3,1,10,1,1,1,1,1,8,2,3,1,6,0,999,1,1,1,1,1,1,4,4,31800,1,1,1,1,1,1,4,4,31800,1,1,1,1,1,1,4,4,31800,1,1,1,0,1,1,18470000,27800000,1,1
202601,6,3.영등포신촌,당산역,11560,22,33,0,0,1,0,1,51,04,1,1,330,130,2,0,0,0,1,1,2,1,10,1,1,1,1,1,8,1,3,1,1,I,561,2,1,2,6,6,10,6,6,60900,1,1,0,6,6,10,6,6,60900,1,1,0,6,6,10,6,6,60900,1,1,0,2025,3,10,13980000,22480000,1,3
202601,6,3.영등포신촌,당산역,11560,33,0,0,0,1,0,1,51,03,1,1,350,80,1,0,0,0,1,1,2,1,10,1,1,1,1,1,8,1,3,1,1,I,561,1,1,1,3,3,8,3,3,26600,1,1,0,3,3,8,3,3,26600,1,1,0,3,3,8,3,3,26600,1,1,0,2025,3,10,13690000,11250000,1,3
202601,6,3.영등포신촌,당산역,11560,33,0,0,0,1,0,1,51,03,1,1,350,80,1,0,0,0,1,1,2,1,10,1,1,1,1,1,8,1,3,1,1,G,467,1,1,1,4,3,8,3,3,26600,1,1,0,4,3,8,3,3,26600,1,1,0,4,3,8,3,3,26600,1,1,0,2025,3,4,13690000,11250000,1,3
202601,6,3.영등포신촌,당산역,11560,33,0,0,0,1,0,7,32,04,6,2,600,250,7,0,0,0,1,2,3,1,10,2,1,1,1,1,8,1,3,1,1,I,561,2,1,2,4,5,8,4,5,28900,1,1,0,4,5,8,4,5,28900,1,1,0,4,5,8,4,5,29600,1,1,0,2024,3,8,13470000,11790000,1,1
202601,6,3.영등포신촌,당산역,11560,33,0,0,0,1,0,7,32,04,6,2,600,250,7,0,0,0,1,2,3,1,10,2,1,1,1,1,8,1,3,2,1,I,561,2,1,2,4,4,7,4,4,12500,1,1,0,4,4,7,4,4,12500,1,1,0,4,4,7,4,4,12500,1,1,0,2024,3,8,13470000,11790000,1,1
202601,6,3.영등포신촌,당산역,11560,33,0,0,0,1,0,1,12,03,10,1,518,120,1,0,0,0,1,1,1,1,10,1,1,1,1,1,8,1,3,1,1,I,561,1,1,1,4,4,10,4,4,51700,1,1,0,4,4,10,4,4,51700,1,1,0,4,4,10,4,4,51700,1,1,0,2025,3,9,12360000,13380000,1,3
202601,6,3.영등포신촌,당산역,11560,33,0,0,0,1,0,1,12,04,1,1,580,100,6,0,0,0,1,1,1,1,10,1,1,1,1,1,8,1,3,1,1,S,952,1,1,1,6,4,9,6,4,37400,1,1,0,6,4,9,6,4,37400,1,1,0,6,4,9,6,4,37400,1,1,0,2025,3,7,11120000,19410000,1,3
202601,6,3.영등포신촌,당산역,11560,16,0,0,0,1,0,1,51,03,1,1,500,30,6,0,0,0,2,1,2,1,10,1,1,1,1,1,8,2,3,1,1,I,561,2,1,2,4,5,9,4,5,36200,1,1,0,4,5,9,4,5,36200,1,1,0,4,5,9,4,5,37300,1,1,0,2026,3,7,11430000,28600000,1,2
202601,6,3.영등포신촌,영등포역,11560,16,0,300,0,1,0,1,12,04,9,1,500,80,1,0,0,0,1,1,1,1,10,1,1,1,1,1,8,1,3,1,1,J,581,1,1,1,4,4,9,4,4,35200,1,1,0,4,4,9,4,4,35200,1,1,0,4,4,9,4,4,35200,1,1,0,2024,3,10,17230000,20080000,1,1
202601,6,3.영등포신촌,영등포역,11560,16,0,300,0,1,0,1,12,03,10,1,700,200,1,0,0,0,1,1,2,1,10,1,1,1,1,1,8,1,3,1,1,I,561,2,1,2,5,5,8,5,5,27200,1,1,0,5,5,8,5,5,27200,1,1,0,5,5,8,5,5,27200,1,1,0,2025,3,9,17180000,19000000,1,1
202601,6,3.영등포신촌,영등포역,11560,33,0,300,0,1,0,1,51,03,1,1,290,28,1,0,0,0,1,1,2,1,9,1,1,1,1,1,8,1,3,1,1,S,961,1,1,2,5,4,8,5,4,29400,1,1,0,5,4,8,5,4,29400,1,1,0,5,4,8,5,4,29400,1,1,0,2025,2,10,13650000,8620000,1,3
202601,6,3.영등포신촌,영등포역,11560,33,0,300,0,1,0,1,51,03,1,1,290,28,1,0,0,0,1,1,2,1,9,1,1,1,1,1,8,1,3,2,2,G,463,1,1,2,1,1,1,4,3,14700,1,1,0,1,1,1,4,3,14700,1,1,0,1,1,1,4,3,14700,1,1,0,0,1,1,13650000,8620000,1,3
202601,6,3.영등포신촌,영등포역,11560,33,0,0,0,1,0,1,51,03,1,1,330,10,6,0,0,0,2,1,2,1,10,1,1,1,1,1,8,2,3,1,1,I,562,1,1,1,4,3,9,4,4,39600,1,1,0,4,3,9,4,4,39600,1,1,0,4,3,9,4,4,39600,1,1,0,2026,3,9,9530000,20720000,1,2
202601,6,3.영등포신촌,영등포역,11560,33,0,0,0,1,0,1,51,03,1,1,330,10,6,0,0,0,2,1,2,1,10,1,1,1,1,1,8,2,3,1,1,I,561,1,1,1,4,3,9,4,4,39600,1,1,0,4,3,9,4,4,39600,1,1,0,4,3,9,4,4,39600,1,1,0,2024,3,10,9530000,20720000,1,2
202601,6,3.영등포신촌,영등포역,11560,33,0,0,0,1,0,1,51,03,1,1,330,10,6,0,0,0,2,1,2,1,10,1,1,1,1,1,8,2,3,1,1,I,562,1,1,1,5,4,9,5,4,33800,1,1,0,5,4,9,5,4,33800,1,1,0,5,4,9,5,4,33800,1,1,0,2026,3,9,9530000,20720000,1,2
202601,6,3.영등포신촌,영등포역,11560,33,0,0,0,1,0,1,51,03,7,1,450,170,4,0,0,0,2,1,2,1,10,1,1,1,1,1,8,1,3,1,1,G,462,1,1,1,4,5,9,4,5,38200,1,1,0,4,5,9,4,5,38200,1,1,0,4,5,9,4,5,38200,1,1,0,2023,5,7,10960000,16530000,1,1
202601,6,3.영등포신촌,영등포역,11560,33,0,0,0,1,0,1,51,03,7,1,450,170,4,0,0,0,2,1,2,1,10,1,1,1,1,1,8,1,3,1,1,G,462,1,1,1,4,5,9,4,5,38200,1,1,0,4,5,9,4,5,38200,1,1,0,4,5,9,4,5,38200,1,1,0,2025,3,7,10960000,16530000,1,1
202601,6,3.영등포신촌,영등포역,11560,33,0,0,0,1,0,1,51,03,9,1,500,200,8,0,0,0,1,1,2,1,10,1,1,1,1,1,8,1,3,1,1,I,561,2,1,2,4,4,8,4,4,26200,1,1,0,4,4,8,4,4,26200,1,1,0,4,4,8,4,4,26200,1,1,0,2025,2,10,8250000,9790000,1,1
202601,6,3.영등포신촌,영등포역,11560,33,0,0,0,1,0,1,51,03,9,1,500,200,8,0,0,0,1,1,2,1,10,1,1,1,1,1,8,1,3,1,1,F,424,1,1,1,3,3,8,3,3,28900,1,1,0,3,3,8,3,3,28900,1,1,0,3,3,8,3,3,28900,1,1,0,2025,3,10,8250000,9790000,1,1
202601,6,3.영등포신촌,영등포역,11560,33,0,0,0,1,0,1,11,03,8,1,350,100,8,0,0,0,1,1,2,1,10,1,1,1,1,1,8,1,3,1,1,G,462,2,1,2,5,5,9,4,5,32100,1,1,0,5,5,9,4,5,32100,1,1,0,5,5,9,4,5,32100,1,1,0,2025,3,9,9200000,13210000,1,1
202601,6,3.영등포신촌,영등포역,11560,33,0,0,0,1,0,1,11,03,8,1,350,100,8,0,0,0,1,1,2,1,10,1,1,1,1,1,8,1,3,1,1,G,462,1,1,1,5,4,9,4,4,32400,1,1,0,5,4,9,4,4,32400,1,1,0,5,4,9,4,4,32400,1,1,0,2025,3,9,9200000,13210000,1,1
202601,6,3.영등포신촌,영등포역,11560,33,0,0,0,1,0,7,11,04,8,1,487,300,7,0,0,0,1,1,2,1,10,1,1,1,1,1,8,1,3,1,1,L,682,1,1,1,4,3,8,4,3,27800,1,1,0,4,3,8,4,3,27800,1,1,0,4,3,8,4,3,27800,1,1,0,2025,3,8,12620000,15930000,1,2
202601,6,3.영등포신촌,영등포역,11560,33,0,0,0,1,0,7,11,04,8,1,487,300,7,0,0,0,1,1,2,1,10,1,1,1,1,1,8,1,3,1,1,S,961,1,1,1,4,3,9,4,3,28700,1,1,0,4,3,9,4,3,28700,1,1,0,4,3,9,4,3,28700,1,1,0,2025,3,9,12620000,15930000,1,2
202601,6,3.영등포신촌,영등포역,11560,33,0,0,0,1,0,1,51,03,1,1,289,155,6,0,0,0,1,1,2,1,10,1,1,1,1,1,8,1,3,1,1,I,561,2,1,2,5,5,9,5,5,34800,1,1,0,5,5,9,5,5,34800,1,1,0,5,5,9,5,5,34800,1,1,0,2024,3,10,11310000,14070000,1,1
202601,6,3.영등포신촌,영등포역,11560,33,0,0,0,1,0,1,51,03,1,1,289,155,7,0,0,0,1,1,2,1,10,1,1,1,1,1,8,1,3,1,1,C,339,2,1,2,3,3,7,4,5,39000,1,1,0,3,3,7,4,5,39000,1,1,0,3,3,7,4,5,39000,1,1,0,2025,3,7,11260000,24980000,1,1
202601,6,3.영등포신촌,영등포역,11560,33,0,0,0,1,0,1,12,04,7,1,70,60,8,0,0,0,1,1,2,1,10,1,1,1,1,1,8,1,3,1,1,I,561,2,1,2,3,4,7,4,5,19900,1,1,0,3,4,7,4,5,19900,1,1,0,3,4,7,4,5,19900,1,1,0,2024,3,6,13170000,19020000,1,1
202601,6,3.영등포신촌,영등포역,11560,33,0,0,0,1,0,1,51,03,1,1,215,50,6,0,0,0,1,1,2,1,10,1,1,1,1,1,8,1,3,1,1,I,561,2,1,2,4,5,8,4,5,20800,2,1,0,4,5,8,4,5,20800,2,1,0,4,5,8,4,5,20800,2,1,0,2025,3,9,11280000,12340000,1,1
202601,6,0.비상권,0.비상권,11560,33,0,0,0,1,0,1,21,03,1,1,50,10,1,0,0,0,2,2,4,1,9,2,1,1,1,1,8,2,3,1,1,I,561,4,1,4,7,6,8,7,6,22100,1,1,0,7,6,8,7,6,22100,1,1,0,7,6,8,7,6,22100,1,1,0,2025,3,10,15060000,18610000,1,1
202601,6,3.영등포신촌,영등포역,11560,33,0,0,0,1,0,7,32,04,6,1,438,100,4,0,0,0,1,1,2,1,10,1,1,1,1,1,8,2,3,1,1,S,952,2,1,2,4,6,9,4,6,36500,1,1,0,4,6,9,4,6,36500,1,1,0,4,6,9,4,6,36500,1,1,0,2025,3,8,13380000,23840000,1,2
202601,6,3.영등포신촌,영등포역,11560,33,0,0,0,1,0,1,51,03,1,1,40,10,4,0,0,0,1,1,1,1,8,1,1,1,1,1,8,1,3,1,1,I,561,1,1,1,5,4,9,5,4,47900,1,1,0,5,4,9,5,4,47900,1,1,0,5,4,9,5,4,47900,1,1,0,2025,3,10,13250000,31360000,1,2
202601,6,3.영등포신촌,영등포역,11560,33,0,0,0,1,0,1,51,03,1,1,40,10,4,0,0,0,1,1,1,1,8,1,1,1,1,1,8,1,3,1,1,I,561,1,1,1,5,4,9,5,4,50700,1,1,0,5,4,9,5,4,50700,1,1,0,5,4,9,5,4,50700,1,1,0,2025,3,10,13250000,31360000,1,2
202601,6,3.영등포신촌,영등포역,11560,33,0,0,0,1,0,1,51,03,1,1,155,없음,4,0,0,0,1,1,1,1,10,1,1,1,1,1,8,1,3,1,1,I,561,1,1,2,5,5,9,4,5,40900,1,1,0,5,5,9,4,5,40900,1,1,0,5,5,9,4,5,40900,1,1,0,2026,3,10,15730000,26400000,1,3
202601,6,3.영등포신촌,영등포역,11560,33,0,0,0,1,0,1,51,04,1,1,140,없음,4,0,0,0,1,1,1,1,10,1,1,1,1,1,8,1,3,1,1,I,561,1,1,2,5,5,9,5,5,44400,1,1,0,5,5,9,5,5,44400,1,1,0,5,5,9,5,5,44400,1,1,0,2026,3,10,15760000,27470000,1,3
202601,6,3.영등포신촌,영등포역,11560,33,0,0,0,1,0,1,51,04,1,1,300,100,8,0,0,0,2,1,2,1,10,1,1,1,1,1,8,2,3,1,1,S,952,2,1,2,4,4,8,4,4,21000,1,1,0,4,4,8,4,4,21000,1,1,0,4,4,8,4,4,21000,1,1,0,2024,3,8,12120000,32920000,1,2
202601,6,3.영등포신촌,영등포역,11560,33,0,0,0,1,0,1,51,04,1,1,119,없음,8,0,0,0,1,1,1,1,9,1,1,1,1,1,8,1,3,1,1,I,561,1,1,1,5,5,9,5,5,52000,1,1,0,5,5,9,5,5,52000,1,1,0,5,5,9,5,5,52000,1,1,0,2024,3,8,13110000,35830000,1,2
202601,6,3.영등포신촌,영등포역,11560,33,0,0,0,1,0,1,51,04,1,1,100,150,10,0,0,0,1,1,1,1,10,1,1,1,1,1,8,1,3,1,1,I,561,1,1,1,5,4,9,5,4,35900,1,1,0,5,4,9,5,4,35900,1,1,0,5,4,9,5,4,35900,1,1,0,2024,3,10,11180000,21580000,1,3
202601,6,3.영등포신촌,영등포역,11560,33,0,0,0,1,0,1,51,04,1,1,100,150,10,0,0,0,1,1,2,1,10,1,1,1,1,1,8,1,3,1,1,I,561,2,1,2,5,5,9,5,5,47900,1,1,0,5,5,9,5,5,47900,1,1,0,5,5,9,5,5,47900,1,1,0,2025,3,10,10550000,21550000,1,3
202601,6,3.영등포신촌,영등포역,11560,33,0,0,0,1,0,1,51,03,7,1,50,50,8,0,0,0,1,1,2,1,9,1,1,1,1,1,8,1,3,1,1,I,562,2,1,2,6,6,10,6,6,69600,1,1,0,6,6,10,6,6,69600,1,1,0,6,6,10,6,6,69600,1,1,0,2025,3,10,12750000,20810000,1,3
202601,6,3.영등포신촌,영등포역,11560,33,0,0,0,1,0,1,51,04,1,1,50,150,8,0,0,0,1,1,1,1,9,1,1,1,1,1,8,1,3,1,1,I,561,1,1,1,5,5,9,5,5,49000,1,1,0,5,5,9,5,5,49000,1,1,0,5,5,9,5,5,49000,1,1,0,2024,3,10,10730000,17630000,1,3
202601,6,3.영등포신촌,당산역,11560,33,0,0,0,1,0,1,51,03,1,1,350,50,2,0,0,0,1,1,1,1,10,1,1,1,1,1,8,1,3,1,1,I,562,1,1,1,4,4,9,4,4,51500,1,1,0,4,4,9,4,4,51500,1,1,0,4,4,9,4,4,51500,1,1,0,2026,2,9,17570000,29080000,3,2
202601,6,3.영등포신촌,당산역,11560,33,0,0,0,1,0,1,51,03,1,1,350,50,2,0,0,0,1,1,1,1,10,1,1,1,1,1,8,1,3,1,1,L,682,1,1,1,4,4,9,4,4,51700,1,1,0,4,4,9,4,4,51700,1,1,0,4,4,9,4,4,51700,1,1,0,2023,4,7,17570000,29080000,3,2
202601,6,3.영등포신촌,당산역,11560,16,0,0,0,1,0,1,51,03,1,1,109,없음,6,0,0,0,1,1,1,1,10,1,1,1,1,1,8,1,3,1,1,I,561,1,1,1,6,6,12,6,6,94900,1,1,0,6,6,12,6,6,94900,1,1,0,6,6,12,6,6,94900,1,1,0,2024,3,10,15780000,30600000,1,3
202601,6,3.영등포신촌,당산역,11560,22,0,0,0,1,0,1,11,03,8,2,20,100,1,0,0,0,1,2,4,1,10,2,1,1,1,1,8,1,3,1,1,G,474,2,1,3,7,6,10,7,6,68800,1,1,0,7,6,10,7,6,68800,1,1,0,7,6,10,7,6,68800,1,1,0,2025,3,10,27240000,18620000,1,2
202601,6,3.영등포신촌,당산역,11560,22,0,0,0,1,0,1,11,03,8,2,20,100,1,0,0,0,1,2,4,1,10,2,1,1,1,1,8,1,3,2,1,S,961,2,1,2,6,6,9,6,6,41900,1,1,0,6,6,9,6,6,41900,1,1,0,6,6,9,6,6,41900,1,1,0,2025,3,10,27240000,18620000,1,2
202601,6,3.영등포신촌,영등포역,11560,33,0,0,0,1,0,1,12,03,7,1,420,250,7,0,0,0,2,1,3,1,10,1,1,1,1,1,8,2,3,1,1,I,561,1,1,1,5,5,10,5,5,58100,1,1,0,5,5,10,5,5,58100,1,1,0,5,5,10,5,5,58100,1,1,0,2026,2,9,8360000,12890000,3,2
202601,6,3.영등포신촌,영등포역,11560,33,0,0,0,1,0,1,12,03,7,1,420,250,7,0,0,0,2,1,3,1,10,1,1,1,1,1,8,2,3,1,1,I,561,2,1,2,6,6,11,6,6,77800,1,1,0,6,6,11,6,6,77800,1,1,0,6,6,11,6,6,77800,1,1,0,2025,3,10,8360000,12890000,3,2
202601,6,3.영등포신촌,당산역,11560,33,0,0,0,1,0,1,11,04,1,1,249,없음,6,0,0,0,2,1,3,1,10,1,1,1,1,1,8,2,3,1,1,I,561,3,1,3,6,6,9,6,6,32000,1,1,0,6,6,9,6,6,32000,1,1,0,6,6,9,6,6,32000,1,1,0,2025,3,10,11610000,19760000,1,1
202601,6,3.영등포신촌,당산역,11560,33,0,0,0,1,0,1,11,04,5,1,30,50,1,0,0,0,2,1,2,1,9,1,1,1,1,1,8,2,3,1,1,I,561,2,1,2,5,4,8,5,5,27400,1,1,0,5,4,8,5,5,27400,1,1,0,5,4,8,5,5,27400,1,1,0,2025,3,10,21590000,44670000,1,1
202601,6,3.영등포신촌,당산역,11560,33,0,0,0,1,0,1,11,04,5,1,30,50,1,0,0,0,2,1,2,1,9,1,1,1,1,1,8,2,3,1,1,R,912,1,1,1,3,3,8,3,3,29300,1,1,0,3,3,8,3,3,29300,1,1,0,3,3,8,3,3,29300,1,1,0,2026,3,7,21590000,44670000,1,1
202601,6,3.영등포신촌,당산역,11560,33,0,0,0,1,0,1,11,03,1,1,50,없음,1,0,0,0,1,1,2,1,10,1,1,1,1,1,8,1,3,1,1,I,561,2,1,2,6,6,10,6,6,61200,1,1,0,6,6,10,6,6,61200,1,1,0,6,6,10,6,6,61200,1,1,0,2025,3,10,21630000,28180000,1,1
202601,6,3.영등포신촌,당산역,11560,33,0,0,0,1,0,1,21,03,1,1,54,없음,1,0,0,0,1,2,4,1,10,1,1,1,1,1,8,1,3,1,1,I,561,2,1,2,6,6,10,6,6,52300,1,1,0,6,6,10,6,6,52300,1,1,0,6,6,10,6,6,52300,1,1,0,2025,3,10,22290000,17360000,1,1
202601,6,3.영등포신촌,당산역,11560,33,0,0,0,1,0,1,21,03,1,1,54,없음,1,0,0,0,1,2,4,1,10,1,1,1,1,1,8,1,3,2,2,0,999,2,1,2,1,1,1,5,4,13900,1,1,0,1,1,1,5,4,13900,1,1,0,1,1,1,5,4,13900,1,1,0,0,1,1,22290000,17360000,1,1
202601,6,3.영등포신촌,당산역,11560,33,0,0,0,1,1,1,11,04,1,1,100,10,1,0,0,0,2,2,4,1,10,2,1,1,1,1,8,2,3,-1,5,0,999,1,1,1,1,1,1,1,1,0,1,1,0,1,1,1,1,1,0,1,1,0,1,1,1,1,1,0,1,1,0,0,1,1,15500000,19640000,1,1
202601,6,3.영등포신촌,당산역,11560,33,0,0,0,1,1,1,11,04,1,1,100,10,1,0,0,0,2,2,4,1,10,2,1,1,1,1,8,2,3,1,1,I,561,4,1,4,6,6,9,6,6,30100,1,1,0,6,6,9,6,6,30100,1,1,0,6,6,9,6,6,30100,1,1,0,2025,3,10,15500000,19640000,1,1
202601,6,3.영등포신촌,당산역,11560,33,0,0,0,1,1,1,11,04,1,1,100,10,1,0,0,0,2,2,4,1,10,2,1,1,1,1,8,2,3,2,1,M,732,2,1,2,4,4,7,4,4,15600,1,1,0,4,4,7,4,4,15600,1,1,0,4,4,7,4,4,16800,1,1,0,2025,3,9,15500000,19640000,1,1
202601,6,3.영등포신촌,당산역,11560,14,0,0,0,1,1,2,32,03,1,1,256,없음,8,0,0,0,2,2,4,1,10,2,1,1,1,1,8,2,3,-1,1,M,733,2,1,2,4,3,5,4,3,6400,1,1,0,4,3,5,4,3,6400,1,1,0,4,3,5,4,3,6900,1,1,0,2025,3,10,9190000,13370000,1,1
202601,6,3.영등포신촌,당산역,11560,14,0,0,0,1,1,2,32,03,1,1,256,없음,8,0,0,0,2,2,4,1,10,2,1,1,1,1,8,2,3,1,1,M,733,4,1,4,6,5,7,6,6,19000,1,1,0,6,5,7,6,6,19000,1,1,0,6,5,7,6,6,19000,1,1,0,2025,3,10,9190000,13370000,1,1
202601,6,0.비상권,0.비상권,11560,15,0,0,0,1,1,1,11,04,6,2,200,150,3,0,0,0,2,2,4,1,10,2,1,1,1,1,8,2,3,-1,1,I,561,1,1,1,3,3,7,3,3,16100,1,1,0,3,3,7,3,3,16100,1,1,0,3,3,7,3,3,16100,1,1,0,2025,3,9,13220000,10720000,1,1
202601,6,0.비상권,0.비상권,11560,15,0,0,0,1,1,1,11,04,6,2,200,150,3,0,0,0,2,2,4,1,10,2,1,1,1,1,8,2,3,1,1,I,561,3,1,3,6,6,9,6,6,35600,1,1,0,6,6,9,6,6,35600,1,1,0,6,6,9,6,6,35600,1,1,0,2025,3,9,13220000,10720000,1,1
202601,6,0.비상권,0.비상권,11560,15,0,0,0,1,1,1,11,04,6,2,200,150,3,0,0,0,2,2,4,1,10,2,1,1,1,1,8,2,3,2,1,I,561,3,1,3,6,5,7,6,5,17500,1,1,0,6,5,7,6,5,17500,1,1,0,6,5,7,6,5,17500,1,1,0,2025,3,9,13220000,10720000,1,1
202601,6,4.기타,노량진,11590,22,0,0,0,1,0,3,11,04,6,1,907,없음,10,0,0,0,2,2,4,1,10,2,1,1,1,1,8,2,3,1,1,I,561,4,1,4,6,6,8,6,6,18700,2,1,0,6,6,8,6,6,18700,2,1,0,6,6,8,6,6,18700,2,1,0,2025,3,10,13410000,16070000,1,3
202601,6,4.기타,노량진,11590,22,0,0,0,1,0,3,11,04,6,1,907,없음,10,0,0,0,2,2,4,1,10,2,1,1,1,1,8,2,3,2,1,I,561,2,1,2,3,3,7,3,3,9300,1,1,0,3,3,7,3,3,9300,1,1,0,3,3,7,3,3,9300,1,1,0,2025,3,10,13410000,16070000,1,3
202601,6,4.기타,노량진,11590,15,0,0,0,1,0,1,41,03,2,1,817,없음,3,0,0,0,4,2,4,1,10,2,1,1,1,1,8,2,3,1,1,S,961,1,1,1,5,4,9,5,4,32800,2,1,0,5,4,9,5,4,32800,2,1,0,5,4,9,5,4,32800,2,1,0,2024,3,9,17450000,11280000,1,3
202601,6,4.기타,노량진,11590,15,0,0,0,1,0,1,41,03,2,1,817,없음,3,0,0,0,4,2,4,1,10,2,1,1,1,1,8,2,3,1,1,I,562,1,1,1,4,4,8,4,4,30000,2,1,0,4,4,8,4,4,30000,2,1,0,4,4,8,4,4,30000,2,1,0,2024,3,7,17450000,11280000,1,3
202601,6,4.기타,노량진,11590,15,0,0,0,1,0,1,41,03,2,1,817,없음,3,0,0,0,4,2,4,1,10,2,1,1,1,1,8,2,3,1,1,I,562,1,1,1,5,4,9,5,5,34000,2,1,0,5,4,9,5,5,34000,2,1,0,5,4,9,5,5,34000,2,1,0,2024,3,10,17450000,11280000,1,3
202601,6,4.기타,노량진,11590,15,0,0,0,1,0,1,41,03,2,1,817,없음,3,0,0,0,4,2,4,1,10,2,1,1,1,1,8,2,3,1,1,I,562,1,1,2,5,4,9,5,5,33000,2,1,0,5,4,9,5,5,33000,2,1,0,5,4,9,5,5,33000,2,1,0,2024,3,8,17450000,11280000,1,3
202601,6,4.기타,노량진,11590,15,0,0,0,1,0,1,41,03,2,1,817,없음,3,0,0,0,4,2,4,1,10,2,1,1,1,1,8,2,3,2,1,R,911,4,1,4,6,5,7,6,5,13100,2,1,0,6,5,7,6,5,13100,2,1,0,6,5,7,6,5,13100,2,1,0,2025,3,6,17450000,11280000,1,3
202601,6,4.기타,노량진,11590,15,0,0,0,1,0,1,11,04,1,1,500,500,8,0,0,0,1,2,4,1,9,2,1,1,1,1,8,1,3,1,1,I,562,2,1,2,7,5,9,7,5,29800,1,1,0,7,5,9,7,5,29700,1,1,0,7,5,9,7,5,29700,1,1,0,2026,3,10,14820000,12160000,1,3
202601,6,4.기타,노량진,11590,15,0,0,0,1,0,1,11,04,1,1,500,500,8,0,0,0,1,2,4,1,9,2,1,1,1,1,8,1,3,2,1,0,999,2,1,2,8,1,7,8,1,13500,1,1,0,8,1,7,8,1,13500,1,1,0,8,1,7,8,1,13500,1,1,0,2024,3,10,14820000,12160000,1,3
202601,6,4.기타,노량진,11590,15,0,0,0,1,0,1,11,03,1,1,727,없음,8,0,0,0,1,2,4,1,9,1,1,1,1,1,8,1,3,1,1,I,562,2,1,2,6,5,9,6,5,32400,1,1,0,6,5,9,6,5,32400,1,1,0,6,5,9,6,5,32400,1,1,0,2024,3,8,15450000,12670000,1,3
202601,6,4.기타,노량진,11590,15,0,0,0,1,0,1,11,03,1,1,727,없음,8,0,0,0,1,2,4,1,9,1,1,1,1,1,8,1,3,2,2,0,999,2,1,2,1,1,1,4,4,17900,1,1,0,1,1,1,4,4,17900,1,1,0,1,1,1,4,4,17900,1,1,0,0,1,1,15450000,12670000,1,3
202601,6,4.기타,노량진,11590,14,0,0,0,1,0,1,11,03,1,1,500,400,4,0,0,0,2,1,3,1,10,1,1,1,1,1,8,2,3,1,1,I,561,2,1,2,6,6,11,6,6,74000,1,1,0,6,6,11,6,6,74000,1,1,0,6,6,11,6,6,74000,1,1,0,2024,3,7,22520000,25390000,1,1
202601,6,4.기타,노량진,11590,14,0,0,0,1,0,1,11,03,1,1,500,400,4,0,0,0,2,1,3,1,10,1,1,1,1,1,8,2,3,2,1,I,561,2,1,2,5,4,8,5,4,22700,1,1,0,5,4,8,5,4,22700,1,1,0,5,4,8,5,4,22700,1,1,0,2024,3,7,22520000,25390000,1,1
202601,6,4.기타,노량진,11590,14,0,0,0,1,0,2,21,03,1,1,813,없음,4,0,0,0,1,1,3,1,8,1,1,1,1,1,8,1,3,1,1,I,561,2,1,2,6,6,10,6,6,70800,1,1,0,6,6,10,6,6,70800,1,1,0,6,6,10,6,6,70800,1,1,0,2026,3,5,21670000,17180000,1,3
202601,6,4.기타,노량진,11590,14,0,0,0,1,0,2,21,03,1,1,813,없음,4,0,0,0,1,1,3,1,8,1,1,1,1,1,8,1,3,2,1,I,561,2,1,2,5,5,8,5,5,28000,1,1,0,5,5,8,5,5,28000,1,1,0,5,5,8,5,5,28000,1,1,0,2026,3,5,21670000,17180000,1,3
202601,6,4.기타,노량진,11590,15,13,0,0,1,0,1,11,03,1,1,485,없음,3,0,0,0,1,1,3,1,9,1,1,1,1,1,8,1,3,1,1,I,561,2,1,2,6,5,9,6,5,34300,1,1,0,6,5,9,6,5,34300,1,1,0,6,5,9,6,5,34300,1,1,0,2024,3,9,21970000,21310000,1,3
202601,6,4.기타,노량진,11590,15,13,0,0,1,0,1,11,03,1,1,485,없음,3,0,0,0,1,1,3,1,9,1,1,1,1,1,8,1,3,2,1,S,949,2,1,2,5,4,7,5,4,18800,1,1,0,5,4,7,5,4,18800,1,1,0,5,4,7,5,4,18800,1,1,0,2025,3,10,21970000,21310000,1,3
202601,6,4.기타,노량진,11590,15,13,0,0,1,0,1,21,03,1,1,488,없음,1,0,0,0,1,1,3,1,9,1,1,1,1,1,8,1,3,1,1,G,474,1,1,1,4,4,8,4,4,25700,1,1,0,4,4,8,4,4,25700,1,1,0,4,4,8,4,4,25700,1,1,0,2025,3,8,19620000,10280000,1,3
202601,6,4.기타,노량진,11590,15,13,0,0,1,0,1,21,03,1,1,488,없음,1,0,0,0,1,1,3,1,9,1,1,1,1,1,8,1,3,1,1,L,682,1,1,1,4,4,8,4,4,28500,1,1,0,4,4,8,4,4,28500,1,1,0,4,4,8,4,4,28500,1,1,0,2025,3,10,19620000,10280000,1,3
202601,6,4.기타,노량진,11590,15,13,0,0,1,0,1,21,03,1,1,488,없음,1,0,0,0,1,1,3,1,9,1,1,1,1,1,8,1,3,2,1,C,144,1,1,1,3,3,7,3,3,13700,1,1,0,3,3,7,3,3,13700,1,1,0,3,3,7,3,3,13700,1,1,0,2024,3,3,19620000,10280000,1,3
202601,6,4.기타,노량진,11590,15,13,0,0,1,0,1,21,03,1,1,488,없음,1,0,0,0,1,1,3,1,9,1,1,1,1,1,8,1,3,2,6,0,999,1,1,1,1,1,1,3,3,13700,1,1,1,1,1,1,3,3,13700,1,1,1,1,1,1,3,3,13700,1,1,1,0,1,1,19620000,10280000,1,3
202601,6,4.기타,노량진,11590,15,0,0,0,1,0,1,11,03,1,1,420,150,1,0,0,0,2,2,4,1,10,2,1,1,1,1,8,2,3,1,1,G,478,3,1,4,5,5,7,5,5,13200,1,1,0,5,5,7,5,5,13200,1,1,0,5,5,7,5,5,13200,1,1,0,2024,3,9,21080000,12240000,1,2
202601,6,4.기타,노량진,11590,15,0,0,0,1,0,1,11,03,1,1,420,150,1,0,0,0,2,2,4,1,10,2,1,1,1,1,8,2,3,2,1,G,474,3,1,3,4,4,6,4,4,9200,1,1,0,4,4,6,4,4,9200,1,1,0,4,4,6,4,4,9200,1,1,0,2024,3,10,21080000,12240000,1,2
202601,6,4.기타,노량진,11590,15,14,0,0,1,0,1,11,03,1,1,200,200,6,0,0,0,1,2,3,1,10,2,1,1,1,1,8,1,3,1,1,L,682,1,1,1,4,4,8,4,4,23100,1,1,0,4,4,8,4,4,23100,1,1,0,4,4,8,4,4,23100,1,1,0,2024,3,8,14700000,9360000,1,1
202601,6,4.기타,노량진,11590,15,14,0,0,1,0,1,11,03,1,1,200,200,6,0,0,0,1,2,3,1,10,2,1,1,1,1,8,1,3,1,1,S,969,1,1,1,4,4,8,4,4,22000,1,1,0,4,4,8,4,4,22000,1,1,0,4,4,8,4,4,22000,1,1,0,2025,3,10,14700000,9360000,1,1
202601,6,4.기타,노량진,11590,15,14,0,0,1,0,1,11,03,1,1,200,200,6,0,0,0,1,2,3,1,10,2,1,1,1,1,8,1,3,2,1,P,855,2,1,2,5,4,7,5,4,14000,1,1,0,5,4,7,5,4,14000,1,1,0,5,4,7,5,4,14000,1,1,0,2026,3,9,14700000,9360000,1,1
202601,6,4.기타,노량진,11590,14,15,0,0,1,0,1,11,03,1,1,758,없음,6,0,0,0,2,1,2,1,9,1,1,1,1,1,8,2,3,1,1,I,561,2,1,3,4,5,7,4,5,18800,1,1,0,4,5,7,4,5,18800,1,1,0,4,5,7,4,5,18800,1,1,0,2025,3,5,9880000,23620000,1,2
202601,6,0.비상권,0.비상권,11590,14,0,0,0,1,0,1,12,04,8,1,415,90,8,0,0,0,1,1,1,1,10,1,1,1,1,1,8,1,3,1,1,M,733,1,1,1,5,5,10,5,5,67000,1,1,0,5,5,10,5,5,67000,1,1,0,5,5,10,5,5,67000,1,1,0,2025,3,10,10220000,13740000,1,3
202601,6,4.기타,사당,11590,15,0,0,0,1,1,1,11,03,6,1,198,없음,8,0,0,0,2,2,4,1,10,2,1,1,1,1,8,2,3,-1,5,0,999,1,1,1,1,1,1,1,1,0,1,1,0,1,1,1,1,1,0,1,1,0,1,1,1,1,1,0,1,1,0,0,1,1,12730000,12430000,1,3
202601,6,4.기타,사당,11590,15,0,0,0,1,1,1,11,03,6,1,198,없음,8,0,0,0,2,2,4,1,10,2,1,1,1,1,8,2,3,1,1,I,561,3,1,3,6,6,9,6,6,46100,1,1,0,6,6,9,6,6,46100,1,1,0,6,6,9,6,6,46100,1,1,0,2026,3,10,12730000,12430000,1,3
202601,6,4.기타,사당,11590,15,0,0,0,1,1,1,11,03,6,1,198,없음,8,0,0,0,2,2,4,1,10,2,1,1,1,1,8,2,3,2,1,S,961,3,1,3,4,4,7,4,4,15900,1,1,0,4,4,7,4,4,15900,1,1,0,4,4,7,4,4,15900,1,1,0,2024,3,9,12730000,12430000,1,3
202601,6,4.기타,사당,11590,14,0,0,0,1,1,1,11,03,1,1,204,없음,6,0,0,0,2,2,4,1,10,2,1,1,1,1,8,2,3,-1,5,0,999,1,1,1,1,1,1,1,1,0,1,1,0,1,1,1,1,1,0,1,1,0,1,1,1,1,1,0,1,1,0,0,1,1,24270000,15920000,1,3
202601,6,4.기타,사당,11590,14,0,0,0,1,1,1,11,03,1,1,204,없음,6,0,0,0,2,2,4,1,10,2,1,1,1,1,8,2,3,1,1,G,478,3,1,3,8,6,10,8,6,58900,1,1,0,8,6,10,8,6,58900,1,1,0,8,6,10,8,6,58900,1,1,0,2024,3,7,24270000,15920000,1,3
202601,6,4.기타,사당,11590,14,0,0,0,1,1,1,11,03,1,1,204,없음,6,0,0,0,2,2,4,1,10,2,1,1,1,1,8,2,3,2,1,G,463,3,1,3,6,5,8,6,5,26200,1,1,0,6,5,8,6,5,26200,1,1,0,6,5,8,6,5,26200,1,1,0,2025,3,9,24270000,15920000,1,3
202601,6,4.기타,사당,11590,16,0,0,0,1,0,1,11,03,1,1,100,100,10,0,0,0,2,2,4,1,9,2,1,1,1,1,8,2,3,1,1,I,562,3,1,3,7,6,9,7,6,35400,2,1,0,7,6,9,7,6,35400,2,1,0,7,6,9,7,6,35400,2,1,0,2026,3,10,16820000,9870000,1,3
202601,6,4.기타,사당,11590,16,0,0,0,1,0,1,11,03,1,1,100,100,10,0,0,0,2,2,4,1,9,2,1,1,1,1,8,2,3,2,1,I,551,3,1,3,6,4,7,6,4,15300,2,1,0,6,4,7,6,4,15300,2,1,0,6,4,7,6,4,15300,2,1,0,2024,3,9,16820000,9870000,1,3
202601,6,4.기타,사당,11590,15,13,0,0,1,1,2,11,03,5,1,70,100,9,0,0,0,2,2,4,1,9,2,1,1,1,1,8,2,3,-1,1,R,912,3,1,3,6,5,8,6,5,18700,2,1,0,6,5,8,6,5,18700,2,1,0,6,5,8,6,5,18700,2,1,0,2025,3,8,16800000,10540000,1,3
202601,6,4.기타,사당,11590,15,13,0,0,1,1,2,11,03,5,1,70,100,9,0,0,0,2,2,4,1,9,2,1,1,1,1,8,2,3,1,1,I,561,1,1,1,4,5,10,4,5,56100,2,1,0,4,5,10,4,5,56100,2,1,0,4,5,10,4,5,56100,2,1,0,2025,3,7,16800000,10540000,1,3
202601,6,4.기타,사당,11590,15,13,0,0,1,1,2,11,03,5,1,70,100,9,0,0,0,2,2,4,1,9,2,1,1,1,1,8,2,3,1,1,I,561,1,1,1,4,5,10,4,5,62200,1,1,0,4,5,10,4,5,62200,1,1,0,4,5,10,4,5,62200,1,1,0,2025,3,10,16800000,10540000,1,3
202601,6,4.기타,사당,11590,15,13,0,0,1,1,2,11,03,5,1,70,100,9,0,0,0,2,2,4,1,9,2,1,1,1,1,8,2,3,1,1,I,561,1,1,1,4,5,10,4,5,52600,2,1,0,4,5,10,4,5,52600,2,1,0,4,5,10,4,5,51500,2,1,0,2024,3,7,16800000,10540000,1,3
202601,6,4.기타,사당,11590,15,13,0,0,1,1,2,11,03,5,1,70,100,9,0,0,0,2,2,4,1,9,2,1,1,1,1,8,2,3,1,2,L,682,1,1,1,1,1,1,3,3,54300,1,1,0,1,1,1,3,3,54300,1,1,0,1,1,1,3,3,54300,1,1,0,0,1,1,16800000,10540000,1,3
202601,6,4.기타,사당,11590,15,13,0,0,1,1,2,11,03,5,1,70,100,9,0,0,0,2,2,4,1,9,2,1,1,1,1,8,2,3,2,2,0,999,3,1,3,1,1,1,6,5,23900,1,1,0,1,1,1,6,5,23900,1,1,0,1,1,1,6,5,23900,1,1,0,0,1,1,16800000,10540000,1,3
202601,6,4.기타,사당,11590,22,0,0,0,1,1,1,11,04,6,2,50,50,6,0,0,0,1,2,4,1,10,2,1,1,1,1,8,1,3,-1,5,0,999,1,1,1,1,1,1,1,1,0,1,1,0,1,1,1,1,1,0,1,1,0,1,1,1,1,1,0,1,1,0,0,1,1,23040000,21390000,1,3
202601,6,4.기타,사당,11590,22,0,0,0,1,1,1,11,04,6,2,50,50,6,0,0,0,1,2,4,1,10,2,1,1,1,1,8,1,3,1,1,L,681,2,1,2,4,6,10,5,6,61200,1,1,0,4,6,10,5,6,61200,1,1,0,4,6,10,5,6,61200,1,1,0,2025,3,8,23040000,21390000,1,3
202601,6,4.기타,사당,11590,22,0,0,0,1,1,1,11,04,6,2,50,50,6,0,0,0,1,2,4,1,10,2,1,1,1,1,8,1,3,1,1,I,561,1,1,1,5,4,10,5,4,63600,1,1,0,5,4,10,5,4,63600,1,1,0,5,4,10,5,4,63600,1,1,0,2024,3,10,23040000,21390000,1,3
202601,6,4.기타,사당,11590,22,0,0,0,1,1,1,11,04,6,2,50,50,6,0,0,0,1,2,4,1,10,2,1,1,1,1,8,1,3,2,1,I,561,2,1,2,5,5,9,5,5,32800,1,1,0,5,5,9,5,5,32800,1,1,0,5,5,9,5,5,32800,1,1,0,2024,3,10,23040000,21390000,1,3
202601,6,4.기타,사당,11590,14,0,0,0,1,1,1,21,03,1,1,240,100,7,0,0,0,1,2,4,1,10,2,1,1,1,1,8,1,3,-1,1,I,561,3,1,3,4,3,5,4,4,8300,1,1,0,4,3,5,4,4,8300,1,1,0,4,3,5,4,4,8300,1,1,0,2025,3,8,15450000,11370000,1,2
202601,6,4.기타,사당,11590,14,0,0,0,1,1,1,21,03,1,1,240,100,7,0,0,0,1,2,4,1,10,2,1,1,1,1,8,1,3,1,1,I,561,2,1,2,6,6,10,6,6,58700,1,1,0,6,6,10,6,6,58700,1,1,0,6,6,10,6,6,58700,1,1,0,2025,3,8,15450000,11370000,1,2
202601,6,4.기타,사당,11590,15,0,0,0,1,1,1,11,03,1,1,350,100,6,0,0,0,1,2,3,1,10,1,1,1,1,1,8,1,3,-1,5,0,999,1,1,1,1,1,1,1,1,0,1,1,0,1,1,1,1,1,0,1,1,0,1,1,1,1,1,0,1,1,0,0,1,1,15500000,12450000,1,2
202601,6,4.기타,사당,11590,15,0,0,0,1,1,1,11,03,1,1,350,100,6,0,0,0,1,2,3,1,10,1,1,1,1,1,8,1,3,1,1,F,424,2,1,2,6,5,9,6,5,37000,1,1,0,6,5,9,6,5,37000,1,1,0,6,5,9,6,5,37000,1,1,0,2025,3,8,15500000,12450000,1,2
202601,6,4.기타,사당,11590,15,0,0,0,1,1,1,11,03,1,1,350,100,6,0,0,0,1,2,3,1,10,1,1,1,1,1,8,1,3,2,1,0,999,1,1,1,3,3,8,3,3,24700,1,1,0,3,3,8,3,3,24700,1,1,0,3,3,8,3,3,24700,1,1,0,2026,3,8,15500000,12450000,1,2
202601,6,4.기타,사당,11590,15,0,0,0,1,1,1,11,03,1,1,350,100,6,0,0,0,1,2,3,1,10,1,1,1,1,1,8,1,3,2,6,0,999,1,1,1,1,1,1,3,3,24200,1,1,1,1,1,1,3,3,24200,1,1,1,1,1,1,3,3,24200,1,1,1,0,1,1,15500000,12450000,1,2
202601,6,4.기타,사당,11590,15,0,0,0,1,1,1,11,03,1,1,350,100,6,0,0,0,1,2,3,1,10,1,1,1,1,1,8,1,3,2,1,S,969,1,1,1,3,3,8,3,3,24500,1,1,0,3,3,8,3,3,24500,1,1,0,3,3,8,3,3,24500,1,1,0,2024,3,10,15500000,12450000,1,2
202601,6,4.기타,사당,11590,15,0,0,0,1,1,1,11,03,1,1,327,없음,6,0,0,0,1,2,4,1,10,1,1,1,1,1,8,1,3,-1,5,0,999,1,1,1,1,1,1,1,1,0,1,1,0,1,1,1,1,1,0,1,1,0,1,1,1,1,1,0,1,1,0,0,1,1,15410000,12000000,1,3
202601,6,4.기타,사당,11590,15,0,0,0,1,1,1,11,03,1,1,327,없음,6,0,0,0,1,2,4,1,10,1,1,1,1,1,8,1,3,1,1,I,561,1,1,1,5,5,10,5,5,47300,1,1,0,5,5,10,5,5,47300,1,1,0,5,5,10,5,5,47300,1,1,0,2024,3,9,15410000,12000000,1,3
202601,6,4.기타,사당,11590,15,0,0,0,1,1,1,11,03,1,1,327,없음,6,0,0,0,1,2,4,1,10,1,1,1,1,1,8,1,3,1,1,G,472,1,1,1,5,5,9,5,5,46800,1,1,0,5,5,9,5,5,46800,1,1,0,5,5,9,5,5,46800,1,1,0,2025,3,8,15410000,12000000,1,3
202601,6,4.기타,사당,11590,15,0,0,0,1,1,1,11,03,1,1,327,없음,6,0,0,0,1,2,4,1,10,1,1,1,1,1,8,1,3,2,5,0,999,2,1,2,1,1,1,1,1,0,1,1,0,1,1,1,1,1,0,1,1,0,1,1,1,1,1,0,1,1,0,0,1,1,15410000,12000000,1,3
202601,6,0.비상권,0.비상권,11590,14,0,0,0,1,0,6,31,03,1,1,240,220,7,1,0,0,3,2,3,2,6,2,1,1,1,1,8,3,3,1,1,G,463,3,2,4,4,5,6,5,5,10600,1,1,0,4,5,6,5,5,10600,1,1,0,4,5,6,5,5,10600,1,1,0,2025,3,9,10360000,25510000,1,3
202601,6,0.비상권,0.비상권,11620,14,0,0,0,1,0,1,11,03,1,1,10,10,4,0,0,0,1,1,3,1,9,1,1,1,1,1,8,1,3,1,1,I,561,2,1,2,4,4,8,4,4,20600,1,1,0,4,4,8,4,4,20600,1,1,0,4,4,8,4,4,20600,1,1,0,2025,3,10,9380000,5860000,1,3
202601,6,0.비상권,0.비상권,11620,14,0,0,0,1,0,1,11,03,1,1,10,10,4,0,0,0,1,1,3,1,9,1,1,1,1,1,8,1,3,2,1,0,999,2,1,2,4,3,7,4,3,12800,1,1,0,4,3,7,4,3,12800,1,1,0,4,3,7,4,3,12800,1,1,0,2025,3,9,9380000,5860000,1,3
202601,6,4.기타,서울대입구역,11620,16,0,0,0,1,0,1,11,03,8,1,500,30,1,0,0,0,1,1,2,1,10,1,1,1,1,1,8,1,3,1,1,I,561,1,1,1,6,6,11,6,6,80600,1,1,0,6,6,11,6,6,80600,1,1,0,6,6,11,6,6,80600,1,1,0,2025,3,8,17700000,21670000,1,3
202601,6,4.기타,서울대입구역,11620,16,0,0,0,1,0,1,11,03,8,1,500,30,1,0,0,0,1,1,2,1,10,1,1,1,1,1,8,1,3,1,6,0,999,1,1,1,1,1,1,6,6,80600,1,1,1,1,1,1,6,6,80600,1,1,1,1,1,1,6,6,80600,1,1,1,0,1,1,17700000,21670000,1,3
202601,6,4.기타,서울대입구역,11620,16,0,0,0,1,0,1,11,03,6,1,450,5,1,0,0,0,1,1,2,1,10,1,1,1,1,1,8,1,3,1,1,I,561,2,1,2,6,6,10,6,6,69300,1,1,0,6,6,10,6,6,69300,1,1,0,6,6,10,6,6,69300,1,1,0,2024,3,9,17540000,31940000,1,3
202601,6,4.기타,서울대입구역,11620,22,0,0,0,1,1,1,11,03,1,1,160,160,3,0,0,0,2,2,4,1,10,2,1,1,1,1,8,2,3,-1,6,0,999,1,1,1,1,1,1,3,3,11000,1,1,1,1,1,1,3,3,11000,1,1,1,1,1,1,3,3,11000,1,1,1,0,1,1,23630000,22130000,1,3
202601,6,4.기타,서울대입구역,11620,22,0,0,0,1,1,1,11,03,1,1,160,160,3,0,0,0,2,2,4,1,10,2,1,1,1,1,8,2,3,1,1,F,424,1,1,1,5,4,10,6,5,79000,1,1,0,5,4,10,6,5,79000,1,1,0,5,4,10,6,5,79000,1,1,0,2025,2,10,23630000,22130000,1,3
202601,6,4.기타,서울대입구역,11620,22,0,0,0,1,1,1,11,03,1,1,160,160,3,0,0,0,2,2,4,1,10,2,1,1,1,1,8,2,3,1,1,G,478,1,1,1,5,5,11,5,5,76400,1,1,0,5,5,11,5,5,76400,1,1,0,5,5,11,5,5,76400,1,1,0,2024,3,6,23630000,22130000,1,3
202601,6,4.기타,서울대입구역,11620,22,0,0,0,1,1,1,11,03,1,1,160,160,3,0,0,0,2,2,4,1,10,2,1,1,1,1,8,2,3,1,1,I,561,1,1,1,5,5,11,5,5,76200,2,1,0,5,5,11,5,5,76200,2,1,0,5,5,11,5,5,76200,2,1,0,2025,3,4,23630000,22130000,1,3
202601,6,4.기타,서울대입구역,11620,22,0,0,0,1,1,1,11,03,1,1,160,160,3,0,0,0,2,2,4,1,10,2,1,1,1,1,8,2,3,1,1,S,952,1,1,1,4,4,11,4,4,79500,1,1,0,4,4,11,4,4,79500,1,1,0,4,4,11,4,4,79500,1,1,0,2025,3,4,23630000,22130000,1,3
202601,6,4.기타,서울대입구역,11620,22,0,0,0,1,1,1,11,03,1,1,160,160,3,0,0,0,2,2,4,1,10,2,1,1,1,1,8,2,3,2,1,I,561,3,1,3,5,5,8,5,5,26500,1,1,0,5,5,8,5,5,26500,1,1,0,5,5,8,5,5,26500,1,1,0,2025,3,4,23630000,22130000,1,3
202601,6,4.기타,서울대입구역,11620,22,0,0,0,1,1,1,11,03,6,1,85,없음,8,0,0,0,2,2,4,1,9,2,1,1,1,1,8,2,3,-1,5,0,999,1,1,1,1,1,1,1,1,0,1,1,0,1,1,1,1,1,0,1,1,0,1,1,1,1,1,0,1,1,0,0,1,1,11000000,10350000,1,3
202601,6,4.기타,서울대입구역,11620,22,0,0,0,1,1,1,11,03,6,1,85,없음,8,0,0,0,2,2,4,1,9,2,1,1,1,1,8,2,3,1,1,I,562,2,1,3,6,6,9,6,6,36600,1,1,0,6,6,9,6,6,36600,1,1,0,6,6,9,6,6,36600,1,1,0,2025,3,10,11000000,10350000,1,3
202601,6,4.기타,서울대입구역,11620,22,0,0,0,1,1,1,11,03,6,1,85,없음,8,0,0,0,2,2,4,1,9,2,1,1,1,1,8,2,3,2,1,I,562,2,1,2,5,5,8,5,5,22400,1,1,0,5,5,8,5,5,22400,1,1,0,5,5,8,5,5,22400,1,1,0,2024,3,10,11000000,10350000,1,3
202601,6,4.기타,서울대입구역,11620,22,0,0,0,1,1,1,11,04,6,2,50,10,1,0,0,0,2,2,4,1,10,2,1,1,1,1,8,2,3,-1,1,I,561,1,1,1,5,4,9,5,5,48300,1,1,0,5,4,9,5,5,48300,1,1,0,5,4,9,5,5,48300,1,1,0,2024,3,6,25140000,19500000,1,1
202601,6,4.기타,서울대입구역,11620,22,0,0,0,1,1,1,11,04,6,2,50,10,1,0,0,0,2,2,4,1,10,2,1,1,1,1,8,2,3,1,1,I,561,2,1,2,6,6,11,6,7,112800,1,1,0,6,6,11,6,7,112800,1,1,0,6,6,11,6,7,112800,1,1,0,2024,3,8,25140000,19500000,1,1
202601,6,4.기타,서울대입구역,11620,22,0,0,0,1,1,1,11,04,6,2,50,10,1,0,0,0,2,2,4,1,10,2,1,1,1,1,8,2,3,1,1,I,561,2,1,2,6,6,12,6,7,112800,1,1,0,6,6,12,6,7,112800,1,1,0,6,6,12,6,7,112800,1,1,0,2025,3,6,25140000,19500000,1,1
202601,6,4.기타,서울대입구역,11620,22,0,0,0,1,1,1,11,04,6,2,50,10,1,0,0,0,2,2,4,1,10,2,1,1,1,1,8,2,3,2,1,S,961,4,1,4,6,7,10,6,7,56300,2,1,0,6,7,10,6,7,56300,2,1,0,6,7,10,6,7,56300,2,1,0,2024,3,7,25140000,19500000,1,1
202601,6,4.기타,서울대입구역,11620,22,0,0,0,1,0,1,11,03,5,1,20,100,1,0,0,0,2,2,4,1,10,2,1,1,1,1,8,2,3,1,1,G,478,2,1,2,8,7,12,8,7,154500,3,1,0,8,7,12,8,7,154500,3,1,0,8,7,12,8,7,154500,3,1,0,2024,4,7,30810000,30900000,1,3
202601,6,4.기타,서울대입구역,11620,22,0,0,0,1,0,1,11,03,5,1,20,100,1,0,0,0,2,2,4,1,10,2,1,1,1,1,8,2,3,2,1,G,478,2,1,2,7,6,11,7,6,86800,3,1,0,7,6,11,7,6,86800,3,1,0,7,6,11,7,6,86800,3,1,0,2024,4,7,30810000,30900000,1,3
202601,6,4.기타,서울대입구역,11620,22,0,0,0,1,1,1,11,03,1,1,110,80,6,0,0,0,3,2,4,1,10,2,1,1,1,1,8,3,3,-1,6,0,999,1,1,1,1,1,1,4,4,19800,1,1,1,1,1,1,4,4,19800,1,1,1,1,1,1,4,4,19800,1,1,1,0,1,1,17810000,20120000,1,2
202601,6,4.기타,서울대입구역,11620,22,0,0,0,1,1,1,11,03,1,1,110,80,6,0,0,0,3,2,4,1,10,2,1,1,1,1,8,3,3,1,1,I,561,4,1,4,7,7,9,7,7,33000,3,1,0,7,7,9,7,7,33000,3,1,0,7,7,9,7,7,33000,3,1,0,2025,4,5,17810000,20120000,1,2
202601,6,4.기타,서울대입구역,11620,22,0,0,0,1,1,1,11,03,1,1,110,80,6,0,0,0,3,2,4,1,10,2,1,1,1,1,8,3,3,2,1,I,561,3,1,3,6,6,8,6,6,27500,2,1,0,6,6,8,6,6,27500,2,1,0,6,6,8,6,6,27500,2,1,0,2025,4,5,17810000,20120000,1,2
202601,6,4.기타,서울대입구역,11620,14,0,0,0,1,1,1,11,03,7,2,10,10,7,0,0,0,2,2,4,1,9,2,1,1,1,1,8,2,3,-1,1,I,561,1,1,1,4,3,8,4,3,27500,1,1,0,4,3,8,4,3,27500,1,1,0,4,3,8,4,3,27500,1,1,0,2024,3,9,13770000,10760000,1,1
202601,6,4.기타,서울대입구역,11620,14,0,0,0,1,1,1,11,03,7,2,10,10,7,0,0,0,2,2,4,1,9,2,1,1,1,1,8,2,3,1,1,I,562,3,1,3,7,6,10,7,6,59500,1,1,0,7,6,10,7,6,59500,1,1,0,7,6,10,7,6,59500,1,1,0,2024,3,9,13770000,10760000,1,1
202601,6,4.기타,서울대입구역,11620,14,0,0,0,1,1,1,11,03,7,2,10,10,7,0,0,0,2,2,4,1,9,2,1,1,1,1,8,2,3,2,6,0,999,2,1,2,1,1,1,6,6,46800,1,1,1,1,1,1,6,6,46800,1,1,1,1,1,1,6,6,46800,1,1,1,0,1,1,13770000,10760000,1,1
202601,6,4.기타,서울대입구역,11620,14,0,0,0,1,1,1,11,04,8,2,없음,100,9,0,0,0,2,2,4,1,10,2,1,1,1,1,8,2,3,-1,5,0,999,1,1,1,1,1,1,1,1,0,1,1,0,1,1,1,1,1,0,1,1,0,1,1,1,1,1,0,1,1,0,0,1,1,12270000,9420000,1,3
202601,6,4.기타,서울대입구역,11620,14,0,0,0,1,1,1,11,04,8,2,없음,100,9,0,0,0,2,2,4,1,10,2,1,1,1,1,8,2,3,1,1,I,561,1,1,2,6,5,10,6,6,60700,1,1,0,6,5,10,6,6,60700,1,1,0,6,5,10,6,6,60700,1,1,0,2025,3,9,12270000,9420000,1,3
202601,6,4.기타,서울대입구역,11620,14,0,0,0,1,1,1,11,04,8,2,없음,100,9,0,0,0,2,2,4,1,10,2,1,1,1,1,8,2,3,1,1,I,562,2,1,2,6,5,9,6,5,41300,1,1,0,6,5,9,6,5,41300,1,1,0,6,5,9,6,5,41300,1,1,0,2024,3,10,12270000,9420000,1,3
202601,6,4.기타,서울대입구역,11620,14,0,0,0,1,1,1,11,04,8,2,없음,100,9,0,0,0,2,2,4,1,10,2,1,1,1,1,8,2,3,2,1,I,562,2,1,2,5,5,9,5,5,32100,1,1,0,5,5,9,5,5,32100,1,1,0,5,5,9,5,5,32100,1,1,0,2024,3,10,12270000,9420000,1,3
202601,6,0.비상권,0.비상권,11620,15,0,0,0,1,1,1,11,03,1,1,없음,5,4,0,0,0,1,2,4,1,10,1,1,1,1,1,8,1,2,-1,6,0,999,1,1,1,1,1,1,2,2,10800,1,1,1,1,1,1,2,2,10800,1,1,1,1,1,1,2,2,10800,1,1,1,0,1,1,10340000,7020000,1,2
202601,6,0.비상권,0.비상권,11620,15,0,0,0,1,1,1,11,03,1,1,없음,5,4,0,0,0,1,2,4,1,10,1,1,1,1,1,8,1,2,1,1,I,561,1,1,1,4,5,10,4,4,44700,1,1,0,4,5,10,4,4,44700,1,1,0,4,5,10,4,4,44700,1,1,0,2024,3,10,10340000,7020000,1,2
202601,6,0.비상권,0.비상권,11620,15,0,0,0,1,1,1,11,03,1,1,없음,5,4,0,0,0,1,2,4,1,10,1,1,1,1,1,8,1,2,1,6,0,999,1,1,1,1,1,1,4,4,43000,1,1,1,1,1,1,4,4,43000,1,1,1,1,1,1,4,4,43000,1,1,1,0,1,1,10340000,7020000,1,2
202601,6,0.비상권,0.비상권,11620,15,0,0,0,1,1,1,11,03,1,1,없음,5,4,0,0,0,1,2,4,1,10,1,1,1,1,1,8,1,2,1,6,0,999,1,1,1,1,1,1,4,4,44700,1,1,1,1,1,1,4,4,44700,1,1,1,1,1,1,4,4,44700,1,1,1,0,1,1,10340000,7020000,1,2
202601,6,0.비상권,0.비상권,11620,15,0,0,0,1,1,1,11,03,1,1,없음,5,4,0,0,0,1,2,4,1,10,1,1,1,1,1,8,1,2,2,1,R,912,2,1,3,5,4,7,5,4,15600,1,1,0,5,4,7,5,4,15600,1,1,0,5,4,7,5,4,15600,1,1,0,2025,4,9,10340000,7020000,1,2
202601,6,0.비상권,0.비상권,11620,15,0,0,0,1,0,1,11,03,7,2,없음,10,5,0,0,0,2,2,4,1,9,1,1,1,1,1,8,2,2,1,1,I,561,1,1,1,4,5,10,4,5,56800,1,1,0,4,5,10,4,5,56800,1,1,0,4,5,10,4,5,56800,1,1,0,2024,3,8,11030000,8770000,1,2
202601,6,0.비상권,0.비상권,11620,15,0,0,0,1,0,1,11,03,7,2,없음,10,5,0,0,0,2,2,4,1,9,1,1,1,1,1,8,2,2,1,1,G,478,2,1,2,5,6,9,6,5,47500,1,1,0,5,6,9,6,5,47500,1,1,0,5,6,9,6,5,47500,1,1,0,2026,3,7,11030000,8770000,1,2
202601,6,0.비상권,0.비상권,11620,15,0,0,0,1,0,1,11,03,7,2,없음,10,5,0,0,0,2,2,4,1,9,1,1,1,1,1,8,2,2,2,6,0,999,2,1,2,1,1,1,5,5,19100,1,1,1,1,1,1,5,5,19100,1,1,1,1,1,1,5,5,19100,1,1,1,0,1,1,11030000,8770000,1,2
202601,6,4.기타,신림역,11620,22,0,0,0,1,0,1,21,03,1,1,200,70,8,0,0,0,1,2,4,1,9,1,1,1,1,1,8,1,2,1,1,I,561,1,1,2,6,5,10,6,5,65100,1,1,0,6,5,10,6,5,65100,1,1,0,6,5,10,6,5,65100,1,1,0,2025,3,8,24100000,19700000,1,2
202601,6,4.기타,신림역,11620,22,0,0,0,1,0,1,21,03,1,1,200,70,8,0,0,0,1,2,4,1,9,1,1,1,1,1,8,1,2,1,6,0,999,1,1,1,1,1,1,6,5,70900,1,1,1,1,1,1,6,5,70900,1,1,1,1,1,1,6,5,70900,1,1,1,0,1,1,24100000,19700000,1,2
202601,6,4.기타,신림역,11620,22,0,0,0,1,0,1,21,03,1,1,200,70,8,0,0,0,1,2,4,1,9,1,1,1,1,1,8,1,2,2,1,S,969,2,1,2,6,4,7,5,5,27200,1,1,0,6,4,7,5,5,27200,1,1,0,6,4,7,5,5,27200,1,1,0,2026,3,10,24100000,19700000,1,2
202601,6,4.기타,신림역,11620,22,0,0,0,1,1,1,11,03,1,1,240,60,9,0,0,0,2,2,4,1,9,2,1,1,1,1,8,2,2,-1,6,0,999,1,1,1,1,1,1,3,2,12300,1,1,1,1,1,1,3,2,12300,1,1,1,1,1,1,3,2,12300,1,1,1,0,1,1,22120000,15210000,1,2
202601,6,4.기타,신림역,11620,22,0,0,0,1,1,1,11,03,1,1,240,60,9,0,0,0,2,2,4,1,9,2,1,1,1,1,8,2,2,1,1,S,969,1,1,1,6,4,10,5,4,57400,1,1,0,6,4,10,5,4,57400,1,1,0,6,4,10,5,4,57400,1,1,0,2025,3,3,22120000,15210000,1,2
202601,6,4.기타,신림역,11620,22,0,0,0,1,1,1,11,03,1,1,240,60,9,0,0,0,2,2,4,1,9,2,1,1,1,1,8,2,2,1,1,L,682,1,1,2,5,5,10,5,5,47800,1,1,0,5,5,10,5,5,47800,1,1,0,5,5,10,5,5,47800,1,1,0,2025,3,9,22120000,15210000,1,2
202601,6,4.기타,신림역,11620,22,0,0,0,1,1,1,11,03,1,1,240,60,9,0,0,0,2,2,4,1,9,2,1,1,1,1,8,2,2,1,1,I,562,1,1,1,5,4,10,5,4,53400,1,1,0,5,4,10,5,4,53400,1,1,0,5,4,10,5,4,53400,1,1,0,2024,3,8,22120000,15210000,1,2
202601,6,4.기타,신림역,11620,22,0,0,0,1,1,1,11,03,1,1,240,60,9,0,0,0,2,2,4,1,9,2,1,1,1,1,8,2,2,2,1,I,562,2,1,3,5,5,8,5,5,21800,1,1,0,5,5,8,5,5,21800,1,1,0,5,5,8,5,5,21800,1,1,0,2023,4,7,22120000,15210000,1,2
202601,6,4.기타,신림역,11620,22,0,0,0,1,0,1,11,03,8,2,400,200,5,0,0,0,2,2,4,1,10,2,1,1,1,1,8,2,2,1,1,I,562,3,1,3,6,6,9,6,6,39100,1,1,0,6,6,9,6,6,39100,1,1,0,6,6,9,6,6,39100,1,1,0,2025,3,9,21750000,17260000,1,2
202601,6,4.기타,신림역,11620,22,0,0,0,1,0,1,11,03,8,2,400,200,5,0,0,0,2,2,4,1,10,2,1,1,1,1,8,2,2,2,1,I,562,3,1,3,6,5,8,6,5,28500,1,1,0,6,5,8,6,5,28500,1,1,0,6,5,8,6,5,28500,1,1,0,2024,3,9,21750000,17260000,1,2
202601,6,4.기타,신림역,11620,22,0,0,0,1,0,1,11,04,8,2,250,150,9,0,0,0,1,2,4,1,9,2,1,1,1,1,8,1,3,1,1,I,561,2,1,2,6,6,10,6,6,52600,1,1,0,6,6,10,6,6,52600,1,1,0,6,6,10,6,6,52600,1,1,0,2024,3,8,18760000,12150000,1,2
202601,6,4.기타,신림역,11620,22,0,0,0,1,0,1,11,04,8,2,250,150,9,0,0,0,1,2,4,1,9,2,1,1,1,1,8,1,3,2,1,I,562,2,1,2,5,5,9,5,5,30600,1,1,0,5,5,9,5,5,30600,1,1,0,5,5,9,5,5,30600,1,1,0,2023,4,10,18760000,12150000,1,2
202601,6,4.기타,신림역,11620,16,0,0,0,1,0,1,11,03,6,1,350,150,7,0,0,0,1,1,2,1,9,1,1,1,1,1,8,1,2,1,6,0,999,1,1,1,1,1,1,4,5,78100,1,1,1,1,1,1,4,5,78100,1,1,1,1,1,1,4,5,78100,1,1,1,0,1,1,16560000,26330000,1,3
202601,6,4.기타,신림역,11620,16,0,0,0,1,0,1,11,03,6,1,350,150,7,0,0,0,1,1,2,1,9,1,1,1,1,1,8,1,2,1,1,G,463,2,1,2,5,6,11,5,6,67800,1,1,0,5,6,11,5,6,67800,1,1,0,5,6,11,5,6,67800,1,1,0,2025,3,8,16560000,26330000,1,3
202601,6,4.기타,신림역,11620,16,0,0,0,1,0,1,11,03,5,1,310,150,7,0,0,0,1,1,1,1,8,1,1,1,1,1,8,1,2,1,1,I,562,1,1,2,5,6,10,5,6,62900,1,1,0,5,6,10,5,6,62900,1,1,0,5,6,10,5,6,62900,1,1,0,2024,3,9,16370000,36130000,1,3
202601,6,4.기타,신림역,11620,16,0,0,0,1,1,2,21,03,1,1,360,150,7,0,0,0,1,2,4,1,10,2,1,1,1,1,8,1,2,-1,1,I,561,3,1,3,4,4,6,4,4,9900,1,1,0,4,4,6,4,4,9900,1,1,0,4,4,6,4,4,9900,1,1,0,2023,5,9,16920000,9510000,1,2
202601,6,4.기타,신림역,11620,16,0,0,0,1,1,2,21,03,1,1,360,150,7,0,0,0,1,2,4,1,10,2,1,1,1,1,8,1,2,1,1,I,561,2,1,2,5,5,9,5,6,59500,1,1,0,5,5,9,5,6,59500,1,1,0,5,5,9,5,6,59500,1,1,0,2023,5,9,16920000,9510000,1,2
202601,6,4.기타,신림역,11620,16,0,0,0,1,1,2,21,03,1,1,360,150,7,0,0,0,1,2,4,1,10,2,1,1,1,1,8,1,2,2,1,0,999,2,1,2,6,4,7,6,4,19700,1,1,0,6,4,7,6,4,19700,1,1,0,6,4,7,6,4,19700,1,1,0,2023,5,9,16920000,9510000,1,2
202601,6,4.기타,신림역,11620,16,0,0,0,1,1,2,21,03,1,1,500,250,7,0,0,0,2,2,4,2,7,2,1,1,1,1,8,2,2,-1,1,M,713,2,1,2,4,4,7,4,4,15500,1,1,0,4,4,7,4,4,15500,1,1,0,4,4,7,4,4,15500,1,1,0,2024,3,7,16760000,9160000,1,1
202601,6,4.기타,신림역,11620,16,0,0,0,1,1,2,21,03,1,1,500,250,7,0,0,0,2,2,4,2,7,2,1,1,1,1,8,2,2,1,1,G,472,1,1,1,5,5,9,5,5,52100,1,1,0,5,5,9,5,5,52100,1,1,0,5,5,9,5,5,52100,1,1,0,2025,3,8,16760000,9160000,1,1
202601,6,4.기타,신림역,11620,16,0,0,0,1,1,2,21,03,1,1,500,250,7,0,0,0,2,2,4,2,7,2,1,1,1,1,8,2,2,1,1,I,561,1,1,1,5,5,9,5,5,49100,1,1,0,5,5,9,5,5,49100,1,1,0,5,5,9,5,5,49100,1,1,0,2025,3,8,16760000,9160000,1,1
202601,6,4.기타,신림역,11620,16,0,0,0,1,1,2,21,03,1,1,500,250,7,0,0,0,2,2,4,2,7,2,1,1,1,1,8,2,2,2,2,N,759,2,1,2,1,1,1,4,4,16100,1,1,0,1,1,1,4,4,16100,1,1,0,1,1,1,4,4,16100,1,1,0,0,1,1,16760000,9160000,1,1
202601,6,4.기타,신림역,11620,22,0,0,0,1,0,1,21,03,1,1,10,65,1,0,0,0,1,1,3,1,9,1,1,1,1,1,8,1,3,1,1,G,472,2,1,2,7,7,12,7,7,218200,2,1,0,7,7,12,7,7,218200,2,1,0,7,7,12,7,7,218200,2,1,0,2024,3,10,56000000,54590000,1,4
202601,6,4.기타,신림역,11620,22,0,0,0,1,0,1,21,03,1,1,10,65,1,0,0,0,1,1,3,1,9,1,1,1,1,1,8,1,3,2,1,S,961,2,1,2,6,6,11,6,6,78600,2,1,0,6,6,11,6,6,78600,2,1,0,6,6,11,6,6,78600,2,1,0,2024,3,10,56000000,54590000,1,4
202601,6,4.기타,사당,11650,22,0,0,0,1,1,2,21,04,4,1,200,180,1,0,1,0,3,2,4,1,10,2,1,1,1,1,8,3,3,-1,5,0,999,1,1,1,1,1,1,1,1,0,1,1,0,1,1,1,1,1,0,1,1,0,1,1,1,1,1,0,1,1,0,0,1,1,38690000,74320000,1,3
202601,6,4.기타,사당,11650,22,0,0,0,1,1,2,21,04,4,1,200,180,1,0,1,0,3,2,4,1,10,2,1,1,1,1,8,3,3,1,1,I,561,4,1,4,8,6,9,7,6,35600,1,1,0,8,6,9,7,6,35600,1,1,0,8,6,9,7,6,35600,1,1,0,2026,3,6,38690000,74320000,1,3
202601,6,4.기타,사당,11650,22,0,0,0,1,1,2,21,04,4,1,200,180,1,0,1,0,3,2,4,1,10,2,1,1,1,1,8,3,3,2,1,I,561,2,1,2,4,4,7,4,4,16900,1,1,0,4,4,7,4,4,16900,1,1,0,4,4,7,4,4,16900,1,1,0,2026,3,6,38690000,74320000,1,3
202601,6,4.기타,사당,11650,15,0,0,0,1,0,1,11,03,1,1,181,없음,6,0,0,0,2,2,4,1,9,1,1,1,1,1,8,2,3,1,1,I,561,2,1,2,6,5,9,6,6,50000,2,1,0,6,5,9,6,6,50000,2,1,0,6,5,9,6,6,50000,2,1,0,2024,3,9,18670000,17170000,1,3
202601,6,4.기타,사당,11650,15,0,0,0,1,0,1,11,03,1,1,181,없음,6,0,0,0,2,2,4,1,9,1,1,1,1,1,8,2,3,1,1,S,961,1,1,1,1,5,10,6,5,52500,1,1,0,1,5,10,6,5,52500,1,1,0,1,5,10,6,5,52500,1,1,0,2025,3,9,18670000,17170000,1,3
202601,6,4.기타,사당,11650,15,0,0,0,1,0,1,11,03,1,1,181,없음,6,0,0,0,2,2,4,1,9,1,1,1,1,1,8,2,3,2,2,0,999,2,1,3,1,1,1,7,4,21300,1,1,0,1,1,1,7,4,21300,1,1,0,1,1,1,7,4,21300,1,1,0,0,1,1,18670000,17170000,1,3
202601,6,4.기타,사당,11650,15,0,0,0,1,1,1,11,03,1,1,100,150,6,0,0,0,2,2,4,1,10,2,1,1,1,1,8,2,3,-1,5,0,999,1,1,1,1,1,1,1,1,0,1,1,0,1,1,1,1,1,0,1,1,0,1,1,1,1,1,0,1,1,0,0,1,1,21220000,18350000,1,3
202601,6,4.기타,사당,11650,15,0,0,0,1,1,1,11,03,1,1,100,150,6,0,0,0,2,2,4,1,10,2,1,1,1,1,8,2,3,1,6,0,999,2,1,2,1,1,1,6,5,48900,1,1,1,1,1,1,6,5,48900,1,1,1,1,1,1,6,5,48900,1,1,1,0,1,1,21220000,18350000,1,3
202601,6,4.기타,사당,11650,15,0,0,0,1,1,1,11,03,1,1,100,150,6,0,0,0,2,2,4,1,10,2,1,1,1,1,8,2,3,1,1,G,478,2,1,2,6,5,10,6,5,56600,1,1,0,6,5,10,6,5,56600,1,1,0,6,5,10,6,5,56600,1,1,0,2025,3,9,21220000,18350000,1,3
202601,6,4.기타,사당,11650,15,0,0,0,1,1,1,11,03,1,1,100,150,6,0,0,0,2,2,4,1,10,2,1,1,1,1,8,2,3,2,1,P,857,2,1,2,6,5,8,6,5,24800,1,1,0,6,5,8,6,5,24800,1,1,0,6,5,8,6,5,24800,1,1,0,2026,3,10,21220000,18350000,1,3
202601,6,0.비상권,0.비상권,11650,14,0,0,0,1,1,3,21,04,5,1,250,200,6,0,1,0,2,2,4,1,10,2,1,1,1,1,8,2,3,-1,1,I,561,1,1,1,4,3,7,4,3,12700,1,1,0,4,3,7,4,3,12700,1,1,0,4,3,7,4,3,12700,1,1,0,2025,3,7,16020000,15770000,1,1
202601,6,0.비상권,0.비상권,11650,14,0,0,0,1,1,3,21,04,5,1,250,200,6,0,1,0,2,2,4,1,10,2,1,1,1,1,8,2,3,1,1,I,561,4,1,4,7,6,9,7,6,31900,1,1,0,7,6,9,7,6,31900,1,1,0,7,6,9,7,6,31900,1,1,0,2025,3,7,16020000,15770000,1,1
202601,6,0.비상권,0.비상권,11650,14,0,0,0,1,1,3,21,04,5,1,250,200,6,0,1,0,2,2,4,1,10,2,1,1,1,1,8,2,3,2,1,I,561,4,1,4,5,5,7,5,5,16300,1,1,0,5,5,7,5,5,16300,1,1,0,5,5,7,5,5,16300,1,1,0,2025,3,7,16020000,15770000,1,1
202601,6,0.비상권,0.비상권,11650,14,0,0,0,1,0,3,11,04,1,1,670,670,9,0,0,0,2,2,4,1,10,2,1,1,1,1,8,2,3,1,1,J,582,3,1,3,6,6,9,6,6,43500,1,1,0,6,6,9,6,6,43500,1,1,0,6,6,9,6,6,43500,1,1,0,2024,3,5,15210000,22800000,1,3
202601,6,0.비상권,0.비상권,11650,14,0,0,0,1,0,3,11,04,1,1,670,670,9,0,0,0,2,2,4,1,10,2,1,1,1,1,8,2,3,2,1,J,582,3,1,3,5,4,7,5,5,18400,1,1,0,5,4,7,5,5,18400,1,1,0,5,4,7,5,5,18400,1,1,0,2024,3,5,15210000,22800000,1,3
202601,6,0.비상권,0.비상권,11650,14,0,0,0,1,0,3,21,03,5,1,600,350,6,0,1,0,3,2,4,1,10,2,1,1,1,1,8,3,3,1,6,0,999,2,1,2,1,1,1,4,5,44000,1,1,1,1,1,1,4,5,44000,1,1,1,1,1,1,4,5,44000,1,1,1,0,1,1,15970000,31990000,1,3
202601,6,0.비상권,0.비상권,11650,14,0,0,0,1,0,3,21,03,5,1,600,350,6,0,1,0,3,2,4,1,10,2,1,1,1,1,8,3,3,1,1,Q,869,1,1,1,4,5,9,4,5,45100,1,1,0,4,5,9,4,5,45100,1,1,0,4,5,9,4,5,45100,1,1,0,2026,3,10,15970000,31990000,1,3
202601,6,0.비상권,0.비상권,11650,14,0,0,0,1,0,3,21,03,5,1,600,350,6,0,1,0,3,2,4,1,10,2,1,1,1,1,8,3,3,1,1,M,716,1,1,1,4,5,9,4,5,45100,1,1,0,4,5,9,4,5,45100,1,1,0,4,5,9,4,5,45100,1,1,0,2026,3,7,15970000,31990000,1,3
202601,6,0.비상권,0.비상권,11650,14,0,0,0,1,0,3,21,03,5,1,600,350,6,0,1,0,3,2,4,1,10,2,1,1,1,1,8,3,3,1,1,F,422,2,1,2,4,6,9,4,6,43900,1,1,0,4,6,9,4,6,43900,1,1,0,4,6,9,4,6,43900,1,1,0,2026,3,9,15970000,31990000,1,3
202601,6,0.비상권,0.비상권,11650,14,0,0,0,1,0,3,21,03,5,1,600,350,6,0,1,0,3,2,4,1,10,2,1,1,1,1,8,3,3,1,1,I,561,1,1,1,4,5,9,4,5,45100,1,1,0,4,5,9,4,5,45100,1,1,0,4,5,9,4,5,45100,1,1,0,2026,3,9,15970000,31990000,1,3
202601,6,0.비상권,0.비상권,11650,14,0,0,0,1,1,2,11,04,5,1,500,500,8,0,0,0,2,2,4,1,9,2,1,1,1,1,8,2,3,-1,1,I,562,2,1,2,5,5,8,5,5,27100,1,1,0,5,5,8,5,5,27100,1,1,0,5,5,8,5,5,27100,1,1,0,2024,3,10,17250000,11040000,1,1
202601,6,0.비상권,0.비상권,11650,14,0,0,0,1,1,2,11,04,5,1,500,500,8,0,0,0,2,2,4,1,9,2,1,1,1,1,8,2,3,1,1,G,476,2,1,2,5,5,9,6,6,38800,1,1,0,5,5,9,6,6,38800,1,1,0,5,5,9,6,6,38800,1,1,0,2024,3,10,17250000,11040000,1,1
202601,6,0.비상권,0.비상권,11650,14,0,0,0,1,1,2,11,04,5,1,500,500,8,0,0,0,2,2,4,1,9,2,1,1,1,1,8,2,3,2,1,R,901,2,1,2,5,5,8,5,5,29200,1,1,0,5,5,8,5,5,29200,1,1,0,5,5,8,5,5,29200,1,1,0,2024,3,10,17250000,11040000,1,1
202601,6,2.강남,신사역,11650,14,0,0,0,1,1,1,11,04,1,1,350,350,6,0,0,0,2,2,4,1,10,2,1,1,1,1,8,2,3,-1,1,I,561,1,1,1,4,4,8,4,4,29700,1,1,0,4,4,8,4,4,29700,1,1,0,4,4,8,4,4,29700,1,1,0,2025,3,10,19900000,23990000,1,1
202601,6,2.강남,신사역,11650,14,0,0,0,1,1,1,11,04,1,1,350,350,6,0,0,0,2,2,4,1,10,2,1,1,1,1,8,2,3,1,1,S,961,3,1,3,6,6,9,6,6,30400,1,1,0,6,6,9,6,6,30400,1,1,0,6,6,9,6,6,30600,1,1,0,2024,3,9,19900000,23990000,1,1
202601,6,2.강남,신사역,11650,14,0,0,0,1,1,1,11,04,1,1,350,350,6,0,0,0,2,2,4,1,10,2,1,1,1,1,8,2,3,2,1,S,961,2,1,2,5,4,7,5,4,17300,1,1,0,5,4,7,5,4,17300,1,1,0,5,4,7,5,4,17300,1,1,0,2024,3,9,19900000,23990000,1,1
202601,6,2.강남,신사역,11650,14,0,0,0,1,0,1,11,04,6,2,286,없음,6,0,0,0,2,2,4,1,10,2,1,1,1,1,8,2,3,1,1,I,561,2,1,2,6,6,9,6,6,49500,2,1,0,6,6,9,6,6,49500,2,1,0,6,6,9,6,6,49500,2,1,0,2024,3,7,24920000,21890000,1,2
202601,6,2.강남,신사역,11650,14,0,0,0,1,0,1,11,04,6,2,286,없음,6,0,0,0,2,2,4,1,10,2,1,1,1,1,8,2,3,1,6,0,999,1,1,1,1,1,1,4,4,49700,1,1,1,1,1,1,4,4,49700,1,1,1,1,1,1,4,4,49700,1,1,1,0,1,1,24920000,21890000,1,2
202601,6,2.강남,신사역,11650,14,0,0,0,1,0,1,11,04,6,2,286,없음,6,0,0,0,2,2,4,1,10,2,1,1,1,1,8,2,3,2,1,I,561,2,1,2,5,5,8,5,5,20900,2,1,0,5,5,8,5,5,20900,2,1,0,5,5,8,5,5,20900,2,1,0,2024,3,7,24920000,21890000,1,2
202601,6,2.강남,논현역,11650,15,0,0,0,1,1,8,21,04,5,1,150,60,6,0,1,0,2,2,4,1,9,2,1,1,1,1,8,2,3,-1,1,I,562,3,1,4,6,6,8,6,6,23600,1,1,0,6,6,8,6,6,23600,1,1,0,6,6,8,6,6,23600,1,1,0,2024,4,10,32600000,21680000,1,3
202601,6,2.강남,논현역,11650,15,0,0,0,1,1,8,21,04,5,1,150,60,6,0,1,0,2,2,4,1,9,2,1,1,1,1,8,2,3,1,1,I,562,3,1,3,7,6,10,7,6,58400,1,1,0,7,6,10,7,6,58400,1,1,0,7,6,10,7,6,58400,1,1,0,2024,4,10,32600000,21680000,1,3
202601,6,2.강남,논현역,11650,15,0,0,0,1,1,8,21,04,5,1,150,60,6,0,1,0,2,2,4,1,9,2,1,1,1,1,8,2,3,2,1,I,562,3,1,3,6,6,8,6,6,30200,1,1,0,6,6,8,6,6,30200,1,1,0,6,6,8,6,6,30200,1,1,0,2024,4,10,32600000,21680000,1,3
202601,6,2.강남,논현역,11650,14,0,0,0,1,0,1,11,03,8,1,180,66,9,0,0,0,1,1,1,1,10,1,1,1,1,1,8,1,3,1,1,I,562,1,1,1,5,5,11,5,5,87200,1,1,0,5,5,11,5,5,87200,1,1,0,5,5,11,5,5,87200,1,1,0,2025,3,10,25220000,32980000,1,5
202601,6,2.강남,논현역,11650,14,0,0,0,1,1,1,11,04,6,2,500,300,6,0,0,0,2,2,4,2,9,2,1,1,1,1,8,2,3,-1,1,G,472,2,1,3,5,4,7,5,4,14700,2,1,0,5,4,7,5,4,14700,2,1,0,5,4,7,5,4,14700,2,1,0,2025,3,10,27350000,16890000,1,2
202601,6,2.강남,논현역,11650,14,0,0,0,1,1,1,11,04,6,2,500,300,6,0,0,0,2,2,4,2,9,2,1,1,1,1,8,2,3,1,1,I,561,3,1,3,6,6,9,6,6,33500,2,1,0,6,6,9,6,6,33500,2,1,0,6,6,9,6,6,33500,2,1,0,2024,3,9,27350000,16890000,1,2
202601,6,2.강남,논현역,11650,14,0,0,0,1,1,1,11,04,6,2,500,300,6,0,0,0,2,2,4,2,9,2,1,1,1,1,8,2,3,2,2,0,999,2,1,3,1,1,1,6,5,23200,1,1,0,1,1,1,6,5,23200,1,1,0,1,1,1,6,5,23200,1,1,0,0,1,1,27350000,16890000,1,2
202601,6,2.강남,논현역,11650,14,0,0,0,1,1,1,11,04,6,1,160,100,4,0,0,0,2,2,4,1,10,2,1,1,1,1,8,2,3,-1,1,I,562,2,1,3,5,5,8,5,5,23700,2,1,0,5,5,8,5,5,23700,2,1,0,5,5,8,5,5,23700,2,1,0,2024,3,10,34300000,22590000,1,3
202601,6,2.강남,논현역,11650,14,0,0,0,1,1,1,11,04,6,1,160,100,4,0,0,0,2,2,4,1,10,2,1,1,1,1,8,2,3,1,1,I,561,2,1,2,6,6,10,6,6,63500,2,1,0,6,6,10,6,6,63500,2,1,0,6,6,10,6,6,63500,2,1,0,2024,3,10,34300000,22590000,1,3
202601,6,2.강남,논현역,11650,14,0,0,0,1,1,1,11,04,6,1,160,100,4,0,0,0,2,2,4,1,10,2,1,1,1,1,8,2,3,2,1,I,561,2,1,2,5,5,8,5,5,30000,2,1,0,5,5,8,5,5,30000,2,1,0,5,5,8,5,5,30000,2,1,0,2025,3,9,34300000,22590000,1,3
202601,6,2.강남,남부터미널,11650,14,0,0,0,1,1,1,11,04,1,1,500,300,7,0,0,0,2,2,4,2,9,1,1,2,1,1,8,2,3,-1,2,N,741,1,1,2,1,1,1,3,4,15300,1,1,0,1,1,1,3,4,15300,1,1,0,1,1,1,3,4,15300,1,1,0,0,1,1,18810000,17970000,1,3
202601,6,2.강남,남부터미널,11650,14,0,0,0,1,1,1,11,04,1,1,500,300,7,0,0,0,2,2,4,2,9,1,1,2,1,1,8,2,3,1,1,I,562,1,1,1,4,5,10,5,5,58800,2,1,0,4,5,10,5,5,58800,2,1,0,4,5,10,5,5,58800,2,1,0,2025,2,10,18810000,17970000,1,3
202601,6,2.강남,남부터미널,11650,14,0,0,0,1,1,1,11,04,1,1,500,300,7,0,0,0,2,2,4,2,9,1,1,2,1,1,8,2,3,1,1,I,561,1,1,1,4,5,9,5,5,51400,2,1,0,4,5,9,5,5,51400,2,1,0,4,5,9,5,5,51400,2,1,0,2025,3,10,18810000,17970000,1,3
202601,6,2.강남,남부터미널,11650,14,0,0,0,1,1,1,11,04,1,1,500,300,7,0,0,0,2,2,4,2,9,1,1,2,1,1,8,2,3,1,6,0,999,1,1,1,1,1,1,5,5,59800,1,1,1,1,1,1,5,5,59800,1,1,1,1,1,1,5,5,59800,1,1,1,0,1,1,18810000,17970000,1,3
202601,6,2.강남,남부터미널,11650,14,0,0,0,1,1,1,11,04,1,1,500,300,7,0,0,0,2,2,4,2,9,1,1,2,1,1,8,2,3,1,1,G,472,1,1,2,6,5,9,6,5,46800,2,1,0,6,5,9,6,5,46800,2,1,0,6,5,9,6,5,46800,2,1,0,2025,2,8,18810000,17970000,1,3
202601,6,2.강남,남부터미널,11650,14,0,0,0,1,1,1,11,04,1,1,500,300,7,0,0,0,2,2,4,2,9,1,1,2,1,1,8,2,3,2,2,0,999,3,1,4,1,1,1,4,4,8700,1,1,0,1,1,1,4,4,8700,1,1,0,1,1,1,4,4,8700,1,1,0,0,1,1,18810000,17970000,1,3
202601,6,2.강남,남부터미널,11650,15,0,0,0,1,1,1,11,04,1,1,750,없음,8,0,0,0,2,2,4,1,10,2,1,1,1,1,8,2,3,-1,1,I,561,2,1,2,4,4,7,4,4,15200,1,1,0,4,4,7,4,4,15200,1,1,0,4,4,7,4,4,15200,1,1,0,2025,3,9,20150000,13910000,1,1
202601,6,2.강남,남부터미널,11650,15,0,0,0,1,1,1,11,04,1,1,750,없음,8,0,0,0,2,2,4,1,10,2,1,1,1,1,8,2,3,-1,1,I,561,2,1,2,5,5,8,5,5,29900,1,1,0,5,5,8,5,5,29900,1,1,0,5,5,8,5,5,29900,1,1,0,2025,3,9,20150000,13910000,1,1
202601,6,2.강남,남부터미널,11650,15,0,0,0,1,1,1,11,04,1,1,750,없음,8,0,0,0,2,2,4,1,10,2,1,1,1,1,8,2,3,1,1,I,561,3,1,4,6,6,9,6,6,33800,1,1,0,6,6,9,6,6,33800,1,1,0,6,6,9,6,6,33800,1,1,0,2025,3,9,20150000,13910000,1,1
202601,6,2.강남,남부터미널,11650,15,0,0,0,1,1,1,11,04,1,1,750,없음,8,0,0,0,2,2,4,1,10,2,1,1,1,1,8,2,3,2,1,0,999,3,1,3,6,5,7,6,5,13900,1,1,0,6,5,7,6,5,13900,1,1,0,6,5,7,6,5,13900,1,1,0,2025,3,9,20150000,13910000,1,1
202601,6,2.강남,교대역,11650,15,0,0,0,1,0,5,31,03,4,1,420,100,1,0,0,0,2,1,3,1,10,1,1,1,1,1,8,2,3,1,1,S,952,3,1,3,6,7,10,6,7,57700,1,1,0,6,7,10,6,7,57900,1,1,0,6,7,10,6,7,58100,1,1,0,2025,3,9,41770000,113120000,1,2
202601,6,2.강남,교대역,11650,14,0,0,0,1,1,3,11,03,6,1,382,없음,9,0,0,0,2,2,4,1,10,2,1,1,1,1,8,2,3,-1,1,I,561,1,1,1,3,3,7,3,3,11800,1,1,0,3,3,7,3,3,11800,1,1,0,3,3,7,3,3,11800,1,1,0,2025,3,8,22580000,33360000,1,3
202601,6,2.강남,교대역,11650,14,0,0,0,1,1,3,11,03,6,1,382,없음,9,0,0,0,2,2,4,1,10,2,1,1,1,1,8,2,3,1,1,I,562,2,1,2,4,4,8,4,5,29200,1,1,0,4,4,8,4,5,29200,1,1,0,4,4,8,4,5,29200,1,1,0,2024,3,10,22580000,33360000,1,3
202601,6,2.강남,교대역,11650,14,0,0,0,1,1,3,11,03,6,1,382,없음,9,0,0,0,2,2,4,1,10,2,1,1,1,1,8,2,3,1,6,0,999,1,1,1,1,1,1,3,3,27400,1,1,1,1,1,1,3,3,27400,1,1,1,1,1,1,3,3,27400,1,1,1,0,1,1,22580000,33360000,1,3
202601,6,2.강남,교대역,11650,14,0,0,0,1,1,3,11,03,6,1,382,없음,9,0,0,0,2,2,4,1,10,2,1,1,1,1,8,2,3,1,1,I,561,3,1,3,6,6,8,6,6,27400,1,1,0,6,6,8,6,6,27400,1,1,0,6,6,8,6,6,27400,1,1,0,2025,3,8,22580000,33360000,1,3
202601,6,2.강남,교대역,11650,15,0,0,0,1,0,2,21,04,1,1,100,100,8,0,0,0,3,2,4,3,8,2,1,1,1,1,8,3,3,1,1,I,561,4,2,4,7,7,9,7,7,39200,1,1,0,7,7,9,7,7,39200,1,1,0,7,7,9,7,7,39200,1,1,0,2026,3,10,34090000,38000000,1,3
202601,6,2.강남,교대역,11650,15,0,0,0,1,0,2,21,04,1,1,100,100,8,0,0,0,3,2,4,3,8,2,1,1,1,1,8,3,3,2,1,I,561,3,1,4,6,6,9,6,6,30100,1,1,0,6,6,9,6,6,30100,1,1,0,6,6,9,6,6,30100,1,1,0,2026,3,10,34090000,38000000,1,3
202601,6,2.강남,남부터미널,11650,15,0,0,0,1,0,6,31,04,4,1,400,없음,8,0,1,0,3,2,4,1,10,2,1,1,1,1,8,3,3,1,1,S,969,4,1,4,5,7,9,5,7,48600,1,1,0,5,7,9,5,7,48600,1,1,0,5,7,9,5,7,48600,1,1,0,2025,3,9,25860000,37370000,1,3
202601,6,2.강남,남부터미널,11650,15,0,0,0,1,0,6,31,04,4,1,400,없음,8,0,1,0,3,2,4,1,10,2,1,1,1,1,8,3,3,2,1,S,969,4,1,4,4,6,8,4,6,26800,1,1,0,4,6,8,4,6,26800,1,1,0,4,6,8,4,6,26800,1,1,0,2025,3,9,25860000,37370000,1,3
202601,6,2.강남,남부터미널,11650,11,0,0,0,1,0,3,11,04,1,1,436,없음,8,0,0,0,2,1,2,1,8,1,1,1,1,1,8,2,3,1,1,M,721,2,1,2,6,5,8,6,5,25000,1,1,0,6,5,8,6,5,25000,1,1,0,6,5,8,6,5,25000,1,1,0,2024,3,9,12870000,32280000,1,3
202601,6,2.강남,남부터미널,11650,15,0,0,0,1,0,3,11,04,4,1,215,없음,1,0,1,0,2,2,4,1,9,2,1,1,1,1,8,2,3,1,1,I,561,3,1,3,6,7,10,6,7,57000,1,1,0,6,7,10,6,7,57000,1,1,0,6,7,10,6,7,57000,1,1,0,2024,3,9,43330000,55560000,1,2
202601,6,2.강남,남부터미널,11650,15,0,0,0,1,0,3,11,04,4,1,215,없음,1,0,1,0,2,2,4,1,9,2,1,1,1,1,8,2,3,2,1,I,561,3,1,3,6,5,8,6,5,22000,1,1,0,6,5,8,6,5,22000,1,1,0,6,5,8,6,5,22000,1,1,0,2024,3,9,43330000,55560000,1,2
202601,6,2.강남,남부터미널,11650,11,0,0,0,1,1,1,11,04,5,1,500,160,7,0,0,0,2,2,4,2,8,2,1,1,1,1,8,2,3,-1,1,R,901,1,1,1,3,3,7,3,3,17400,1,1,0,3,3,7,3,3,17400,1,1,0,3,3,7,3,3,17400,1,1,0,2025,3,10,15280000,20390000,1,3
202601,6,2.강남,남부터미널,11650,11,0,0,0,1,1,1,11,04,5,1,500,160,7,0,0,0,2,2,4,2,8,2,1,1,1,1,8,2,3,1,1,R,901,4,1,4,7,7,9,7,6,37100,1,1,0,7,7,9,7,6,37100,1,1,0,7,7,9,7,6,37100,1,1,0,2025,3,10,15280000,20390000,1,3
202601,6,2.강남,남부터미널,11650,11,0,0,0,1,1,1,11,04,5,1,500,160,7,0,0,0,2,2,4,2,8,2,1,1,1,1,8,2,3,2,1,R,901,2,1,2,6,5,8,6,5,20800,1,1,0,6,5,8,6,5,20800,1,1,0,6,5,8,6,5,20800,1,1,0,2025,3,10,15280000,20390000,1,3
202601,6,2.강남,교대역,11650,15,0,0,0,1,1,3,11,03,5,1,265,200,6,1,0,0,3,2,4,1,10,2,1,1,1,1,8,3,3,-1,5,0,999,1,1,1,1,1,1,1,1,0,1,1,0,1,1,1,1,1,0,1,1,0,1,1,1,1,1,0,1,1,0,0,1,1,25620000,51490000,1,1
202601,6,2.강남,교대역,11650,15,0,0,0,1,1,3,11,03,5,1,265,200,6,1,0,0,3,2,4,1,10,2,1,1,1,1,8,3,3,1,1,S,952,4,1,4,7,7,10,7,7,53200,1,1,0,7,7,10,7,7,53400,1,1,0,7,7,10,7,7,53700,1,1,0,2024,3,9,25620000,51490000,1,1
202601,6,2.강남,교대역,11650,15,0,0,0,1,1,3,21,03,1,1,180,180,8,0,0,0,2,2,4,1,9,2,1,1,1,1,8,2,3,-1,1,G,467,2,1,2,3,3,4,3,3,5000,1,1,0,3,3,4,3,3,5000,1,1,0,3,3,4,3,3,5000,1,1,0,2024,3,9,26380000,41540000,1,1
202601,6,2.강남,교대역,11650,15,0,0,0,1,1,3,21,03,1,1,180,180,8,0,0,0,2,2,4,1,9,2,1,1,1,1,8,2,3,1,1,G,467,4,1,4,6,6,8,6,6,25100,1,1,0,6,6,8,6,6,25100,1,1,0,6,6,8,6,6,25100,1,1,0,2024,3,9,26380000,41540000,1,1
202601,6,2.강남,교대역,11650,22,0,0,0,1,1,2,11,03,5,1,180,180,8,0,1,0,3,2,4,1,9,2,1,1,1,1,8,3,3,-1,5,0,999,1,1,1,1,1,1,1,1,0,1,1,0,1,1,1,1,1,0,1,1,0,1,1,1,1,1,0,1,1,0,0,1,1,35350000,74850000,1,2
202601,6,2.강남,교대역,11650,22,0,0,0,1,1,2,11,03,5,1,180,180,8,0,1,0,3,2,4,1,9,2,1,1,1,1,8,3,3,1,1,I,561,4,1,4,7,7,10,7,7,55200,3,1,0,7,7,10,7,7,55200,3,1,0,7,7,10,7,7,55200,3,1,0,2024,3,9,35350000,74850000,1,2
202601,6,2.강남,교대역,11650,14,0,200,0,1,0,3,21,04,1,1,100,100,6,0,0,0,3,2,4,1,9,2,1,1,1,1,8,3,3,1,1,I,561,4,1,4,7,7,10,7,7,63000,1,1,0,7,7,10,7,7,63000,1,1,0,7,7,10,7,7,63000,1,1,0,2024,3,10,26750000,58270000,1,3
202601,6,2.강남,강남대로,11680,15,0,0,0,1,0,6,31,04,5,1,20,20,6,0,1,0,2,2,4,1,10,2,1,1,1,1,8,2,3,1,1,I,561,3,1,3,7,7,12,7,7,92600,1,1,0,7,7,12,7,7,92600,1,1,0,7,7,12,7,7,92600,1,1,0,2025,5,10,66610000,67080000,1,3
202601,6,2.강남,강남대로,11680,15,0,0,0,1,0,6,31,04,5,1,20,20,6,0,1,0,2,2,4,1,10,2,1,1,1,1,8,2,3,2,1,I,561,3,1,3,6,6,9,6,6,34900,1,1,0,6,6,9,6,6,34900,1,1,0,6,6,9,6,6,34900,1,1,0,2025,5,10,66610000,67080000,1,3
202601,6,2.강남,강남대로,11680,14,0,0,0,1,1,1,11,04,3,1,450,300,9,0,0,0,3,2,4,2,9,2,1,1,1,1,8,3,3,-1,1,I,561,2,1,2,6,5,10,6,5,55600,1,1,0,6,5,10,6,5,55600,1,1,0,6,5,10,6,5,55600,1,1,0,2024,3,10,44190000,67840000,1,3
202601,6,2.강남,강남대로,11680,14,0,0,0,1,1,1,11,04,3,1,450,300,9,0,0,0,3,2,4,2,9,2,1,1,1,1,8,3,3,1,1,I,561,3,1,3,8,6,10,8,7,70400,1,1,0,8,6,10,8,7,70400,1,1,0,8,6,10,8,7,70400,1,1,0,2024,3,10,44190000,67840000,1,3
202601,6,2.강남,강남대로,11680,14,0,0,0,1,1,1,11,04,3,1,450,300,9,0,0,0,3,2,4,2,9,2,1,1,1,1,8,3,3,2,1,I,561,3,1,3,7,6,9,7,6,36000,1,1,0,7,6,9,7,6,36000,1,1,0,7,6,9,7,6,36000,1,1,0,2024,3,10,44190000,67840000,1,3
202601,6,2.강남,테헤란로,11680,15,0,0,0,1,1,1,11,03,1,1,170,180,5,0,0,0,1,2,4,1,10,2,1,1,1,1,8,1,3,-1,1,I,561,2,1,3,6,6,9,6,6,45900,1,1,0,6,6,9,6,6,45900,1,1,0,6,6,9,6,6,45900,1,1,0,2025,3,10,40280000,22030000,1,2
202601,6,2.강남,테헤란로,11680,15,0,0,0,1,1,1,11,03,1,1,170,180,5,0,0,0,1,2,4,1,10,2,1,1,1,1,8,1,3,1,1,I,562,2,1,2,6,6,12,7,6,127300,1,1,0,6,6,12,7,6,127300,1,1,0,6,6,12,7,6,127300,1,1,0,2025,3,10,40280000,22030000,1,2
202601,6,2.강남,테헤란로,11680,15,0,0,0,1,1,1,11,03,1,1,170,180,5,0,0,0,1,2,4,1,10,2,1,1,1,1,8,1,3,2,1,I,561,2,1,2,6,6,11,6,6,80500,1,1,0,6,6,11,6,6,80500,1,1,0,6,6,11,6,6,80500,1,1,0,2025,3,8,40280000,22030000,1,2
202601,6,2.강남,테헤란로,11680,15,0,0,0,1,1,3,11,03,5,1,100,120,9,0,0,0,2,2,4,1,10,2,1,1,1,1,8,2,3,-1,5,0,999,2,1,2,1,1,1,1,1,0,1,1,0,1,1,1,1,1,0,1,1,0,1,1,1,1,1,0,1,1,0,0,1,1,34480000,32580000,1,1
202601,6,2.강남,테헤란로,11680,15,0,0,0,1,1,3,11,03,5,1,100,120,9,0,0,0,2,2,4,1,10,2,1,1,1,1,8,2,3,1,1,I,562,2,1,2,6,6,11,6,6,83800,1,1,0,6,6,11,6,6,83800,1,1,0,6,6,11,6,6,83800,1,1,0,2025,3,8,34480000,32580000,1,1
202601,6,2.강남,테헤란로,11680,15,0,0,0,1,1,3,11,03,5,1,100,120,9,0,0,0,2,2,4,1,10,2,1,1,1,1,8,2,3,1,1,I,561,2,1,3,7,7,11,7,7,83900,1,1,0,7,7,11,7,7,83900,1,1,0,7,7,11,7,7,83900,1,1,0,2025,3,10,34480000,32580000,1,1
202601,6,2.강남,테헤란로,11680,15,0,0,0,1,1,3,11,03,5,1,100,120,9,0,0,0,2,2,4,1,10,2,1,1,1,1,8,2,3,2,1,I,561,4,1,4,7,6,9,7,6,36700,1,1,0,7,6,9,7,6,36700,1,1,0,7,6,9,7,6,36700,1,1,0,2025,3,10,34480000,32580000,1,1
202601,6,2.강남,테헤란로,11680,13,0,0,0,1,0,1,11,04,1,1,250,200,7,0,0,0,3,2,4,3,8,2,1,1,1,1,8,3,3,1,1,I,561,4,2,4,8,8,11,8,8,72600,3,1,0,8,8,11,8,8,72600,3,1,0,8,8,11,8,8,72600,3,1,0,2025,3,10,31380000,55960000,1,4
202601,6,2.강남,테헤란로,11680,13,0,0,0,1,0,1,11,04,1,1,250,200,7,0,0,0,3,2,4,3,8,2,1,1,1,1,8,3,3,2,1,I,561,3,1,3,7,5,9,7,5,31100,2,1,0,7,5,9,7,5,31100,2,1,0,7,5,9,7,5,31100,2,1,0,2025,3,9,31380000,55960000,1,4
202601,6,2.강남,테헤란로,11680,22,0,0,0,1,0,1,11,04,4,1,280,없음,8,0,0,0,2,2,4,1,10,2,1,1,1,1,8,2,3,1,1,I,561,2,1,2,6,6,10,6,6,62700,1,1,0,6,6,10,6,6,62700,1,1,0,6,6,10,6,6,62700,1,1,0,2024,3,8,30710000,50170000,1,3
202601,6,2.강남,테헤란로,11680,22,0,0,0,1,0,1,11,04,4,1,280,없음,8,0,0,0,2,2,4,1,10,2,1,1,1,1,8,2,3,2,1,I,561,2,1,2,5,5,8,5,5,28000,1,1,0,5,5,8,5,5,28000,1,1,0,5,5,8,5,5,28000,1,1,0,2024,3,8,30710000,50170000,1,3
202601,6,2.강남,테헤란로,11680,15,0,999,0,1,0,3,32,04,2,1,220,60,9,0,1,0,4,1,3,1,10,1,1,1,1,1,8,4,3,1,1,H,493,3,1,3,8,6,10,8,6,66700,3,1,0,8,6,10,8,6,66700,3,1,0,8,6,10,8,6,66700,3,1,0,2025,3,8,22910000,214760000,4,4
202601,6,2.강남,강남대로,11680,14,0,0,0,1,1,1,32,04,6,1,148,없음,6,0,1,0,2,2,4,1,10,2,1,1,1,1,8,2,3,-1,5,0,999,1,1,1,1,1,1,1,1,0,1,1,0,1,1,1,1,1,0,1,1,0,1,1,1,1,1,0,1,1,0,0,1,1,53580000,56470000,1,3
202601,6,2.강남,강남대로,11680,14,0,0,0,1,1,1,32,04,6,1,148,없음,6,0,1,0,2,2,4,1,10,2,1,1,1,1,8,2,3,1,1,I,561,4,1,4,7,7,10,7,7,67700,1,1,0,7,7,10,7,7,67700,1,1,0,7,7,10,7,7,67700,1,1,0,2025,5,10,53580000,56470000,1,3
202601,6,2.강남,강남대로,11680,14,0,0,0,1,1,1,32,04,6,1,148,없음,6,0,1,0,2,2,4,1,10,2,1,1,1,1,8,2,3,2,1,I,561,3,1,3,6,4,7,6,5,21700,1,1,0,6,4,7,6,5,21700,1,1,0,6,4,7,6,5,21700,1,1,0,2025,5,10,53580000,56470000,1,3
202601,6,2.강남,강남대로,11680,14,0,0,0,1,1,1,11,03,6,2,200,170,9,0,1,0,2,2,4,1,9,2,1,1,1,1,8,2,3,-1,1,I,561,3,1,3,5,5,7,5,5,14500,1,1,0,5,5,7,5,5,14500,1,1,0,5,5,7,5,5,14500,1,1,0,2024,3,10,72340000,43540000,1,3
202601,6,2.강남,강남대로,11680,14,0,0,0,1,1,1,11,03,6,2,200,170,9,0,1,0,2,2,4,1,9,2,1,1,1,1,8,2,3,1,1,I,561,3,1,4,6,7,10,7,7,64500,1,1,0,6,7,10,7,7,64500,1,1,0,6,7,10,7,7,64500,1,1,0,2024,3,10,72340000,43540000,1,3
202601,6,2.강남,강남대로,11680,14,0,0,0,1,1,1,11,03,6,2,200,170,9,0,1,0,2,2,4,1,9,2,1,1,1,1,8,2,3,2,1,I,561,3,1,4,6,6,8,6,6,27500,1,1,0,6,6,8,6,6,27500,1,1,0,6,6,8,6,6,27500,1,1,0,2024,3,10,72340000,43540000,1,3
202601,6,2.강남,강남대로,11680,15,0,0,0,1,0,6,31,04,6,2,180,200,6,0,1,0,2,2,4,1,9,2,1,1,1,1,8,2,3,1,1,I,561,4,1,4,8,8,12,8,8,123500,2,1,0,8,8,12,8,8,123500,2,1,0,8,8,12,8,8,123500,2,1,0,2024,3,10,82020000,70320000,1,3
202601,6,2.강남,강남대로,11680,15,0,0,0,1,0,6,31,04,6,2,180,200,6,0,1,0,2,2,4,1,9,2,1,1,1,1,8,2,3,2,1,I,561,4,1,4,7,7,11,7,7,73600,2,1,0,7,7,11,7,7,73600,2,1,0,7,7,11,7,7,73600,2,1,0,2025,3,10,82020000,70320000,1,3
202601,6,0.비상권,0.비상권,11680,14,0,0,0,1,0,8,32,04,3,1,없음,400,8,0,1,0,2,1,3,1,10,1,1,1,1,1,8,2,3,1,1,G,465,3,1,3,5,6,8,5,6,28500,2,1,0,5,6,8,5,6,28500,2,1,0,5,6,8,5,6,28500,2,1,0,2024,3,9,13860000,46900000,1,3
202601,6,0.비상권,0.비상권,11680,16,0,0,0,1,0,3,11,04,5,1,없음,3,5,0,1,0,3,2,4,1,10,2,1,1,1,1,8,3,3,1,1,I,561,3,1,4,7,6,9,7,6,43900,1,1,0,7,6,9,7,6,43900,1,1,0,7,6,9,7,6,43900,1,1,0,2024,3,7,32050000,64360000,1,2
202601,6,0.비상권,0.비상권,11680,16,0,0,0,1,0,3,11,04,5,1,없음,3,5,0,1,0,3,2,4,1,10,2,1,1,1,1,8,3,3,1,1,G,467,2,1,2,5,6,10,6,6,44300,1,1,0,5,6,10,6,6,44300,1,1,0,5,6,10,6,6,44300,1,1,0,2024,3,9,32050000,64360000,1,2
202601,6,2.강남,도산대로,11680,15,0,0,0,1,1,1,11,03,5,1,563,없음,8,0,0,0,2,2,4,1,10,2,1,1,1,1,8,2,3,-1,1,I,562,1,1,1,3,3,8,3,3,29100,1,1,0,3,3,8,3,3,29100,1,1,0,3,3,8,3,3,29100,1,1,0,2025,3,9,50280000,62540000,1,2
202601,6,2.강남,도산대로,11680,15,0,0,0,1,1,1,11,03,5,1,563,없음,8,0,0,0,2,2,4,1,10,2,1,1,1,1,8,2,3,1,1,S,961,3,1,3,7,6,9,7,6,45700,2,1,0,7,6,9,7,6,45700,2,1,0,7,6,9,7,6,45700,2,1,0,2024,4,9,50280000,62540000,1,2
202601,6,2.강남,도산대로,11680,15,0,0,0,1,1,1,11,03,5,1,563,없음,8,0,0,0,2,2,4,1,10,2,1,1,1,1,8,2,3,2,1,S,961,3,1,3,6,5,8,6,5,22300,2,1,0,6,5,8,6,5,22300,2,1,0,6,5,8,6,5,22300,2,1,0,2024,4,9,50280000,62540000,1,2
202601,6,2.강남,도산대로,11680,15,0,0,0,1,1,1,11,04,5,1,500,200,6,0,1,0,2,2,4,1,10,2,1,1,1,1,8,2,3,-1,1,I,562,1,1,1,3,3,7,3,3,18200,2,1,0,3,3,7,3,3,18200,2,1,0,3,3,7,3,3,18200,2,1,0,2025,4,8,60120000,70150000,1,1
202601,6,2.강남,도산대로,11680,15,0,0,0,1,1,1,11,04,5,1,500,200,6,0,1,0,2,2,4,1,10,2,1,1,1,1,8,2,3,1,1,I,562,4,1,4,8,7,9,8,7,58300,3,1,0,8,7,9,8,7,58300,3,1,0,8,7,9,8,7,58300,3,1,0,2025,4,8,60120000,70150000,1,1
202601,6,2.강남,도산대로,11680,15,0,0,0,1,1,1,11,04,5,1,500,200,6,0,1,0,2,2,4,1,10,2,1,1,1,1,8,2,3,2,1,I,562,3,1,3,6,5,7,6,5,19200,2,1,0,6,5,7,6,5,19200,2,1,0,6,5,7,6,5,19200,2,1,0,2025,4,8,60120000,70150000,1,1
202601,6,0.비상권,0.비상권,11680,14,0,0,0,1,1,2,11,04,5,1,830,300,8,0,0,0,2,2,4,1,10,2,1,1,1,1,8,2,3,-1,1,M,715,3,1,3,4,4,6,4,4,10000,1,1,0,4,4,6,4,4,10000,1,1,0,4,4,6,4,4,10000,1,1,0,2026,3,10,29720000,20860000,1,3
202601,6,0.비상권,0.비상권,11680,14,0,0,0,1,1,2,11,04,5,1,830,300,8,0,0,0,2,2,4,1,10,2,1,1,1,1,8,2,3,1,1,M,715,3,1,3,7,6,9,7,6,42900,1,1,0,7,6,9,7,6,42900,1,1,0,7,6,9,7,6,42900,1,1,0,2026,3,10,29720000,20860000,1,3
202601,6,0.비상권,0.비상권,11680,14,0,0,0,1,1,2,11,04,5,1,830,300,8,0,0,0,2,2,4,1,10,2,1,1,1,1,8,2,3,2,1,M,715,3,1,3,5,5,7,5,5,16300,1,1,0,5,5,7,5,5,16300,1,1,0,5,5,7,5,5,16300,1,1,0,2026,3,10,29720000,20860000,1,3
202601,6,2.강남,도산대로,11680,14,0,0,0,1,1,2,11,04,5,2,500,200,8,0,0,0,2,2,4,1,10,2,1,1,1,1,8,2,3,-1,1,R,901,3,1,3,6,5,8,6,5,25200,2,1,0,6,5,8,6,5,25200,2,1,0,6,5,8,6,5,25200,2,1,0,2026,2,10,30740000,19950000,1,3
202601,6,2.강남,도산대로,11680,14,0,0,0,1,1,2,11,04,5,2,500,200,8,0,0,0,2,2,4,1,10,2,1,1,1,1,8,2,3,1,1,R,901,3,1,3,7,7,11,7,7,74600,2,1,0,7,7,11,7,7,74600,2,1,0,7,7,11,7,7,74600,2,1,0,2024,3,10,30740000,19950000,1,3
202601,6,2.강남,도산대로,11680,14,0,0,0,1,1,2,11,04,5,2,500,200,8,0,0,0,2,2,4,1,10,2,1,1,1,1,8,2,3,2,1,R,901,3,1,3,7,5,8,7,5,25500,2,1,0,7,5,8,7,5,25500,2,1,0,7,5,8,7,5,25500,2,1,0,2024,3,10,30740000,19950000,1,3
202601,6,2.강남,청담,11680,15,0,120,0,1,1,1,11,04,6,1,350,45,8,0,0,0,2,2,3,1,9,1,2,1,1,1,8,2,3,-1,6,0,999,1,1,1,1,1,1,3,3,21900,1,1,1,1,1,1,3,3,21900,1,1,1,1,1,1,3,3,21900,1,1,1,0,1,1,40100000,38360000,1,3
202601,6,2.강남,청담,11680,15,0,120,0,1,1,1,11,04,6,1,350,45,8,0,0,0,2,2,3,1,9,1,2,1,1,1,8,2,3,1,6,0,999,2,1,2,1,1,1,7,6,68100,1,1,1,1,1,1,7,6,68100,1,1,1,1,1,1,7,6,68100,1,1,1,0,1,1,40100000,38360000,1,3
202601,6,2.강남,청담,11680,15,0,120,0,1,1,1,11,04,6,1,350,45,8,0,0,0,2,2,3,1,9,1,2,1,1,1,8,2,3,2,6,0,999,2,1,2,1,1,1,6,5,40200,1,1,1,1,1,1,6,5,40200,1,1,1,1,1,1,6,5,40200,1,1,1,0,1,1,40100000,38360000,1,3
202601,6,0.비상권,0.비상권,11680,14,0,0,0,1,0,1,11,04,6,2,600,200,8,0,0,0,2,2,4,2,8,2,1,1,1,1,8,2,3,1,1,S,969,3,1,4,9,7,12,9,7,92300,1,1,0,9,7,12,9,7,92300,1,1,0,9,7,12,9,7,92300,1,1,0,2025,3,10,39040000,36930000,1,3
202601,6,0.비상권,0.비상권,11680,14,0,0,0,1,0,1,11,04,6,2,600,200,8,0,0,0,2,2,4,2,8,2,1,1,1,1,8,2,3,2,1,S,969,2,1,3,8,6,10,8,6,64600,1,1,0,8,6,10,8,6,64600,1,1,0,8,6,10,8,6,64600,1,1,0,2025,3,10,39040000,36930000,1,3
202601,6,0.비상권,0.비상권,11680,14,0,0,0,1,1,1,11,04,6,2,없음,300,8,0,1,0,2,2,4,1,9,2,1,1,1,1,8,2,3,-1,1,S,961,2,1,3,6,6,9,6,6,37700,2,1,0,6,6,9,6,6,37700,2,1,0,6,6,9,6,6,37700,2,1,0,2026,3,10,35470000,21370000,1,1
202601,6,0.비상권,0.비상권,11680,14,0,0,0,1,1,1,11,04,6,2,없음,300,8,0,1,0,2,2,4,1,9,2,1,1,1,1,8,2,3,1,1,S,961,3,1,3,8,7,11,8,7,84000,2,1,0,8,7,11,8,7,84000,2,1,0,8,7,11,8,7,84000,2,1,0,2024,3,10,35470000,21370000,1,1
202601,6,0.비상권,0.비상권,11680,14,0,0,0,1,1,1,11,04,6,2,없음,300,8,0,1,0,2,2,4,1,9,2,1,1,1,1,8,2,3,2,1,S,961,3,1,3,7,6,10,7,6,50100,2,1,0,7,6,10,7,6,50100,2,1,0,7,6,10,7,6,50100,2,1,0,2024,3,10,35470000,21370000,1,1
202601,6,0.비상권,0.비상권,11680,15,0,0,0,1,0,1,11,03,5,1,500,400,8,0,0,0,2,2,4,1,9,2,1,1,1,1,8,2,3,1,1,I,561,3,1,3,7,6,10,7,6,55000,1,1,0,7,6,10,7,6,55000,1,1,0,7,6,10,7,6,55000,1,1,0,2024,3,10,36760000,32340000,1,2
202601,6,0.비상권,0.비상권,11680,15,0,0,0,1,0,1,11,03,5,1,500,400,8,0,0,0,2,2,4,1,9,2,1,1,1,1,8,2,3,2,1,I,561,3,1,3,7,6,9,7,6,33700,1,1,0,7,6,9,7,6,33700,1,1,0,7,6,9,7,6,33700,1,1,0,2024,3,10,36760000,32340000,1,2
202601,6,2.강남,테헤란로,11680,14,0,0,0,1,0,1,11,03,6,2,330,80,8,0,1,0,2,2,4,1,9,2,1,1,1,1,8,2,3,1,1,I,561,3,1,3,7,6,10,7,6,52600,1,1,0,7,6,10,7,6,52600,1,1,0,7,6,10,7,6,52600,1,1,0,2025,3,8,32500000,29750000,1,3
202601,6,2.강남,테헤란로,11680,14,0,0,0,1,0,1,11,03,6,2,330,80,8,0,1,0,2,2,4,1,9,2,1,1,1,1,8,2,3,2,1,I,561,3,1,3,6,6,9,6,6,35300,1,1,0,6,6,9,6,6,35300,1,1,0,6,6,9,6,6,35300,1,1,0,2025,3,9,32500000,29750000,1,3
202601,6,2.강남,테헤란로,11680,14,0,0,0,1,1,1,11,04,1,1,350,없음,9,0,0,0,2,2,4,1,10,2,1,1,1,1,8,2,3,-1,1,I,562,2,1,2,5,6,10,5,6,60600,1,1,0,5,6,10,5,6,60600,1,1,0,5,6,10,5,6,60600,1,1,0,2025,3,9,33460000,26430000,1,2
202601,6,2.강남,테헤란로,11680,14,0,0,0,1,1,1,11,04,1,1,350,없음,9,0,0,0,2,2,4,1,10,2,1,1,1,1,8,2,3,1,1,I,562,2,1,2,6,6,12,6,6,92900,1,1,0,6,6,12,6,6,92900,1,1,0,6,6,12,6,6,92900,1,1,0,2025,3,10,33460000,26430000,1,2
202601,6,2.강남,테헤란로,11680,14,0,0,0,1,1,1,11,04,1,1,350,없음,9,0,0,0,2,2,4,1,10,2,1,1,1,1,8,2,3,1,1,L,682,1,1,1,4,4,12,4,5,96900,1,1,0,4,4,12,4,5,96900,1,1,0,4,4,12,4,5,96900,1,1,0,2024,3,8,33460000,26430000,1,2
202601,6,2.강남,테헤란로,11680,14,0,0,0,1,1,1,11,04,1,1,350,없음,9,0,0,0,2,2,4,1,10,2,1,1,1,1,8,2,3,2,1,I,562,2,1,2,5,5,9,5,5,30400,1,1,0,5,5,9,5,5,30400,1,1,0,5,5,9,5,5,30400,1,1,0,2025,2,9,33460000,26430000,1,2
202601,6,2.강남,테헤란로,11680,15,0,0,0,1,1,1,11,04,5,1,300,70,9,0,0,0,2,2,4,1,9,2,1,1,1,1,8,2,3,-1,6,0,999,1,1,1,1,1,1,4,4,24400,1,1,1,1,1,1,4,4,24400,1,1,1,1,1,1,4,4,24400,1,1,1,0,1,1,34540000,39740000,1,3
202601,6,2.강남,테헤란로,11680,15,0,0,0,1,1,1,11,04,5,1,300,70,9,0,0,0,2,2,4,1,9,2,1,1,1,1,8,2,3,1,1,I,561,4,1,4,7,7,10,7,7,65500,1,1,0,7,7,10,7,7,65500,1,1,0,7,7,10,7,7,65500,1,1,0,2025,3,8,34540000,39740000,1,3
202601,6,2.강남,테헤란로,11680,15,0,0,0,1,1,1,11,04,5,1,300,70,9,0,0,0,2,2,4,1,9,2,1,1,1,1,8,2,3,2,1,I,561,3,1,3,5,6,9,5,6,36800,1,1,0,5,6,9,5,6,36800,1,1,0,5,6,9,5,6,36800,1,1,0,2025,3,8,34540000,39740000,1,3
202601,6,2.강남,테헤란로,11680,15,0,0,0,1,0,3,21,04,4,1,400,130,8,0,0,0,3,2,4,1,9,2,1,1,1,1,8,3,3,1,1,G,451,4,1,4,7,7,10,7,7,55600,1,1,0,7,7,10,7,7,55600,1,1,0,7,7,10,7,7,55600,1,1,0,2024,3,10,33660000,62860000,1,3
202601,6,2.강남,테헤란로,11680,15,0,0,0,1,0,3,21,04,4,1,400,130,8,0,0,0,3,2,4,1,9,2,1,1,1,1,8,3,3,2,1,G,451,3,1,3,6,6,9,6,6,38300,1,1,0,6,6,9,6,6,38300,1,1,0,6,6,9,6,6,38300,1,1,0,2024,3,10,33660000,62860000,1,3
202601,6,2.강남,테헤란로,11680,14,0,0,0,1,0,1,11,03,1,1,397,없음,8,0,0,0,1,1,2,1,9,1,1,1,1,1,8,1,3,1,1,I,562,2,1,2,5,6,9,6,6,50000,2,1,0,5,6,9,6,6,50000,2,1,0,5,6,9,6,6,50000,2,1,0,2023,5,7,29040000,32180000,1,3
202601,6,2.강남,테헤란로,11680,14,0,0,0,1,0,5,21,04,6,2,395,없음,8,0,1,0,2,2,4,1,10,2,1,1,1,1,8,2,3,1,1,I,561,3,1,3,7,7,11,7,7,87800,1,1,0,7,7,11,7,7,87800,1,1,0,7,7,11,7,7,87800,1,1,0,2025,3,8,31180000,29040000,1,1
202601,6,2.강남,테헤란로,11680,14,0,0,0,1,0,5,21,04,6,2,395,없음,8,0,1,0,2,2,4,1,10,2,1,1,1,1,8,2,3,2,1,I,561,2,1,2,6,6,9,6,6,49100,1,1,0,6,6,9,6,6,49100,1,1,0,6,6,9,6,6,49100,1,1,0,2025,3,10,31180000,29040000,1,1
202601,6,2.강남,테헤란로,11680,14,0,0,0,1,1,3,21,04,6,2,500,450,9,0,0,0,1,2,4,1,10,2,1,1,1,1,8,1,3,-1,1,I,561,2,1,3,4,5,7,4,5,19300,1,1,0,4,5,7,4,5,19300,1,1,0,4,5,7,4,5,19300,1,1,0,2025,3,10,41000000,21200000,1,3
202601,6,2.강남,테헤란로,11680,14,0,0,0,1,1,3,21,04,6,2,500,450,9,0,0,0,1,2,4,1,10,2,1,1,1,1,8,1,3,1,1,G,474,2,1,2,6,6,10,6,6,66600,1,1,0,6,6,10,6,6,66600,1,1,0,6,6,10,6,6,66600,1,1,0,2025,3,8,41000000,21200000,1,3
202601,6,2.강남,테헤란로,11680,14,0,0,0,1,1,3,21,04,6,2,500,450,9,0,0,0,1,2,4,1,10,2,1,1,1,1,8,1,3,2,1,S,969,2,1,2,6,5,9,6,6,40800,1,1,0,6,5,9,6,6,40800,1,1,0,6,5,9,6,6,40800,1,1,0,2025,3,9,41000000,21200000,1,3
202601,6,2.강남,테헤란로,11680,15,0,0,0,1,0,2,11,03,6,2,600,250,8,0,0,0,2,2,4,1,10,2,1,1,1,1,8,2,3,1,1,I,561,4,1,4,7,7,10,8,7,70100,1,1,0,7,7,10,8,7,70100,1,1,0,7,7,10,8,7,70100,1,1,0,2024,3,9,31500000,26620000,1,3
202601,6,2.강남,테헤란로,11680,15,0,0,0,1,0,2,11,03,6,2,600,250,8,0,0,0,2,2,4,1,10,2,1,1,1,1,8,2,3,2,1,I,561,4,1,4,6,6,8,6,6,29200,1,1,0,6,6,8,6,6,29200,1,1,0,6,6,8,6,6,29200,1,1,0,2025,3,9,31500000,26620000,1,3
202601,6,2.강남,테헤란로,11680,15,0,0,0,1,1,3,33,03,5,2,552,없음,4,0,0,0,2,2,4,1,10,2,1,1,1,1,8,2,3,-1,5,0,999,1,1,1,1,1,1,1,1,0,1,1,0,1,1,1,1,1,0,1,1,0,1,1,1,1,1,0,1,1,0,0,1,1,44460000,41410000,1,3
202601,6,2.강남,테헤란로,11680,15,0,0,0,1,1,3,33,03,5,2,552,없음,4,0,0,0,2,2,4,1,10,2,1,1,1,1,8,2,3,1,1,I,561,1,1,1,6,6,12,6,6,142700,1,1,0,6,6,12,6,6,142700,1,1,0,6,6,12,6,6,142700,1,1,0,2026,3,9,44460000,41410000,1,3
202601,6,2.강남,테헤란로,11680,15,0,0,0,1,1,3,33,03,5,2,552,없음,4,0,0,0,2,2,4,1,10,2,1,1,1,1,8,2,3,1,1,G,478,1,1,1,6,6,12,6,6,113600,1,1,0,6,6,12,6,6,113600,1,1,0,6,6,12,6,6,113600,1,1,0,2024,3,7,44460000,41410000,1,3
202601,6,2.강남,테헤란로,11680,15,0,0,0,1,1,3,33,03,5,2,552,없음,4,0,0,0,2,2,4,1,10,2,1,1,1,1,8,2,3,2,1,I,561,2,1,2,7,6,10,7,6,60900,1,1,0,7,6,10,7,6,60900,1,1,0,7,6,10,7,6,60900,1,1,0,2025,3,10,44460000,41410000,1,3
202601,6,2.강남,신사역,11680,14,0,0,0,1,1,1,11,03,5,1,250,150,8,0,0,0,2,2,4,2,8,2,1,1,1,1,8,2,3,-1,1,I,561,2,1,2,4,4,7,4,4,16400,1,1,0,4,4,7,4,4,16400,1,1,0,4,4,7,4,4,16400,1,1,0,2026,3,10,30950000,35290000,1,3
202601,6,2.강남,신사역,11680,14,0,0,0,1,1,1,11,03,5,1,250,150,8,0,0,0,2,2,4,2,8,2,1,1,1,1,8,2,3,1,1,I,561,3,1,3,8,6,9,8,6,37300,1,1,0,8,6,9,8,6,37300,1,1,0,8,6,9,8,6,37300,1,1,0,2026,3,10,30950000,35290000,1,3
202601,6,2.강남,신사역,11680,14,0,0,0,1,1,1,11,03,5,1,250,150,8,0,0,0,2,2,4,2,8,2,1,1,1,1,8,2,3,2,1,I,561,2,1,2,5,5,8,5,5,21700,1,1,0,5,5,8,5,5,21700,1,1,0,5,5,8,5,5,21700,1,1,0,2026,3,10,30950000,35290000,1,3
202601,6,2.강남,신사역,11680,14,0,0,0,1,1,1,11,03,5,1,380,없음,8,0,0,0,2,2,4,1,9,2,1,1,1,1,8,2,3,-1,1,G,475,1,1,1,3,3,7,3,3,15600,1,1,0,3,3,7,3,3,15600,1,1,0,3,3,7,3,3,15600,1,1,0,2025,3,8,42220000,46700000,1,1
202601,6,2.강남,신사역,11680,14,0,0,0,1,1,1,11,03,5,1,380,없음,8,0,0,0,2,2,4,1,9,2,1,1,1,1,8,2,3,1,1,G,475,2,1,3,7,6,10,7,6,56600,1,1,0,7,6,10,7,6,56600,1,1,0,7,6,10,7,6,56600,1,1,0,2025,3,8,42220000,46700000,1,1
202601,6,2.강남,신사역,11680,14,0,0,0,1,1,1,11,03,5,1,380,없음,8,0,0,0,2,2,4,1,9,2,1,1,1,1,8,2,3,2,1,S,969,2,1,3,6,5,8,6,5,24300,1,1,0,6,5,8,6,5,24300,1,1,0,6,5,8,6,5,24300,1,1,0,2025,3,8,42220000,46700000,1,1
202601,6,2.강남,신사역,11680,14,0,0,0,1,1,1,11,04,6,1,350,450,8,0,0,0,2,2,4,1,10,1,2,1,1,1,8,2,3,-1,6,0,999,1,1,1,1,1,1,2,3,13800,1,1,1,1,1,1,2,3,13800,1,1,1,1,1,1,2,3,13800,1,1,1,0,1,1,25830000,24720000,2,3
202601,6,2.강남,신사역,11680,14,0,0,0,1,1,1,11,04,6,1,350,450,8,0,0,0,2,2,4,1,10,1,2,1,1,1,8,2,3,1,6,0,999,3,1,4,1,1,1,7,7,63100,1,1,1,1,1,1,7,7,63100,1,1,1,1,1,1,7,7,63100,1,1,1,0,1,1,25830000,24720000,2,3
202601,6,2.강남,신사역,11680,14,0,0,0,1,1,1,11,04,6,1,350,450,8,0,0,0,2,2,4,1,10,1,2,1,1,1,8,2,3,2,1,N,759,2,1,3,6,6,9,6,6,40500,2,1,0,6,6,9,6,6,40500,2,1,0,6,6,9,6,6,40500,2,1,0,2024,3,10,25830000,24720000,2,3
202601,6,2.강남,신사역,11680,14,0,0,0,1,1,1,11,03,6,2,400,300,8,0,1,0,2,2,4,1,10,2,1,1,1,1,8,2,3,-1,1,I,561,2,1,2,5,4,8,5,5,23900,2,1,0,5,4,8,5,5,23900,2,1,0,5,4,8,4,5,22800,2,1,0,2025,3,9,32080000,23380000,1,2
202601,6,2.강남,신사역,11680,14,0,0,0,1,1,1,11,03,6,2,400,300,8,0,1,0,2,2,4,1,10,2,1,1,1,1,8,2,3,1,1,I,561,4,1,4,8,7,11,8,7,74500,2,1,0,8,7,11,8,7,74500,2,1,0,8,7,11,8,7,74900,2,1,0,2025,3,9,32080000,23380000,1,2
202601,6,2.강남,신사역,11680,14,0,0,0,1,1,1,11,03,6,2,400,300,8,0,1,0,2,2,4,1,10,2,1,1,1,1,8,2,3,2,1,I,561,4,1,4,8,6,9,8,6,34800,2,1,0,8,6,9,8,6,34800,2,1,0,8,6,9,6,6,35800,2,1,0,2025,3,9,32080000,23380000,1,2
202601,6,2.강남,신사역,11680,14,0,0,0,1,0,1,11,04,6,2,700,320,5,0,0,0,2,2,4,1,9,2,1,1,1,1,8,2,3,1,6,0,999,2,1,2,1,1,1,7,7,173300,1,1,1,1,1,1,7,7,173300,1,1,1,1,1,1,7,7,173300,1,1,1,0,1,1,78230000,66750000,1,3
202601,6,2.강남,신사역,11680,14,0,0,0,1,0,1,11,04,6,2,700,320,5,0,0,0,2,2,4,1,9,2,1,1,1,1,8,2,3,1,1,G,478,3,1,3,8,8,12,8,8,181400,3,1,0,8,8,12,8,8,181400,3,1,0,8,8,12,8,8,181400,3,1,0,2025,3,9,78230000,66750000,1,3
202601,6,2.강남,신사역,11680,14,0,0,0,1,0,1,11,04,6,2,700,320,5,0,0,0,2,2,4,1,9,2,1,1,1,1,8,2,3,2,1,G,478,4,1,4,7,7,10,7,7,55700,3,1,0,7,7,10,7,7,55700,3,1,0,7,7,10,7,7,55700,3,1,0,2025,3,9,78230000,66750000,1,3
202601,6,2.강남,신사역,11680,14,0,0,0,1,1,1,11,04,4,1,700,200,4,0,0,0,2,2,4,1,10,2,1,1,1,1,8,2,3,-1,6,0,999,2,1,3,1,1,1,4,5,21300,1,1,1,1,1,1,4,5,21300,1,1,1,1,1,1,4,5,21300,1,1,1,0,1,1,48640000,41760000,1,3
202601,6,2.강남,신사역,11680,14,0,0,0,1,1,1,11,04,4,1,700,200,4,0,0,0,2,2,4,1,10,2,1,1,1,1,8,2,3,1,1,I,561,1,1,1,5,4,9,5,4,42600,1,1,0,5,4,9,5,4,42600,1,1,0,5,4,9,5,4,42800,1,1,0,2024,3,9,48640000,41760000,1,3
202601,6,2.강남,신사역,11680,14,0,0,0,1,1,1,11,04,4,1,700,200,4,0,0,0,2,2,4,1,10,2,1,1,1,1,8,2,3,1,1,I,561,1,1,1,5,4,9,5,4,42600,1,1,0,5,4,9,5,4,42600,1,1,0,5,4,9,5,4,42800,1,1,0,2024,3,8,48640000,41760000,1,3
202601,6,2.강남,신사역,11680,14,0,0,0,1,1,1,11,04,4,1,700,200,4,0,0,0,2,2,4,1,10,2,1,1,1,1,8,2,3,1,1,I,561,1,1,1,5,4,9,5,4,42600,1,1,0,5,4,9,5,4,42600,1,1,0,5,4,9,5,4,42800,1,1,0,2026,3,7,48640000,41760000,1,3
202601,6,2.강남,신사역,11680,14,0,0,0,1,1,1,11,04,4,1,700,200,4,0,0,0,2,2,4,1,10,2,1,1,1,1,8,2,3,2,1,S,961,3,1,3,5,5,8,5,6,29000,2,1,0,5,5,8,5,6,29000,2,1,0,5,5,8,5,6,29000,2,1,0,2024,3,10,48640000,41760000,1,3
202601,6,2.강남,압구정,11680,14,0,0,0,1,1,4,21,04,6,2,480,250,9,1,0,0,2,2,4,1,9,2,1,1,1,1,8,2,3,-1,1,R,901,3,1,3,6,5,8,6,5,26400,1,1,0,6,5,8,6,5,26400,1,1,0,6,5,8,6,5,26400,1,1,0,2024,3,10,39660000,28230000,1,3
202601,6,2.강남,압구정,11680,14,0,0,0,1,1,4,21,04,6,2,480,250,9,1,0,0,2,2,4,1,9,2,1,1,1,1,8,2,3,1,1,R,901,4,1,4,8,7,10,8,7,63500,1,1,0,8,7,10,8,7,63500,1,1,0,8,7,10,8,7,63500,1,1,0,2024,3,10,39660000,28230000,1,3
202601,6,2.강남,압구정,11680,14,0,0,0,1,1,4,21,04,6,2,480,250,9,1,0,0,2,2,4,1,9,2,1,1,1,1,8,2,3,2,1,R,901,3,1,3,7,6,9,7,6,35300,1,1,0,7,6,9,7,6,35300,1,1,0,7,6,9,7,6,35300,1,1,0,2024,3,10,39660000,28230000,1,3
202601,6,2.강남,압구정,11680,15,0,0,0,1,1,1,11,03,1,1,450,150,9,0,0,0,2,1,3,1,10,1,1,1,1,1,8,2,3,-1,1,S,961,1,1,1,5,5,9,5,5,49800,1,1,0,5,5,9,5,5,49800,1,1,0,5,5,9,5,5,49800,1,1,0,2024,3,10,45640000,58070000,1,3
202601,6,2.강남,압구정,11680,15,0,0,0,1,1,1,11,03,1,1,450,150,9,0,0,0,2,1,3,1,10,1,1,1,1,1,8,2,3,1,1,S,961,2,1,3,6,6,10,6,6,56600,1,1,0,6,6,10,6,6,56600,1,1,0,6,6,10,6,6,56600,1,1,0,2024,3,8,45640000,58070000,1,3
202601,6,2.강남,압구정,11680,14,0,0,0,1,1,2,11,04,5,1,620,210,8,0,1,0,2,2,4,1,10,2,1,1,1,1,8,2,3,-1,1,M,739,3,1,4,6,6,8,6,6,33100,1,1,0,6,6,8,6,6,33100,1,1,0,6,6,8,6,6,33100,1,1,0,2024,3,9,39100000,26110000,1,3
202601,6,2.강남,압구정,11680,14,0,0,0,1,1,2,11,04,5,1,620,210,8,0,1,0,2,2,4,1,10,2,1,1,1,1,8,2,3,1,1,M,739,3,1,4,6,6,9,6,6,47500,1,1,0,6,6,9,6,6,47500,1,1,0,6,6,9,6,6,47500,1,1,0,2024,3,9,39100000,26110000,1,3
202601,6,2.강남,압구정,11680,14,0,0,0,1,1,2,11,04,5,1,620,210,8,0,1,0,2,2,4,1,10,2,1,1,1,1,8,2,3,2,1,M,739,3,1,4,5,6,8,6,6,32900,1,1,0,5,6,8,6,6,32900,1,1,0,5,6,8,6,6,32900,1,1,0,2024,3,9,39100000,26110000,1,3
202601,6,2.강남,압구정,11680,14,0,0,0,1,1,2,11,04,4,1,450,150,8,0,0,0,2,2,4,1,10,2,1,1,1,1,8,2,3,-1,1,M,739,2,1,2,5,4,8,5,4,26200,1,1,0,5,4,8,5,4,26200,1,1,0,5,4,8,5,4,26200,1,1,0,2024,3,10,39010000,38530000,1,3
202601,6,2.강남,압구정,11680,14,0,0,0,1,1,2,11,04,4,1,450,150,8,0,0,0,2,2,4,1,10,2,1,1,1,1,8,2,3,1,1,M,739,2,1,3,7,6,11,7,7,88000,1,1,0,7,6,11,7,7,88000,1,1,0,7,6,11,7,7,88000,1,1,0,2024,3,10,39010000,38530000,1,3
202601,6,2.강남,압구정,11680,14,0,0,0,1,1,2,11,04,4,1,450,150,8,0,0,0,2,2,4,1,10,2,1,1,1,1,8,2,3,2,1,M,739,2,1,3,6,5,9,6,5,33200,1,1,0,6,5,9,6,5,33200,1,1,0,6,5,9,6,5,33200,1,1,0,2024,3,10,39010000,38530000,1,3
202601,6,2.강남,압구정,11680,14,0,0,0,1,0,1,11,04,6,1,430,400,8,0,0,0,2,2,4,1,9,2,1,1,1,1,8,2,3,1,1,I,561,3,1,4,6,6,10,6,7,56200,1,1,0,6,6,10,6,7,56200,1,1,0,6,6,10,6,7,56200,1,1,0,2024,3,9,36530000,38170000,1,3
202601,6,2.강남,압구정,11680,14,0,0,0,1,0,1,11,04,6,1,430,400,8,0,0,0,2,2,4,1,9,2,1,1,1,1,8,2,3,2,1,F,424,2,1,3,6,6,9,6,6,32500,1,1,0,6,6,9,6,6,32500,1,1,0,6,6,9,6,6,32500,1,1,0,2025,3,10,36530000,38170000,1,3
202601,6,2.강남,압구정,11680,14,0,0,0,1,0,1,11,03,8,2,300,300,8,0,0,0,1,1,3,1,10,1,1,1,1,1,8,1,3,1,1,I,561,2,1,2,7,6,10,7,6,64200,1,1,0,7,6,10,7,6,64200,1,1,0,7,6,10,7,6,64200,1,1,0,2024,3,8,30790000,27840000,1,3
202601,6,2.강남,압구정,11680,14,0,0,0,1,0,1,11,03,8,2,300,300,8,0,0,0,1,1,3,1,10,1,1,1,1,1,8,1,3,2,1,0,999,1,1,1,7,3,9,8,1,34300,1,1,0,7,3,9,8,1,34300,1,1,0,7,3,9,8,1,34300,1,1,0,2024,3,9,30790000,27840000,1,3
202601,6,2.강남,청담,11680,14,0,0,0,1,0,3,21,03,6,1,381,없음,8,0,0,0,3,2,4,1,10,2,1,1,1,1,8,3,3,1,1,I,561,4,1,4,8,8,10,8,8,60100,1,1,0,8,8,10,8,8,60100,1,1,0,8,8,10,8,8,60100,1,1,0,2024,3,10,41850000,76540000,1,3
202601,6,2.강남,청담,11680,14,0,0,0,1,1,1,11,04,6,2,350,250,8,0,0,0,2,2,4,1,9,2,1,1,1,1,8,2,3,-1,1,I,561,1,1,1,3,3,8,3,3,29300,1,1,0,3,3,8,3,3,29300,1,1,0,3,3,8,3,3,29300,1,1,0,2024,3,10,57600000,53790000,1,3
202601,6,2.강남,청담,11680,14,0,0,0,1,1,1,11,04,6,2,350,250,8,0,0,0,2,2,4,1,9,2,1,1,1,1,8,2,3,1,1,I,562,4,1,4,8,7,10,8,7,64600,1,1,0,8,7,10,8,7,64600,1,1,0,8,7,10,8,7,64600,1,1,0,2024,3,10,57600000,53790000,1,3
202601,6,2.강남,청담,11680,14,0,0,0,1,1,1,11,04,6,2,350,250,8,0,0,0,2,2,4,1,9,2,1,1,1,1,8,2,3,2,1,I,562,4,1,4,7,6,9,7,6,32200,1,1,0,7,6,9,7,6,32200,1,1,0,7,6,9,7,6,32200,1,1,0,2024,3,10,57600000,53790000,1,3
202601,6,2.강남,청담,11680,14,0,0,0,1,1,1,11,04,1,1,300,280,8,0,0,0,2,2,4,1,9,2,1,1,1,1,8,2,3,-1,1,G,474,2,1,2,5,5,9,5,5,48600,1,1,0,5,5,9,5,5,48600,1,1,0,5,5,9,5,5,48600,1,1,0,2025,3,10,39020000,52250000,1,3
202601,6,2.강남,청담,11680,14,0,0,0,1,1,1,11,04,1,1,300,280,8,0,0,0,2,2,4,1,9,2,1,1,1,1,8,2,3,1,1,G,474,3,1,3,8,7,11,8,7,77600,1,1,0,8,7,11,8,7,77600,1,1,0,8,7,11,8,7,77600,1,1,0,2025,3,10,39020000,52250000,1,3
202601,6,2.강남,청담,11680,14,0,0,0,1,1,1,11,04,1,1,300,280,8,0,0,0,2,2,4,1,9,2,1,1,1,1,8,2,3,2,1,G,474,2,1,2,6,5,10,6,5,55500,1,1,0,6,5,10,6,5,55500,1,1,0,6,5,10,6,5,55500,1,1,0,2025,3,10,39020000,52250000,1,3
202601,6,2.강남,청담,11680,13,0,0,0,1,1,1,11,03,5,1,300,400,8,0,1,0,3,2,4,1,10,2,1,1,1,1,8,3,3,-1,1,I,561,2,1,2,3,5,9,3,5,45400,1,1,0,3,5,9,3,5,45400,1,1,0,3,5,9,3,5,45400,1,1,0,2025,3,10,30250000,32690000,1,3
202601,6,2.강남,청담,11680,13,0,0,0,1,1,1,11,03,5,1,300,400,8,0,1,0,3,2,4,1,10,2,1,1,1,1,8,3,3,1,1,I,562,4,1,4,8,7,10,8,7,69000,1,1,0,8,7,10,8,7,69000,1,1,0,8,7,10,8,7,69000,1,1,0,2025,3,10,30250000,32690000,1,3
202601,6,2.강남,청담,11680,13,0,0,0,1,1,1,11,03,5,1,300,400,8,0,1,0,3,2,4,1,10,2,1,1,1,1,8,3,3,2,1,I,562,4,1,4,7,7,9,7,7,46900,1,1,0,7,7,9,7,7,46900,1,1,0,7,7,9,7,7,46900,1,1,0,2025,3,10,30250000,32690000,1,3
202601,6,2.강남,청담,11680,14,0,0,0,1,1,1,21,03,6,2,250,100,5,0,0,0,2,2,4,1,10,2,1,1,1,1,8,2,3,-1,5,0,999,1,1,1,1,1,1,1,1,0,1,1,0,1,1,1,1,1,0,1,1,0,1,1,1,1,1,0,1,1,0,0,1,1,61130000,49330000,1,3
202601,6,2.강남,청담,11680,14,0,0,0,1,1,1,21,03,6,2,250,100,5,0,0,0,2,2,4,1,10,2,1,1,1,1,8,2,3,1,1,G,474,1,1,1,6,6,12,6,6,116200,1,1,0,6,6,12,6,6,116200,1,1,0,6,6,12,6,6,116200,1,1,0,2025,3,10,61130000,49330000,1,3
202601,6,2.강남,청담,11680,14,0,0,0,1,1,1,21,03,6,2,250,100,5,0,0,0,2,2,4,1,10,2,1,1,1,1,8,2,3,1,1,G,474,2,1,3,7,7,12,7,7,98300,1,1,0,7,7,12,7,7,98300,1,1,0,7,7,12,7,7,98300,1,1,0,2025,3,9,61130000,49330000,1,3
202601,6,2.강남,청담,11680,14,0,0,0,1,1,1,21,03,6,2,250,100,5,0,0,0,2,2,4,1,10,2,1,1,1,1,8,2,3,1,1,I,561,1,1,1,6,6,12,6,6,119700,1,1,0,6,6,12,6,6,119700,1,1,0,6,6,12,6,6,119700,1,1,0,2025,3,10,61130000,49330000,1,3
202601,6,2.강남,청담,11680,14,0,0,0,1,1,1,21,03,6,2,250,100,5,0,0,0,2,2,4,1,10,2,1,1,1,1,8,2,3,2,1,G,474,4,1,4,6,6,8,6,6,21100,1,1,0,6,6,8,6,6,21100,1,1,0,6,6,8,6,6,21100,1,1,0,2025,3,9,61130000,49330000,1,3
202601,6,2.강남,청담,11680,14,0,0,0,1,0,1,11,04,1,1,180,100,5,0,0,0,2,2,4,1,9,2,1,1,1,1,8,2,3,1,1,I,562,2,1,2,7,6,11,7,6,78500,1,1,0,7,6,11,7,6,78500,1,1,0,7,6,11,7,6,78500,1,1,0,2025,3,10,88390000,74700000,2,3
202601,6,2.강남,청담,11680,14,0,0,0,1,0,1,11,04,1,1,180,100,5,0,0,0,2,2,4,1,9,2,1,1,1,1,8,2,3,1,1,G,474,1,1,1,7,5,10,7,5,67600,1,1,0,7,5,10,7,5,67600,1,1,0,7,5,10,7,5,67600,1,1,0,2025,3,9,88390000,74700000,2,3
202601,6,2.강남,청담,11680,14,0,0,0,1,0,1,11,04,1,1,180,100,5,0,0,0,2,2,4,1,9,2,1,1,1,1,8,2,3,1,1,L,682,2,1,2,7,5,10,7,6,69800,1,1,0,7,5,10,7,6,69800,1,1,0,7,5,10,7,6,69800,1,1,0,2024,3,7,88390000,74700000,2,3
202601,6,2.강남,청담,11680,14,0,0,0,1,0,1,11,04,1,1,180,100,5,0,0,0,2,2,4,1,9,2,1,1,1,1,8,2,3,1,1,M,733,2,1,2,7,5,10,7,6,69700,1,1,0,7,5,10,7,6,69700,1,1,0,7,5,10,7,6,69700,1,1,0,2024,3,10,88390000,74700000,2,3
202601,6,2.강남,청담,11680,14,0,0,0,1,0,1,11,04,1,1,180,100,5,0,0,0,2,2,4,1,9,2,1,1,1,1,8,2,3,2,1,I,561,4,1,4,7,6,9,7,6,33100,1,1,0,7,6,9,7,6,33100,1,1,0,7,6,9,7,6,33100,1,1,0,2026,3,10,88390000,74700000,2,3
202601,6,2.강남,청담,11680,14,0,0,0,1,1,1,11,03,6,2,185,100,9,0,0,0,2,2,4,1,10,2,1,1,1,1,8,2,3,-1,1,G,474,1,1,1,6,5,11,6,6,71800,1,1,0,6,5,11,6,6,71800,1,1,0,6,5,11,6,6,71800,1,1,0,2024,3,10,42270000,23190000,1,2
202601,6,2.강남,청담,11680,14,0,0,0,1,1,1,11,03,6,2,185,100,9,0,0,0,2,2,4,1,10,2,1,1,1,1,8,2,3,-1,1,S,969,1,1,1,6,5,11,6,6,71800,1,1,0,6,5,11,6,6,71800,1,1,0,6,5,11,6,6,71800,1,1,0,2025,3,9,42270000,23190000,1,2
202601,6,2.강남,청담,11680,14,0,0,0,1,1,1,11,03,6,2,185,100,9,0,0,0,2,2,4,1,10,2,1,1,1,1,8,2,3,-1,1,I,562,1,1,2,6,5,10,6,6,62500,1,1,0,6,5,10,6,6,62500,1,1,0,6,5,10,6,6,62500,1,1,0,2024,3,10,42270000,23190000,1,2
202601,6,2.강남,청담,11680,14,0,0,0,1,1,1,11,03,6,2,185,100,9,0,0,0,2,2,4,1,10,2,1,1,1,1,8,2,3,-1,1,S,953,1,1,1,6,5,11,6,6,71800,1,1,0,6,5,11,6,6,71800,1,1,0,6,5,11,6,6,71800,1,1,0,2025,3,9,42270000,23190000,1,2
202601,6,2.강남,청담,11680,14,0,0,0,1,1,1,11,03,6,2,185,100,9,0,0,0,2,2,4,1,10,2,1,1,1,1,8,2,3,1,1,I,562,3,1,3,7,7,11,7,7,74800,1,1,0,7,7,11,7,7,74800,1,1,0,7,7,11,7,7,74800,1,1,0,2024,3,10,42270000,23190000,1,2
202601,6,2.강남,청담,11680,14,0,0,0,1,1,1,11,03,6,2,185,100,9,0,0,0,2,2,4,1,10,2,1,1,1,1,8,2,3,2,1,I,562,3,1,3,6,6,8,6,6,28900,1,1,0,6,6,8,6,6,28900,1,1,0,6,6,8,6,6,28900,1,1,0,2024,3,10,42270000,23190000,1,2
202601,6,2.강남,청담,11680,15,0,0,0,1,0,1,11,04,1,1,50,50,8,0,0,0,3,2,4,1,9,2,1,1,1,1,8,3,3,1,1,I,561,4,1,4,8,7,9,8,7,48900,1,1,0,8,7,9,8,7,48900,1,1,0,8,7,9,8,7,48900,1,1,0,2025,3,5,35480000,41330000,1,2
202601,6,2.강남,청담,11680,15,0,0,0,1,0,1,11,04,1,1,50,50,8,0,0,0,3,2,4,1,9,2,1,1,1,1,8,3,3,2,1,I,561,3,1,3,6,5,8,6,5,19500,1,1,0,6,5,8,6,5,19500,1,1,0,6,5,8,6,5,19500,1,1,0,2025,3,5,35480000,41330000,1,2
202601,6,2.강남,도산대로,11680,15,0,0,0,1,1,1,11,04,5,1,700,100,5,0,1,0,2,2,4,2,9,2,1,1,1,1,8,2,3,-1,1,I,562,1,1,1,3,3,7,3,3,16900,2,1,0,3,3,7,3,3,16900,2,1,0,3,3,7,3,3,16900,2,1,0,2025,3,10,49450000,45070000,1,3
202601,6,2.강남,도산대로,11680,15,0,0,0,1,1,1,11,04,5,1,700,100,5,0,1,0,2,2,4,2,9,2,1,1,1,1,8,2,3,1,1,I,562,3,1,4,7,6,9,7,6,47000,2,1,0,7,6,9,7,6,47000,2,1,0,7,6,9,7,6,47000,2,1,0,2025,3,10,49450000,45070000,1,3
202601,6,2.강남,도산대로,11680,15,0,0,0,1,1,1,11,04,5,1,700,100,5,0,1,0,2,2,4,2,9,2,1,1,1,1,8,2,3,2,1,S,961,3,1,3,5,6,8,6,6,26700,1,1,0,5,6,8,6,6,26700,1,1,0,5,6,8,6,6,26700,1,1,0,2025,3,10,49450000,45070000,1,3
202601,6,2.강남,도산대로,11680,14,0,0,0,1,0,1,11,04,6,1,없음,150,4,0,1,0,2,2,4,1,10,2,1,1,1,1,8,2,3,1,1,I,561,4,1,4,7,7,10,7,7,54400,1,1,0,7,7,10,7,7,54400,1,1,0,7,7,10,7,7,54400,1,1,0,2026,4,10,37710000,39100000,1,3
202601,6,2.강남,도산대로,11680,14,0,0,0,1,0,1,11,04,6,1,없음,150,4,0,1,0,2,2,4,1,10,2,1,1,1,1,8,2,3,2,1,I,561,4,1,4,6,6,8,6,6,24600,1,1,0,6,6,8,6,6,24600,1,1,0,6,6,8,6,6,24600,1,1,0,2026,4,10,37710000,39100000,1,3
202601,6,2.강남,도산대로,11680,15,0,0,0,1,0,5,31,03,5,1,601,없음,5,0,0,0,1,1,2,1,10,1,1,1,1,1,8,1,3,1,1,M,721,2,1,2,6,6,10,6,6,55900,1,1,0,6,6,10,6,6,55900,1,1,0,6,6,10,6,6,55900,1,1,0,2024,3,8,51210000,78830000,1,3
202601,6,2.강남,도산대로,11680,15,0,0,0,1,0,5,31,03,5,1,601,없음,5,0,0,0,1,1,2,1,10,1,1,1,1,1,8,1,3,2,1,M,721,1,1,1,4,3,9,4,3,30900,1,1,0,4,3,9,4,3,30900,1,1,0,4,3,9,4,3,30900,1,1,0,2024,3,8,51210000,78830000,1,3
202601,6,0.비상권,0.비상권,11680,14,0,0,0,1,0,1,11,04,4,1,680,300,8,0,0,0,2,1,3,1,9,1,1,1,1,1,8,2,3,1,1,I,561,3,1,3,6,6,9,6,6,40600,2,1,0,6,6,9,6,6,40600,2,1,0,6,6,9,6,6,40600,2,1,0,2025,3,10,23850000,52700000,1,1
202601,6,2.강남,논현역,11680,15,0,0,0,1,0,1,11,04,6,2,246,없음,7,0,0,0,1,2,4,1,9,2,1,1,1,1,8,1,3,1,1,I,561,2,1,2,8,7,12,8,7,154800,1,1,0,8,7,12,8,7,154800,1,1,0,8,7,12,8,7,154800,1,1,0,2025,2,10,48140000,40350000,1,3
202601,6,2.강남,논현역,11680,15,0,0,0,1,0,1,11,04,6,2,246,없음,7,0,0,0,1,2,4,1,9,2,1,1,1,1,8,1,3,2,1,I,562,2,1,2,6,6,10,6,6,67400,1,1,0,6,6,10,6,6,67400,1,1,0,6,6,10,6,6,67400,1,1,0,2025,3,9,48140000,40350000,1,3
202601,6,2.강남,논현역,11680,14,0,0,0,1,1,1,11,03,8,2,500,100,6,0,0,0,1,2,4,1,10,2,1,1,1,1,8,1,3,-1,5,0,999,1,1,1,1,1,1,1,1,0,1,1,0,1,1,1,1,1,0,1,1,0,1,1,1,1,1,0,1,1,0,0,1,1,42360000,28370000,1,2
202601,6,2.강남,논현역,11680,14,0,0,0,1,1,1,11,03,8,2,500,100,6,0,0,0,1,2,4,1,10,2,1,1,1,1,8,1,3,1,1,I,561,1,1,1,5,5,11,5,5,82500,1,1,0,5,5,11,5,5,82500,1,1,0,5,5,11,5,5,82500,1,1,0,2025,3,10,42360000,28370000,1,2
202601,6,2.강남,논현역,11680,14,0,0,0,1,1,1,11,03,8,2,500,100,6,0,0,0,1,2,4,1,10,2,1,1,1,1,8,1,3,1,1,S,969,1,1,1,5,5,11,5,5,77700,1,1,0,5,5,11,5,5,77700,1,1,0,5,5,11,5,5,77700,1,1,0,2025,3,10,42360000,28370000,1,2
202601,6,2.강남,논현역,11680,14,0,0,0,1,1,1,11,03,8,2,500,100,6,0,0,0,1,2,4,1,10,2,1,1,1,1,8,1,3,1,1,G,472,1,1,1,5,5,10,5,5,66500,1,1,0,5,5,10,5,5,66500,1,1,0,5,5,10,5,5,66500,1,1,0,2025,3,10,42360000,28370000,1,2
202601,6,2.강남,논현역,11680,14,0,0,0,1,1,1,11,03,8,2,500,100,6,0,0,0,1,2,4,1,10,2,1,1,1,1,8,1,3,2,1,G,472,2,1,2,6,6,9,6,6,46000,1,1,0,6,6,9,6,6,46000,1,1,0,6,6,9,6,6,46000,1,1,0,2025,3,8,42360000,28370000,1,2
202601,6,2.강남,논현역,11680,14,0,0,0,1,1,1,11,04,1,1,300,100,6,0,0,0,2,2,4,1,9,2,1,1,1,1,8,2,3,-1,1,I,561,1,1,1,3,2,7,3,2,13200,1,1,0,3,2,7,3,2,13200,1,1,0,3,2,7,3,2,13200,1,1,0,2025,3,7,35990000,43070000,1,3
202601,6,2.강남,논현역,11680,14,0,0,0,1,1,1,11,04,1,1,300,100,6,0,0,0,2,2,4,1,9,2,1,1,1,1,8,2,3,1,1,I,561,3,1,3,7,6,10,7,6,59400,1,1,0,7,6,10,7,6,59400,1,1,0,7,6,10,7,6,59400,1,1,0,2025,3,7,35990000,43070000,1,3
202601,6,2.강남,논현역,11680,14,0,0,0,1,1,1,11,04,1,1,300,100,6,0,0,0,2,2,4,1,9,2,1,1,1,1,8,2,3,2,1,I,561,3,1,3,6,6,9,6,6,42800,1,1,0,6,6,9,6,6,42800,1,1,0,6,6,9,6,6,42800,1,1,0,2025,3,7,35990000,43070000,1,3
202601,6,0.비상권,0.비상권,11680,15,0,0,0,1,0,4,32,04,6,1,없음,100,2,0,0,0,2,1,3,1,10,1,1,1,1,1,8,2,3,1,1,S,952,3,1,3,6,6,9,6,6,49500,1,1,0,6,6,9,6,6,49500,1,1,0,6,6,9,6,6,49500,1,1,0,2025,6,9,41810000,70860000,1,2
202601,6,4.기타,잠실새내역,11710,15,0,0,0,1,1,2,11,04,6,2,412,없음,8,0,1,0,2,2,4,1,10,2,1,1,1,1,8,2,3,-1,1,I,561,3,1,3,5,5,7,5,4,11700,1,1,0,5,5,7,5,4,11700,1,1,0,5,5,7,5,4,11700,1,1,0,2024,3,10,19650000,12420000,1,3
202601,6,4.기타,잠실새내역,11710,15,0,0,0,1,1,2,11,04,6,2,412,없음,8,0,1,0,2,2,4,1,10,2,1,1,1,1,8,2,3,1,1,I,561,3,1,4,7,6,10,7,6,45300,1,1,0,7,6,10,7,6,45300,1,1,0,7,6,10,7,6,45300,1,1,0,2024,3,10,19650000,12420000,1,3
202601,6,4.기타,잠실새내역,11710,15,0,0,0,1,1,2,11,04,6,2,412,없음,8,0,1,0,2,2,4,1,10,2,1,1,1,1,8,2,3,2,1,I,561,3,1,3,6,5,7,6,5,16600,1,1,0,6,5,7,6,5,16600,1,1,0,6,5,7,6,5,16600,1,1,0,2024,3,10,19650000,12420000,1,3
202601,6,4.기타,잠실새내역,11710,14,0,0,0,1,1,3,11,03,6,1,400,없음,9,0,1,0,2,2,4,1,10,1,2,1,1,1,8,2,3,-1,6,0,999,4,1,4,1,1,1,5,4,5000,1,1,1,1,1,1,5,4,5000,1,1,1,1,1,1,5,4,5000,1,1,1,0,1,1,19630000,18890000,1,3
202601,6,4.기타,잠실새내역,11710,14,0,0,0,1,1,3,11,03,6,1,400,없음,9,0,1,0,2,2,4,1,10,1,2,1,1,1,8,2,3,1,1,S,961,1,1,1,4,3,7,4,4,25500,1,1,0,4,3,7,4,4,25400,1,1,0,4,3,7,4,4,25400,1,1,0,2023,5,9,19630000,18890000,1,3
202601,6,4.기타,잠실새내역,11710,14,0,0,0,1,1,3,11,03,6,1,400,없음,9,0,1,0,2,2,4,1,10,1,2,1,1,1,8,2,3,1,6,0,999,3,1,3,1,1,1,5,5,26100,1,1,1,1,1,1,5,5,26100,1,1,1,1,1,1,5,5,26100,1,1,1,0,1,1,19630000,18890000,1,3
202601,6,4.기타,잠실새내역,11710,14,0,0,0,1,1,3,11,03,6,1,400,없음,9,0,1,0,2,2,4,1,10,1,2,1,1,1,8,2,3,1,6,0,999,1,1,1,1,1,1,4,4,28600,1,1,1,1,1,1,4,4,28600,1,1,1,1,1,1,4,4,28600,1,1,1,0,1,1,19630000,18890000,1,3
202601,6,4.기타,잠실새내역,11710,14,0,0,0,1,1,1,11,04,1,1,200,없음,8,0,0,0,2,2,4,1,10,2,1,1,1,1,8,2,3,-1,6,0,999,1,1,1,1,1,1,3,3,10300,1,1,1,1,1,1,3,3,10300,1,1,1,1,1,1,3,3,10300,1,1,1,0,1,1,23340000,21830000,1,1
202601,6,4.기타,잠실새내역,11710,14,0,0,0,1,1,1,11,04,1,1,200,없음,8,0,0,0,2,2,4,1,10,2,1,1,1,1,8,2,3,1,1,I,562,3,1,3,6,6,9,6,6,36800,1,1,0,6,6,9,6,6,36800,1,1,0,6,6,9,6,6,36800,1,1,0,2024,3,9,23340000,21830000,1,1
202601,6,4.기타,잠실새내역,11710,14,0,0,0,1,1,1,11,04,1,1,200,없음,8,0,0,0,2,2,4,1,10,2,1,1,1,1,8,2,3,2,1,0,999,3,1,3,8,1,7,8,1,16000,1,1,0,8,1,7,8,1,16000,1,1,0,8,1,7,8,1,16000,1,1,0,2025,3,9,23340000,21830000,1,1
202601,6,4.기타,잠실새내역,11710,14,0,0,0,1,1,2,21,04,5,1,350,140,8,0,0,0,2,2,4,1,10,2,1,1,1,1,8,2,3,-1,6,0,999,1,1,1,1,1,1,3,3,8700,1,1,1,1,1,1,3,3,8700,1,1,1,1,1,1,3,3,8700,1,1,1,0,1,1,17860000,13720000,1,2
202601,6,4.기타,잠실새내역,11710,14,0,0,0,1,1,2,21,04,5,1,350,140,8,0,0,0,2,2,4,1,10,2,1,1,1,1,8,2,3,1,1,G,478,2,1,2,4,5,8,4,5,28200,1,1,0,4,5,8,4,5,28200,1,1,0,4,5,8,4,5,28200,1,1,0,2025,3,7,17860000,13720000,1,2
202601,6,4.기타,잠실새내역,11710,14,0,0,0,1,1,2,21,04,5,1,350,140,8,0,0,0,2,2,4,1,10,2,1,1,1,1,8,2,3,2,1,S,969,2,1,2,4,3,7,4,4,10800,1,1,0,4,3,7,4,4,10800,1,1,0,4,3,7,4,4,10800,1,1,0,2024,3,7,17860000,13720000,1,2
202601,6,4.기타,잠실새내역,11710,14,0,0,0,1,1,1,11,03,6,1,300,300,6,0,0,0,2,2,3,1,8,1,1,1,1,1,8,2,3,-1,1,S,961,1,1,1,4,4,8,4,3,22100,2,1,0,4,4,8,4,3,22100,2,1,0,4,4,8,4,3,22100,2,1,0,2024,3,9,23000000,20580000,1,3
202601,6,4.기타,잠실새내역,11710,14,0,0,0,1,1,1,11,03,6,1,300,300,6,0,0,0,2,2,3,1,8,1,1,1,1,1,8,2,3,1,1,I,561,2,1,2,6,6,10,6,6,46100,2,1,0,6,6,10,6,6,46100,2,1,0,6,6,10,6,6,46100,2,1,0,2026,3,10,23000000,20580000,1,3
202601,6,4.기타,잠실새내역,11710,14,0,0,0,1,1,1,11,03,6,1,300,300,6,0,0,0,2,2,3,1,8,1,1,1,1,1,8,2,3,2,2,0,999,1,1,2,1,1,1,6,5,31500,1,1,0,1,1,1,6,5,31500,1,1,0,1,1,1,6,5,31500,1,1,0,0,1,1,23000000,20580000,1,3
202601,6,4.기타,잠실새내역,11710,15,0,0,0,1,0,5,31,04,6,2,640,없음,1,0,1,0,2,2,4,1,9,2,1,1,1,1,8,2,3,1,1,S,952,4,1,4,6,6,8,7,6,30400,1,1,0,6,6,8,7,6,30400,1,1,0,6,6,8,7,6,30400,1,1,0,2024,5,6,22950000,21540000,1,2
202601,6,4.기타,잠실새내역,11710,15,0,0,0,1,0,5,31,04,6,2,640,없음,1,0,1,0,2,2,4,1,9,2,1,1,1,1,8,2,3,2,1,S,952,4,1,4,6,5,7,6,5,12500,1,1,0,6,5,7,6,5,12500,1,1,0,6,5,7,6,5,12500,1,1,0,2024,5,6,22950000,21540000,1,2
202601,6,4.기타,잠실/송파,11710,14,0,0,0,1,1,2,11,04,5,1,500,없음,9,0,0,0,2,2,4,1,10,2,1,1,1,1,8,2,3,-1,6,0,999,3,1,3,1,1,1,4,4,10600,1,1,1,1,1,1,4,4,10600,1,1,1,1,1,1,4,4,10600,1,1,1,0,1,1,18170000,12750000,1,1
202601,6,4.기타,잠실/송파,11710,14,0,0,0,1,1,2,11,04,5,1,500,없음,9,0,0,0,2,2,4,1,10,2,1,1,1,1,8,2,3,1,1,I,562,3,1,3,6,5,8,6,6,25800,1,1,0,6,5,8,6,6,25800,1,1,0,6,5,8,6,6,25800,1,1,0,2024,3,9,18170000,12750000,1,1
202601,6,4.기타,잠실/송파,11710,14,0,0,0,1,1,2,11,04,5,1,500,없음,9,0,0,0,2,2,4,1,10,2,1,1,1,1,8,2,3,2,1,I,562,3,1,3,5,5,7,5,5,18000,1,1,0,5,5,7,5,5,18000,1,1,0,5,5,7,5,5,18000,1,1,0,2024,3,9,18170000,12750000,1,1
202601,6,4.기타,잠실/송파,11710,14,0,0,0,1,0,5,31,03,6,2,400,100,8,0,0,0,2,2,4,1,10,2,1,1,1,1,8,2,3,1,1,I,561,3,1,3,6,5,8,6,5,24000,1,1,0,6,5,8,6,5,24000,1,1,0,6,5,8,6,5,24000,1,1,0,2024,3,10,16400000,15580000,1,1
202601,6,4.기타,잠실/송파,11710,14,0,0,0,1,0,5,31,03,6,2,400,100,8,0,0,0,2,2,4,1,10,2,1,1,1,1,8,2,3,2,1,I,561,3,1,3,5,5,7,5,5,13300,1,1,0,5,5,7,5,5,13300,1,1,0,5,5,7,5,5,13300,1,1,0,2024,3,10,16400000,15580000,1,1
202601,6,4.기타,잠실새내역,11710,15,0,0,0,1,0,4,32,04,6,1,40,없음,3,0,1,0,3,2,4,1,10,2,1,1,1,1,8,3,3,1,1,I,561,4,1,4,7,7,9,7,7,36300,1,1,0,7,7,9,7,7,36300,1,1,0,7,7,9,7,7,36300,1,1,0,2024,3,7,24860000,44940000,1,3
202601,6,4.기타,잠실새내역,11710,14,0,0,0,1,1,2,11,03,5,1,170,없음,7,0,1,0,2,2,4,1,10,2,1,1,1,1,8,2,3,-1,6,0,999,1,1,1,1,1,1,3,2,4200,1,1,1,1,1,1,3,2,4200,1,1,1,1,1,1,3,2,4200,1,1,1,0,1,1,17260000,16970000,1,2
202601,6,4.기타,잠실새내역,11710,14,0,0,0,1,1,2,11,03,5,1,170,없음,7,0,1,0,2,2,4,1,10,2,1,1,1,1,8,2,3,1,1,C,107,1,1,2,5,5,9,5,5,43600,1,1,0,5,5,9,5,5,43600,1,1,0,5,5,9,5,5,43600,1,1,0,2023,4,5,17260000,16970000,1,2
202601,6,4.기타,잠실새내역,11710,14,0,0,0,1,1,2,11,03,5,1,170,없음,7,0,1,0,2,2,4,1,10,2,1,1,1,1,8,2,3,1,1,G,473,1,1,1,5,4,9,5,4,25400,1,1,0,5,4,9,5,4,25400,1,1,0,5,4,9,5,4,25400,1,1,0,2026,3,10,17260000,16970000,1,2
202601,6,4.기타,잠실새내역,11710,14,0,0,0,1,1,2,11,03,5,1,170,없음,7,0,1,0,2,2,4,1,10,2,1,1,1,1,8,2,3,1,1,G,472,2,1,2,5,5,9,5,5,25700,1,1,0,5,5,9,5,5,25700,1,1,0,5,5,9,5,5,25700,1,1,0,2025,5,10,17260000,16970000,1,2
202601,6,4.기타,잠실새내역,11710,14,0,0,0,1,1,2,11,03,5,1,170,없음,7,0,1,0,2,2,4,1,10,2,1,1,1,1,8,2,3,2,1,0,999,4,1,4,6,5,7,6,5,14600,1,1,0,6,5,7,6,5,14600,1,1,0,6,5,7,6,5,14600,1,1,0,2025,3,8,17260000,16970000,1,2
202601,6,4.기타,잠실/송파,11710,14,0,0,0,1,0,8,32,03,6,1,338,없음,8,0,1,0,2,1,3,1,10,1,1,1,1,1,8,2,3,1,6,0,999,1,1,1,1,1,1,3,3,21300,1,1,1,1,1,1,3,3,21300,1,1,1,1,1,1,3,3,21300,1,1,1,0,1,1,12980000,25180000,1,2
202601,6,4.기타,잠실/송파,11710,14,0,0,0,1,0,8,32,03,6,1,338,없음,8,0,1,0,2,1,3,1,10,1,1,1,1,1,8,2,3,1,1,S,969,3,1,3,5,5,8,5,5,24600,1,1,0,5,5,8,5,5,24600,1,1,0,5,5,8,5,5,24600,1,1,0,2025,3,9,12980000,25180000,1,2
202601,6,4.기타,잠실/송파,11710,16,0,0,0,1,0,3,21,03,5,1,420,200,8,0,1,0,2,2,4,1,9,2,1,1,1,1,8,2,4,1,1,I,561,3,1,3,6,6,9,6,6,43900,1,1,0,6,6,9,6,6,43900,1,1,0,6,6,9,6,6,43900,1,1,0,2024,3,10,17280000,21040000,3,3
202601,6,4.기타,잠실/송파,11710,16,0,0,0,1,0,3,21,03,5,1,420,200,8,0,1,0,2,2,4,1,9,2,1,1,1,1,8,2,4,1,1,I,561,1,1,1,3,3,9,3,3,44200,1,1,0,3,3,9,3,3,44200,1,1,0,3,3,9,3,3,44200,1,1,0,2024,3,10,17280000,21040000,3,3
202601,6,4.기타,잠실/송파,11710,16,0,0,0,1,0,3,21,03,5,1,420,200,8,0,1,0,2,2,4,1,9,2,1,1,1,1,8,2,4,2,1,I,561,3,1,3,5,5,8,5,5,20900,1,1,0,5,5,8,5,5,20900,1,1,0,5,5,8,5,5,20900,1,1,0,2024,3,10,17280000,21040000,3,3
202601,6,4.기타,가락시장,11710,14,0,0,0,1,1,3,21,04,5,1,367,없음,4,0,0,0,2,2,4,1,10,1,1,1,1,1,8,2,3,-1,5,0,999,1,1,1,1,1,1,1,1,0,1,1,0,1,1,1,1,1,0,1,1,0,1,1,1,1,1,0,1,1,0,0,1,1,17700000,40110000,1,3
202601,6,4.기타,가락시장,11710,14,0,0,0,1,1,3,21,04,5,1,367,없음,4,0,0,0,2,2,4,1,10,1,1,1,1,1,8,2,3,1,1,I,561,3,1,3,6,6,9,6,6,32500,1,1,0,6,6,9,6,6,32500,1,1,0,6,6,9,6,6,32500,1,1,0,2025,3,4,17700000,40110000,1,3
202601,6,4.기타,가락시장,11710,14,0,0,0,1,0,3,11,04,6,1,294,없음,6,0,1,0,2,2,4,1,10,2,1,1,1,1,8,2,3,1,1,I,561,4,1,4,6,6,9,6,6,34200,1,1,0,6,6,9,6,6,34200,1,1,0,6,6,9,6,6,34200,1,1,0,2025,2,9,13710000,15680000,1,1
202601,6,4.기타,가락시장,11710,14,0,0,0,1,0,3,11,04,6,1,294,없음,6,0,1,0,2,2,4,1,10,2,1,1,1,1,8,2,3,2,1,0,999,3,1,3,8,1,7,8,1,14800,1,1,0,8,1,7,8,1,14800,1,1,0,8,1,7,8,1,14800,1,1,0,2025,3,9,13710000,15680000,1,1
202601,6,4.기타,가락시장,11710,15,0,0,0,1,1,4,31,03,6,2,287,없음,4,0,0,0,1,1,3,1,10,1,1,1,1,1,8,1,3,-1,6,0,999,1,1,1,1,1,1,3,3,9000,1,1,1,1,1,1,3,3,9000,1,1,1,1,1,1,3,3,9000,1,1,1,0,1,1,23940000,13680000,3,3
202601,6,4.기타,가락시장,11710,15,0,0,0,1,1,4,31,03,6,2,287,없음,4,0,0,0,1,1,3,1,10,1,1,1,1,1,8,1,3,1,6,0,999,1,1,2,1,1,1,5,5,53900,1,1,1,1,1,1,5,5,53900,1,1,1,1,1,1,5,5,53900,1,1,1,0,1,1,23940000,13680000,3,3
202601,6,4.기타,가락시장,11710,15,0,0,0,1,1,4,31,03,6,2,287,없음,4,0,0,0,1,1,3,1,10,1,1,1,1,1,8,1,3,2,2,0,999,1,1,1,1,1,1,4,4,27700,1,1,0,1,1,1,4,4,27700,1,1,0,1,1,1,4,4,27700,1,1,0,0,1,1,23940000,13680000,3,3
202601,6,4.기타,가락시장,11710,14,0,0,0,1,0,5,31,04,6,1,350,230,6,0,1,0,2,2,4,1,10,2,1,1,1,1,8,2,3,1,1,S,952,3,1,3,4,6,8,4,6,22800,1,1,0,4,6,8,4,6,22800,1,1,0,4,6,8,4,6,22800,1,1,0,2025,3,8,13890000,14190000,1,2
202601,6,4.기타,가락시장,11710,14,0,0,0,1,0,5,31,04,6,1,350,230,6,0,1,0,2,2,4,1,10,2,1,1,1,1,8,2,3,2,1,S,952,4,1,4,4,5,7,4,5,11100,1,1,0,4,5,7,4,5,11100,1,1,0,4,5,7,4,5,11100,1,1,0,2025,3,8,13890000,14190000,1,2
202601,6,4.기타,가락시장,11710,15,0,0,0,1,0,3,32,04,5,1,146,없음,1,0,0,0,3,2,4,1,10,2,1,1,1,1,8,3,3,1,1,I,561,4,1,4,6,7,9,6,7,40900,1,1,0,6,7,9,6,7,40900,1,1,0,6,7,9,6,7,40900,1,1,0,2025,3,10,20720000,41650000,1,3
202601,6,4.기타,가락시장,11710,15,0,0,0,1,0,3,11,04,4,1,500,없음,2,0,0,0,4,2,4,1,10,2,1,1,1,1,8,4,4,1,1,I,561,4,1,4,6,7,9,6,7,33700,1,1,0,6,7,9,6,7,33700,1,1,0,6,7,9,6,7,33700,1,1,0,2024,3,10,19610000,51620000,1,3
202601,6,4.기타,가락시장,11710,15,0,0,0,1,0,3,21,03,5,1,550,없음,6,0,0,0,2,2,4,1,9,2,1,1,1,1,8,2,3,1,1,S,952,3,1,3,6,5,8,6,6,24900,1,1,0,6,5,8,6,6,24900,1,1,0,6,5,8,6,6,24900,1,1,0,2024,3,9,12300000,14960000,1,1
202601,6,4.기타,가락시장,11710,15,0,0,0,1,0,3,21,03,5,1,550,없음,6,0,0,0,2,2,4,1,9,2,1,1,1,1,8,2,3,2,1,S,952,2,1,3,5,4,7,5,5,15300,1,1,0,5,4,7,5,5,15300,1,1,0,5,4,7,5,5,15300,1,1,0,2024,3,9,12300000,14960000,1,1
202601,6,4.기타,가락시장,11710,14,0,0,0,1,1,3,21,04,5,1,416,없음,4,0,0,0,2,2,4,1,10,2,1,1,1,1,8,2,3,-1,6,0,999,1,1,1,1,1,1,3,2,7100,1,1,1,1,1,1,3,2,7100,1,1,1,1,1,1,3,2,7100,1,1,1,0,1,1,14410000,29570000,1,2
202601,6,4.기타,가락시장,11710,14,0,0,0,1,1,3,21,04,5,1,416,없음,4,0,0,0,2,2,4,1,10,2,1,1,1,1,8,2,3,1,1,S,952,4,1,4,6,6,8,6,6,27100,1,1,0,6,6,8,6,6,27100,1,1,0,6,6,8,6,6,27100,1,1,0,2025,3,10,14410000,29570000,1,2
202601,6,4.기타,가락시장,11710,15,0,0,0,1,0,3,21,03,4,1,500,없음,1,0,0,0,3,2,4,1,10,2,1,1,1,1,8,3,3,1,1,L,682,3,1,3,5,5,7,5,5,19400,1,1,0,5,5,7,5,5,19400,1,1,0,5,5,7,5,5,19400,1,1,0,2025,3,7,21190000,39390000,1,2
202601,6,4.기타,가락시장,11710,15,0,0,0,1,0,3,21,03,4,1,500,없음,1,0,0,0,3,2,4,1,10,2,1,1,1,1,8,3,3,1,1,G,463,2,1,2,5,5,8,5,5,28300,1,1,0,5,5,8,5,5,28300,1,1,0,5,5,8,5,5,28300,1,1,0,2025,3,8,21190000,39390000,1,2
202601,6,4.기타,가락시장,11710,15,0,0,0,1,0,3,21,03,4,1,500,없음,1,0,0,0,3,2,4,1,10,2,1,1,1,1,8,3,3,2,1,F,423,2,1,3,3,3,5,3,3,8000,1,1,0,3,3,5,3,3,8000,1,1,0,3,3,5,3,3,8000,1,1,0,2025,3,9,21190000,39390000,1,2
202601,6,4.기타,잠실/송파,11710,15,0,0,0,1,0,3,11,04,6,1,480,250,8,0,0,0,2,1,3,1,10,1,1,1,1,1,8,2,3,1,1,I,561,3,1,3,5,6,8,5,6,29900,1,1,0,5,6,8,5,6,29900,1,1,0,5,6,8,5,6,29900,1,1,0,2024,3,9,18660000,33160000,1,2
202601,6,4.기타,잠실/송파,11710,15,0,0,0,1,0,7,32,04,5,1,500,300,8,0,1,0,2,2,3,1,9,2,1,1,1,1,8,2,3,1,1,I,561,3,1,4,7,7,10,7,7,58000,1,1,0,7,7,10,7,7,58000,1,1,0,7,7,10,7,7,58000,1,1,0,2025,3,9,19410000,39170000,1,3
202601,6,4.기타,잠실/송파,11710,15,0,0,0,1,0,1,11,04,4,1,800,없음,8,0,0,0,2,2,4,4,5,2,1,1,1,1,8,2,3,1,1,I,561,3,3,4,6,6,9,6,6,35800,1,1,0,6,6,9,6,6,35800,1,1,0,6,6,9,6,6,35800,1,1,0,2024,3,10,17890000,18730000,1,3
202601,6,4.기타,잠실/송파,11710,15,0,0,0,1,0,1,11,04,4,1,800,없음,8,0,0,0,2,2,4,4,5,2,1,1,1,1,8,2,3,2,1,I,561,2,2,3,4,4,7,4,5,13400,1,1,0,4,4,7,4,5,13400,1,1,0,4,4,7,4,5,13400,1,1,0,2024,3,10,17890000,18730000,1,3
202601,6,4.기타,잠실/송파,11710,15,0,0,0,1,0,6,21,04,5,1,400,없음,8,0,1,0,2,2,4,1,9,2,1,1,1,1,8,2,3,1,1,I,561,3,1,4,7,6,9,7,6,40300,1,1,0,7,6,9,7,6,40300,1,1,0,7,6,9,7,6,40300,1,1,0,2025,3,9,16060000,18540000,1,2
202601,6,4.기타,잠실/송파,11710,15,0,0,0,1,0,6,21,04,5,1,400,없음,8,0,1,0,2,2,4,1,9,2,1,1,1,1,8,2,3,2,1,I,561,3,1,3,5,5,7,5,5,15200,1,1,0,5,5,7,5,5,15200,1,1,0,5,5,7,5,5,15200,1,1,0,2025,3,9,16060000,18540000,1,2
202601,6,4.기타,잠실/송파,11710,14,0,0,0,1,0,2,11,03,1,1,300,100,7,0,1,0,3,2,4,1,10,2,1,1,1,1,8,3,3,1,1,I,562,2,1,2,4,5,9,4,5,36400,1,1,0,4,5,9,4,5,36400,1,1,0,4,5,9,4,5,36400,1,1,0,2024,3,8,19520000,30760000,1,2
202601,6,4.기타,잠실/송파,11710,14,0,0,0,1,0,2,11,03,1,1,300,100,7,0,1,0,3,2,4,1,10,2,1,1,1,1,8,3,3,1,1,I,561,3,1,3,6,6,9,6,6,36500,1,1,0,6,6,9,6,6,36500,1,1,0,6,6,9,6,6,36500,1,1,0,2026,3,10,19520000,30760000,1,2
202601,6,4.기타,잠실/송파,11710,14,0,0,0,1,0,2,11,03,1,1,300,100,7,0,1,0,3,2,4,1,10,2,1,1,1,1,8,3,3,1,1,I,562,2,1,2,5,4,8,5,4,24400,1,1,0,5,4,8,5,4,24400,1,1,0,5,4,8,5,4,24400,1,1,0,2024,3,10,19520000,30760000,1,2
202601,6,4.기타,잠실/송파,11710,14,0,0,0,1,0,2,11,03,1,1,300,100,7,0,1,0,3,2,4,1,10,2,1,1,1,1,8,3,3,1,1,I,561,2,1,2,5,6,9,5,5,40400,1,1,0,5,6,9,5,5,40400,1,1,0,5,6,9,5,5,40400,1,1,0,2024,3,9,19520000,30760000,1,2
202601,6,4.기타,잠실/송파,11710,14,0,0,0,1,0,2,11,03,1,1,300,100,7,0,1,0,3,2,4,1,10,2,1,1,1,1,8,3,3,1,1,G,478,2,1,2,4,5,9,4,5,36200,1,1,0,4,5,9,4,5,36200,1,1,0,4,5,9,4,5,36200,1,1,0,2025,3,7,19520000,30760000,1,2
202601,6,4.기타,잠실/송파,11710,14,0,0,0,1,0,2,11,03,1,1,300,100,7,0,1,0,3,2,4,1,10,2,1,1,1,1,8,3,3,1,1,I,561,2,1,2,4,5,9,4,5,31000,1,1,0,4,5,9,4,5,31000,1,1,0,4,5,9,4,5,31000,1,1,0,2024,3,8,19520000,30760000,1,2
202601,6,4.기타,천호,11740,15,0,0,0,1,0,1,12,03,1,1,286,없음,8,0,0,0,2,1,3,1,10,1,1,1,1,1,8,2,3,1,1,I,561,3,1,3,6,6,9,6,6,33800,2,1,0,6,6,9,6,6,33800,2,1,0,6,6,9,6,6,33800,2,1,0,2024,3,8,11010000,18890000,1,1
202601,6,4.기타,천호,11740,15,0,0,0,1,0,1,11,03,1,1,450,350,8,0,0,0,2,2,4,1,10,2,1,1,1,1,8,2,3,1,1,I,561,1,1,2,4,5,9,4,5,37300,1,1,0,4,5,9,4,5,37300,1,1,0,4,5,9,4,5,37300,1,1,0,2024,3,10,10920000,10370000,1,2
202601,6,4.기타,천호,11740,15,0,0,0,1,0,1,11,03,1,1,450,350,8,0,0,0,2,2,4,1,10,2,1,1,1,1,8,2,3,1,1,I,551,1,1,2,4,5,9,4,5,36800,1,1,0,4,5,9,4,5,36800,1,1,0,4,5,9,4,5,36800,1,1,0,2025,3,10,10920000,10370000,1,2
202601,6,4.기타,천호,11740,15,0,0,0,1,0,1,11,03,1,1,450,350,8,0,0,0,2,2,4,1,10,2,1,1,1,1,8,2,3,1,1,I,561,1,1,1,4,4,9,4,4,39900,2,1,0,4,4,9,4,4,39900,2,1,0,4,4,9,4,4,39900,2,1,0,2024,3,9,10920000,10370000,1,2
202601,6,4.기타,천호,11740,15,0,0,0,1,0,1,11,03,1,1,450,350,8,0,0,0,2,2,4,1,10,2,1,1,1,1,8,2,3,2,1,0,999,3,1,3,6,4,7,6,4,10300,1,1,0,6,4,7,6,4,10300,1,1,0,6,4,7,6,4,10300,1,1,0,2024,3,9,10920000,10370000,1,2
202601,6,4.기타,천호,11740,15,0,0,0,1,0,8,31,03,5,1,400,60,5,0,0,0,1,1,1,1,10,1,1,1,1,1,8,1,3,1,1,I,561,1,1,1,5,5,10,5,5,67100,1,1,0,5,5,10,5,5,67100,1,1,0,5,5,10,5,5,67100,1,1,0,2024,3,9,12950000,26060000,1,3
202601,6,4.기타,천호,11740,15,0,0,0,1,0,1,12,03,1,1,300,없음,4,0,0,0,1,1,2,1,9,1,1,1,1,1,8,1,3,1,1,G,453,2,1,2,4,5,9,4,5,40600,1,1,0,4,5,9,4,5,40600,1,1,0,4,5,9,4,5,40600,1,1,0,2025,3,8,11700000,17140000,1,3
202601,6,4.기타,천호,11740,23,0,0,0,1,0,1,11,03,1,1,70,30,9,0,0,0,2,1,2,1,10,1,1,1,1,1,8,2,3,1,1,I,561,2,1,2,6,6,10,6,6,69600,1,1,0,6,6,10,6,6,69600,1,1,0,6,6,10,6,6,69600,1,1,0,2025,3,9,12040000,48060000,1,3
202601,6,4.기타,천호,11740,22,0,0,0,1,0,8,31,03,6,2,150,없음,5,0,1,0,2,2,4,1,9,2,1,1,1,1,8,2,3,1,1,I,561,4,1,4,7,7,9,8,7,45700,1,1,0,7,7,9,8,7,45700,1,1,0,7,7,9,8,7,45700,1,1,0,2025,3,10,17970000,15610000,1,2
202601,6,4.기타,천호,11740,22,0,0,0,1,0,8,31,03,6,2,150,없음,5,0,1,0,2,2,4,1,9,2,1,1,1,1,8,2,3,2,1,I,561,4,1,4,7,6,8,8,6,27100,1,1,0,7,6,8,8,6,27100,1,1,0,7,6,8,8,6,27100,1,1,0,2025,3,10,17970000,15610000,1,2
202601,6,4.기타,천호,11740,22,0,0,0,1,0,1,51,04,1,1,400,100,4,0,0,0,1,1,1,1,10,1,1,1,1,1,8,1,3,1,1,G,463,1,1,1,5,4,10,6,4,65000,1,1,0,5,4,10,6,4,65000,1,1,0,5,4,10,6,4,65000,1,1,0,2024,4,7,28880000,50240000,1,3
202601,6,4.기타,천호,11740,22,0,0,0,1,0,1,21,03,1,1,470,100,9,0,0,0,1,1,1,1,10,1,1,1,1,1,8,1,3,1,1,I,561,1,1,1,6,5,10,5,5,48800,1,1,0,6,5,10,5,5,48800,1,1,0,6,5,10,5,5,48800,1,1,0,2024,3,9,27560000,57620000,1,3
202601,6,4.기타,천호,11740,22,0,0,0,1,0,1,11,03,1,1,250,150,7,0,0,0,1,1,1,1,10,1,1,1,1,1,8,1,3,1,1,G,478,1,1,1,4,5,10,3,5,51500,1,1,0,4,5,10,3,5,51500,1,1,0,4,5,10,3,5,51500,1,1,0,2025,3,8,40770000,43090000,1,4
202601,6,4.기타,천호,11740,22,0,0,0,1,0,5,32,03,6,1,300,300,6,0,0,0,2,2,4,1,10,2,1,1,1,1,8,2,3,1,1,G,474,4,1,4,9,7,11,9,7,80300,2,1,0,9,7,11,9,7,80300,2,1,0,9,7,11,9,7,80300,2,1,0,2025,3,6,35280000,46870000,1,3
202601,6,4.기타,천호,11740,22,0,0,0,1,0,5,32,03,6,1,300,300,6,0,0,0,2,2,4,1,10,2,1,1,1,1,8,2,3,2,1,G,474,2,1,2,7,5,9,7,5,44000,1,1,0,7,5,9,7,5,44000,1,1,0,7,5,9,7,5,44000,1,1,0,2025,3,6,35280000,46870000,1,3
202601,6,4.기타,천호,11740,22,0,0,0,1,0,1,51,03,1,1,300,200,7,0,0,0,2,1,2,1,10,1,1,1,1,1,8,2,3,1,1,G,463,1,1,1,6,5,12,6,6,118400,1,1,0,6,5,12,6,6,118400,1,1,0,6,5,12,6,6,118400,1,1,0,2026,3,10,35540000,89090000,1,4
202601,6,4.기타,천호,11740,22,0,0,0,1,0,1,51,03,1,1,300,200,7,0,0,0,2,1,2,1,10,1,1,1,1,1,8,2,3,1,1,I,561,1,1,1,6,5,12,6,5,117100,1,1,0,6,5,12,6,5,117100,1,1,0,6,5,12,6,5,117100,1,1,0,2024,3,10,35540000,89090000,1,4
202601,6,4.기타,천호,11740,22,0,0,0,1,0,1,51,03,1,1,300,200,7,0,0,0,2,1,2,1,10,1,1,1,1,1,8,2,3,1,1,I,561,1,1,1,6,5,12,6,5,117100,1,1,0,6,5,12,6,5,117100,1,1,0,6,5,12,6,5,117100,1,1,0,2024,3,8,35540000,89090000,1,4
202601,6,4.기타,천호,11740,22,0,0,0,1,0,6,31,03,4,1,400,60,5,0,0,0,2,1,3,1,10,1,1,1,1,1,8,2,3,1,1,G,474,1,1,1,6,5,10,6,5,68300,1,1,0,6,5,10,6,5,68300,1,1,0,6,5,10,6,5,68300,1,1,0,2024,3,7,36290000,48500000,1,3
202601,6,4.기타,천호,11740,22,0,0,0,1,0,6,31,03,4,1,400,60,5,0,0,0,2,1,3,1,10,1,1,1,1,1,8,2,3,1,1,G,472,1,1,1,6,4,11,6,4,68800,1,1,0,6,4,11,6,4,68800,1,1,0,6,4,11,6,4,68800,1,1,0,2024,3,9,36290000,48500000,1,3
202601,6,4.기타,천호,11740,22,0,0,0,1,0,6,31,03,4,1,400,60,5,0,0,0,2,1,3,1,10,1,1,1,1,1,8,2,3,1,1,G,478,1,1,1,4,3,11,4,3,72500,1,1,0,4,3,11,4,3,72500,1,1,0,4,3,11,4,3,72500,1,1,0,2024,3,8,36290000,48500000,1,3
202601,6,4.기타,천호,11740,22,0,0,0,1,0,6,31,03,4,1,400,60,5,0,0,0,2,1,3,1,10,1,1,1,1,1,8,2,3,2,6,0,999,2,1,2,1,1,1,6,5,27900,1,1,1,1,1,1,6,5,27900,1,1,1,1,1,1,6,5,27900,1,1,1,0,1,1,36290000,48500000,1,3
202601,6,4.기타,천호,11740,22,0,0,0,1,0,1,11,04,1,1,210,없음,8,0,0,0,1,1,2,1,9,1,1,1,1,1,8,1,3,1,1,I,561,2,1,2,6,5,9,6,5,40000,1,1,0,6,5,9,6,5,40000,1,1,0,6,5,9,6,5,40000,1,1,0,2025,3,9,20670000,40590000,1,3
202601,6,4.기타,천호,11740,22,0,0,0,1,0,1,11,04,1,1,100,100,11,0,0,0,1,1,2,1,10,1,1,1,1,1,8,1,3,1,1,I,561,2,1,2,6,6,9,6,6,50600,1,1,0,6,6,9,6,6,50600,1,1,0,6,6,9,6,6,50600,1,1,0,2025,3,10,27050000,44760000,1,3
202601,6,4.기타,천호,11740,22,0,0,0,1,0,1,11,04,6,1,200,200,10,0,0,0,1,1,2,1,9,1,1,1,1,1,8,1,3,1,1,I,561,2,1,2,8,7,12,8,7,103200,1,1,0,8,7,12,8,7,103200,1,1,0,8,7,12,8,7,103200,1,1,0,2025,3,10,29870000,51350000,1,3
202601,6,4.기타,천호,11740,22,0,0,0,1,0,1,11,03,1,1,150,없음,8,0,0,0,2,1,3,1,10,1,1,1,1,1,8,2,3,1,6,0,999,1,1,1,1,1,1,6,5,87300,1,1,1,1,1,1,6,5,87300,1,1,1,1,1,1,6,5,87300,1,1,1,0,1,1,22410000,34820000,1,3
202601,6,4.기타,천호,11740,22,0,0,0,1,0,1,11,03,1,1,150,없음,8,0,0,0,2,1,3,1,10,1,1,1,1,1,8,2,3,1,1,I,561,2,1,2,7,6,12,7,6,93500,1,1,0,7,6,12,7,6,93500,1,1,0,7,6,12,7,6,93500,1,1,0,2025,3,10,22410000,34820000,1,3
202601,6,4.기타,천호,11740,16,0,0,0,1,0,1,21,03,1,1,300,100,4,0,0,0,2,1,3,1,10,1,1,1,1,1,8,2,3,1,1,G,465,1,1,1,4,4,9,4,4,44100,1,1,0,4,4,9,4,4,44100,1,1,0,4,4,9,4,4,44100,1,1,0,2026,3,7,18470000,30680000,1,3
202601,6,4.기타,천호,11740,16,0,0,0,1,0,1,21,03,1,1,300,100,4,0,0,0,2,1,3,1,10,1,1,1,1,1,8,2,3,1,1,G,465,1,1,1,4,4,9,4,4,43800,1,1,0,4,4,9,4,4,43800,1,1,0,4,4,9,4,4,43800,1,1,0,2025,3,10,18470000,30680000,1,3
202601,6,4.기타,천호,11740,16,0,0,0,1,0,1,21,03,1,1,300,100,4,0,0,0,2,1,3,1,10,1,1,1,1,1,8,2,3,1,1,G,465,1,1,1,4,4,9,4,4,43700,1,1,0,4,4,9,4,4,43700,1,1,0,4,4,9,4,4,43700,1,1,0,2026,3,7,18470000,30680000,1,3
202601,6,4.기타,천호,11740,16,0,0,0,1,0,1,21,03,1,1,300,100,4,0,0,0,2,1,3,1,10,1,1,1,1,1,8,2,3,1,1,G,465,1,1,1,4,4,9,4,4,43800,1,1,0,4,4,9,4,4,43800,1,1,0,4,4,9,4,4,43800,1,1,0,2026,3,7,18470000,30680000,1,3
202601,6,4.기타,천호,11740,15,0,0,0,1,0,1,11,03,1,1,200,200,7,0,0,0,2,2,4,1,10,2,1,1,1,1,8,2,3,1,1,I,561,2,1,2,4,4,7,4,4,15300,1,1,0,4,4,7,4,4,15300,1,1,0,4,4,7,4,4,15300,1,1,0,2025,3,8,9080000,15260000,1,2
202601,6,4.기타,천호,11740,15,0,0,0,1,0,1,11,03,1,1,200,200,7,0,0,0,2,2,4,1,10,2,1,1,1,1,8,2,3,1,1,I,561,2,1,2,4,4,7,4,4,15500,1,1,0,4,4,7,4,4,15500,1,1,0,4,4,7,4,4,15500,1,1,0,2025,3,10,9080000,15260000,1,2
202601,6,,부산역,26110,22,0,300,0,1,0,4,31,04,5,1,300,200,3,0,1,0,3,2,4,1,10,2,1,1,1,1,8,3,3,1,1,M,721,4,1,4,6,6,7,6,6,13000,2,1,0,6,6,7,6,6,13000,2,1,0,6,6,7,6,6,13000,2,1,0,2025,3,8,5500000,9590000,1,2
202601,6,,부산역,26110,22,0,300,0,1,0,5,21,04,8,2,498,611,7,0,0,0,2,2,4,1,9,2,1,1,1,1,8,2,3,1,1,G,467,3,1,4,6,5,8,6,5,19800,1,1,0,6,5,8,6,5,19800,1,1,0,6,5,8,6,5,19800,1,1,0,2025,3,9,4690000,3550000,1,2
202601,6,,부산역,26110,22,0,300,0,1,0,5,21,04,8,2,498,611,7,0,0,0,2,2,4,1,9,2,1,1,1,1,8,2,3,2,1,G,467,4,1,4,5,5,6,5,5,8900,1,1,0,5,5,6,5,5,8900,1,1,0,5,5,6,5,5,8900,1,1,0,2025,3,9,4690000,3550000,1,2
202601,6,,남포동,26110,22,0,300,0,1,0,2,21,04,1,1,400,50,5,0,0,0,1,2,4,1,9,1,1,1,1,1,8,1,3,1,1,G,471,2,1,3,6,5,8,6,5,25400,2,1,0,6,5,8,6,5,25400,2,1,0,6,5,8,6,5,25400,2,1,0,2025,3,10,11730000,6610000,1,2
202601,6,,남포동,26110,22,0,300,0,1,0,2,21,04,1,1,400,50,5,0,0,0,1,2,4,1,9,1,1,1,1,1,8,1,3,2,6,0,999,2,1,3,1,1,1,5,4,16500,1,1,1,1,1,1,5,4,16500,1,1,1,1,1,1,5,4,16500,1,1,1,0,1,1,11730000,6610000,1,2
202601,6,,남포동,26110,22,0,300,0,1,0,1,51,03,8,2,200,50,4,0,0,0,1,2,4,1,10,2,1,1,1,1,8,1,3,1,1,G,473,2,1,2,4,4,7,4,4,14600,1,1,0,4,4,7,4,4,14600,1,1,0,4,4,7,4,4,14600,1,1,0,2024,3,9,9350000,6650000,1,2
202601,6,,남포동,26110,22,0,300,0,1,0,1,51,03,8,2,200,50,4,0,0,0,1,2,4,1,10,2,1,1,1,1,8,1,3,2,1,G,467,2,1,2,3,3,6,3,3,8100,1,1,0,3,3,6,3,3,8100,1,1,0,3,3,6,3,3,8100,1,1,0,2024,3,9,9350000,6650000,1,2
202601,6,,남포동,26110,22,0,0,0,1,0,1,51,03,1,1,200,100,7,0,0,0,1,1,2,1,10,1,1,1,1,1,8,1,3,1,1,I,562,1,1,1,5,5,10,5,5,57000,1,1,0,5,5,10,5,5,57000,1,1,0,5,5,10,5,5,57000,1,1,0,2025,3,10,12380000,7750000,1,2
202601,6,,남포동,26110,22,0,0,0,1,0,1,51,03,1,1,200,100,7,0,0,0,1,1,2,1,10,1,1,1,1,1,8,1,3,2,1,I,562,1,1,1,4,4,8,4,4,28700,1,1,0,4,4,8,4,4,28700,1,1,0,4,4,8,4,4,28700,1,1,0,2025,3,10,12380000,7750000,1,2
202601,6,,남포동,26110,22,0,300,0,1,0,1,51,03,7,2,300,200,6,0,0,0,1,2,4,1,10,2,1,1,1,1,8,1,3,1,1,G,474,2,1,2,3,5,9,4,5,31200,1,1,0,3,5,9,4,5,31200,1,1,0,3,5,9,4,5,31200,1,1,0,2024,5,7,11660000,7610000,1,3
202601,6,,남포동,26110,22,0,300,0,1,0,1,51,03,7,2,300,200,6,0,0,0,1,2,4,1,10,2,1,1,1,1,8,1,3,2,1,G,474,2,1,2,3,4,7,3,4,11400,1,1,0,3,4,7,3,4,11400,1,1,0,3,4,7,3,4,11400,1,1,0,2024,5,7,11660000,7610000,1,3
202601,6,,남포동,26110,22,0,300,0,1,0,8,21,04,8,2,245,없음,11,0,0,0,2,2,4,1,9,2,1,1,1,1,8,2,3,1,1,I,561,3,1,3,5,4,7,5,5,13000,1,1,0,5,4,7,5,5,13000,1,1,0,5,4,7,5,5,13000,1,1,0,2026,3,9,5160000,4160000,1,1
202601,6,,남포동,26110,22,0,300,0,1,0,8,21,04,8,2,245,없음,11,0,0,0,2,2,4,1,9,2,1,1,1,1,8,2,3,2,1,I,561,2,1,3,4,3,5,4,3,6800,1,1,0,4,3,5,4,3,6800,1,1,0,4,3,5,4,3,6800,1,1,0,2026,3,9,5160000,4160000,1,1
202601,6,,남포동,26110,22,0,300,0,1,0,1,12,03,1,1,300,300,6,0,0,0,2,2,4,1,10,1,1,1,1,1,8,2,3,1,1,I,562,3,1,3,5,6,8,5,6,28600,1,1,0,5,6,8,5,6,28600,1,1,0,5,6,8,5,6,28600,1,1,0,2025,3,8,9410000,5660000,1,1
202601,6,,남포동,26110,22,0,300,0,1,0,1,12,03,1,1,300,300,6,0,0,0,2,2,4,1,10,1,1,1,1,1,8,2,3,2,6,0,999,3,1,3,1,1,1,4,5,13400,1,1,1,1,1,1,4,5,13400,1,1,1,1,1,1,4,5,13400,1,1,1,0,1,1,9410000,5660000,1,1
202601,6,,남포동,26110,22,0,300,0,1,0,1,51,03,1,1,50,1,1,0,0,0,1,1,3,1,9,1,1,1,1,1,8,1,3,1,1,G,474,2,1,2,6,6,9,6,6,39900,1,1,0,6,6,9,6,6,39900,1,1,0,6,6,9,6,6,39900,1,1,0,2025,3,10,13860000,11590000,1,1
202601,6,,남포동,26110,22,0,300,0,1,0,1,51,03,1,1,50,1,1,0,0,0,1,1,3,1,9,1,1,1,1,1,8,1,3,2,1,G,474,1,1,2,5,4,8,5,4,25000,1,1,0,5,4,8,5,4,25000,1,1,0,5,4,8,5,4,25000,1,1,0,2025,3,10,13860000,11590000,1,1
202601,6,,남포동,26110,22,0,300,0,1,0,1,12,03,1,1,100,100,10,0,0,0,1,1,2,1,10,1,1,1,1,1,8,1,3,1,1,I,561,2,1,2,5,3,7,5,3,14500,2,1,0,5,3,7,5,3,14500,2,1,0,5,3,7,5,3,14500,2,1,0,2026,5,7,4160000,3710000,1,1
202601,6,,남포동,26110,22,0,300,0,1,0,1,12,03,1,1,100,100,10,0,0,0,1,1,2,1,10,1,1,1,1,1,8,1,3,2,6,0,999,1,1,1,1,1,1,2,2,5400,1,1,1,1,1,1,2,2,5400,1,1,1,1,1,1,2,2,5400,1,1,1,0,1,1,4160000,3710000,1,1
202601,6,,남포동,26110,22,0,300,0,1,0,1,51,03,1,1,50,10,6,0,0,0,1,1,2,1,9,1,1,1,1,1,8,1,3,1,6,0,999,1,1,1,1,1,1,4,5,58900,1,1,1,1,1,1,4,5,58900,1,1,1,1,1,1,4,5,58900,1,1,1,0,1,1,12050000,9840000,1,1
202601,6,,남포동,26110,22,0,300,0,1,0,1,51,03,1,1,50,10,6,0,0,0,1,1,2,1,9,1,1,1,1,1,8,1,3,1,1,I,561,1,1,1,4,5,10,4,5,59400,1,1,0,4,5,10,4,5,59400,1,1,0,4,5,10,4,5,59400,1,1,0,2025,3,8,12050000,9840000,1,1
202601,6,,남포동,26110,22,0,300,0,1,0,1,51,03,1,1,50,10,6,0,0,0,1,1,2,1,9,1,1,1,1,1,8,1,3,2,1,0,999,1,1,1,5,3,6,5,3,9300,1,1,0,5,3,6,5,3,9300,1,1,0,5,3,6,5,3,9300,1,1,0,2025,3,8,12050000,9840000,1,1
202601,6,,남포동,26110,22,0,300,0,1,0,1,51,04,8,1,400,450,6,0,0,0,1,1,3,1,10,1,1,1,1,1,8,1,3,1,1,I,561,3,1,3,6,6,9,6,6,36300,1,1,0,6,6,9,6,6,36300,1,1,0,6,6,9,6,6,36300,1,1,0,2025,3,10,11550000,15770000,1,1
202601,6,,남포동,26110,22,0,300,0,1,0,1,21,03,1,1,5,5,6,0,0,0,1,1,3,1,9,1,1,1,1,1,8,1,3,1,1,I,562,2,1,2,5,5,9,5,5,44800,1,1,0,5,5,9,5,5,44800,1,1,0,5,5,9,5,5,44800,1,1,0,2024,3,9,12790000,8860000,1,1
202601,6,,남포동,26110,22,0,300,0,1,0,1,21,03,1,1,5,5,6,0,0,0,1,1,3,1,9,1,1,1,1,1,8,1,3,2,1,I,562,1,1,2,4,4,8,4,4,23200,1,1,0,4,4,8,4,4,23200,1,1,0,4,4,8,4,4,23200,1,1,0,2024,3,9,12790000,8860000,1,1
202601,6,,남포동,26110,22,0,300,0,1,0,1,51,03,1,1,30,10,10,0,0,0,1,1,2,1,10,1,1,1,1,1,8,1,3,1,6,0,999,2,1,2,1,1,1,4,4,24800,1,1,1,1,1,1,4,4,24800,1,1,1,1,1,1,4,4,24800,1,1,1,0,1,1,6270000,7180000,1,1
202601,6,,남포동,26110,22,0,300,0,1,0,1,51,03,1,1,220,230,5,0,0,0,2,2,4,1,10,2,1,1,1,1,8,2,3,1,1,I,561,3,1,3,6,6,9,6,6,32500,1,1,0,6,6,9,6,6,32500,1,1,0,6,6,9,6,6,32500,1,1,0,2025,3,9,16410000,11650000,1,2
202601,6,,남포동,26110,22,0,300,0,1,0,1,51,03,1,1,220,230,5,0,0,0,2,2,4,1,10,2,1,1,1,1,8,2,3,2,1,I,561,3,1,3,5,5,7,5,5,18400,1,1,0,5,5,7,5,5,18400,1,1,0,5,5,7,5,5,18400,1,1,0,2025,3,9,16410000,11650000,1,2
202601,6,,남포동,26110,22,0,300,0,1,0,1,11,03,1,1,262,없음,5,0,0,0,2,2,4,1,10,2,1,1,1,1,8,2,3,1,1,G,473,3,1,3,8,8,12,8,8,155000,1,1,0,8,8,12,8,8,155000,1,1,0,8,8,12,8,8,155000,1,1,0,2023,5,8,27140000,20670000,1,3
202601,6,,남포동,26110,22,0,300,0,1,0,1,11,03,1,1,262,없음,5,0,0,0,2,2,4,1,10,2,1,1,1,1,8,2,3,2,1,I,561,3,1,3,6,5,7,6,5,23400,1,1,0,6,5,7,6,5,23400,1,1,0,6,5,7,6,5,23400,1,1,0,2025,3,10,27140000,20670000,1,3
202601,6,,남포동,26110,22,0,300,0,1,0,1,51,03,1,1,340,180,6,0,0,0,1,1,2,1,10,1,1,1,1,1,8,1,3,1,1,I,561,2,1,2,5,5,9,5,5,43800,1,1,0,5,5,9,5,5,43800,1,1,0,5,5,9,5,5,43800,1,1,0,2024,3,9,11470000,16690000,1,2
202601,6,,남포동,26110,22,0,300,0,1,0,1,51,04,1,1,308,없음,6,0,0,0,1,1,3,1,10,1,1,1,1,1,8,1,3,1,1,I,561,2,1,2,4,5,8,4,5,22000,1,1,0,4,5,8,4,5,22000,1,1,0,4,5,8,4,5,22000,1,1,0,2025,3,10,13150000,7660000,1,3
202601,6,,남포동,26110,22,0,300,0,1,0,1,51,04,1,1,308,없음,6,0,0,0,1,1,3,1,10,1,1,1,1,1,8,1,3,2,1,I,561,2,1,2,3,3,7,3,3,11500,1,1,0,3,3,7,3,3,11500,1,1,0,3,3,7,3,3,11500,1,1,0,2025,3,10,13150000,7660000,1,3
202601,6,,남포동,26110,22,0,300,0,1,0,1,32,04,8,1,310,500,4,0,0,0,2,1,3,1,10,1,1,1,1,1,8,2,3,1,1,I,561,3,1,3,6,6,9,6,6,47700,1,1,0,6,6,9,6,6,47700,1,1,0,6,6,9,6,6,47700,1,1,0,2025,3,10,12800000,17090000,1,1
202601,6,,남포동,26110,22,0,300,0,1,0,1,51,04,1,1,460,180,6,0,0,0,1,1,1,1,10,1,1,1,1,1,8,1,3,1,1,I,561,1,1,1,4,4,9,4,4,36900,1,1,0,4,4,9,4,4,36900,1,1,0,4,4,9,4,4,36900,1,1,0,2025,3,10,6270000,7580000,1,4
202601,6,,남포동,26110,22,0,300,0,1,0,6,21,04,8,2,340,140,6,0,0,0,2,2,4,1,10,2,1,1,1,1,8,2,3,1,1,G,465,3,1,4,5,5,7,5,5,12300,1,1,0,5,5,7,5,5,12300,1,1,0,5,5,7,5,5,12300,1,1,0,2024,3,9,5830000,3720000,1,1
202601,6,,남포동,26110,22,0,300,0,1,0,6,21,04,8,2,340,140,6,0,0,0,2,2,4,1,10,2,1,1,1,1,8,2,3,2,1,G,465,3,1,4,4,4,4,4,4,5500,1,1,0,4,4,4,4,4,5500,1,1,0,4,4,4,4,4,5500,1,1,0,2024,3,9,5830000,3720000,1,1
202601,6,,남포동,26110,22,0,300,0,1,0,1,51,04,1,1,200,85,7,0,0,0,2,1,2,1,10,1,1,1,1,1,8,2,3,1,1,G,472,1,1,1,5,4,8,5,4,28800,1,1,0,5,4,8,5,4,28800,1,1,0,5,4,8,5,4,28800,1,1,0,2025,3,5,5210000,12820000,1,1
202601,6,,남포동,26110,22,0,300,0,1,0,1,51,04,1,1,200,85,7,0,0,0,2,1,2,1,10,1,1,1,1,1,8,2,3,1,1,0,999,1,1,1,4,3,8,4,3,27700,1,1,0,4,3,8,4,3,27700,1,1,0,4,3,8,4,3,27700,1,1,0,2025,3,5,5210000,12820000,1,1
202601,6,,남포동,26110,22,0,300,0,1,0,1,51,03,9,2,580,200,9,0,0,0,1,2,4,1,10,1,1,1,1,1,8,1,3,1,1,G,474,2,1,2,6,6,11,6,6,79800,1,1,0,6,6,11,6,6,79800,1,1,0,6,6,11,6,6,79800,1,1,0,2024,3,10,19750000,11860000,1,1
202601,6,,남포동,26110,22,0,300,0,1,0,1,51,03,9,2,580,200,9,0,0,0,1,2,4,1,10,1,1,1,1,1,8,1,3,1,1,G,474,1,1,1,5,4,10,5,4,52100,1,1,0,5,4,10,5,4,52100,1,1,0,5,4,10,5,4,52100,1,1,0,2024,3,10,19750000,11860000,1,1
202601,6,,남포동,26110,22,0,300,0,1,0,1,51,03,9,2,580,200,9,0,0,0,1,2,4,1,10,1,1,1,1,1,8,1,3,2,6,0,999,2,1,2,1,1,1,7,4,16400,1,1,1,1,1,1,7,4,16400,1,1,1,1,1,1,7,4,16400,1,1,1,0,1,1,19750000,11860000,1,1
202601,6,,남포동,26110,22,0,300,0,1,0,4,21,03,9,2,450,170,8,0,0,0,1,1,2,1,10,1,1,1,1,1,8,1,3,1,1,G,474,2,1,2,6,6,10,6,6,64800,1,1,0,6,6,10,6,6,64800,1,1,0,6,6,10,6,6,64800,1,1,0,2024,3,7,11280000,8020000,1,1
202601,6,,남포동,26110,22,0,300,0,1,0,4,21,03,9,2,450,170,8,0,0,0,1,1,2,1,10,1,1,1,1,1,8,1,3,2,1,G,474,1,1,1,4,3,7,4,3,16100,1,1,0,4,3,7,4,3,16100,1,1,0,4,3,7,4,3,16100,1,1,0,2024,3,7,11280000,8020000,1,1
202601,6,,남포동,26110,22,0,300,0,1,0,1,21,03,8,2,600,100,8,0,0,0,1,2,4,1,10,1,1,1,1,1,8,1,3,1,6,0,999,2,1,2,1,1,1,6,5,61300,1,1,1,1,1,1,6,5,61300,1,1,1,1,1,1,6,5,61300,1,1,1,0,1,1,13630000,9230000,1,1
202601,6,,남포동,26110,22,0,300,0,1,0,1,21,03,8,2,600,100,8,0,0,0,1,2,4,1,10,1,1,1,1,1,8,1,3,1,1,G,474,2,1,2,6,5,10,6,5,60400,1,1,0,6,5,10,6,5,60400,1,1,0,6,5,10,6,5,60400,1,1,0,2025,2,10,13630000,9230000,1,1
202601,6,,남포동,26110,22,0,300,0,1,0,1,21,03,8,2,600,100,8,0,0,0,1,2,4,1,10,1,1,1,1,1,8,1,3,2,6,0,999,2,1,2,1,1,1,5,4,15000,1,1,1,1,1,1,5,4,15000,1,1,1,1,1,1,5,4,15000,1,1,1,0,1,1,13630000,9230000,1,1
202601,6,,남포동,26110,22,0,300,0,1,0,1,51,03,6,2,100,100,8,0,0,0,1,1,3,1,10,1,1,1,1,1,8,1,3,1,1,G,474,1,1,1,4,5,10,5,5,55400,1,1,0,4,5,10,5,5,55400,1,1,0,4,5,10,5,5,55400,1,1,0,2025,3,10,10800000,9500000,1,2
202601,6,,남포동,26110,22,0,300,0,1,0,1,51,03,6,2,100,100,8,0,0,0,1,1,3,1,10,1,1,1,1,1,8,1,3,1,1,G,474,1,1,1,5,4,10,5,4,55000,1,1,0,5,4,10,5,4,55000,1,1,0,5,4,10,5,4,55000,1,1,0,2024,3,7,10800000,9500000,1,2
202601,6,,남포동,26110,22,0,300,0,1,0,1,51,03,6,2,100,100,8,0,0,0,1,1,3,1,10,1,1,1,1,1,8,1,3,2,6,0,999,2,1,2,1,1,1,4,3,6600,1,1,1,1,1,1,4,3,6600,1,1,1,1,1,1,4,3,6600,1,1,1,0,1,1,10800000,9500000,1,2
202601,6,,남포동,26110,22,0,300,0,1,0,1,51,04,1,1,158,없음,8,0,0,0,1,1,2,1,9,1,1,1,1,1,8,1,3,1,1,I,562,1,1,1,4,4,9,4,4,33300,1,1,0,4,4,9,4,4,33300,1,1,0,4,4,9,4,4,33300,1,1,0,2026,3,8,8180000,5420000,1,1
202601,6,,남포동,26110,22,0,300,0,1,0,1,51,04,1,1,158,없음,8,0,0,0,1,1,2,1,9,1,1,1,1,1,8,1,3,2,1,I,562,1,1,1,3,3,7,3,3,15800,1,1,0,3,3,7,3,3,15800,1,1,0,3,3,7,3,3,15800,1,1,0,2026,3,8,8180000,5420000,1,1
202601,6,,남포동,26110,22,0,300,0,1,0,1,51,03,1,1,106,없음,4,0,0,0,2,2,4,1,10,2,1,1,1,1,8,2,3,1,1,G,474,4,1,4,8,7,11,8,7,85600,1,1,0,8,7,11,8,7,85600,1,1,0,8,7,11,8,7,85600,1,1,0,2026,3,9,29920000,17000000,1,1
202601,6,,남포동,26110,22,0,300,0,1,0,1,51,03,1,1,106,없음,4,0,0,0,2,2,4,1,10,2,1,1,1,1,8,2,3,2,1,G,474,4,1,4,7,6,8,7,6,23000,1,1,0,7,6,8,7,6,23000,1,1,0,7,6,8,7,6,23000,1,1,0,2022,5,9,29920000,17000000,1,1
202601,6,,남포동,26110,22,0,300,0,1,0,1,51,04,1,1,340,180,8,0,0,0,1,1,2,1,10,1,1,1,1,1,8,1,3,1,1,I,561,1,1,1,4,4,8,4,4,24200,1,1,0,4,4,8,4,4,24200,1,1,0,4,4,8,4,4,24200,1,1,0,2025,3,10,6510000,3440000,1,3
202601,6,,남포동,26110,22,0,300,0,1,0,1,51,04,1,1,340,180,8,0,0,0,1,1,2,1,10,1,1,1,1,1,8,1,3,2,1,I,561,1,1,1,3,3,7,3,3,12100,1,1,0,3,3,7,3,3,12100,1,1,0,3,3,7,3,3,12100,1,1,0,2025,3,10,6510000,3440000,1,3
202601,6,,남포동,26110,22,0,300,0,1,0,1,51,03,1,1,100,30,8,0,0,0,1,1,2,1,9,1,1,1,1,1,8,1,3,1,1,G,478,1,1,2,3,3,7,3,3,13800,1,1,0,3,3,7,3,3,13800,1,1,0,3,3,7,3,3,13800,1,1,0,2025,3,4,8660000,5300000,1,1
202601,6,,남포동,26110,22,0,300,0,1,0,1,51,03,1,1,100,30,8,0,0,0,1,1,2,1,9,1,1,1,1,1,8,1,3,2,1,G,472,1,1,1,2,3,5,2,3,7800,1,1,0,2,3,5,2,3,7800,1,1,0,2,3,5,2,3,7800,1,1,0,2026,3,8,8660000,5300000,1,1
202601,6,,남포동,26110,22,0,120,300,1,0,1,51,03,7,2,100,100,8,0,0,0,2,2,4,1,10,1,1,2,1,1,8,2,3,1,2,G,471,2,1,2,1,1,1,3,4,20000,1,1,0,1,1,1,3,4,20000,1,1,0,1,1,1,3,4,20000,1,1,0,0,1,1,8710000,7200000,1,1
202601,6,,남포동,26110,22,0,120,300,1,0,1,51,03,7,2,100,100,8,0,0,0,2,2,4,1,10,1,1,2,1,1,8,2,3,1,1,G,478,2,1,2,3,4,7,3,4,19500,1,1,0,3,4,7,3,4,19500,1,1,0,3,4,7,3,4,19500,1,1,0,2024,3,9,8710000,7200000,1,1
202601,6,,남포동,26110,22,0,120,300,1,0,1,51,03,7,2,100,100,8,0,0,0,2,2,4,1,10,1,1,2,1,1,8,2,3,1,6,0,999,2,1,2,1,1,1,3,4,19400,1,1,1,1,1,1,3,4,19400,1,1,1,1,1,1,3,4,19400,1,1,1,0,1,1,8710000,7200000,1,1
202601,6,,남포동,26110,22,0,120,300,1,0,1,51,03,7,2,100,100,8,0,0,0,2,2,4,1,10,1,1,2,1,1,8,2,3,2,2,0,999,4,1,4,1,1,1,4,3,5100,1,1,0,1,1,1,4,3,5100,1,1,0,1,1,1,4,3,5100,1,1,0,0,1,1,8710000,7200000,1,1
202601,6,,남포동,26110,22,0,120,300,1,0,1,51,03,1,1,75,80,8,0,0,0,2,2,3,1,9,1,1,1,1,1,8,2,3,1,1,G,472,2,1,2,5,4,7,5,4,16900,1,1,0,5,4,7,5,4,16900,1,1,0,5,4,7,5,4,16900,1,1,0,2026,3,5,8450000,9850000,1,1
202601,6,,남포동,26110,22,0,120,300,1,0,1,51,03,1,1,75,80,8,0,0,0,2,2,3,1,9,1,1,1,1,1,8,2,3,2,6,0,999,2,1,2,1,1,1,3,3,10200,1,1,1,1,1,1,3,3,10200,1,1,1,1,1,1,3,3,10200,1,1,1,0,1,1,8450000,9850000,1,1
202601,6,,남포동,26110,22,0,300,521,1,0,1,51,03,1,1,100,50,7,0,0,0,1,2,4,1,10,1,1,1,1,1,8,1,3,1,2,G,463,1,1,2,1,1,1,4,4,25800,1,1,0,1,1,1,4,4,25800,1,1,0,1,1,1,4,4,25800,1,1,0,0,1,1,11550000,7090000,1,1
202601,6,,남포동,26110,22,0,300,521,1,0,1,51,03,1,1,100,50,7,0,0,0,1,2,4,1,10,1,1,1,1,1,8,1,3,1,1,G,472,1,1,2,4,4,8,4,4,25500,1,1,0,4,4,8,4,4,25500,1,1,0,4,4,8,4,4,25500,1,1,0,2024,3,7,11550000,7090000,1,1
202601,6,,남포동,26110,22,0,300,521,1,0,1,51,03,1,1,100,50,7,0,0,0,1,2,4,1,10,1,1,1,1,1,8,1,3,2,2,G,463,1,1,2,1,1,1,3,3,11200,1,1,0,1,1,1,3,3,11200,1,1,0,1,1,1,3,3,11200,1,1,0,0,1,1,11550000,7090000,1,1
202601,6,,남포동,26110,22,0,300,521,1,0,1,51,03,1,1,100,50,7,0,0,0,1,2,4,1,10,1,1,1,1,1,8,1,3,2,1,G,463,1,1,2,3,3,7,3,3,11100,1,1,0,3,3,7,3,3,11100,1,1,0,3,3,7,3,3,11100,1,1,0,2024,3,7,11550000,7090000,1,1
202601,6,,남포동,26110,22,0,120,300,1,0,3,11,03,1,1,50,100,2,0,0,0,1,1,2,1,9,1,1,1,1,1,8,1,3,1,1,M,739,1,1,1,6,6,12,6,6,116900,1,1,0,6,6,12,6,6,116900,1,1,0,6,6,12,6,6,116900,1,1,0,2025,3,10,24630000,13730000,1,3
202601,6,,남포동,26110,22,0,120,300,1,0,3,11,03,1,1,50,100,2,0,0,0,1,1,2,1,9,1,1,1,1,1,8,1,3,2,1,S,961,1,1,1,4,4,8,4,4,28900,1,1,0,4,4,8,4,4,28900,1,1,0,4,4,8,4,4,28900,1,1,0,2025,3,10,24630000,13730000,1,3
202601,6,,0.비상권,26140,14,0,0,0,1,0,6,32,03,6,1,없음,60,4,0,1,0,2,1,3,1,10,1,1,1,1,1,8,2,3,1,1,G,462,2,1,2,4,4,7,4,4,17600,1,1,0,4,4,7,4,4,17600,1,1,0,4,4,7,4,4,17600,1,1,0,2024,4,10,3790000,6520000,1,2
202601,6,,0.비상권,26140,14,0,0,0,1,0,6,32,03,6,1,없음,60,4,0,1,0,2,1,3,1,10,1,1,1,1,1,8,2,3,1,1,I,561,2,1,2,4,4,7,4,4,17000,1,1,0,4,4,7,4,4,17000,1,1,0,4,4,7,4,4,17000,1,1,0,2024,5,10,3790000,6520000,1,2
202601,6,,0.비상권,26140,22,0,300,0,1,1,7,32,04,7,1,없음,80,8,0,0,0,2,2,4,1,10,2,1,1,1,1,8,2,3,-1,6,0,999,1,1,1,1,1,1,2,2,3300,1,1,1,1,1,1,2,2,3300,1,1,1,1,1,1,2,2,3300,1,1,1,0,1,1,7200000,10070000,1,1
202601,6,,0.비상권,26140,22,0,300,0,1,1,7,32,04,7,1,없음,80,8,0,0,0,2,2,4,1,10,2,1,1,1,1,8,2,3,1,1,I,561,4,1,4,6,5,7,6,5,18900,1,1,0,6,5,7,6,5,18900,1,1,0,6,5,7,6,5,18900,1,1,0,2025,3,10,7200000,10070000,1,1
202601,6,,0.비상권,26140,16,0,0,0,1,0,1,21,03,1,1,없음,190,4,0,0,0,1,1,3,1,10,1,1,1,1,1,8,1,3,1,1,I,562,2,1,2,5,5,8,5,5,28900,1,1,0,5,5,8,5,5,28900,1,1,0,5,5,8,5,5,28900,1,1,0,2024,4,9,13200000,14100000,1,2
202601,6,,0.비상권,26140,16,0,0,0,1,0,1,21,03,1,1,없음,190,4,0,0,0,1,1,3,1,10,1,1,1,1,1,8,1,3,2,1,I,562,2,1,2,4,3,7,4,3,15600,1,1,0,4,3,7,4,3,15600,1,1,0,4,3,7,4,3,15600,1,1,0,2024,4,9,13200000,14100000,1,2
202601,6,,0.비상권,26140,16,14,0,0,1,0,1,12,04,6,2,없음,250,4,0,0,0,2,2,4,1,10,2,1,1,1,1,8,2,3,1,1,I,561,2,1,3,6,5,9,7,6,42900,1,1,0,6,5,9,7,6,42900,1,1,0,6,5,9,7,6,42900,1,1,0,2023,4,9,13360000,13240000,1,1
202601,6,,0.비상권,26140,16,14,0,0,1,0,1,12,04,6,2,없음,250,4,0,0,0,2,2,4,1,10,2,1,1,1,1,8,2,3,2,1,I,561,3,1,3,6,6,9,6,6,34100,1,1,0,6,6,9,6,6,34100,1,1,0,6,6,9,6,6,34100,1,1,0,2024,4,10,13360000,13240000,1,1
202601,6,,부산역,26170,22,0,300,0,1,0,1,11,04,8,2,400,100,4,0,0,0,2,2,4,1,10,2,1,1,1,1,8,2,3,1,1,S,961,2,1,2,4,4,7,4,4,19200,1,1,0,4,4,7,4,4,19200,1,1,0,4,4,7,4,4,19200,1,1,0,2026,3,10,6990000,5320000,1,3
202601,6,,부산역,26170,22,0,300,0,1,0,1,11,04,8,2,400,100,4,0,0,0,2,2,4,1,10,2,1,1,1,1,8,2,3,1,1,L,682,2,1,2,4,4,7,4,4,19200,1,1,0,4,4,7,4,4,19200,1,1,0,4,4,7,4,4,19200,1,1,0,2024,3,10,6990000,5320000,1,3
202601,6,,부산역,26170,22,0,300,0,1,0,1,11,04,8,2,400,100,4,0,0,0,2,2,4,1,10,2,1,1,1,1,8,2,3,2,1,S,961,2,1,3,4,4,7,4,4,10700,1,1,0,4,4,7,4,4,10700,1,1,0,4,4,7,4,4,10700,1,1,0,2026,3,10,6990000,5320000,1,3
202601,6,,부산역,26170,22,0,300,0,1,0,1,51,04,10,2,145,30,4,0,0,0,1,1,3,1,9,1,1,1,1,1,8,1,3,1,1,S,969,2,1,2,5,4,7,5,4,16100,2,1,0,5,4,7,5,4,16100,2,1,0,5,4,7,5,4,16100,2,1,0,2025,3,10,7510000,4540000,1,3
202601,6,,부산역,26170,22,0,300,0,1,0,1,51,04,10,2,145,30,4,0,0,0,1,1,3,1,9,1,1,1,1,1,8,1,3,2,1,S,969,1,1,2,3,3,5,3,3,7600,1,1,0,3,3,5,3,3,7600,1,1,0,3,3,5,3,3,7600,1,1,0,2025,3,10,7510000,4540000,1,3
202601,6,,부산역,26170,22,0,300,0,1,0,1,21,03,1,1,250,20,7,0,0,0,2,2,4,1,10,2,1,1,1,1,8,2,3,1,1,I,561,3,1,3,5,5,8,5,5,21400,1,1,0,5,5,8,5,5,21400,1,1,0,5,5,8,5,5,21400,1,1,0,2024,3,9,6800000,4440000,1,1
202601,6,,부산역,26170,22,0,300,0,1,0,1,21,03,1,1,250,20,7,0,0,0,2,2,4,1,10,2,1,1,1,1,8,2,3,1,1,I,561,2,1,2,4,4,8,4,4,20200,1,1,0,4,4,8,4,4,20200,1,1,0,4,4,8,4,4,20200,1,1,0,2024,3,8,6800000,4440000,1,1
202601,6,,부산역,26170,22,0,300,0,1,0,1,21,03,1,1,250,20,7,0,0,0,2,2,4,1,10,2,1,1,1,1,8,2,3,2,1,R,912,3,1,3,4,4,5,4,4,7300,1,1,0,4,4,5,4,4,7300,1,1,0,4,4,5,4,4,7300,1,1,0,2024,3,8,6800000,4440000,1,1
202601,6,,부산역,26170,22,0,300,0,1,0,1,51,04,1,1,382,200,10,0,0,0,1,1,1,1,9,1,1,1,1,1,8,1,3,1,6,0,999,1,1,1,1,1,1,4,3,15200,1,1,1,1,1,1,4,3,15200,1,1,1,1,1,1,4,3,15200,1,1,1,0,1,1,2970000,6000000,1,1
202601,6,,0.비상권,26170,22,0,300,0,1,0,1,12,04,8,1,380,100,6,0,0,0,2,2,4,1,10,2,1,1,1,1,8,2,3,1,1,G,472,4,1,4,7,5,7,7,5,12300,1,1,0,7,5,7,7,5,12300,1,1,0,7,5,7,7,5,12300,1,1,0,2024,3,7,6940000,9800000,1,2
202601,6,,부산역,26170,22,0,300,0,1,0,6,32,03,7,1,150,30,6,0,0,0,1,1,2,1,9,1,1,1,1,1,8,1,3,1,1,I,562,1,1,1,6,4,10,6,5,59900,1,1,0,6,4,10,6,5,59900,1,1,0,6,4,10,6,5,59900,1,1,0,2025,3,10,9730000,16380000,1,3
202601,6,,부산역,26170,22,0,300,0,1,0,6,32,03,7,1,150,30,6,0,0,0,1,1,2,1,9,1,1,1,1,1,8,1,3,1,1,G,478,1,1,1,4,4,9,4,4,42800,1,1,0,4,4,9,4,4,42800,1,1,0,4,4,9,4,4,42800,1,1,0,2024,3,8,9730000,16380000,1,3
202601,6,,부산역,26170,22,0,300,0,1,0,4,32,04,4,1,350,50,6,0,0,0,2,1,3,1,10,1,1,1,1,1,8,2,3,1,1,S,969,3,1,3,6,5,7,6,5,19500,2,1,0,6,5,7,6,5,19500,2,1,0,6,5,7,6,5,19500,2,1,0,2024,3,9,6290000,19720000,1,2
202601,6,,부산역,26170,22,0,300,0,1,0,6,21,03,8,2,50,50,1,0,0,0,2,2,4,1,10,2,1,1,1,1,8,2,3,1,1,I,561,4,1,4,8,7,10,8,7,49800,2,1,0,8,7,10,8,7,49800,2,1,0,8,7,10,8,7,49800,2,1,0,2025,3,9,13400000,9040000,1,2
202601,6,,부산역,26170,22,0,300,0,1,0,6,21,03,8,2,50,50,1,0,0,0,2,2,4,1,10,2,1,1,1,1,8,2,3,2,1,I,561,4,1,4,8,6,8,8,6,23500,2,1,0,8,6,8,8,6,23500,2,1,0,8,6,8,8,6,23500,2,1,0,2025,3,10,13400000,9040000,1,2
202601,6,,부산역,26170,22,0,300,0,1,0,1,51,16,1,1,200,100,6,0,0,0,2,2,4,1,10,2,1,1,1,1,8,2,3,1,1,I,562,3,1,3,6,5,8,6,5,26800,1,1,0,6,5,8,6,5,26800,1,1,0,6,5,8,6,5,26800,1,1,0,2024,3,9,11030000,9200000,1,2
202601,6,,부산역,26170,22,0,300,0,1,0,1,51,16,1,1,200,100,6,0,0,0,2,2,4,1,10,2,1,1,1,1,8,2,3,2,1,I,562,2,1,3,4,4,7,4,4,14600,1,1,0,4,4,7,4,4,14600,1,1,0,4,4,7,4,4,14600,1,1,0,2024,3,9,11030000,9200000,1,2
202601,6,,부산역,26170,22,0,300,0,1,0,1,51,04,1,1,500,30,8,0,0,0,1,1,3,1,9,1,1,1,1,1,8,1,3,1,1,I,561,2,1,2,5,5,9,5,5,30600,2,1,0,5,5,9,5,5,30600,2,1,0,5,5,9,5,5,30600,2,1,0,2024,3,8,8270000,5750000,1,3
202601,6,,부산역,26170,22,0,300,0,1,0,1,51,04,1,1,500,30,8,0,0,0,1,1,3,1,9,1,1,1,1,1,8,1,3,2,1,S,969,2,1,2,3,3,7,3,3,13500,2,1,0,3,3,7,3,3,13500,2,1,0,3,3,7,3,3,13500,2,1,0,2025,3,10,8270000,5750000,1,3
202601,6,,부산역,26170,22,0,300,0,1,0,2,11,03,1,1,222,329,8,0,0,0,2,1,3,1,9,1,1,1,1,1,8,2,3,1,1,I,561,2,1,3,4,4,7,4,4,15700,1,1,0,4,4,7,4,4,15700,1,1,0,4,4,7,4,4,15700,1,1,0,2025,3,8,7750000,8500000,1,2
202601,6,,부산역,26170,22,0,300,0,1,0,2,11,03,1,1,222,329,8,0,0,0,2,1,3,1,9,1,1,1,1,1,8,2,3,2,2,0,999,1,1,1,1,1,1,2,3,9900,1,1,0,1,1,1,2,3,9900,1,1,0,1,1,1,2,3,9900,1,1,0,0,1,1,7750000,8500000,1,2
202601,6,,부산역,26170,22,0,120,300,1,0,2,21,03,9,2,124,50,2,0,0,0,1,1,2,1,9,1,1,1,1,1,8,1,3,1,6,0,999,1,1,1,1,1,1,5,5,66400,1,1,1,1,1,1,5,5,66400,1,1,1,1,1,1,5,5,66400,1,1,1,0,1,1,19090000,11250000,1,3
202601,6,,부산역,26170,22,0,120,300,1,0,2,21,03,9,2,124,50,2,0,0,0,1,1,2,1,9,1,1,1,1,1,8,1,3,1,1,I,561,1,1,1,5,4,10,5,5,66300,2,1,0,5,4,10,5,5,66300,2,1,0,5,4,10,5,5,66300,2,1,0,2024,3,9,19090000,11250000,1,3
202601,6,,부산역,26170,22,0,120,300,1,0,2,21,03,9,2,124,50,2,0,0,0,1,1,2,1,9,1,1,1,1,1,8,1,3,2,1,H,521,1,1,2,4,4,8,4,4,24000,1,1,0,4,4,8,4,4,24000,1,1,0,4,4,8,4,4,24000,1,1,0,2024,3,9,19090000,11250000,1,3
202601,6,,부산역,26170,22,0,300,0,1,0,1,12,04,1,1,99,49,8,0,0,0,1,2,4,1,10,2,1,1,1,1,8,1,3,1,1,I,561,2,1,2,4,4,7,4,4,18200,1,1,0,4,4,7,4,4,18200,1,1,0,4,4,7,4,4,18200,1,1,0,2025,3,9,9450000,5240000,1,2
202601,6,,부산역,26170,22,0,300,0,1,0,1,12,04,1,1,99,49,8,0,0,0,1,2,4,1,10,2,1,1,1,1,8,1,3,2,1,I,561,2,1,2,4,3,6,4,3,9500,1,1,0,4,3,6,4,3,9500,1,1,0,4,3,6,4,3,9500,1,1,0,2025,3,9,9450000,5240000,1,2
202601,6,,부산역,26170,22,0,300,0,1,0,2,21,03,8,2,50,50,4,0,0,0,1,2,4,1,10,2,1,1,1,1,8,1,3,1,1,I,561,1,1,1,4,4,7,4,4,20300,1,1,0,4,4,7,4,4,20300,1,1,0,4,4,7,4,4,20300,1,1,0,2025,3,9,5560000,4270000,1,2
202601,6,,부산역,26170,22,0,300,0,1,0,2,21,03,8,2,50,50,4,0,0,0,1,2,4,1,10,2,1,1,1,1,8,1,3,1,1,J,611,1,1,1,4,4,7,4,4,20000,1,1,0,4,4,7,4,4,20000,1,1,0,4,4,7,4,4,20000,1,1,0,2026,3,7,5560000,4270000,1,2
202601,6,,부산역,26170,22,0,300,0,1,0,2,21,03,8,2,50,50,4,0,0,0,1,2,4,1,10,2,1,1,1,1,8,1,3,2,1,S,949,2,1,2,4,3,6,4,3,9300,1,1,0,4,3,6,4,3,9300,1,1,0,4,3,6,4,3,9300,1,1,0,2026,3,5,5560000,4270000,1,2
202601,6,,0.비상권,26170,14,0,0,0,1,0,1,12,03,8,2,400,400,6,0,0,0,1,2,3,1,9,1,1,1,1,1,8,1,3,1,1,S,961,1,1,1,4,3,7,4,3,16700,1,1,0,4,3,7,4,3,16700,1,1,0,4,3,7,4,3,16700,1,1,0,2025,3,10,4390000,3270000,1,3
202601,6,,0.비상권,26170,14,0,0,0,1,0,1,12,03,8,2,400,400,6,0,0,0,1,2,3,1,9,1,1,1,1,1,8,1,3,1,2,S,961,1,1,1,1,1,1,4,3,16800,1,1,0,1,1,1,4,3,16800,1,1,0,1,1,1,4,3,16800,1,1,0,0,1,1,4390000,3270000,1,3
202601,6,,0.비상권,26170,14,0,0,0,1,0,1,12,03,8,2,400,400,6,0,0,0,1,2,3,1,9,1,1,1,1,1,8,1,3,2,2,0,999,2,1,2,1,1,1,5,3,8300,1,1,0,1,1,1,5,3,8300,1,1,0,1,1,1,5,3,8300,1,1,0,0,1,1,4390000,3270000,1,3
202601,6,,현대백화점주변,26170,22,0,300,0,1,0,1,51,03,1,1,413,68,6,0,0,0,1,1,3,1,10,1,1,1,1,1,8,1,3,1,1,G,474,2,1,2,6,6,9,6,6,46900,1,1,0,6,6,9,6,6,46900,1,1,0,6,6,9,6,6,46900,1,1,0,2024,3,8,8980000,6720000,1,2
202601,6,,현대백화점주변,26170,22,0,300,0,1,0,1,51,03,1,1,413,68,6,0,0,0,1,1,3,1,10,1,1,1,1,1,8,1,3,2,1,G,474,1,1,1,5,3,8,5,3,27700,1,1,0,5,3,8,5,3,27700,1,1,0,5,3,8,5,3,27700,1,1,0,2024,3,8,8980000,6720000,1,2
202601,6,,현대백화점주변,26170,22,0,200,0,1,0,8,31,04,8,2,500,200,6,0,1,0,2,2,4,1,10,2,1,1,1,1,8,2,3,1,6,0,999,2,1,2,1,1,1,5,4,18600,1,1,1,1,1,1,5,4,18600,1,1,1,1,1,1,5,4,18600,1,1,1,0,1,1,4040000,2770000,1,2
202601,6,,현대백화점주변,26170,22,0,200,0,1,0,8,31,04,8,2,500,200,6,0,1,0,2,2,4,1,10,2,1,1,1,1,8,2,3,1,1,H,494,2,1,2,4,4,7,4,4,16800,1,1,0,4,4,7,4,4,16800,1,1,0,4,4,7,4,4,16800,1,1,0,2025,3,10,4040000,2770000,1,2
202601,6,,현대백화점주변,26170,22,0,200,0,1,0,8,31,04,8,2,500,200,6,0,1,0,2,2,4,1,10,2,1,1,1,1,8,2,3,2,1,C,141,3,1,3,6,4,7,6,4,11100,1,1,0,6,4,7,6,4,11100,1,1,0,6,4,7,6,4,11100,1,1,0,2024,3,9,4040000,2770000,1,2
202601,6,,현대백화점주변,26170,22,0,300,0,1,0,1,51,04,1,1,350,150,10,0,0,0,1,1,2,1,10,1,1,1,1,1,8,1,3,1,1,I,561,2,1,2,5,4,8,5,4,26800,1,1,0,5,4,8,5,4,26800,1,1,0,5,4,8,5,4,26800,1,1,0,2025,3,4,2750000,6340000,1,2
202601,6,,현대백화점주변,26170,22,0,300,0,1,0,3,11,04,7,2,370,200,10,0,0,0,2,2,4,1,10,2,1,1,1,1,8,2,3,1,1,I,561,3,1,3,5,4,7,5,4,14000,1,1,0,5,4,7,5,4,14000,1,1,0,5,4,7,5,4,14000,1,1,0,2025,3,6,2920000,2380000,1,2
202601,6,,현대백화점주변,26170,22,0,300,0,1,0,3,11,04,7,2,370,200,10,0,0,0,2,2,4,1,10,2,1,1,1,1,8,2,3,2,1,0,999,3,1,3,1,3,3,3,3,3200,1,1,0,1,3,3,3,3,3200,1,1,0,1,3,3,3,3,3200,1,1,0,2025,3,6,2920000,2380000,1,2
202601,6,,현대백화점주변,26170,22,0,300,0,1,0,7,21,04,9,2,350,50,4,0,0,0,2,2,4,1,10,2,1,1,1,1,8,2,3,1,1,I,561,3,1,3,6,5,8,6,5,21100,2,1,0,6,5,8,6,5,21100,2,1,0,6,5,8,6,5,21100,2,1,0,2025,3,10,11410000,7010000,1,3
202601,6,,현대백화점주변,26170,22,0,300,0,1,0,7,21,04,9,2,350,50,4,0,0,0,2,2,4,1,10,2,1,1,1,1,8,2,3,2,1,I,562,3,1,3,4,4,6,4,4,9500,1,1,0,4,4,6,4,4,9500,1,1,0,4,4,6,4,4,9500,1,1,0,2024,3,10,11410000,7010000,1,3
202601,6,,현대백화점주변,26170,22,0,300,0,1,0,1,21,03,1,1,480,80,4,0,0,0,1,1,3,1,10,1,1,1,1,1,8,1,3,1,1,Q,862,2,1,2,6,4,8,6,5,26300,1,1,0,6,4,8,6,5,26300,1,1,0,6,4,8,6,5,26300,1,1,0,2025,3,8,5610000,4070000,1,2
202601,6,,현대백화점주변,26170,22,0,300,0,1,0,1,21,03,1,1,480,80,4,0,0,0,1,1,3,1,10,1,1,1,1,1,8,1,3,2,1,Q,862,2,1,2,3,3,7,3,3,12900,1,1,0,3,3,7,3,3,12900,1,1,0,3,3,7,3,3,12900,1,1,0,2025,3,8,5610000,4070000,1,2
202601,6,,현대백화점주변,26170,22,0,200,0,1,0,5,11,03,8,2,514,56,6,0,0,0,1,1,3,1,9,1,1,1,1,1,8,1,3,1,1,C,141,2,1,2,4,3,7,4,3,12900,1,1,0,4,3,7,4,3,12900,1,1,0,4,3,7,4,3,12900,1,1,0,2025,3,10,3710000,2570000,1,2
202601,6,,현대백화점주변,26170,22,0,200,0,1,0,5,11,03,8,2,514,56,6,0,0,0,1,1,3,1,9,1,1,1,1,1,8,1,3,2,1,R,901,2,1,2,3,3,7,3,3,9900,1,1,0,3,3,7,3,3,9900,1,1,0,3,3,7,3,3,9900,1,1,0,2024,3,10,3710000,2570000,1,2
202601,6,,현대백화점주변,26170,22,0,200,300,1,0,7,31,04,8,2,200,100,6,0,0,0,1,2,4,1,10,2,1,1,1,1,8,2,3,1,1,S,952,3,1,3,5,5,7,5,5,19600,1,1,0,5,5,7,5,5,19600,1,1,0,5,5,7,5,5,19600,1,1,0,2025,3,9,4830000,4040000,1,2
202601,6,,현대백화점주변,26170,22,0,200,300,1,0,7,31,04,8,2,200,100,6,0,0,0,1,2,4,1,10,2,1,1,1,1,8,2,3,2,1,S,952,2,1,2,3,3,5,3,3,7400,1,1,0,3,3,5,3,3,7400,1,1,0,3,3,5,3,3,7400,1,1,0,2025,3,9,4830000,4040000,1,2
202601,6,,현대백화점주변,26170,22,0,300,0,1,0,8,31,04,8,1,295,없음,4,0,0,0,2,2,4,1,10,2,1,1,1,1,8,2,3,1,1,I,561,4,1,4,6,6,7,6,6,18200,1,1,0,6,6,7,6,6,18200,1,1,0,6,6,7,6,6,18200,1,1,0,2024,3,9,9610000,12180000,1,2
202601,6,,현대백화점주변,26170,22,0,300,0,1,0,1,21,04,5,1,80,60,11,0,0,0,1,1,2,1,10,1,1,1,1,1,8,1,3,1,1,I,561,2,1,2,4,4,8,4,4,23500,1,1,0,4,4,8,4,4,23500,1,1,0,4,4,8,4,4,23500,1,1,0,2024,3,9,3270000,6690000,1,2
202601,6,,현대백화점주변,26170,22,0,300,0,1,0,1,51,04,1,1,310,26,1,0,0,0,1,1,2,1,10,1,1,1,1,1,8,1,3,1,1,G,478,2,1,2,6,6,10,6,6,61200,1,1,0,6,6,10,6,6,61200,1,1,0,6,6,10,6,6,61200,1,1,0,2023,4,8,12890000,19520000,1,2
202601,6,,현대백화점주변,26170,22,0,300,0,1,0,1,12,04,9,2,200,100,8,0,0,0,1,1,3,1,10,1,1,1,1,1,8,1,3,1,1,I,561,2,1,2,5,4,7,5,4,15900,1,1,0,5,4,7,5,4,15900,1,1,0,5,4,7,5,4,15900,1,1,0,2025,3,5,4440000,2920000,1,2
202601,6,,현대백화점주변,26170,22,0,300,0,1,0,1,12,04,9,2,200,100,8,0,0,0,1,1,3,1,10,1,1,1,1,1,8,1,3,2,1,0,999,1,1,1,2,2,3,2,2,3300,1,1,0,2,2,3,2,2,3300,1,1,0,2,2,3,2,2,3300,1,1,0,2025,3,5,4440000,2920000,1,2
202601,6,,남항동,26200,22,0,300,0,1,0,4,12,04,8,2,없음,70,1,0,0,0,1,1,2,1,10,1,1,1,1,1,8,1,3,1,1,I,561,1,1,1,4,3,8,4,3,24400,1,1,0,4,3,8,4,3,24400,1,1,0,4,3,8,4,3,24400,1,1,0,2024,3,9,7270000,5070000,1,3
202601,6,,남항동,26200,22,0,300,0,1,0,4,12,04,8,2,없음,70,1,0,0,0,1,1,2,1,10,1,1,1,1,1,8,1,3,2,1,I,561,1,1,1,4,3,7,4,3,16400,1,1,0,4,3,7,4,3,16400,1,1,0,4,3,7,4,3,16400,1,1,0,2024,3,9,7270000,5070000,1,3
202601,6,,남항동,26200,22,0,300,0,1,0,1,51,04,1,1,없음,100,6,0,0,0,1,1,3,1,9,1,1,1,1,1,8,1,3,1,1,I,561,2,1,2,5,3,7,5,4,15000,1,1,0,5,3,7,5,4,15000,1,1,0,5,3,7,5,4,15000,1,1,0,2025,3,8,4730000,3090000,1,2
202601,6,,남항동,26200,22,0,300,0,1,0,1,51,04,1,1,없음,100,6,0,0,0,1,1,3,1,9,1,1,1,1,1,8,1,3,2,1,0,999,1,1,2,3,3,5,3,3,6500,1,1,0,3,3,5,3,3,6500,1,1,0,3,3,5,3,3,6500,1,1,0,2025,3,9,4730000,3090000,1,2
202601,6,,남항동,26200,22,0,300,0,1,0,2,21,03,6,1,없음,50,6,0,0,0,3,2,4,1,10,2,1,1,1,1,8,3,3,1,6,0,999,2,1,2,1,1,1,6,3,11900,1,1,1,1,1,1,6,3,11900,1,1,1,1,1,1,6,3,11900,1,1,1,0,1,1,4300000,8300000,1,2
202601,6,,남항동,26200,22,0,300,0,1,0,2,21,03,6,1,없음,50,6,0,0,0,3,2,4,1,10,2,1,1,1,1,8,3,3,1,1,G,471,2,1,2,5,4,7,5,4,12300,1,1,0,5,4,7,5,4,12300,1,1,0,5,4,7,5,4,12300,1,1,0,2025,3,8,4300000,8300000,1,2
202601,6,,남항동,26200,22,0,300,0,1,0,2,21,03,6,1,없음,50,6,0,0,0,3,2,4,1,10,2,1,1,1,1,8,3,3,1,1,I,561,3,1,3,5,4,7,6,4,13100,1,1,0,5,4,7,6,4,13100,1,1,0,5,4,7,6,4,13100,1,1,0,2024,3,10,4300000,8300000,1,2
202601,6,,남항동,26200,22,0,300,0,1,0,1,51,07,1,1,850,931,6,0,0,0,1,1,1,1,9,1,1,1,1,1,8,1,3,1,1,S,969,1,1,1,4,2,6,4,3,11200,1,1,0,4,2,6,4,3,11200,1,1,0,4,2,6,4,3,11200,1,1,0,2025,3,8,4140000,2260000,1,3
202601,6,,남항동,26200,22,0,300,0,1,0,1,51,07,1,1,850,931,6,0,0,0,1,1,1,1,9,1,1,1,1,1,8,1,3,2,1,0,999,1,1,1,3,2,4,3,2,4700,1,1,0,3,2,4,3,2,4700,1,1,0,3,2,4,3,2,4700,1,1,0,2025,3,8,4140000,2260000,1,3
202601,6,,남항동,26200,22,0,300,0,1,0,1,21,03,1,1,없음,100,6,0,0,0,1,2,3,1,9,2,1,1,1,1,8,1,3,1,1,I,562,2,1,2,6,4,8,6,4,16700,1,1,0,6,4,8,6,4,16700,1,1,0,6,4,8,6,4,16700,1,1,0,2025,3,8,4350000,3240000,1,2
202601,6,,남항동,26200,22,0,300,0,1,0,1,21,03,1,1,없음,100,6,0,0,0,1,2,3,1,9,2,1,1,1,1,8,1,3,2,1,0,999,2,1,2,3,3,5,3,3,6600,1,1,0,3,3,5,3,3,6600,1,1,0,3,3,5,3,3,6600,1,1,0,2025,3,10,4350000,3240000,1,2
202601,6,,남항동,26200,22,0,300,0,1,0,1,51,04,1,1,없음,100,8,0,0,0,1,1,2,1,10,1,1,1,1,1,8,1,3,1,1,I,562,2,1,2,4,4,7,4,4,15300,1,1,0,4,4,7,4,4,15300,1,1,0,4,4,7,4,4,15300,1,1,0,2025,3,10,3500000,3120000,1,2
202601,6,,남항동,26200,22,0,300,0,1,0,1,51,04,1,1,없음,100,8,0,0,0,1,1,2,1,10,1,1,1,1,1,8,1,3,2,1,0,999,1,1,1,3,2,6,3,2,8100,1,1,0,3,2,6,3,2,8100,1,1,0,3,2,6,3,2,8100,1,1,0,2024,3,9,3500000,3120000,1,2
202601,6,,남항동,26200,22,0,300,0,1,0,3,21,16,8,2,984,없음,6,0,0,0,2,2,4,1,10,2,1,1,1,1,8,2,3,1,1,I,562,3,1,4,6,5,7,6,5,16500,1,1,0,6,5,7,6,5,16500,1,1,0,6,5,7,6,5,16500,1,1,0,2024,3,8,5310000,3770000,1,2
202601,6,,남항동,26200,22,0,300,0,1,0,3,21,16,8,2,984,없음,6,0,0,0,2,2,4,1,10,2,1,1,1,1,8,2,3,2,6,0,999,3,1,3,1,1,1,4,4,7800,1,1,1,1,1,1,4,4,7800,1,1,1,1,1,1,4,4,7800,1,1,1,0,1,1,5310000,3770000,1,2
202601,6,,남항동,26200,22,0,300,0,1,0,1,51,04,1,1,없음,50,6,0,0,0,1,1,2,1,10,1,1,1,1,1,8,1,3,1,1,I,561,2,1,2,3,3,7,4,3,9900,1,1,0,3,3,7,4,3,9900,1,1,0,3,3,7,4,3,9900,1,1,0,2026,3,7,3560000,6120000,1,2
202601,6,,남항동,26200,22,0,300,0,1,1,1,21,03,1,1,없음,100,8,0,0,0,2,2,4,1,10,2,1,1,1,1,8,2,3,-1,6,0,999,1,1,1,1,1,1,2,2,3600,1,1,1,1,1,1,2,2,3600,1,1,1,1,1,1,2,2,3600,1,1,1,0,1,1,4460000,2400000,1,2
202601,6,,남항동,26200,22,0,300,0,1,1,1,21,03,1,1,없음,100,8,0,0,0,2,2,4,1,10,2,1,1,1,1,8,2,3,1,1,I,561,4,1,4,5,4,6,5,5,10000,1,1,0,5,4,6,5,5,10000,1,1,0,5,4,6,5,5,10000,1,1,0,2025,3,9,4460000,2400000,1,2
202601,6,,남항동,26200,22,0,300,0,1,1,1,21,03,1,1,없음,100,8,0,0,0,2,2,4,1,10,2,1,1,1,1,8,2,3,2,1,0,999,4,1,4,3,3,4,3,3,4700,1,1,0,3,3,4,3,3,4700,1,1,0,3,3,4,3,3,4700,1,1,0,2025,3,8,4460000,2400000,1,2
202601,6,,남항동,26200,22,0,300,0,1,0,4,19,04,8,2,없음,100,8,0,0,0,1,2,4,1,10,1,1,1,1,1,8,1,3,1,1,I,561,3,1,3,5,4,6,5,4,9900,1,1,0,5,4,6,5,4,9900,1,1,0,5,4,6,5,4,9900,1,1,0,2026,3,8,4720000,3070000,1,1
202601,6,,남항동,26200,22,0,300,0,1,0,4,19,04,8,2,없음,100,8,0,0,0,1,2,4,1,10,1,1,1,1,1,8,1,3,2,2,0,999,3,1,3,1,1,1,4,3,4100,1,1,0,1,1,1,4,3,4100,1,1,0,1,1,1,4,3,4100,1,1,0,0,1,1,4720000,3070000,1,1
202601,6,,남항동,26200,22,0,300,0,1,0,1,12,03,1,1,없음,20,8,0,0,0,1,2,4,1,10,2,1,1,1,1,8,1,3,1,1,I,561,2,1,2,6,4,7,6,4,12200,1,1,0,6,4,7,6,4,12200,1,1,0,6,4,7,6,4,12200,1,1,0,2026,3,8,4440000,3240000,1,2
202601,6,,남항동,26200,22,0,300,0,1,0,1,12,03,1,1,없음,20,8,0,0,0,1,2,4,1,10,2,1,1,1,1,8,1,3,2,1,0,999,2,1,2,4,3,4,4,3,5000,1,1,0,4,3,4,4,3,5000,1,1,0,4,3,4,4,3,5000,1,1,0,2026,3,8,4440000,3240000,1,2
202601,6,,남항동,26200,22,0,300,0,1,0,1,21,03,1,1,없음,979,8,0,0,0,1,2,4,1,10,2,1,1,1,1,8,1,3,1,1,G,478,2,1,2,4,3,7,4,3,10800,1,1,0,4,3,7,4,3,10800,1,1,0,4,3,7,4,3,10800,1,1,0,2025,3,7,5860000,3040000,1,2
202601,6,,남항동,26200,22,0,300,0,1,0,1,21,03,1,1,없음,979,8,0,0,0,1,2,4,1,10,2,1,1,1,1,8,1,3,1,1,G,478,2,1,2,4,3,7,4,3,10900,1,1,0,4,3,7,4,3,10900,1,1,0,4,3,7,4,3,10900,1,1,0,2025,3,8,5860000,3040000,1,2
202601,6,,남항동,26200,22,0,300,0,1,0,1,21,03,1,1,없음,979,8,0,0,0,1,2,4,1,10,2,1,1,1,1,8,1,3,2,1,0,999,3,1,3,5,3,4,5,3,4600,1,1,0,5,3,4,5,3,4600,1,1,0,5,3,4,5,3,4600,1,1,0,2025,3,7,5860000,3040000,1,2
202601,6,,남항동,26200,22,0,300,0,1,0,7,31,04,8,1,없음,150,6,0,0,0,1,1,2,1,8,1,1,1,1,1,8,1,3,1,1,M,739,2,1,2,4,4,7,4,4,12100,1,1,0,4,4,7,4,4,12100,1,1,0,4,4,7,4,4,12100,1,1,0,2024,3,8,3370000,4700000,1,2
202601,6,,서면/전포,26230,15,0,0,0,1,0,1,12,03,1,1,592,28,5,0,0,0,2,2,4,1,10,1,1,1,1,1,8,2,3,1,2,C,284,3,1,3,1,1,1,6,5,25000,1,1,0,1,1,1,6,5,25000,1,1,0,1,1,1,6,5,25000,1,1,0,0,1,1,7490000,8280000,1,2
202601,6,,서면/전포,26230,15,0,0,0,1,0,1,12,03,1,1,592,28,5,0,0,0,2,2,4,1,10,1,1,1,1,1,8,2,3,1,1,I,561,2,1,2,5,5,8,5,5,26600,1,1,0,5,5,8,5,5,26600,1,1,0,5,5,8,5,5,26600,1,1,0,2025,3,10,7490000,8280000,1,2
202601,6,,서면/전포,26230,15,0,0,0,1,0,1,21,04,1,1,600,5,4,0,0,0,1,1,3,1,10,1,1,1,1,1,8,1,3,1,1,I,561,2,1,2,6,4,8,6,4,23700,1,1,0,6,4,8,6,4,23700,1,1,0,6,4,8,6,4,23700,1,1,0,2024,3,10,11740000,10010000,1,3
202601,6,,서면/전포,26230,15,0,0,0,1,0,1,21,04,1,1,600,5,4,0,0,0,1,1,3,1,10,1,1,1,1,1,8,1,3,2,6,0,999,2,1,2,1,1,1,4,4,18300,1,1,1,1,1,1,4,4,18300,1,1,1,1,1,1,4,4,18300,1,1,1,0,1,1,11740000,10010000,1,3
202601,6,,서면/전포,26230,15,0,0,0,1,0,7,21,04,5,1,400,66,4,0,0,0,1,1,3,1,10,1,1,1,1,1,8,1,3,1,1,S,969,2,1,2,5,5,9,5,5,28800,1,1,0,5,5,9,5,5,28800,1,1,0,5,5,9,5,5,28800,1,1,0,2025,3,10,9560000,10540000,1,3
202601,6,,서면/전포,26230,15,0,0,0,1,0,7,21,04,5,1,400,66,4,0,0,0,1,1,3,1,10,1,1,1,1,1,8,1,3,2,1,S,961,2,1,2,4,4,8,4,4,20200,1,1,0,4,4,8,4,4,20200,1,1,0,4,4,8,4,4,20200,1,1,0,2024,4,9,9560000,10540000,1,3
202601,6,,서면/전포,26230,22,0,300,0,1,0,1,12,04,6,1,250,100,10,0,0,0,2,1,2,1,10,1,1,1,1,1,8,2,3,1,1,I,561,2,1,2,6,6,10,6,6,51200,1,1,0,6,6,10,6,6,51200,1,1,0,6,6,10,6,6,51200,1,1,0,2025,2,10,5680000,9630000,1,3
202601,6,,서면/전포,26230,15,0,0,0,1,0,1,21,03,8,2,200,180,7,0,0,0,1,2,3,1,10,1,1,1,1,1,8,1,3,1,1,I,562,1,1,1,4,4,9,4,4,32600,1,1,0,4,4,9,4,4,32600,1,1,0,4,4,9,4,4,32600,1,1,0,2024,3,10,12140000,9370000,1,2
202601,6,,서면/전포,26230,15,0,0,0,1,0,1,21,03,8,2,200,180,7,0,0,0,1,2,3,1,10,1,1,1,1,1,8,1,3,1,1,I,562,1,1,1,4,4,9,4,4,32600,1,1,0,4,4,9,4,4,32600,1,1,0,4,4,9,4,4,32600,1,1,0,2025,3,10,12140000,9370000,1,2
202601,6,,서면/전포,26230,15,0,0,0,1,0,1,21,03,8,2,200,180,7,0,0,0,1,2,3,1,10,1,1,1,1,1,8,1,3,2,2,C,289,2,1,2,1,1,1,5,4,19000,1,1,0,1,1,1,5,4,19000,1,1,0,1,1,1,5,4,19000,1,1,0,0,1,1,12140000,9370000,1,2
202601,6,,서면/전포,26230,22,0,300,0,1,0,1,12,04,10,2,10,120,5,0,0,0,1,2,4,1,10,2,1,1,1,1,8,1,3,1,1,I,562,2,1,2,6,5,8,6,5,29000,1,1,0,6,5,8,6,5,29000,1,1,0,6,5,8,6,5,29000,1,1,0,2025,3,10,10650000,7510000,1,1
202601,6,,서면/전포,26230,22,0,300,0,1,0,1,12,04,10,2,10,120,5,0,0,0,1,2,4,1,10,2,1,1,1,1,8,1,3,2,1,P,855,2,1,2,5,4,7,5,4,15500,1,1,0,5,4,7,5,4,15500,1,1,0,5,4,7,5,4,15500,1,1,0,2024,3,9,10650000,7510000,1,1
202601,6,,서면/전포,26230,22,0,300,0,1,0,1,12,03,1,1,40,40,7,0,0,0,1,2,4,1,9,1,1,1,1,1,8,1,3,1,1,G,475,2,1,2,4,5,8,4,5,26900,1,1,0,4,5,8,4,5,26900,1,1,0,4,5,8,4,5,26900,1,1,0,2025,3,10,15420000,10880000,1,2
202601,6,,서면/전포,26230,22,0,300,0,1,0,1,12,03,1,1,40,40,7,0,0,0,1,2,4,1,9,1,1,1,1,1,8,1,3,1,1,M,733,1,1,2,4,4,8,4,4,28700,1,1,0,4,4,8,4,4,28700,1,1,0,4,4,8,4,4,28700,1,1,0,2025,3,10,15420000,10880000,1,2
202601,6,,서면/전포,26230,22,0,300,0,1,0,1,12,03,1,1,40,40,7,0,0,0,1,2,4,1,9,1,1,1,1,1,8,1,3,2,2,0,999,2,1,2,1,1,1,4,4,11600,1,1,0,1,1,1,4,4,11600,1,1,0,1,1,1,4,4,11600,1,1,0,0,1,1,15420000,10880000,1,2
202601,6,,서면/전포,26230,15,0,0,0,1,0,1,21,04,7,2,110,100,6,0,0,0,1,1,3,1,10,1,1,1,1,1,8,1,3,1,1,I,562,2,1,2,5,5,9,5,5,26700,1,1,0,5,5,9,5,5,26700,1,1,0,5,5,9,5,5,26700,1,1,0,2025,3,10,11310000,9530000,1,3
202601,6,,서면/전포,26230,15,0,0,0,1,0,1,21,04,7,2,110,100,6,0,0,0,1,1,3,1,10,1,1,1,1,1,8,1,3,2,6,0,999,1,1,2,1,1,1,4,4,18700,1,1,1,1,1,1,4,4,18700,1,1,1,1,1,1,4,4,18700,1,1,1,0,1,1,11310000,9530000,1,3
202601,6,,서면/전포,26230,15,0,0,0,1,0,1,12,04,10,2,210,210,6,0,0,0,1,1,2,1,9,1,1,1,1,1,8,1,3,1,1,I,561,2,1,2,5,5,9,5,5,47200,1,1,0,5,5,9,5,5,47200,1,1,0,5,5,9,5,5,47200,1,1,0,2025,3,10,15650000,9890000,1,1
202601,6,,서면/전포,26230,15,0,0,0,1,0,1,12,04,10,2,210,210,6,0,0,0,1,1,2,1,9,1,1,1,1,1,8,1,3,2,1,S,961,1,1,1,4,4,9,4,4,36400,1,1,0,4,4,9,4,4,36400,1,1,0,4,4,9,4,4,36400,1,1,0,2026,3,10,15650000,9890000,1,1
202601,6,,서면/전포,26230,15,0,0,0,1,0,1,12,03,1,1,250,78,5,0,0,0,1,1,3,1,10,1,1,1,1,1,8,1,3,1,1,I,562,2,1,2,5,5,9,5,5,30400,1,1,0,5,5,9,5,5,30400,1,1,0,5,5,9,5,5,30400,1,1,0,2025,4,9,12960000,8390000,1,2
202601,6,,서면/전포,26230,15,0,0,0,1,0,1,12,03,1,1,250,78,5,0,0,0,1,1,3,1,10,1,1,1,1,1,8,1,3,2,1,G,474,2,1,2,4,4,8,4,4,19500,1,1,0,4,4,8,4,4,19500,1,1,0,4,4,8,4,4,19500,1,1,0,2025,4,10,12960000,8390000,1,2
202601,6,,서면/전포,26230,15,0,0,0,1,0,1,12,04,1,1,220,270,5,0,0,0,1,1,2,1,9,1,1,1,1,1,8,1,3,1,1,I,562,1,1,2,4,5,9,4,5,41100,1,1,0,4,5,9,4,5,41100,1,1,0,4,5,9,4,5,41100,1,1,0,2025,3,10,13260000,7960000,1,3
202601,6,,서면/전포,26230,15,0,0,0,1,0,1,12,04,1,1,220,270,5,0,0,0,1,1,2,1,9,1,1,1,1,1,8,1,3,2,1,S,961,1,1,1,4,4,8,4,4,25000,1,1,0,4,4,8,4,4,25000,1,1,0,4,4,8,4,4,25000,1,1,0,2024,3,10,13260000,7960000,1,3
202601,6,,서면/전포,26230,15,0,0,0,1,0,2,11,04,6,2,110,220,8,0,0,0,1,1,3,1,9,1,1,1,1,1,8,1,3,1,1,I,561,2,1,2,5,5,9,5,5,42100,1,1,0,5,5,9,5,5,42100,1,1,0,5,5,9,5,5,42100,1,1,0,2025,3,10,10100000,9430000,1,3
202601,6,,서면/전포,26230,15,0,0,0,1,0,2,11,04,6,2,110,220,8,0,0,0,1,1,3,1,9,1,1,1,1,1,8,1,3,2,1,I,561,2,1,2,4,4,8,4,4,21800,1,1,0,4,4,8,4,4,21800,1,1,0,4,4,8,4,4,21800,1,1,0,2025,3,10,10100000,9430000,1,3
202601,6,,서면/전포,26230,22,0,300,0,1,0,1,12,03,8,1,250,50,6,0,0,0,1,1,3,1,10,1,1,1,1,1,8,1,3,1,1,G,465,2,1,2,4,4,8,4,4,21400,1,1,0,4,4,8,4,4,21400,1,1,0,4,4,8,4,4,21400,1,1,0,2025,3,8,12800000,16820000,1,2
202601,6,,서면/전포,26230,22,0,300,0,1,0,1,12,03,8,1,250,50,6,0,0,0,1,1,3,1,10,1,1,1,1,1,8,1,3,1,1,C,259,1,1,1,3,3,8,4,3,20400,1,1,0,3,3,8,4,3,20400,1,1,0,3,3,8,4,3,20400,1,1,0,2026,4,8,12800000,16820000,1,2
202601,6,,서면/전포,26230,22,0,300,0,1,0,1,12,04,6,1,470,150,8,0,0,0,2,2,4,1,10,2,1,1,1,1,8,2,3,1,1,I,561,3,1,3,6,6,9,6,6,37300,2,1,0,6,6,9,6,6,37300,2,1,0,6,6,9,6,6,37300,2,1,0,2024,3,10,11900000,14690000,1,2
202601,6,,서면/전포,26230,22,0,300,0,1,0,1,12,04,6,1,470,150,8,0,0,0,2,2,4,1,10,2,1,1,1,1,8,2,3,2,1,I,561,2,1,2,5,5,8,5,5,21700,1,1,0,5,5,8,5,5,21700,1,1,0,5,5,8,5,5,21700,1,1,0,2024,3,10,11900000,14690000,1,2
202601,6,,부전시장,26230,22,0,120,300,1,0,8,31,03,8,1,20,20,1,0,1,0,3,2,4,1,10,1,2,1,1,1,8,3,3,1,1,G,478,2,1,2,6,6,10,6,6,48600,1,1,0,6,6,10,6,6,48600,1,1,0,6,6,10,6,6,48600,1,1,0,2024,5,9,12600000,16000000,1,1
202601,6,,부전시장,26230,22,0,120,300,1,0,8,31,03,8,1,20,20,1,0,1,0,3,2,4,1,10,1,2,1,1,1,8,3,3,1,6,0,999,4,1,4,1,1,1,7,6,14100,1,1,1,1,1,1,7,6,14100,1,1,1,1,1,1,7,6,14100,1,1,1,0,1,1,12600000,16000000,1,1
202601,6,,서면/전포,26230,22,0,300,0,1,0,1,12,03,8,1,180,20,1,0,0,0,2,1,2,1,10,1,1,1,1,1,8,1,3,1,1,S,969,1,1,1,3,3,8,3,3,20800,1,1,0,3,3,8,3,3,20800,1,1,0,3,3,8,3,3,20800,1,1,0,2025,3,8,30960000,41320000,1,2
202601,6,,서면/전포,26230,22,0,300,0,1,0,1,12,03,8,1,180,20,1,0,0,0,2,1,2,1,10,1,1,1,1,1,8,1,3,1,1,G,478,1,1,1,4,5,9,4,5,35600,1,1,0,4,5,9,4,5,35600,1,1,0,4,5,9,4,5,35600,1,1,0,2025,3,10,30960000,41320000,1,2
202601,6,,서면/전포,26230,22,0,300,0,1,0,1,12,03,8,1,180,20,1,0,0,0,2,1,2,1,10,1,1,1,1,1,8,1,3,1,1,G,474,1,1,1,3,3,9,4,3,35000,1,1,0,3,3,9,4,3,35000,1,1,0,3,3,9,4,3,35000,1,1,0,2024,3,8,30960000,41320000,1,2
202601,6,,서면/전포,26230,22,0,300,0,1,0,7,21,04,8,2,153,59,6,0,0,0,1,2,4,1,9,2,1,1,1,1,8,1,3,1,1,I,561,2,1,3,6,5,9,6,6,35000,1,1,0,6,5,9,6,6,35000,1,1,0,6,5,9,6,6,35000,1,1,0,2025,3,9,22240000,15290000,1,3
202601,6,,서면/전포,26230,22,0,300,0,1,0,7,21,04,8,2,153,59,6,0,0,0,1,2,4,1,9,2,1,1,1,1,8,1,3,2,1,S,961,2,1,3,5,5,8,5,5,20600,1,1,0,5,5,8,5,5,20600,1,1,0,5,5,8,5,5,20600,1,1,0,2026,3,9,22240000,15290000,1,3
202601,6,,부전시장,26230,22,0,300,0,1,0,3,19,03,8,2,290,138,7,0,0,0,2,2,4,1,9,2,1,1,1,1,8,2,3,1,1,G,472,1,1,1,5,5,10,5,5,69400,1,1,0,5,5,10,5,5,69400,1,1,0,5,5,10,5,5,69400,1,1,0,2024,5,6,16270000,15180000,1,2
202601,6,,부전시장,26230,22,0,300,0,1,0,3,19,03,8,2,290,138,7,0,0,0,2,2,4,1,9,2,1,1,1,1,8,2,3,1,1,G,472,1,1,1,5,5,10,5,5,66900,1,1,0,5,5,10,5,5,66900,1,1,0,5,5,10,5,5,66900,1,1,0,2024,3,8,16270000,15180000,1,2
202601,6,,부전시장,26230,22,0,300,0,1,0,3,19,03,8,2,290,138,7,0,0,0,2,2,4,1,9,2,1,1,1,1,8,2,3,1,1,G,472,1,1,1,5,5,10,5,5,66900,1,1,0,5,5,10,5,5,66900,1,1,0,5,5,10,5,5,66900,1,1,0,2025,3,9,16270000,15180000,1,2
202601,6,,부전시장,26230,22,0,300,0,1,0,3,19,03,8,2,290,138,7,0,0,0,2,2,4,1,9,2,1,1,1,1,8,2,3,1,1,G,472,1,1,1,5,5,10,5,5,69300,1,1,0,5,5,10,5,5,69300,1,1,0,5,5,10,5,5,69300,1,1,0,2024,5,6,16270000,15180000,1,2
202601,6,,부전시장,26230,22,0,300,0,1,0,3,19,03,8,2,290,138,7,0,0,0,2,2,4,1,9,2,1,1,1,1,8,2,3,2,1,L,682,2,1,2,4,3,7,4,5,24900,1,1,0,4,3,7,4,5,24900,1,1,0,4,3,7,4,5,24900,1,1,0,2025,3,8,16270000,15180000,1,2
202601,6,,부전시장,26230,22,0,300,0,1,0,6,21,03,8,1,248,137,6,0,0,0,2,2,4,1,10,1,1,1,1,1,8,2,3,1,1,I,561,1,1,1,6,6,12,6,5,78600,1,1,0,6,6,12,6,5,78600,1,1,0,6,6,12,6,5,78600,1,1,0,2025,3,10,15990000,20180000,1,3
202601,6,,부전시장,26230,22,0,300,0,1,0,6,21,03,8,1,248,137,6,0,0,0,2,2,4,1,10,1,1,1,1,1,8,2,3,1,1,G,472,1,1,1,5,5,10,4,5,74900,1,1,0,5,5,10,4,5,74900,1,1,0,5,5,10,4,5,74900,1,1,0,2026,5,8,15990000,20180000,1,3
202601,6,,부전시장,26230,22,0,300,0,1,0,6,21,03,8,1,248,137,6,0,0,0,2,2,4,1,10,1,1,1,1,1,8,2,3,1,1,G,472,1,1,1,5,5,10,5,5,76200,1,1,0,5,5,10,5,5,76200,1,1,0,5,5,10,5,5,76200,1,1,0,2023,4,10,15990000,20180000,1,3
202601,6,,부전시장,26230,22,0,300,0,1,0,6,21,03,8,1,248,137,6,0,0,0,2,2,4,1,10,1,1,1,1,1,8,2,3,1,1,G,472,1,1,1,6,6,12,5,5,76200,1,1,0,6,6,12,5,5,76200,1,1,0,6,6,12,5,5,76200,1,1,0,2025,3,10,15990000,20180000,1,3
202601,6,,부전시장,26230,22,0,300,0,1,0,6,21,03,8,1,248,137,6,0,0,0,2,2,4,1,10,1,1,1,1,1,8,2,3,1,6,0,999,2,1,2,1,1,1,4,4,26000,1,1,1,1,1,1,4,4,26000,1,1,1,1,1,1,4,4,26000,1,1,1,0,1,1,15990000,20180000,1,3
202601,6,,부전시장,26230,22,0,300,0,1,0,7,32,03,8,1,202,63,6,0,0,0,2,2,4,1,10,2,1,1,1,1,8,2,3,1,1,G,472,1,1,1,5,5,10,5,5,67200,1,1,0,5,5,10,5,5,67200,1,1,0,5,5,10,5,5,67200,1,1,0,2024,5,9,16000000,20130000,1,3
202601,6,,부전시장,26230,22,0,300,0,1,0,7,32,03,8,1,202,63,6,0,0,0,2,2,4,1,10,2,1,1,1,1,8,2,3,1,1,G,472,1,1,1,5,5,10,5,5,67200,1,1,0,5,5,10,5,5,67200,1,1,0,5,5,10,5,5,67200,1,1,0,2024,5,9,16000000,20130000,1,3
202601,6,,부전시장,26230,22,0,300,0,1,0,7,32,03,8,1,202,63,6,0,0,0,2,2,4,1,10,2,1,1,1,1,8,2,3,1,1,G,472,1,1,1,5,5,10,5,5,67200,1,1,0,5,5,10,5,5,67200,1,1,0,5,5,10,5,5,67200,1,1,0,2025,5,10,16000000,20130000,1,3
202601,6,,부전시장,26230,22,0,300,0,1,0,7,32,03,8,1,202,63,6,0,0,0,2,2,4,1,10,2,1,1,1,1,8,2,3,1,1,G,472,1,1,1,5,5,10,5,5,67200,1,1,0,5,5,10,5,5,67200,1,1,0,5,5,10,5,5,67200,1,1,0,2026,5,8,16000000,20130000,1,3
202601,6,,부전시장,26230,22,0,300,0,1,0,1,12,03,10,1,225,65,4,0,0,0,1,1,1,1,10,1,1,1,1,1,8,1,3,1,1,G,472,1,1,1,4,4,9,4,4,31500,1,1,0,4,4,9,4,4,31500,1,1,0,4,4,9,4,4,31500,1,1,0,2024,3,8,9900000,10370000,1,2
202601,6,,부전시장,26230,22,0,300,0,1,0,1,12,04,7,2,260,120,7,0,0,0,2,2,4,1,10,2,1,1,1,1,8,2,3,1,1,S,969,1,1,1,3,3,8,3,3,25500,1,1,0,3,3,8,3,3,25500,1,1,0,3,3,8,3,3,25500,1,1,0,2026,3,8,9250000,7890000,1,3
202601,6,,부전시장,26230,22,0,300,0,1,0,1,12,04,7,2,260,120,7,0,0,0,2,2,4,1,10,2,1,1,1,1,8,2,3,1,1,I,561,1,1,1,3,4,9,3,3,25500,1,1,0,3,4,9,3,3,25500,1,1,0,3,4,9,3,3,25500,1,1,0,2025,3,10,9250000,7890000,1,3
202601,6,,부전시장,26230,22,0,300,0,1,0,1,12,04,7,2,260,120,7,0,0,0,2,2,4,1,10,2,1,1,1,1,8,2,3,1,1,R,912,1,1,1,3,3,8,3,3,25500,1,1,0,3,3,8,3,3,25500,1,1,0,3,3,8,3,3,25500,1,1,0,2025,3,10,9250000,7890000,1,3
202601,6,,부전시장,26230,22,0,300,0,1,0,1,12,04,7,2,260,120,7,0,0,0,2,2,4,1,10,2,1,1,1,1,8,2,3,2,1,G,463,2,1,2,4,4,7,4,4,10900,1,1,0,4,4,7,4,4,10900,1,1,0,4,4,7,4,4,10900,1,1,0,2025,3,8,9250000,7890000,1,3
202601,6,,부전시장,26230,22,0,300,0,1,0,1,19,04,1,1,400,185,6,0,0,0,2,1,3,1,10,1,1,1,1,1,8,2,3,1,1,I,561,3,1,3,6,6,9,6,6,40600,1,1,0,6,6,9,6,6,40600,1,1,0,6,6,9,6,6,40600,1,1,0,2025,3,8,15470000,20120000,1,2
202601,6,,부전시장,26230,22,0,300,0,1,0,3,11,03,8,2,420,50,5,0,0,0,2,2,4,1,10,2,1,1,1,1,8,2,3,1,1,G,475,2,1,2,5,4,8,5,4,27700,1,1,0,5,4,8,5,4,27700,1,1,0,5,4,8,5,4,27700,1,1,0,2024,3,6,9840000,9040000,1,2
202601,6,,부전시장,26230,22,0,300,0,1,0,3,11,03,8,2,420,50,5,0,0,0,2,2,4,1,10,2,1,1,1,1,8,2,3,1,1,G,475,1,1,1,6,4,9,6,4,30000,1,1,0,6,4,9,6,4,30000,1,1,0,6,4,9,6,4,30000,1,1,0,2024,3,6,9840000,9040000,1,2
202601,6,,부전시장,26230,22,0,300,0,1,0,3,11,03,8,2,420,50,5,0,0,0,2,2,4,1,10,2,1,1,1,1,8,2,3,1,1,G,475,1,1,1,6,4,9,6,4,31100,1,1,0,6,4,9,6,4,31100,1,1,0,6,4,9,6,4,31100,1,1,0,2024,3,7,9840000,9040000,1,2
202601,6,,부전시장,26230,22,0,300,0,1,0,3,11,03,8,2,420,50,5,0,0,0,2,2,4,1,10,2,1,1,1,1,8,2,3,1,1,G,478,2,1,2,1,6,9,6,5,35300,1,1,0,1,6,9,6,5,35300,1,1,0,1,6,9,6,5,35300,1,1,0,2024,5,8,9840000,9040000,1,2
202601,6,,부전시장,26230,22,0,300,0,1,0,3,11,03,8,2,420,50,5,0,0,0,2,2,4,1,10,2,1,1,1,1,8,2,3,1,1,G,475,1,1,1,5,4,9,5,4,34100,1,1,0,5,4,9,5,4,34100,1,1,0,5,4,9,5,4,34100,1,1,0,2026,3,7,9840000,9040000,1,2
202601,6,,부전시장,26230,22,0,300,0,1,0,3,11,03,8,2,420,50,5,0,0,0,2,2,4,1,10,2,1,1,1,1,8,2,3,2,1,G,478,3,1,4,1,6,8,6,5,18200,1,1,0,1,6,8,6,5,18200,1,1,0,1,6,8,6,5,18200,1,1,0,2024,5,7,9840000,9040000,1,2
202601,6,,부전시장,26230,22,0,300,0,1,0,4,21,03,1,1,461,51,4,0,0,0,2,2,4,1,10,1,1,1,1,1,8,2,3,1,1,G,475,2,1,2,6,5,8,6,5,21100,1,1,0,6,5,8,6,5,21100,1,1,0,6,5,8,6,5,21100,1,1,0,2022,5,9,9400000,11660000,1,2
202601,6,,부전시장,26230,22,0,300,0,1,0,4,21,03,1,1,461,51,4,0,0,0,2,2,4,1,10,1,1,1,1,1,8,2,3,2,6,0,999,2,1,2,1,1,1,5,3,11400,1,1,1,1,1,1,5,3,11400,1,1,1,1,1,1,5,3,11400,1,1,1,0,1,1,9400000,11660000,1,2
202601,6,,부전시장,26230,22,0,120,300,1,0,1,21,03,1,1,229,16,3,0,0,0,2,2,4,1,10,2,1,1,1,1,8,2,3,1,1,G,463,4,1,4,6,6,9,6,6,43600,2,1,0,6,6,9,6,6,43600,2,1,0,6,6,9,6,6,43600,2,1,0,2025,3,8,20380000,26820000,1,2
202601,6,,부전시장,26230,22,0,120,300,1,0,1,21,04,8,2,250,20,8,0,0,0,1,2,4,1,9,2,1,1,1,1,8,1,3,1,1,I,562,1,1,2,5,5,9,5,5,35700,1,1,0,5,5,9,5,5,35700,1,1,0,5,5,9,5,5,35700,1,1,0,2023,5,10,8710000,5650000,1,2
202601,6,,부전시장,26230,22,0,120,300,1,0,1,21,04,8,2,250,20,8,0,0,0,1,2,4,1,9,2,1,1,1,1,8,1,3,1,1,I,562,1,1,2,5,5,9,5,5,33000,1,1,0,5,5,9,5,5,33000,1,1,0,5,5,9,5,5,33000,1,1,0,2021,5,10,8710000,5650000,1,2
202601,6,,부전시장,26230,22,0,120,300,1,0,1,21,04,8,2,250,20,8,0,0,0,1,2,4,1,9,2,1,1,1,1,8,1,3,2,1,I,562,3,1,3,5,4,7,5,4,14700,1,1,0,5,4,7,5,4,14700,1,1,0,5,4,7,5,4,14700,1,1,0,2023,5,9,8710000,5650000,1,2
202601,6,,부전시장,26230,22,0,120,300,1,0,1,21,03,1,1,500,100,8,0,0,0,1,1,2,1,10,1,1,1,1,1,8,1,3,1,1,I,561,2,1,2,5,4,7,5,5,18800,1,1,0,5,4,7,5,5,18800,1,1,0,5,4,7,5,5,18800,1,1,0,2024,3,10,11670000,14920000,1,3
202601,6,,부전시장,26230,22,0,300,0,1,0,1,21,03,7,2,462,156,9,0,0,0,1,1,3,1,10,1,1,1,1,1,8,1,3,1,1,I,561,2,1,2,6,4,8,6,4,23000,1,1,0,6,4,8,6,4,23000,1,1,0,6,4,8,6,4,23000,1,1,0,2025,3,10,5340000,3830000,1,3
202601,6,,부전시장,26230,22,0,300,0,1,0,1,21,03,7,2,462,156,9,0,0,0,1,1,3,1,10,1,1,1,1,1,8,1,3,2,1,I,561,2,1,2,3,3,7,3,3,10300,1,1,0,3,3,7,3,3,10300,1,1,0,3,3,7,3,3,10300,1,1,0,2025,3,10,5340000,3830000,1,3
202601,6,,부전시장,26230,22,0,300,0,1,0,1,12,03,1,1,400,250,8,0,0,0,1,1,3,1,9,1,1,1,1,1,8,1,3,1,1,I,561,2,1,2,5,5,8,5,5,26200,1,1,0,5,5,8,5,5,26200,1,1,0,5,5,8,5,5,26200,1,1,0,2023,5,9,10430000,6340000,1,3
202601,6,,부전시장,26230,22,0,300,0,1,0,1,12,03,1,1,400,250,8,0,0,0,1,1,3,1,9,1,1,1,1,1,8,1,3,2,1,0,999,2,1,2,3,3,6,3,3,7800,1,1,0,3,3,6,3,3,7800,1,1,0,3,3,6,3,3,7800,1,1,0,2023,5,9,10430000,6340000,1,3
202601,6,,부전시장,26230,22,0,300,0,1,0,7,32,04,8,2,500,250,10,0,0,0,1,1,3,1,10,1,1,1,1,1,8,1,3,1,1,I,562,2,1,2,5,5,9,5,5,27300,1,1,0,5,5,9,5,5,27300,1,1,0,5,5,9,5,5,27300,1,1,0,2025,3,10,6630000,4780000,1,3
202601,6,,부전시장,26230,22,0,300,0,1,0,7,32,04,8,2,500,250,10,0,0,0,1,1,3,1,10,1,1,1,1,1,8,1,3,2,1,I,561,2,1,2,3,3,7,3,3,10900,1,1,0,3,3,7,3,3,10900,1,1,0,3,3,7,3,3,10900,1,1,0,2025,3,9,6630000,4780000,1,3
202601,6,,부전시장,26230,22,0,120,300,1,0,1,51,03,4,1,170,20,8,0,0,0,2,1,2,1,10,1,1,1,1,1,8,2,3,1,1,I,561,2,1,2,6,5,9,6,5,43500,1,1,0,6,5,9,6,5,43500,1,1,0,6,5,9,6,5,43500,1,1,0,2024,3,8,11220000,37120000,1,3
202601,6,,서면/전포,26230,22,0,300,0,1,0,5,21,03,8,2,500,300,6,0,0,0,2,2,4,1,10,2,1,1,1,1,8,2,3,1,1,I,561,3,1,4,6,5,7,5,5,18300,1,1,0,6,5,7,5,5,18300,1,1,0,6,5,7,5,5,18300,1,1,0,2024,4,6,8960000,5960000,1,2
202601,6,,서면/전포,26230,22,0,300,0,1,0,5,21,03,8,2,500,300,6,0,0,0,2,2,4,1,10,2,1,1,1,1,8,2,3,2,1,I,561,4,1,4,5,4,7,4,5,10600,1,1,0,5,4,7,4,5,10600,1,1,0,5,4,7,4,5,10600,1,1,0,2024,4,6,8960000,5960000,1,2
202601,6,,서면/전포,26230,22,0,300,0,1,0,6,21,04,7,2,728,584,5,0,0,0,1,1,2,1,10,1,1,1,1,1,8,1,3,1,1,K,649,1,1,1,4,4,9,4,4,31700,1,1,0,4,4,9,4,4,31700,1,1,0,4,4,9,4,4,31700,1,1,0,2025,3,10,10720000,8070000,1,3
202601,6,,서면/전포,26230,22,0,300,0,1,0,6,21,04,7,2,728,584,5,0,0,0,1,1,2,1,10,1,1,1,1,1,8,1,3,2,1,S,961,1,1,1,4,3,7,4,3,18700,1,1,0,4,3,7,4,3,18700,1,1,0,4,3,7,4,3,18700,1,1,0,2025,3,10,10720000,8070000,1,3
202601,6,,서면/전포,26230,22,0,300,0,1,0,1,21,04,8,2,500,110,8,0,0,0,2,2,4,1,10,2,1,1,1,1,8,2,3,1,1,G,467,2,1,2,3,3,7,3,3,11800,1,1,0,3,3,7,3,3,11800,1,1,0,3,3,7,3,3,11800,1,1,0,2024,3,8,4670000,4440000,1,2
202601,6,,서면/전포,26230,22,0,300,0,1,0,1,21,04,8,2,500,110,8,0,0,0,2,2,4,1,10,2,1,1,1,1,8,2,3,1,1,G,467,3,1,3,4,4,7,4,4,12500,1,1,0,4,4,7,4,4,12500,1,1,0,4,4,7,4,4,12500,1,1,0,2024,3,8,4670000,4440000,1,2
202601,6,,서면/전포,26230,22,0,300,0,1,0,1,21,04,8,2,500,110,8,0,0,0,2,2,4,1,10,2,1,1,1,1,8,2,3,2,1,G,467,2,1,2,4,3,5,4,3,7600,1,1,0,4,3,5,4,3,7600,1,1,0,4,3,5,4,3,7600,1,1,0,2025,3,10,4670000,4440000,1,2
202601,6,,현대백화점주변,26230,22,0,300,0,1,0,1,12,03,1,1,70,30,1,0,0,0,1,1,2,1,10,1,1,1,1,1,8,1,3,1,1,G,478,1,1,1,4,3,7,4,3,16900,1,1,0,4,3,7,4,3,16900,1,1,0,4,3,7,4,3,16900,1,1,0,2025,3,8,10900000,15270000,1,3
202601,6,,현대백화점주변,26230,22,0,300,0,1,0,1,12,03,1,1,70,30,1,0,0,0,1,1,2,1,10,1,1,1,1,1,8,1,3,1,1,G,478,1,1,1,4,3,7,4,3,16900,1,1,0,4,3,7,4,3,16900,1,1,0,4,3,7,4,3,16900,1,1,0,2025,3,8,10900000,15270000,1,3
202601,6,,현대백화점주변,26230,22,0,300,0,1,0,4,11,03,8,1,250,100,6,0,0,0,2,2,4,1,10,2,1,1,1,1,8,2,3,1,1,G,475,2,1,2,5,4,8,5,4,21000,1,1,0,5,4,8,5,4,21000,1,1,0,5,4,8,5,4,21000,1,1,0,2025,3,10,10990000,13940000,1,2
202601,6,,현대백화점주변,26230,22,0,300,0,1,0,4,11,03,8,1,250,100,6,0,0,0,2,2,4,1,10,2,1,1,1,1,8,2,3,1,1,I,561,2,1,2,6,5,8,6,5,21400,1,1,0,6,5,8,6,5,21400,1,1,0,6,5,8,6,5,21400,1,1,0,2024,3,9,10990000,13940000,1,2
202601,6,,현대백화점주변,26230,22,0,300,0,1,0,4,11,03,8,1,250,100,6,0,0,0,2,2,4,1,10,2,1,1,1,1,8,2,3,1,1,G,462,2,1,2,6,4,8,5,4,25800,1,1,0,6,4,8,5,4,25800,1,1,0,6,4,8,5,4,25800,1,1,0,2024,3,9,10990000,13940000,1,2
202601,6,,현대백화점주변,26230,22,0,300,0,1,0,1,31,03,6,1,100,50,1,0,0,0,3,2,4,1,10,2,1,1,1,1,8,3,3,1,1,S,952,4,1,4,6,6,7,6,6,18600,2,1,0,6,6,7,6,6,18600,2,1,0,6,6,7,6,6,18600,2,1,0,2026,3,10,8640000,14410000,1,3
202601,6,,현대백화점주변,26230,22,0,300,0,1,0,1,12,04,8,1,300,140,7,0,0,0,3,2,4,1,10,2,1,1,1,1,8,3,3,1,1,C,339,4,1,4,5,6,7,5,6,12500,1,1,0,5,6,7,5,6,12500,1,1,0,5,6,7,5,6,12500,1,1,0,2025,3,9,4420000,6240000,1,2
202601,6,,현대백화점주변,26230,22,0,300,0,1,0,7,31,04,8,1,141,107,6,0,0,0,2,1,3,1,10,1,1,1,1,1,8,2,3,1,1,I,561,3,1,3,5,4,7,5,4,11100,1,1,0,5,4,7,5,4,11100,1,1,0,5,4,7,5,4,11100,1,1,0,2025,3,9,3500000,4820000,1,1
202601,6,,현대백화점주변,26230,22,0,300,0,1,0,1,21,04,1,1,151,87,6,0,0,0,2,2,4,1,10,1,1,1,1,1,8,2,3,1,1,N,741,3,1,3,5,4,7,6,4,11800,1,1,0,5,4,7,6,4,11800,1,1,0,5,4,7,6,4,11800,1,1,0,2024,3,9,3320000,2280000,1,2
202601,6,,현대백화점주변,26230,22,0,300,0,1,0,1,21,04,1,1,151,87,6,0,0,0,2,2,4,1,10,1,1,1,1,1,8,2,3,2,2,0,999,2,1,2,1,1,1,4,3,9100,1,1,0,1,1,1,4,3,9100,1,1,0,1,1,1,4,3,9100,1,1,0,0,1,1,3320000,2280000,1,2
202601,6,,현대백화점주변,26230,22,0,300,0,1,0,1,12,03,1,1,300,100,8,0,0,0,1,1,1,1,10,1,1,1,1,1,8,1,3,1,1,I,562,1,1,1,4,3,7,4,3,18300,1,1,0,4,3,7,4,3,18300,1,1,0,4,3,7,4,3,18300,1,1,0,2024,3,10,6720000,15990000,3,3
202601,6,,현대백화점주변,26230,22,0,300,0,1,0,1,51,03,1,1,130,210,8,0,0,0,1,1,1,1,10,1,1,1,1,1,8,1,3,1,1,G,471,1,1,1,3,3,8,3,3,22100,1,1,0,3,3,8,3,3,22100,1,1,0,3,3,8,3,3,22100,1,1,0,2024,3,10,3890000,10030000,1,2
202601,6,,현대백화점주변,26230,22,0,300,0,1,0,1,51,03,1,1,130,210,8,0,0,0,1,1,1,1,10,1,1,1,1,1,8,1,3,1,1,G,472,1,1,1,3,3,7,3,3,16100,1,1,0,3,3,7,3,3,16100,1,1,0,3,3,7,3,3,16100,1,1,0,2024,3,9,3890000,10030000,1,2
202601,6,,개금역,26230,16,0,0,0,1,0,6,32,04,6,1,800,220,6,0,0,0,1,1,1,1,10,1,1,1,1,1,8,1,3,1,1,I,562,1,1,1,5,4,8,5,4,27000,1,1,0,5,4,8,5,4,27000,1,1,0,5,4,8,5,4,27000,1,1,0,2024,4,8,4440000,9680000,1,1
202601,6,,개금역,26230,16,0,0,0,1,0,3,21,03,1,1,845,337,8,0,0,0,2,2,4,1,10,1,1,1,1,1,8,2,3,1,1,I,561,3,1,3,4,4,7,4,4,10500,1,1,0,4,4,7,4,4,10500,1,1,0,4,4,7,4,4,10500,1,1,0,2025,3,10,3080000,2960000,1,1
202601,6,,개금역,26230,16,0,0,0,1,0,3,21,03,1,1,845,337,8,0,0,0,2,2,4,1,10,1,1,1,1,1,8,2,3,2,2,0,999,3,1,3,1,1,1,2,3,5700,1,1,0,1,1,1,2,3,5700,1,1,0,1,1,1,2,3,5700,1,1,0,0,1,1,3080000,2960000,1,1
202601,6,,개금역,26230,16,0,0,0,1,0,8,32,03,1,1,500,없음,6,0,0,0,1,1,1,1,10,1,1,1,1,1,8,1,3,1,1,G,473,1,1,1,3,3,8,3,3,21400,1,1,0,3,3,8,3,3,21400,1,1,0,3,3,8,3,3,21400,1,1,0,2024,3,9,5570000,9780000,1,1
202601,6,,개금역,26230,22,0,300,0,1,0,7,31,03,1,1,500,200,1,0,1,0,2,2,4,1,10,2,1,1,1,1,8,2,3,1,1,I,561,4,1,4,7,6,8,7,6,28600,1,1,0,7,6,8,7,6,28600,1,1,0,7,6,8,7,6,28600,1,1,0,2021,5,10,12610000,8860000,1,1
202601,6,,개금역,26230,22,0,300,0,1,0,7,31,03,1,1,500,200,1,0,1,0,2,2,4,1,10,2,1,1,1,1,8,2,3,2,1,I,561,4,1,4,6,5,7,6,5,13300,1,1,0,6,5,7,6,5,13300,1,1,0,6,5,7,6,5,13300,1,1,0,2021,5,10,12610000,8860000,1,1
202601,6,,개금역,26230,22,0,300,0,1,1,1,11,04,8,2,400,없음,8,0,0,0,2,2,4,1,10,2,1,1,1,1,8,2,3,-1,6,0,999,1,1,1,1,1,1,2,3,7100,1,1,1,1,1,1,2,3,7100,1,1,1,1,1,1,2,3,7100,1,1,1,0,1,1,3610000,2840000,1,2
202601,6,,개금역,26230,22,0,300,0,1,1,1,11,04,8,2,400,없음,8,0,0,0,2,2,4,1,10,2,1,1,1,1,8,2,3,1,1,I,561,2,1,2,5,4,7,5,4,16400,1,1,0,5,4,7,5,4,16400,1,1,0,5,4,7,5,4,16400,1,1,0,2024,3,9,3610000,2840000,1,2
202601,6,,개금역,26230,22,0,300,0,1,1,1,11,04,8,2,400,없음,8,0,0,0,2,2,4,1,10,2,1,1,1,1,8,2,3,1,1,I,561,2,1,2,5,4,7,5,4,16400,1,1,0,5,4,7,5,4,16400,1,1,0,5,4,7,5,4,16400,1,1,0,2025,3,10,3610000,2840000,1,2
202601,6,,개금역,26230,22,0,300,0,1,1,1,11,04,8,2,400,없음,8,0,0,0,2,2,4,1,10,2,1,1,1,1,8,2,3,2,2,0,999,3,1,3,1,1,1,5,3,5000,1,1,0,1,1,1,5,3,5000,1,1,0,1,1,1,5,3,5000,1,1,0,0,1,1,3610000,2840000,1,2
202601,6,,개금역,26230,22,0,300,0,1,0,1,12,04,6,1,350,없음,8,0,0,0,2,2,4,1,9,1,1,1,1,1,8,2,3,1,1,I,561,2,1,2,5,4,7,5,4,13800,1,1,0,5,4,7,5,4,13800,1,1,0,5,4,7,5,4,13800,1,1,0,2024,5,8,5080000,5690000,1,1
202601,6,,개금역,26230,22,0,300,0,1,0,1,12,04,6,1,350,없음,8,0,0,0,2,2,4,1,9,1,1,1,1,1,8,2,3,1,1,G,475,1,1,1,3,3,7,3,3,14000,1,1,0,3,3,7,3,3,14000,1,1,0,3,3,7,3,3,14000,1,1,0,2024,3,9,5080000,5690000,1,1
202601,6,,개금역,26230,22,0,300,0,1,0,1,12,04,6,1,350,없음,8,0,0,0,2,2,4,1,9,1,1,1,1,1,8,2,3,2,2,0,999,2,1,2,1,1,1,3,3,5800,1,1,0,1,1,1,3,3,5800,1,1,0,1,1,1,3,3,5800,1,1,0,0,1,1,5080000,5690000,1,1
202601,6,,개금역,26230,22,0,300,0,1,1,1,11,03,8,2,150,없음,7,0,0,0,2,2,4,1,10,2,1,1,1,1,8,2,3,-1,6,0,999,1,1,1,1,1,1,2,2,11900,1,1,1,1,1,1,2,2,11900,1,1,1,1,1,1,2,2,11900,1,1,1,0,1,1,8470000,6520000,1,1
202601,6,,개금역,26230,22,0,300,0,1,1,1,11,03,8,2,150,없음,7,0,0,0,2,2,4,1,10,2,1,1,1,1,8,2,3,1,1,I,561,2,1,2,6,5,8,6,5,22900,1,1,0,6,5,8,6,5,22900,1,1,0,6,5,8,6,5,22900,1,1,0,2024,3,9,8470000,6520000,1,1
202601,6,,개금역,26230,22,0,300,0,1,1,1,11,03,8,2,150,없음,7,0,0,0,2,2,4,1,10,2,1,1,1,1,8,2,3,1,1,G,478,2,1,2,5,5,8,5,5,22100,1,1,0,5,5,8,5,5,22100,1,1,0,5,5,8,5,5,22100,1,1,0,2025,3,9,8470000,6520000,1,1
202601,6,,개금역,26230,22,0,300,0,1,1,1,11,03,8,2,150,없음,7,0,0,0,2,2,4,1,10,2,1,1,1,1,8,2,3,2,2,0,999,2,1,3,1,1,1,5,4,10800,1,1,0,1,1,1,5,4,10800,1,1,0,1,1,1,5,4,10800,1,1,0,0,1,1,8470000,6520000,1,1
202601,6,,개금역,26230,22,0,300,0,1,0,1,12,04,8,2,250,10,4,0,0,0,2,2,4,1,10,2,1,1,1,1,8,2,3,1,6,0,999,2,1,2,1,1,1,4,4,16100,1,1,1,1,1,1,4,4,16100,1,1,1,1,1,1,4,4,16100,1,1,1,0,1,1,6430000,5800000,1,1
202601,6,,개금역,26230,22,0,300,0,1,0,1,12,04,8,2,250,10,4,0,0,0,2,2,4,1,10,2,1,1,1,1,8,2,3,1,1,I,561,2,1,2,4,4,7,4,4,16800,1,1,0,4,4,7,4,4,16800,1,1,0,4,4,7,4,4,16800,1,1,0,2024,3,10,6430000,5800000,1,1
202601,6,,개금역,26230,22,0,300,0,1,0,1,12,04,8,2,250,10,4,0,0,0,2,2,4,1,10,2,1,1,1,1,8,2,3,2,1,0,999,2,1,2,3,3,5,3,3,6600,1,1,0,3,3,5,3,3,6600,1,1,0,3,3,5,3,3,6600,1,1,0,2026,3,10,6430000,5800000,1,1
202601,6,,개금역,26230,15,0,0,0,1,0,4,10,03,7,1,320,100,5,0,0,0,1,1,1,1,10,1,1,1,1,1,8,1,3,1,1,S,961,1,1,1,4,3,8,4,3,20900,1,1,0,4,3,8,4,3,20900,1,1,0,4,3,8,4,3,20900,1,1,0,2024,3,9,5390000,8000000,1,1
202601,6,,0.비상권,26260,14,0,0,0,1,0,2,19,04,6,2,없음,50,8,0,0,0,2,2,4,1,9,1,1,1,1,1,8,2,3,1,1,I,561,2,1,2,6,4,8,6,4,27200,1,1,0,6,4,8,6,4,27200,1,1,0,6,4,8,6,4,27200,1,1,0,2025,3,10,3670000,3390000,1,3
202601,6,,0.비상권,26260,14,0,0,0,1,0,2,19,04,6,2,없음,50,8,0,0,0,2,2,4,1,9,1,1,1,1,1,8,2,3,1,1,I,562,1,1,1,6,5,9,6,5,40700,1,1,0,6,5,9,6,5,40700,1,1,0,6,5,9,6,5,40700,1,1,0,2025,3,10,3670000,3390000,1,3
202601,6,,0.비상권,26260,14,0,0,0,1,0,2,19,04,6,2,없음,50,8,0,0,0,2,2,4,1,9,1,1,1,1,1,8,2,3,2,6,0,999,2,1,2,1,1,1,5,3,10600,1,1,1,1,1,1,5,3,10600,1,1,1,1,1,1,5,3,10600,1,1,1,0,1,1,3670000,3390000,1,3
202601,6,,0.비상권,26260,14,0,0,0,1,0,2,11,03,6,2,없음,100,2,0,1,0,2,2,4,1,9,2,1,1,1,1,8,2,3,1,1,G,463,1,1,1,5,4,9,5,4,41700,1,1,0,5,4,9,5,4,41700,1,1,0,5,4,9,5,4,41700,1,1,0,2024,3,10,8270000,7270000,1,2
202601,6,,0.비상권,26260,14,0,0,0,1,0,2,11,03,6,2,없음,100,2,0,1,0,2,2,4,1,9,2,1,1,1,1,8,2,3,1,1,I,562,1,1,1,5,4,9,5,4,40100,1,1,0,5,4,9,5,4,40100,1,1,0,5,4,9,5,4,40100,1,1,0,2025,3,9,8270000,7270000,1,2
202601,6,,0.비상권,26260,14,0,0,0,1,0,2,11,03,6,2,없음,100,2,0,1,0,2,2,4,1,9,2,1,1,1,1,8,2,3,1,6,0,999,1,1,1,1,1,1,5,5,38100,1,1,1,1,1,1,5,5,38100,1,1,1,1,1,1,5,5,38100,1,1,1,0,1,1,8270000,7270000,1,2
202601,6,,0.비상권,26260,14,0,0,0,1,0,2,11,03,6,2,없음,100,2,0,1,0,2,2,4,1,9,2,1,1,1,1,8,2,3,2,1,P,855,3,1,3,5,4,7,6,4,14400,1,1,0,5,4,7,6,4,14400,1,1,0,5,4,7,6,4,14400,1,1,0,2025,3,10,8270000,7270000,1,2
202601,6,,0.비상권,26260,14,0,0,0,1,0,1,12,04,6,1,900,150,7,0,0,0,1,1,3,1,9,1,1,1,1,1,8,1,3,1,1,G,471,2,1,2,6,5,9,6,5,39200,1,1,0,6,5,9,6,5,39200,1,1,0,6,5,9,6,5,39100,1,1,0,2025,3,10,7480000,7890000,1,3
202601,6,,0.비상권,26260,14,0,0,0,1,0,1,12,04,6,1,900,150,7,0,0,0,1,1,3,1,9,1,1,1,1,1,8,1,3,2,1,S,969,1,1,2,5,4,9,5,4,27000,1,1,0,5,4,9,5,4,27000,1,1,0,5,4,9,5,4,27000,1,1,0,2025,3,10,7480000,7890000,1,3
202601,6,,0.비상권,26260,15,0,0,0,1,1,1,21,03,6,2,280,100,6,0,0,0,2,2,4,2,9,1,1,2,1,1,8,2,3,-1,2,0,999,2,1,3,1,1,1,3,3,3000,1,1,0,1,1,1,3,3,3000,1,1,0,1,1,1,3,3,3000,1,1,0,0,1,1,4230000,2580000,1,1
202601,6,,0.비상권,26260,15,0,0,0,1,1,1,21,03,6,2,280,100,6,0,0,0,2,2,4,2,9,1,1,2,1,1,8,2,3,1,1,S,961,1,1,2,3,3,7,3,3,14900,1,1,0,3,3,7,3,3,14900,1,1,0,3,3,7,3,3,14900,1,1,0,2025,3,6,4230000,2580000,1,1
202601,6,,0.비상권,26260,15,0,0,0,1,1,1,21,03,6,2,280,100,6,0,0,0,2,2,4,2,9,1,1,2,1,1,8,2,3,1,1,G,475,2,1,2,3,4,7,3,4,15100,1,1,0,3,4,7,3,4,15100,1,1,0,3,4,7,3,4,15100,1,1,0,2026,3,7,4230000,2580000,1,1
202601,6,,0.비상권,26260,15,0,0,0,1,1,1,21,03,6,2,280,100,6,0,0,0,2,2,4,2,9,1,1,2,1,1,8,2,3,2,2,0,999,2,1,3,1,1,1,2,3,5700,1,1,0,1,1,1,2,3,5700,1,1,0,1,1,1,2,3,5700,1,1,0,0,1,1,4230000,2580000,1,1
202601,6,,0.비상권,26260,15,0,0,0,1,0,5,31,04,6,1,200,150,6,0,1,0,2,2,4,1,9,1,1,1,1,1,8,2,3,1,1,I,561,3,1,3,4,5,7,5,5,17400,1,1,0,4,5,7,5,5,17400,1,1,0,4,5,7,5,5,17400,1,1,0,2025,3,6,4030000,4260000,1,1
202601,6,,0.비상권,26260,15,0,0,0,1,0,5,31,04,6,1,200,150,6,0,1,0,2,2,4,1,9,1,1,1,1,1,8,2,3,2,2,0,999,3,1,3,1,1,1,3,3,4500,1,1,0,1,1,1,3,3,4500,1,1,0,1,1,1,3,3,4500,1,1,0,0,1,1,4030000,4260000,1,1
202601,6,,0.비상권,26260,14,0,0,0,1,0,1,12,03,6,2,없음,50,4,0,0,0,2,2,4,1,9,1,2,1,1,1,8,2,3,1,6,0,999,4,1,4,6,6,8,6,6,27500,1,1,0,1,1,1,6,6,27500,1,1,1,1,1,1,6,6,27500,1,1,1,0,1,1,6560000,6330000,1,2
202601,6,,0.비상권,26260,14,0,0,0,1,0,1,12,03,6,2,없음,50,4,0,0,0,2,2,4,1,9,1,2,1,1,1,8,2,3,2,2,0,999,3,1,3,1,1,1,5,4,13400,1,1,0,1,1,1,5,4,13400,1,1,0,1,1,1,5,4,13400,1,1,0,0,1,1,6560000,6330000,1,2
202601,6,,0.비상권,26260,15,0,0,0,1,0,1,11,03,6,1,없음,40,4,0,0,0,1,1,3,1,9,1,1,1,1,1,8,1,3,1,1,G,473,1,1,1,6,4,9,6,4,34600,1,1,0,6,4,9,6,4,34600,1,1,0,6,4,9,6,4,34600,1,1,0,2024,3,8,7600000,8690000,1,3
202601,6,,0.비상권,26260,15,0,0,0,1,0,1,11,03,6,1,없음,40,4,0,0,0,1,1,3,1,9,1,1,1,1,1,8,1,3,1,1,I,561,1,1,1,5,4,9,6,4,42700,1,1,0,5,4,9,6,4,42700,1,1,0,5,4,9,6,4,42700,1,1,0,2025,3,10,7600000,8690000,1,3
202601,6,,0.비상권,26260,15,0,0,0,1,0,1,11,03,6,1,없음,40,4,0,0,0,1,1,3,1,9,1,1,1,1,1,8,1,3,2,1,P,855,1,1,2,3,3,6,3,3,9600,1,1,0,3,3,6,3,3,9600,1,1,0,3,3,6,3,3,9600,1,1,0,2026,3,9,7600000,8690000,1,3
202601,6,,0.비상권,26260,16,0,0,0,1,0,3,19,03,4,1,420,180,4,0,0,0,2,2,3,1,9,1,1,1,1,1,8,2,3,1,6,0,999,2,1,2,1,1,1,5,4,17700,1,1,1,1,1,1,5,4,17700,1,1,1,1,1,1,5,4,17700,1,1,1,0,1,1,5810000,15030000,1,3
202601,6,,0.비상권,26260,16,0,0,0,1,0,3,19,03,4,1,420,180,4,0,0,0,2,2,3,1,9,1,1,1,1,1,8,2,3,1,1,I,562,2,1,2,5,4,7,5,4,19300,1,1,0,5,4,7,5,4,19300,1,1,0,5,4,7,5,4,19300,1,1,0,2024,3,8,5810000,15030000,1,3
202601,6,,0.비상권,26260,14,0,0,0,1,0,1,11,04,6,1,498,73,6,0,0,0,2,2,4,1,10,1,1,1,1,1,8,2,3,1,1,I,561,3,1,3,4,4,7,4,4,10600,1,1,0,4,4,7,4,4,10600,1,1,0,4,4,7,4,4,10600,1,1,0,2025,3,9,3800000,4130000,1,1
202601,6,,0.비상권,26260,14,0,0,0,1,0,1,11,04,6,1,498,73,6,0,0,0,2,2,4,1,10,1,1,1,1,1,8,2,3,2,2,0,999,2,1,2,1,1,1,4,3,7400,1,1,0,1,1,1,4,3,7400,1,1,0,1,1,1,4,3,7400,1,1,0,0,1,1,3800000,4130000,1,1
202601,6,,동래역,26260,22,0,300,0,1,0,1,12,03,7,2,230,90,9,0,0,0,2,2,4,1,10,2,2,1,1,1,8,2,3,1,1,I,561,1,1,1,3,3,8,3,3,23000,1,1,0,3,3,8,3,3,23000,1,1,0,3,3,8,3,3,23000,1,1,0,2024,3,10,5940000,4570000,1,3
202601,6,,동래역,26260,22,0,300,0,1,0,1,12,03,7,2,230,90,9,0,0,0,2,2,4,1,10,2,2,1,1,1,8,2,3,1,1,I,561,2,1,2,5,4,8,5,4,25400,1,1,0,5,4,8,5,4,25400,1,1,0,5,4,8,5,4,25400,1,1,0,2024,3,10,5940000,4570000,1,3
202601,6,,동래역,26260,22,0,300,0,1,0,1,12,03,7,2,230,90,9,0,0,0,2,2,4,1,10,2,2,1,1,1,8,2,3,1,1,I,561,1,1,1,3,3,8,3,3,23900,1,1,0,3,3,8,3,3,23900,1,1,0,3,3,8,3,3,23900,1,1,0,2024,3,10,5940000,4570000,1,3
202601,6,,동래역,26260,22,0,300,0,1,0,1,12,03,7,2,230,90,9,0,0,0,2,2,4,1,10,2,2,1,1,1,8,2,3,1,1,I,561,1,1,1,4,4,8,4,4,24300,1,1,0,4,4,8,4,4,24300,1,1,0,4,4,8,4,4,24300,1,1,0,2024,3,10,5940000,4570000,1,3
202601,6,,동래역,26260,22,0,300,0,1,0,1,12,03,7,2,230,90,9,0,0,0,2,2,4,1,10,2,2,1,1,1,8,2,3,2,6,0,999,3,1,4,1,1,1,3,4,5500,1,1,1,1,1,1,3,4,5500,1,1,1,1,1,1,3,4,5500,1,1,1,0,1,1,5940000,4570000,1,3
202601,6,,동래역,26260,22,0,300,0,1,0,1,21,03,8,2,250,150,8,0,0,0,1,2,4,1,10,1,1,1,1,1,8,1,3,1,1,G,474,1,1,1,5,3,8,5,4,30300,1,1,0,5,3,8,5,4,30300,1,1,0,5,3,8,5,4,30300,1,1,0,2025,3,10,9540000,6930000,1,3
202601,6,,동래역,26260,22,0,300,0,1,0,1,21,03,8,2,250,150,8,0,0,0,1,2,4,1,10,1,1,1,1,1,8,1,3,1,1,G,474,1,1,1,5,4,8,5,4,29400,1,1,0,5,4,8,5,4,29400,1,1,0,5,4,8,5,4,29400,1,1,0,2025,3,8,9540000,6930000,1,3
202601,6,,동래역,26260,22,0,300,0,1,0,1,21,03,8,2,250,150,8,0,0,0,1,2,4,1,10,1,1,1,1,1,8,1,3,1,1,I,561,1,1,1,5,4,8,5,4,30300,1,1,0,5,4,8,5,4,30300,1,1,0,5,4,8,5,4,30300,1,1,0,2024,3,10,9540000,6930000,1,3
202601,6,,동래역,26260,22,0,300,0,1,0,1,21,03,8,2,250,150,8,0,0,0,1,2,4,1,10,1,1,1,1,1,8,1,3,2,2,0,999,2,1,2,1,1,1,5,4,11900,1,1,0,1,1,1,5,4,11900,1,1,0,1,1,1,5,4,11900,1,1,0,0,1,1,9540000,6930000,1,3
202601,6,,동래역,26260,22,0,300,0,1,0,1,21,03,6,2,250,20,4,0,0,0,2,2,4,1,10,2,1,1,1,1,8,2,3,1,1,G,478,2,1,2,5,4,7,6,4,18700,1,1,0,5,4,7,6,4,18700,1,1,0,5,4,7,6,4,18700,1,1,0,2025,3,9,6980000,6560000,1,1
202601,6,,동래역,26260,22,0,300,0,1,0,1,21,03,6,2,250,20,4,0,0,0,2,2,4,1,10,2,1,1,1,1,8,2,3,1,1,S,961,2,1,2,5,4,8,6,4,18900,1,1,0,5,4,8,6,4,18900,1,1,0,5,4,8,6,4,18900,1,1,0,2024,3,9,6980000,6560000,1,1
202601,6,,동래역,26260,22,0,300,0,1,0,1,21,03,6,2,250,20,4,0,0,0,2,2,4,1,10,2,1,1,1,1,8,2,3,2,1,I,562,3,1,3,4,4,7,4,4,10000,1,1,0,4,4,7,4,4,10000,1,1,0,4,4,7,4,4,10000,1,1,0,2024,3,10,6980000,6560000,1,1
202601,6,,동래역,26260,22,0,300,0,1,0,1,21,04,4,1,129,없음,4,0,0,0,1,1,3,1,8,1,1,1,1,1,8,1,3,1,1,F,421,1,1,1,3,3,8,4,3,29300,1,1,0,3,3,8,4,3,29300,1,1,0,3,3,8,4,3,29300,1,1,0,2024,3,5,8790000,7610000,1,2
202601,6,,동래역,26260,22,0,300,0,1,0,1,21,04,4,1,129,없음,4,0,0,0,1,1,3,1,8,1,1,1,1,1,8,1,3,1,1,M,713,1,1,1,3,4,8,3,4,28500,1,1,0,3,4,8,3,4,28500,1,1,0,3,4,8,3,4,28500,1,1,0,2025,3,10,8790000,7610000,1,2
202601,6,,동래역,26260,22,0,300,0,1,0,1,21,04,4,1,129,없음,4,0,0,0,1,1,3,1,8,1,1,1,1,1,8,1,3,2,6,0,999,1,1,1,1,1,1,3,3,10000,1,1,1,1,1,1,3,3,10000,1,1,1,1,1,1,3,3,10000,1,1,1,0,1,1,8790000,7610000,1,2
202601,6,,동래역,26260,22,0,300,0,1,0,1,21,04,4,1,129,없음,4,0,0,0,1,1,3,1,8,1,1,1,1,1,8,1,3,2,1,S,961,1,1,1,3,3,7,3,3,10300,1,1,0,3,3,7,3,3,10300,1,1,0,3,3,7,3,3,10300,1,1,0,2024,4,10,8790000,7610000,1,2
202601,6,,동래역,26260,16,0,0,0,1,0,2,31,04,6,2,50,120,10,0,0,0,2,2,4,1,10,2,1,1,1,1,8,2,3,1,1,I,561,3,1,3,7,6,9,7,6,33000,1,1,0,7,6,9,7,6,33000,1,1,0,7,6,9,7,6,33000,1,1,0,2025,3,9,5250000,4510000,1,2
202601,6,,동래역,26260,16,0,0,0,1,0,2,31,04,6,2,50,120,10,0,0,0,2,2,4,1,10,2,1,1,1,1,8,2,3,2,1,I,561,3,1,3,6,5,8,6,5,20700,1,1,0,6,5,8,6,5,20700,1,1,0,6,5,8,6,5,20700,1,1,0,2025,3,9,5250000,4510000,1,2
202601,6,,동래역,26260,16,0,0,0,1,0,6,21,04,5,1,70,70,8,0,1,0,2,2,4,1,10,2,1,1,1,1,8,2,3,1,1,I,561,4,1,4,7,6,9,7,6,37200,1,1,0,7,6,9,7,6,37200,1,1,0,7,6,9,7,6,37200,1,1,0,2025,3,10,9170000,10690000,1,3
202601,6,,동래역,26260,16,0,0,0,1,0,6,21,04,5,1,70,70,8,0,1,0,2,2,4,1,10,2,1,1,1,1,8,2,3,2,1,I,562,4,1,4,5,5,7,5,5,16500,1,1,0,5,5,7,5,5,16500,1,1,0,5,5,7,5,5,16500,1,1,0,2025,3,10,9170000,10690000,1,3
202601,6,,동래역,26260,16,0,0,0,1,0,6,39,04,5,1,100,170,6,0,0,0,1,1,1,1,10,1,1,1,1,1,8,1,3,1,1,I,561,1,1,1,5,5,12,5,5,90300,1,1,0,5,5,12,5,5,90300,1,1,0,5,5,12,5,5,90300,1,1,0,2025,3,8,17570000,39710000,2,4
202601,6,,동래역,26260,16,0,0,0,1,0,1,21,04,6,1,165,없음,8,0,0,0,2,2,4,1,10,2,1,1,1,1,8,2,3,1,1,I,562,4,1,4,6,6,9,6,6,38100,1,1,0,6,6,9,6,6,38100,1,1,0,6,6,9,6,6,38100,1,1,0,2025,3,9,10930000,11740000,1,2
202601,6,,동래역,26260,16,0,0,0,1,0,1,21,04,6,1,165,없음,8,0,0,0,2,2,4,1,10,2,1,1,1,1,8,2,3,2,1,I,561,2,1,2,5,5,8,6,4,18500,1,1,0,5,5,8,6,4,18500,1,1,0,5,5,8,6,4,18500,1,1,0,2024,3,10,10930000,11740000,1,2
202601,6,,동래역,26260,16,0,0,0,1,0,1,12,04,6,1,230,50,10,0,0,0,2,2,4,1,10,2,1,1,1,1,8,2,3,1,1,I,561,3,1,3,6,6,9,6,6,39200,1,1,0,6,6,9,6,6,39200,1,1,0,6,6,9,6,6,39200,1,1,0,2024,3,9,7600000,9320000,1,3
202601,6,,동래역,26260,16,0,0,0,1,0,1,12,04,6,1,230,50,10,0,0,0,2,2,4,1,10,2,1,1,1,1,8,2,3,2,1,I,562,2,1,2,5,4,7,6,5,21000,1,1,0,5,4,7,6,5,21000,1,1,0,5,4,7,6,5,21000,1,1,0,2026,3,10,7600000,9320000,1,3
202601,6,,동래역,26260,16,0,0,0,1,0,1,12,04,5,1,256,없음,4,0,0,0,2,2,4,1,10,2,1,1,1,1,8,2,3,1,1,I,561,4,1,4,7,6,9,7,6,36600,1,1,0,7,6,9,7,6,36600,1,1,0,7,6,9,7,6,36600,1,1,0,2025,3,10,12530000,15580000,1,2
202601,6,,동래역,26260,16,0,0,0,1,0,1,12,04,5,1,256,없음,4,0,0,0,2,2,4,1,10,2,1,1,1,1,8,2,3,2,1,I,561,3,1,3,6,5,7,6,5,16900,1,1,0,6,5,7,6,5,16900,1,1,0,6,5,7,6,5,16900,1,1,0,2025,3,9,12530000,15580000,1,2
202601,6,,0.비상권,26260,14,0,0,0,1,0,5,31,04,6,1,40,100,7,0,0,0,2,2,4,1,10,2,1,1,1,1,8,2,3,1,1,L,682,1,1,1,6,5,10,5,4,34200,1,1,0,6,5,10,5,4,34200,1,1,0,6,5,10,5,4,34200,1,1,0,2024,3,10,7990000,13570000,1,1
202601,6,,0.비상권,26260,14,0,0,0,1,0,5,31,04,6,1,40,100,7,0,0,0,2,2,4,1,10,2,1,1,1,1,8,2,3,1,1,G,472,1,1,2,5,4,9,5,4,32800,1,1,0,5,4,9,5,4,32800,1,1,0,5,4,9,5,4,32800,1,1,0,2024,3,10,7990000,13570000,1,1
202601,6,,0.비상권,26260,14,0,0,0,1,0,5,31,04,6,1,40,100,7,0,0,0,2,2,4,1,10,2,1,1,1,1,8,2,3,1,1,I,562,2,1,2,5,4,8,5,4,25600,1,1,0,5,4,8,5,4,25600,1,1,0,5,4,8,5,4,25600,1,1,0,2024,3,8,7990000,13570000,1,1
202601,6,,온천장,26260,22,0,300,0,1,0,2,21,03,8,2,650,50,4,0,0,0,1,2,4,1,10,2,1,1,1,1,8,1,3,1,1,I,561,3,1,3,5,5,7,5,5,19700,1,1,0,5,5,7,5,5,19700,1,1,0,5,5,7,5,5,19700,1,1,0,2024,4,10,7920000,5440000,1,2
202601,6,,온천장,26260,22,0,300,0,1,0,2,21,03,8,2,650,50,4,0,0,0,1,2,4,1,10,2,1,1,1,1,8,1,3,2,1,0,999,2,1,3,1,3,4,1,3,5800,1,1,0,1,3,4,1,3,5800,1,1,0,1,3,4,1,3,5800,1,1,0,2024,3,9,7920000,5440000,1,2
202601,6,,온천장,26260,22,0,300,0,1,0,1,21,03,9,2,432,150,8,0,0,0,2,2,4,1,10,2,1,1,1,1,8,2,3,1,1,I,561,3,1,4,6,5,7,6,5,16100,1,1,0,6,5,7,6,5,16100,1,1,0,6,5,7,6,5,16100,1,1,0,2026,3,7,5890000,4390000,1,1
202601,6,,온천장,26260,22,0,300,0,1,0,1,21,03,9,2,432,150,8,0,0,0,2,2,4,1,10,2,1,1,1,1,8,2,3,2,2,0,999,2,1,2,1,1,1,6,1,4000,1,1,0,1,1,1,6,1,4000,1,1,0,1,1,1,6,1,4000,1,1,0,0,1,1,5890000,4390000,1,1
202601,6,,온천장,26260,22,0,300,0,1,0,5,31,03,8,1,300,10,4,0,0,0,2,2,4,1,10,2,1,1,1,1,8,2,3,1,1,Q,862,4,1,4,6,6,7,6,6,17200,1,1,0,6,6,7,6,6,17200,1,1,0,6,6,7,6,6,17200,1,1,0,2024,4,6,9220000,12170000,1,1
202601,6,,온천장,26260,22,0,300,0,1,0,1,21,04,7,2,500,170,5,0,0,0,2,2,4,1,9,2,1,1,1,1,8,2,3,1,1,I,561,3,1,3,6,6,8,6,6,29400,1,1,0,6,6,8,6,6,29400,1,1,0,6,6,8,6,6,29400,1,1,0,2024,3,9,10270000,7890000,1,2
202601,6,,온천장,26260,22,0,300,0,1,0,1,21,04,7,2,500,170,5,0,0,0,2,2,4,1,9,2,1,1,1,1,8,2,3,2,1,I,561,3,1,3,5,5,7,5,5,17900,1,1,0,5,5,7,5,5,17900,1,1,0,5,5,7,5,5,17900,1,1,0,2025,3,10,10270000,7890000,1,2
202601,6,,온천장,26260,22,0,300,0,1,0,6,31,03,5,1,500,120,6,0,1,0,3,2,4,1,10,2,1,1,1,1,8,3,3,1,1,G,472,4,1,4,6,6,8,6,6,20700,1,1,0,6,6,8,6,6,20700,1,1,0,6,6,8,6,6,20700,1,1,0,2024,3,9,9080000,21110000,1,1
202601,6,,온천장,26260,22,0,300,0,1,0,2,21,03,1,1,730,250,6,0,0,0,1,2,4,1,9,2,1,1,1,1,8,1,3,1,1,L,682,1,1,2,4,4,7,4,4,21000,1,1,0,4,4,7,4,4,21000,1,1,0,4,4,7,4,4,21000,1,1,0,2025,4,10,6420000,3670000,1,2
202601,6,,온천장,26260,22,0,300,0,1,0,2,21,03,1,1,730,250,6,0,0,0,1,2,4,1,9,2,1,1,1,1,8,1,3,1,1,G,471,2,1,2,5,4,8,5,4,20600,1,1,0,5,4,8,5,4,20600,1,1,0,5,4,8,5,4,20600,1,1,0,2025,4,10,6420000,3670000,1,2
202601,6,,온천장,26260,22,0,300,0,1,0,2,21,03,1,1,730,250,6,0,0,0,1,2,4,1,9,2,1,1,1,1,8,1,3,2,1,I,561,3,1,3,6,4,7,6,4,11900,1,1,0,6,4,7,6,4,11900,1,1,0,6,4,7,6,4,11900,1,1,0,2024,3,10,6420000,3670000,1,2
202601,6,,온천장,26260,22,0,300,0,1,0,1,51,03,7,1,200,100,5,0,0,0,1,1,1,1,10,1,1,1,1,1,8,1,3,1,1,G,473,1,1,1,4,3,8,4,3,24900,1,1,0,4,3,8,4,3,24900,1,1,0,4,3,8,4,3,24900,1,1,0,2026,3,8,10190000,16820000,1,3
202601,6,,온천장,26260,22,0,300,0,1,0,1,21,04,5,1,600,150,4,0,0,0,2,2,4,1,10,1,1,1,1,1,8,2,3,1,1,I,561,1,1,1,4,3,7,4,3,17100,1,1,0,4,3,7,4,3,17100,1,1,0,4,3,7,4,3,17100,1,1,0,2024,3,9,6540000,7740000,1,2
202601,6,,온천장,26260,22,0,300,0,1,0,1,21,04,5,1,600,150,4,0,0,0,2,2,4,1,10,1,1,1,1,1,8,2,3,1,1,I,562,1,1,1,4,4,8,4,3,17200,1,1,0,4,4,8,4,3,17200,1,1,0,4,4,8,4,3,17200,1,1,0,2025,4,10,6540000,7740000,1,2
202601,6,,온천장,26260,22,0,300,0,1,0,1,21,04,5,1,600,150,4,0,0,0,2,2,4,1,10,1,1,1,1,1,8,2,3,1,1,L,682,1,1,1,4,3,7,4,3,16900,1,1,0,4,3,7,4,3,16900,1,1,0,4,3,7,4,3,16900,1,1,0,2025,3,9,6540000,7740000,1,2
202601,6,,온천장,26260,22,0,300,0,1,0,1,21,04,5,1,600,150,4,0,0,0,2,2,4,1,10,1,1,1,1,1,8,2,3,2,6,0,999,3,1,3,1,1,1,5,3,6300,1,1,1,1,1,1,5,3,6300,1,1,1,1,1,1,5,3,6300,1,1,1,0,1,1,6540000,7740000,1,2
202601,6,,온천장,26260,22,0,300,0,1,0,4,19,03,8,1,400,50,8,0,0,0,1,1,3,1,10,1,1,1,1,1,8,1,3,1,1,I,561,3,1,3,6,5,8,6,5,21800,1,1,0,6,5,8,6,5,21800,1,1,0,6,5,8,6,5,21800,1,1,0,2024,3,9,7460000,9340000,1,1
202601,6,,온천장,26260,22,0,300,0,1,0,1,12,03,7,2,314,없음,4,0,0,0,1,1,3,1,10,1,1,1,1,1,8,1,3,1,1,S,961,2,1,2,5,4,8,5,4,19500,1,1,0,5,4,8,5,4,19500,1,1,0,5,4,8,5,4,19500,1,1,0,2024,3,8,7240000,5370000,1,1
202601,6,,온천장,26260,22,0,300,0,1,0,1,12,03,7,2,314,없음,4,0,0,0,1,1,3,1,10,1,1,1,1,1,8,1,3,2,6,0,999,2,1,2,1,1,1,4,3,15100,1,1,1,1,1,1,4,3,15100,1,1,1,1,1,1,4,3,15100,1,1,1,0,1,1,7240000,5370000,1,1
202601,6,,온천장,26260,22,0,300,0,1,1,1,21,03,1,1,417,없음,5,0,0,0,2,2,4,1,10,2,1,1,1,1,8,2,3,-1,6,0,999,3,1,3,1,1,1,3,3,4000,1,1,1,1,1,1,3,3,4000,1,1,1,1,1,1,3,3,4000,1,1,1,0,1,1,6800000,3880000,1,1
202601,6,,온천장,26260,22,0,300,0,1,1,1,21,03,1,1,417,없음,5,0,0,0,2,2,4,1,10,2,1,1,1,1,8,2,3,1,1,L,682,2,1,2,4,4,7,4,4,15300,1,1,0,4,4,7,4,4,15300,1,1,0,4,4,7,4,4,15300,1,1,0,2024,3,9,6800000,3880000,1,1
202601,6,,온천장,26260,22,0,300,0,1,1,1,21,03,1,1,417,없음,5,0,0,0,2,2,4,1,10,2,1,1,1,1,8,2,3,1,1,L,682,2,1,2,4,4,7,5,4,15200,1,1,0,4,4,7,5,4,15200,1,1,0,4,4,7,5,4,15200,1,1,0,2025,3,9,6800000,3880000,1,1
202601,6,,온천장,26260,22,0,300,0,1,1,1,21,03,1,1,417,없음,5,0,0,0,2,2,4,1,10,2,1,1,1,1,8,2,3,2,1,S,949,3,1,3,4,4,5,4,4,6700,1,1,0,4,4,5,4,4,6700,1,1,0,4,4,5,4,4,6700,1,1,0,2024,3,9,6800000,3880000,1,1
202601,6,,온천장,26260,22,0,300,0,1,0,1,12,04,7,2,321,없음,6,0,0,0,2,2,4,1,10,1,1,1,1,1,8,2,3,1,1,I,561,2,1,2,5,5,8,5,5,19700,1,1,0,5,5,8,5,5,19700,1,1,0,5,5,8,5,5,19700,1,1,0,2024,3,9,5340000,4960000,1,1
202601,6,,온천장,26260,22,0,300,0,1,0,1,12,04,7,2,321,없음,6,0,0,0,2,2,4,1,10,1,1,1,1,1,8,2,3,2,2,S,969,2,1,2,1,1,1,5,4,15800,1,1,0,1,1,1,5,4,15800,1,1,0,1,1,1,5,4,15800,1,1,0,0,1,1,5340000,4960000,1,1
202601,6,,동래역,26260,14,0,0,0,1,0,2,11,03,1,1,277,182,8,0,0,0,2,2,4,1,10,1,1,1,1,1,8,2,3,1,1,M,732,2,1,2,3,3,6,3,3,10000,1,1,0,3,3,6,3,3,10000,1,1,0,3,3,6,3,3,10000,1,1,0,2025,3,10,4260000,3660000,1,1
202601,6,,동래역,26260,14,0,0,0,1,0,2,11,03,1,1,277,182,8,0,0,0,2,2,4,1,10,1,1,1,1,1,8,2,3,1,1,I,561,2,1,2,3,3,5,3,3,10000,1,1,0,3,3,5,3,3,10000,1,1,0,3,3,5,3,3,10000,1,1,0,2024,3,6,4260000,3660000,1,1
202601,6,,동래역,26260,14,0,0,0,1,0,2,11,03,1,1,277,182,8,0,0,0,2,2,4,1,10,1,1,1,1,1,8,2,3,2,2,0,999,3,1,3,1,1,1,3,3,4000,1,1,0,1,1,1,3,3,4000,1,1,0,1,1,1,3,3,4000,1,1,0,0,1,1,4260000,3660000,1,1
202601,6,,동래역,26260,14,0,0,0,1,1,3,11,03,6,2,170,170,9,0,0,0,1,2,4,1,9,1,1,1,1,1,8,2,3,-1,6,0,999,1,1,1,1,1,1,2,2,3200,1,1,1,1,1,1,2,2,3200,1,1,1,1,1,1,2,2,3200,1,1,1,0,1,1,4670000,3880000,1,2
202601,6,,동래역,26260,14,0,0,0,1,1,3,11,03,6,2,170,170,9,0,0,0,1,2,4,1,9,1,1,1,1,1,8,2,3,1,1,I,561,2,1,2,3,4,7,3,4,12800,1,1,0,3,4,7,3,4,12800,1,1,0,3,4,7,3,4,12800,1,1,0,2026,3,9,4670000,3880000,1,2
202601,6,,동래역,26260,14,0,0,0,1,1,3,11,03,6,2,170,170,9,0,0,0,1,2,4,1,9,1,1,1,1,1,8,2,3,2,2,0,999,2,1,2,1,1,1,5,3,7700,1,1,0,1,1,1,5,3,7700,1,1,0,1,1,1,5,3,7700,1,1,0,0,1,1,4670000,3880000,1,2
202601,6,,동래역,26260,15,0,0,0,1,0,1,12,04,6,1,300,40,6,0,0,0,2,1,2,1,10,1,1,1,1,1,8,2,3,1,1,I,561,1,1,1,4,4,8,4,4,22000,1,1,0,4,4,8,4,4,22000,1,1,0,4,4,8,4,4,22000,1,1,0,2024,3,8,4080000,6820000,1,3
202601,6,,동래역,26260,15,0,0,0,1,0,1,12,04,6,1,300,40,6,0,0,0,2,1,2,1,10,1,1,1,1,1,8,2,3,1,1,I,561,2,1,2,4,4,8,4,4,21700,1,1,0,4,4,8,4,4,21700,1,1,0,4,4,8,4,4,21700,1,1,0,2024,3,8,4080000,6820000,1,3
202601,6,,동래역,26260,15,0,0,0,1,0,1,12,03,1,1,432,78,9,0,0,0,2,2,4,1,10,2,1,1,1,1,8,2,3,1,1,S,969,3,1,3,4,3,5,4,4,7900,1,1,0,4,3,5,4,4,7900,1,1,0,4,3,5,4,4,7900,1,1,0,2025,3,10,3360000,3180000,1,1
202601,6,,동래역,26260,15,0,0,0,1,0,1,12,03,1,1,432,78,9,0,0,0,2,2,4,1,10,2,1,1,1,1,8,2,3,2,1,0,999,2,1,2,3,3,3,3,3,3900,1,1,0,3,3,3,3,3,3900,1,1,0,3,3,3,3,3,3900,1,1,0,2026,3,10,3360000,3180000,1,1
202601,6,,동래역,26260,22,0,300,0,1,0,1,12,04,1,1,200,200,8,0,0,0,2,2,4,1,10,1,1,1,1,1,8,2,3,1,1,I,561,1,1,2,4,3,7,4,3,15600,1,1,0,4,3,7,4,3,15600,1,1,0,4,3,7,4,3,15600,1,1,0,2025,3,8,4390000,5010000,1,2
202601,6,,동래역,26260,22,0,300,0,1,0,1,12,04,1,1,200,200,8,0,0,0,2,2,4,1,10,1,1,1,1,1,8,2,3,1,1,I,561,2,1,2,4,4,7,4,4,15900,1,1,0,4,4,7,4,4,15900,1,1,0,4,4,7,4,4,15900,1,1,0,2025,3,10,4390000,5010000,1,2
202601,6,,동래역,26260,22,0,300,0,1,0,1,12,04,1,1,200,200,8,0,0,0,2,2,4,1,10,1,1,1,1,1,8,2,3,2,2,0,999,2,1,2,1,1,1,6,3,10000,1,1,0,1,1,1,6,3,10000,1,1,0,1,1,1,6,3,10000,1,1,0,0,1,1,4390000,5010000,1,2
202601,6,,동래역,26260,22,0,300,0,1,0,2,11,04,8,1,120,120,9,0,0,0,2,2,4,1,10,2,1,1,1,1,8,2,3,1,1,I,561,3,1,3,6,5,7,6,5,17000,1,1,0,6,5,7,6,5,17000,1,1,0,6,5,7,6,5,17000,1,1,0,2025,3,9,5250000,6850000,1,3
202601,6,,동래역,26260,22,0,300,0,1,0,2,11,04,8,1,120,120,9,0,0,0,2,2,4,1,10,2,1,1,1,1,8,2,3,1,1,I,562,4,1,4,6,5,7,6,5,16800,1,1,0,6,5,7,6,5,16800,1,1,0,6,5,7,6,5,16800,1,1,0,2024,3,9,5250000,6850000,1,3
202601,6,,동래역,26260,15,0,0,0,1,0,1,12,03,1,1,500,100,7,0,0,0,2,2,4,1,9,2,1,1,1,1,8,2,3,1,1,I,561,3,1,4,5,5,7,5,5,18200,1,1,0,5,5,7,5,5,18200,1,1,0,5,5,7,5,5,18200,1,1,0,2025,3,10,6370000,5500000,1,1
202601,6,,동래역,26260,15,0,0,0,1,0,1,12,03,1,1,500,100,7,0,0,0,2,2,4,1,9,2,1,1,1,1,8,2,3,2,1,I,561,3,1,4,5,4,6,5,4,7800,1,1,0,5,4,6,5,4,7800,1,1,0,5,4,6,5,4,7800,1,1,0,2025,3,10,6370000,5500000,1,1
202601,6,,사직야구장,26260,14,0,0,0,1,0,1,12,04,6,2,485,155,4,0,0,0,2,2,4,1,10,2,1,1,1,1,8,2,3,1,1,G,463,4,1,4,6,6,7,6,6,19700,1,1,0,6,6,7,6,6,19700,1,1,0,6,6,7,6,6,19700,1,1,0,2025,3,10,5440000,5120000,1,1
202601,6,,사직야구장,26260,14,0,0,0,1,0,1,12,04,6,2,485,155,4,0,0,0,2,2,4,1,10,2,1,1,1,1,8,2,3,2,1,P,851,3,1,4,4,4,5,4,4,7900,1,1,0,4,4,5,4,4,7900,1,1,0,4,4,5,4,4,7900,1,1,0,2024,3,9,5440000,5120000,1,1
202601,6,,사직야구장,26260,23,0,300,0,1,0,2,21,03,1,1,525,없음,8,0,0,0,1,2,3,1,8,1,1,1,1,1,8,1,3,1,1,I,561,2,1,2,5,4,7,5,4,13200,1,1,0,5,4,7,5,4,13200,1,1,0,5,4,7,5,4,13200,1,1,0,2024,3,9,5210000,4480000,1,1
202601,6,,사직야구장,26260,23,0,300,0,1,0,2,21,03,1,1,525,없음,8,0,0,0,1,2,3,1,8,1,1,1,1,1,8,1,3,2,2,0,999,2,1,2,1,1,1,3,3,9900,1,1,0,1,1,1,3,3,9900,1,1,0,1,1,1,3,3,9900,1,1,0,0,1,1,5210000,4480000,1,1
202601,6,,사직야구장,26260,16,0,0,0,1,0,1,12,03,6,2,370,없음,4,0,0,0,2,2,4,1,10,2,1,1,1,1,8,2,3,1,1,I,561,3,1,3,6,5,8,6,5,25100,1,1,0,6,5,8,6,5,25100,1,1,0,6,5,8,6,5,25100,1,1,0,2025,3,10,7280000,7260000,1,1
202601,6,,사직야구장,26260,16,0,0,0,1,0,1,12,03,6,2,370,없음,4,0,0,0,2,2,4,1,10,2,1,1,1,1,8,2,3,2,1,S,961,3,1,3,4,4,6,4,4,9100,1,1,0,4,4,6,4,4,9100,1,1,0,4,4,6,4,4,9100,1,1,0,2024,3,8,7280000,7260000,1,1
202601,6,,사직야구장,26260,16,0,0,0,1,0,1,12,03,6,1,360,20,5,0,0,0,2,1,3,1,9,1,1,1,1,1,8,2,3,1,1,L,682,2,1,2,6,4,9,6,4,29600,1,1,0,6,4,9,6,4,29600,1,1,0,6,4,9,6,4,29600,1,1,0,2025,3,9,6650000,11100000,1,3
202601,6,,사직야구장,26260,16,0,0,0,1,0,1,12,03,6,1,360,20,5,0,0,0,2,1,3,1,9,1,1,1,1,1,8,2,3,1,1,G,474,2,1,2,6,4,9,6,4,30700,1,1,0,6,4,9,6,4,30700,1,1,0,6,4,9,6,4,30700,1,1,0,2024,3,7,6650000,11100000,1,3
202601,6,,사직야구장,26260,23,0,300,0,1,0,1,11,03,1,1,575,없음,5,0,0,0,2,2,4,1,9,2,1,1,1,1,8,2,3,1,1,G,474,1,1,1,6,4,8,6,4,25200,1,1,0,6,4,8,6,4,25200,1,1,0,6,4,8,6,4,25200,1,1,0,2024,3,10,9900000,8770000,1,3
202601,6,,사직야구장,26260,23,0,300,0,1,0,1,11,03,1,1,575,없음,5,0,0,0,2,2,4,1,9,2,1,1,1,1,8,2,3,1,1,S,961,1,1,1,4,4,8,4,4,25200,1,1,0,4,4,8,4,4,25200,1,1,0,4,4,8,4,4,25200,1,1,0,2024,3,9,9900000,8770000,1,3
202601,6,,사직야구장,26260,23,0,300,0,1,0,1,11,03,1,1,575,없음,5,0,0,0,2,2,4,1,9,2,1,1,1,1,8,2,3,1,1,I,561,2,1,2,5,5,8,5,5,29200,1,1,0,5,5,8,5,5,29200,1,1,0,5,5,8,5,5,29200,1,1,0,2025,3,9,9900000,8770000,1,3
202601,6,,사직야구장,26260,23,0,300,0,1,0,1,11,03,1,1,575,없음,5,0,0,0,2,2,4,1,9,2,1,1,1,1,8,2,3,2,1,S,961,3,1,3,4,4,7,4,4,11300,1,1,0,4,4,7,4,4,11300,1,1,0,4,4,7,4,4,11300,1,1,0,2024,3,9,9900000,8770000,1,3
202601,6,,사직야구장,26260,23,0,300,0,1,0,1,11,04,6,2,500,없음,6,0,0,0,2,2,4,1,10,2,1,1,1,1,8,2,3,1,1,I,561,2,1,3,4,5,8,4,5,22500,1,1,0,4,5,8,4,5,22500,1,1,0,4,5,8,4,5,22500,1,1,0,2025,3,10,3460000,3440000,1,3
202601,6,,사직야구장,26260,23,0,300,0,1,0,1,11,04,6,2,500,없음,6,0,0,0,2,2,4,1,10,2,1,1,1,1,8,2,3,2,1,0,999,2,1,2,4,3,6,4,3,10000,1,1,0,4,3,6,4,3,10000,1,1,0,4,3,6,4,3,10000,1,1,0,2024,3,2,3460000,3440000,1,3
202601,6,,사직야구장,26260,14,0,0,0,1,0,1,12,04,3,1,678,없음,4,0,0,0,3,2,4,1,10,2,1,1,1,1,8,3,3,1,1,I,561,1,1,2,6,5,9,6,5,45000,1,1,0,6,5,9,6,5,45000,1,1,0,6,5,9,6,5,45000,1,1,0,2025,3,10,5410000,10460000,1,3
202601,6,,사직야구장,26260,14,0,0,0,1,0,1,12,04,3,1,678,없음,4,0,0,0,3,2,4,1,10,2,1,1,1,1,8,3,3,1,1,I,561,1,1,2,5,5,9,5,5,47400,1,1,0,5,5,9,5,5,47400,1,1,0,5,5,9,5,5,47400,1,1,0,2025,3,10,5410000,10460000,1,3
202601,6,,사직야구장,26260,14,0,0,0,1,0,1,12,04,3,1,678,없음,4,0,0,0,3,2,4,1,10,2,1,1,1,1,8,3,3,1,1,S,961,1,1,2,5,5,9,5,5,42800,1,1,0,5,5,9,5,5,42800,1,1,0,5,5,9,5,5,42800,1,1,0,2025,3,9,5410000,10460000,1,3
202601,6,,사직야구장,26260,14,0,0,0,1,0,1,12,04,3,1,678,없음,4,0,0,0,3,2,4,1,10,2,1,1,1,1,8,3,3,2,1,M,732,3,1,3,6,5,7,6,5,15700,1,1,0,6,5,7,6,5,15700,1,1,0,6,5,7,6,5,15700,1,1,0,2026,3,10,5410000,10460000,1,3
202601,6,,사직야구장,26260,14,0,0,0,1,0,1,12,04,6,2,620,120,8,0,0,0,2,2,4,1,10,1,1,1,1,1,8,2,3,1,1,I,562,3,1,3,6,5,8,5,5,22600,1,1,0,6,5,8,5,5,22600,1,1,0,6,5,8,5,5,22600,1,1,0,2025,3,10,4590000,4580000,1,3
202601,6,,사직야구장,26260,14,0,0,0,1,0,1,12,04,6,2,620,120,8,0,0,0,2,2,4,1,10,1,1,1,1,1,8,2,3,2,2,0,999,2,1,2,1,1,1,5,3,10200,1,1,0,1,1,1,5,3,10200,1,1,0,1,1,1,5,3,10200,1,1,0,0,1,1,4590000,4580000,1,3
202601,6,,사직야구장,26260,14,0,0,0,1,0,1,12,04,6,1,700,100,6,0,0,0,2,2,4,1,10,1,1,1,1,1,8,2,3,1,1,I,561,3,1,3,6,5,8,6,5,26000,1,1,0,6,5,8,6,5,26000,1,1,0,6,5,8,6,5,26000,1,1,0,2024,3,10,6980000,7140000,1,2
202601,6,,사직야구장,26260,14,0,0,0,1,0,1,12,04,6,1,700,100,6,0,0,0,2,2,4,1,10,1,1,1,1,1,8,2,3,2,2,0,999,2,1,2,1,1,1,4,4,11900,1,1,0,1,1,1,4,4,11900,1,1,0,1,1,1,4,4,11900,1,1,0,0,1,1,6980000,7140000,1,2
202601,6,,경성대/부경대,26290,15,0,0,0,1,0,7,21,04,5,1,227,88,6,0,0,0,2,2,4,1,10,2,1,1,1,1,8,2,3,1,1,I,561,2,1,3,6,5,9,6,5,32900,1,1,0,6,5,9,6,5,32900,1,1,0,6,5,9,6,5,32900,1,1,0,2025,3,10,6760000,9710000,1,2
202601,6,,경성대/부경대,26290,15,0,0,0,1,0,7,21,04,5,1,227,88,6,0,0,0,2,2,4,1,10,2,1,1,1,1,8,2,3,2,1,S,961,2,1,3,5,5,8,5,5,24400,1,1,0,5,5,8,5,5,24400,1,1,0,5,5,8,5,5,24400,1,1,0,2024,3,10,6760000,9710000,1,2
202601,6,,경성대/부경대,26290,15,0,0,0,1,0,1,12,03,1,1,300,250,6,0,0,0,2,2,4,1,10,2,1,1,1,1,8,2,3,1,1,I,562,2,1,2,4,5,9,4,5,31300,1,1,0,4,5,9,4,5,31300,1,1,0,4,5,9,4,5,31300,1,1,0,2025,3,9,7850000,7190000,1,1
202601,6,,경성대/부경대,26290,15,0,0,0,1,0,1,12,03,1,1,300,250,6,0,0,0,2,2,4,1,10,2,1,1,1,1,8,2,3,1,1,I,562,2,1,2,4,5,9,4,5,31500,1,1,0,4,5,9,4,5,31500,1,1,0,4,5,9,4,5,31500,1,1,0,2025,3,9,7850000,7190000,1,1
202601,6,,경성대/부경대,26290,15,0,0,0,1,0,1,12,03,1,1,300,250,6,0,0,0,2,2,4,1,10,2,1,1,1,1,8,2,3,2,1,0,999,3,1,3,5,4,6,5,4,9000,1,1,0,5,4,6,5,4,9000,1,1,0,5,4,6,5,4,9000,1,1,0,2025,3,9,7850000,7190000,1,1
202601,6,,경성대/부경대,26290,14,0,0,0,1,0,1,12,04,6,1,210,150,8,0,1,0,2,2,4,1,9,2,1,1,1,1,8,2,3,1,1,I,561,2,1,2,6,5,9,6,5,40900,1,1,0,6,5,9,6,5,40900,1,1,0,6,5,9,6,5,40900,1,1,0,2025,3,10,6620000,8360000,1,3
202601,6,,경성대/부경대,26290,14,0,0,0,1,0,1,12,04,6,1,210,150,8,0,1,0,2,2,4,1,9,2,1,1,1,1,8,2,3,1,1,I,562,3,1,3,6,6,9,6,6,34000,1,1,0,6,6,9,6,6,34000,1,1,0,6,6,9,6,6,34000,1,1,0,2024,3,9,6620000,8360000,1,3
202601,6,,경성대/부경대,26290,14,0,0,0,1,0,1,12,04,6,1,210,150,8,0,1,0,2,2,4,1,9,2,1,1,1,1,8,2,3,2,1,S,961,2,1,3,5,5,7,5,5,18000,1,1,0,5,5,7,5,5,18000,1,1,0,5,5,7,5,5,18000,1,1,0,2024,3,9,6620000,8360000,1,3
202601,6,,경성대/부경대,26290,14,0,0,0,1,0,2,11,04,6,1,320,230,8,0,0,0,2,2,4,1,10,2,1,1,1,1,8,2,3,1,1,I,562,1,1,1,4,3,8,4,3,31800,1,1,0,4,3,8,4,3,31800,1,1,0,4,3,8,4,3,31800,1,1,0,2024,3,9,7780000,8010000,1,1
202601,6,,경성대/부경대,26290,14,0,0,0,1,0,2,11,04,6,1,320,230,8,0,0,0,2,2,4,1,10,2,1,1,1,1,8,2,3,1,1,I,561,2,1,2,6,5,8,6,5,23300,1,1,0,6,5,8,6,5,23300,1,1,0,6,5,8,6,5,23300,1,1,0,2024,3,9,7780000,8010000,1,1
202601,6,,경성대/부경대,26290,14,0,0,0,1,0,2,11,04,6,1,320,230,8,0,0,0,2,2,4,1,10,2,1,1,1,1,8,2,3,2,1,I,561,2,1,2,6,4,7,6,4,18500,1,1,0,6,4,7,6,4,18500,1,1,0,6,4,7,6,4,18500,1,1,0,2025,3,8,7780000,8010000,1,1
202601,6,,경성대/부경대,26290,15,0,0,0,1,0,2,11,04,6,2,250,200,6,0,0,0,2,2,4,1,10,2,1,1,1,1,8,2,3,1,1,I,562,2,1,3,6,6,9,6,6,33200,1,1,0,6,6,9,6,6,33200,1,1,0,6,6,9,6,6,33200,1,1,0,2024,3,9,9760000,8980000,1,2
202601,6,,경성대/부경대,26290,15,0,0,0,1,0,2,11,04,6,2,250,200,6,0,0,0,2,2,4,1,10,2,1,1,1,1,8,2,3,2,1,I,562,2,1,2,5,5,8,5,5,22700,1,1,0,5,5,8,5,5,22700,1,1,0,5,5,8,5,5,22700,1,1,0,2025,3,10,9760000,8980000,1,2
202601,6,,경성대/부경대,26290,15,0,0,0,1,0,1,12,04,6,1,180,150,8,0,0,0,2,1,3,1,10,1,1,1,1,1,8,2,3,1,1,I,561,3,1,3,6,6,9,6,6,35100,1,1,0,6,6,9,6,6,35100,1,1,0,6,6,9,6,6,35100,1,1,0,2024,3,10,7370000,13560000,1,1
202601,6,,경성대/부경대,26290,22,0,0,0,1,0,1,12,04,8,2,500,200,6,0,0,0,2,2,4,1,10,2,1,1,1,1,8,2,3,1,1,I,561,2,1,2,4,5,9,4,5,39100,1,1,0,4,5,9,4,5,39100,1,1,0,4,5,9,4,5,39100,1,1,0,2024,3,8,11150000,9230000,1,1
202601,6,,경성대/부경대,26290,22,0,0,0,1,0,1,12,04,8,2,500,200,6,0,0,0,2,2,4,1,10,2,1,1,1,1,8,2,3,1,2,0,999,3,1,3,1,1,1,6,3,9500,1,1,0,1,1,1,6,3,9500,1,1,0,1,1,1,6,3,9500,1,1,0,0,1,1,11150000,9230000,1,1
202601,6,,경성대/부경대,26290,22,0,0,0,1,0,1,12,04,8,2,500,200,6,0,0,0,2,2,4,1,10,2,1,1,1,1,8,2,3,2,1,S,961,3,1,3,4,4,6,4,4,9200,1,1,0,4,4,6,4,4,9200,1,1,0,4,4,6,4,4,9200,1,1,0,2025,3,10,11150000,9230000,1,1
202601,6,,경성대/부경대,26290,22,0,0,0,1,0,1,21,04,8,2,500,200,6,0,0,0,2,2,4,1,10,2,1,1,1,1,8,2,3,1,1,I,561,4,1,4,7,6,8,7,6,23800,1,1,0,7,6,8,7,6,23800,1,1,0,7,6,8,7,6,23800,1,1,0,2026,3,10,11030000,8610000,1,1
202601,6,,경성대/부경대,26290,22,0,0,0,1,0,1,21,04,8,2,500,200,6,0,0,0,2,2,4,1,10,2,1,1,1,1,8,2,3,2,1,I,561,3,1,3,6,5,7,6,5,15000,1,1,0,6,5,7,6,5,15000,1,1,0,6,5,7,6,5,15000,1,1,0,2025,3,10,11030000,8610000,1,1
202601,6,,경성대/부경대,26290,22,0,300,0,1,0,6,31,04,6,1,270,150,8,0,0,0,2,1,2,1,10,1,1,1,1,1,8,2,3,1,1,I,561,2,1,3,6,6,9,6,5,33300,1,1,0,6,6,9,6,5,33300,1,1,0,6,6,9,6,5,33300,1,1,0,2026,3,10,9560000,15970000,1,4
202601,6,,경성대/부경대,26290,14,0,0,0,1,0,1,31,03,1,1,211,90,8,0,0,0,2,2,4,1,10,2,1,1,1,1,8,2,3,1,1,G,474,1,1,1,5,5,10,5,5,53200,1,1,0,5,5,10,5,5,53200,1,1,0,5,5,10,5,5,53200,1,1,0,2024,3,7,9530000,11310000,1,2
202601,6,,경성대/부경대,26290,14,0,0,0,1,0,1,31,03,1,1,211,90,8,0,0,0,2,2,4,1,10,2,1,1,1,1,8,2,3,1,1,I,561,1,1,1,5,4,9,5,5,48800,1,1,0,5,4,9,5,5,48800,1,1,0,5,4,9,5,5,48800,1,1,0,2025,3,9,9530000,11310000,1,2
202601,6,,경성대/부경대,26290,14,0,0,0,1,0,1,31,03,1,1,211,90,8,0,0,0,2,2,4,1,10,2,1,1,1,1,8,2,3,1,1,I,561,1,1,1,5,5,10,5,5,52800,1,1,0,5,5,10,5,5,52800,1,1,0,5,5,10,5,5,52800,1,1,0,2025,3,10,9530000,11310000,1,2
202601,6,,경성대/부경대,26290,14,0,0,0,1,0,1,31,03,1,1,211,90,8,0,0,0,2,2,4,1,10,2,1,1,1,1,8,2,3,1,1,I,561,1,1,1,5,4,9,5,5,52800,1,1,0,5,4,9,5,5,52800,1,1,0,5,4,9,5,5,52800,1,1,0,2025,3,10,9530000,11310000,1,2
202601,6,,경성대/부경대,26290,14,0,0,0,1,0,1,31,03,1,1,211,90,8,0,0,0,2,2,4,1,10,2,1,1,1,1,8,2,3,2,1,0,999,2,1,2,3,3,7,3,3,10700,1,1,0,3,3,7,3,3,10700,1,1,0,3,3,7,3,3,10700,1,1,0,2025,3,9,9530000,11310000,1,2
202601,6,,경성대/부경대,26290,14,0,0,0,1,0,1,11,04,6,1,350,200,8,0,0,0,2,2,4,1,9,2,1,1,1,1,8,2,3,1,1,R,901,3,1,3,6,6,8,5,6,24700,1,1,0,6,6,8,5,6,24700,1,1,0,6,6,8,5,6,24700,1,1,0,2025,2,10,7700000,11760000,1,3
202601,6,,경성대/부경대,26290,14,0,0,0,1,0,1,11,04,6,1,350,200,8,0,0,0,2,2,4,1,9,2,1,1,1,1,8,2,3,2,1,I,562,1,1,1,3,3,7,3,3,18400,1,1,0,3,3,7,3,3,18400,1,1,0,3,3,7,3,3,18400,1,1,0,2025,2,10,7700000,11760000,1,3
202601,6,,경성대/부경대,26290,15,0,0,0,1,0,2,11,04,6,2,285,166,8,0,0,0,2,2,4,1,10,2,1,1,1,1,8,2,3,1,1,I,561,1,1,2,4,4,8,4,4,27800,1,1,0,4,4,8,4,4,27800,1,1,0,4,4,8,4,4,27800,1,1,0,2026,3,10,4880000,4850000,1,3
202601,6,,경성대/부경대,26290,15,0,0,0,1,0,2,11,04,6,2,285,166,8,0,0,0,2,2,4,1,10,2,1,1,1,1,8,2,3,1,1,I,561,1,1,2,4,4,8,4,4,28500,1,1,0,4,4,8,4,4,28500,1,1,0,4,4,8,4,4,28500,1,1,0,2025,3,10,4880000,4850000,1,3
202601,6,,경성대/부경대,26290,15,0,0,0,1,0,2,11,04,6,2,285,166,8,0,0,0,2,2,4,1,10,2,1,1,1,1,8,2,3,2,1,0,999,2,1,2,5,3,6,5,3,9000,1,1,0,5,3,6,5,3,9000,1,1,0,5,3,6,5,3,9000,1,1,0,2025,3,9,4880000,4850000,1,3
202601,6,,경성대/부경대,26290,22,0,0,0,1,0,1,12,04,6,1,120,100,6,0,0,0,2,2,4,1,10,2,1,1,1,1,8,2,3,1,1,G,474,3,1,3,7,6,10,7,6,55500,1,1,0,7,6,10,7,6,55500,1,1,0,7,6,10,7,6,55500,1,1,0,2025,3,9,11520000,11710000,1,1
202601,6,,경성대/부경대,26290,22,0,0,0,1,0,1,12,04,6,1,120,100,6,0,0,0,2,2,4,1,10,2,1,1,1,1,8,2,3,2,1,G,474,3,1,3,6,6,8,6,6,29700,1,1,0,6,6,8,6,6,29700,1,1,0,6,6,8,6,6,29700,1,1,0,2025,3,9,11520000,11710000,1,1
202601,6,,0.비상권,26290,22,0,300,0,1,0,1,12,04,7,1,500,10,1,0,0,0,1,1,1,1,10,1,1,1,1,1,8,1,3,1,1,D,352,1,1,1,4,3,8,4,3,25700,1,1,0,4,3,8,4,3,25700,1,1,0,4,3,8,4,3,25700,1,1,0,2026,3,8,4560000,6760000,1,3
202601,6,,덕천역,26320,16,0,0,0,1,0,1,12,03,5,1,50,50,8,0,0,0,2,2,4,1,10,2,1,1,1,1,8,2,3,1,1,I,561,2,1,2,4,4,8,4,4,21100,1,1,0,4,4,8,4,4,21100,1,1,0,4,4,8,4,4,21100,1,1,0,2026,3,10,4290000,5420000,1,3
202601,6,,덕천역,26320,16,0,0,0,1,0,1,12,03,5,1,50,50,8,0,0,0,2,2,4,1,10,2,1,1,1,1,8,2,3,1,1,I,561,2,1,2,4,4,8,4,4,19900,1,1,0,4,4,8,4,4,19900,1,1,0,4,4,8,4,4,19900,1,1,0,2025,3,9,4290000,5420000,1,3
202601,6,,덕천역,26320,16,0,0,0,1,0,1,12,03,5,1,50,50,8,0,0,0,2,2,4,1,10,2,1,1,1,1,8,2,3,2,1,0,999,2,1,2,5,3,7,5,3,11200,1,1,0,5,3,7,5,3,11200,1,1,0,5,3,7,5,3,11200,1,1,0,2024,3,9,4290000,5420000,1,3
202601,6,,덕천역,26320,22,0,300,0,1,0,6,31,04,8,1,150,150,8,0,1,0,3,2,4,1,10,2,1,1,1,1,8,3,3,1,1,I,561,4,1,4,8,7,9,8,7,31700,1,1,0,8,7,9,8,7,31700,1,1,0,8,7,9,8,7,31700,1,1,0,2025,3,8,12690000,17160000,1,3
202601,6,,덕천역,26320,16,0,0,0,1,0,6,21,04,6,2,210,150,6,0,0,0,2,2,4,1,10,1,1,1,1,1,8,2,3,1,1,I,561,2,1,2,7,5,9,7,6,40500,1,1,0,7,5,9,7,6,40500,1,1,0,7,5,9,7,6,40500,1,1,0,2024,3,10,9770000,8210000,1,3
202601,6,,덕천역,26320,16,0,0,0,1,0,6,21,04,6,2,210,150,6,0,0,0,2,2,4,1,10,1,1,1,1,1,8,2,3,2,2,I,561,2,1,2,1,1,1,5,4,17000,1,1,0,1,1,1,5,4,17000,1,1,0,1,1,1,5,4,17000,1,1,0,0,1,1,9770000,8210000,1,3
202601,6,,덕천역,26320,16,0,0,0,1,1,3,21,03,6,3,206,180,6,0,0,0,2,2,4,1,10,2,1,1,1,1,8,2,3,-1,1,R,901,4,1,4,5,3,3,5,3,3000,1,1,0,5,3,3,5,3,3000,1,1,0,5,3,3,5,3,3000,1,1,0,2025,3,8,4080000,1960000,1,3
202601,6,,덕천역,26320,16,0,0,0,1,1,3,21,03,6,3,206,180,6,0,0,0,2,2,4,1,10,2,1,1,1,1,8,2,3,1,1,I,561,2,1,2,3,4,7,4,3,13300,1,1,0,3,4,7,4,3,13300,1,1,0,3,4,7,4,3,13300,1,1,0,2025,3,8,4080000,1960000,1,3
202601,6,,덕천역,26320,16,0,0,0,1,1,3,21,03,6,3,206,180,6,0,0,0,2,2,4,1,10,2,1,1,1,1,8,2,3,1,1,I,561,2,1,2,4,4,7,4,3,12700,1,1,0,4,4,7,4,3,12700,1,1,0,4,4,7,4,3,12700,1,1,0,2024,3,10,4080000,1960000,1,3
202601,6,,덕천역,26320,16,0,0,0,1,1,3,21,03,6,3,206,180,6,0,0,0,2,2,4,1,10,2,1,1,1,1,8,2,3,2,6,0,999,3,1,3,1,1,1,3,3,5900,1,1,1,1,1,1,3,3,5900,1,1,1,1,1,1,3,3,5900,1,1,1,0,1,1,4080000,1960000,1,3
202601,6,,덕천역,26320,16,0,0,0,1,0,1,12,04,6,2,371,없음,6,0,0,0,2,2,4,1,10,2,1,1,1,1,8,2,3,1,1,I,561,2,1,2,1,1,1,4,4,16400,1,1,1,4,4,7,4,4,17100,1,1,0,4,4,7,4,4,17100,1,1,0,2026,3,10,3910000,3540000,1,3
202601,6,,덕천역,26320,16,0,0,0,1,0,1,12,04,6,2,371,없음,6,0,0,0,2,2,4,1,10,2,1,1,1,1,8,2,3,1,1,I,561,2,1,2,5,4,7,5,4,17200,1,1,0,5,4,7,5,4,17200,1,1,0,5,4,7,5,4,17200,1,1,0,2025,2,9,3910000,3540000,1,3
202601,6,,덕천역,26320,16,0,0,0,1,0,1,12,04,6,2,371,없음,6,0,0,0,2,2,4,1,10,2,1,1,1,1,8,2,3,2,1,I,561,3,1,3,4,4,7,5,4,10400,1,1,0,4,4,7,5,4,10400,1,1,0,4,4,7,5,4,10400,1,1,0,2025,3,10,3910000,3540000,1,3
202601,6,,덕천역,26320,16,0,0,0,1,0,1,21,04,6,1,223,81,7,0,0,0,2,2,4,1,10,2,1,1,1,1,8,2,3,1,1,I,561,3,1,3,6,6,9,6,6,42600,1,1,0,6,6,9,6,6,42600,1,1,0,6,6,9,6,6,42600,1,1,0,2024,3,8,9410000,10700000,1,3
202601,6,,덕천역,26320,16,0,0,0,1,0,1,21,04,6,1,223,81,7,0,0,0,2,2,4,1,10,2,1,1,1,1,8,2,3,1,1,I,561,2,1,2,6,6,9,6,6,38400,1,1,0,6,6,9,6,6,38400,1,1,0,6,6,9,6,6,38400,1,1,0,2024,3,9,9410000,10700000,1,3
202601,6,,덕천역,26320,16,0,0,0,1,0,1,21,04,6,1,223,81,7,0,0,0,2,2,4,1,10,2,1,1,1,1,8,2,3,2,2,0,999,2,1,2,1,1,1,6,3,10000,1,1,0,1,1,1,6,3,10000,1,1,0,1,1,1,6,3,10000,1,1,0,0,1,1,9410000,10700000,1,3
202601,6,,덕천역,26320,16,0,0,0,1,0,1,12,04,6,1,240,105,10,0,0,0,2,1,3,1,9,1,1,1,1,1,8,2,3,1,1,I,561,3,1,3,6,5,8,6,5,27000,1,1,0,6,5,8,6,5,27000,1,1,0,6,5,8,6,5,27000,1,1,0,2025,3,10,2430000,4240000,1,3
202601,6,,덕천역,26320,16,0,0,0,1,0,1,12,04,1,1,289,없음,8,0,0,0,2,2,4,1,10,1,1,1,1,1,8,2,3,1,1,I,561,3,1,3,6,6,9,6,6,29900,1,1,0,6,6,9,6,6,29900,1,1,0,6,6,9,6,6,29900,1,1,0,2024,3,7,5280000,5680000,1,3
202601,6,,덕천역,26320,16,0,0,0,1,0,1,12,04,1,1,289,없음,8,0,0,0,2,2,4,1,10,1,1,1,1,1,8,2,3,2,6,0,999,2,1,2,1,1,1,4,4,9900,1,1,1,1,1,1,4,4,9900,1,1,1,1,1,1,4,4,9900,1,1,1,0,1,1,5280000,5680000,1,3
202601,6,,덕천역,26320,16,0,0,0,1,0,1,12,04,6,1,200,100,8,0,0,0,2,2,4,1,10,2,1,1,1,1,8,2,3,1,1,I,561,3,1,3,6,6,8,6,6,29800,1,1,0,6,6,8,6,6,29800,1,1,0,6,6,8,6,6,29800,1,1,0,2025,3,10,5240000,5360000,1,3
202601,6,,덕천역,26320,16,0,0,0,1,0,1,12,04,6,1,200,100,8,0,0,0,2,2,4,1,10,2,1,1,1,1,8,2,3,2,1,S,969,2,1,2,5,4,7,5,5,18100,1,1,0,5,4,7,5,5,18100,1,1,0,5,4,7,5,5,18100,1,1,0,2024,3,10,5240000,5360000,1,3
202601,6,,덕천역,26320,16,0,0,0,1,0,1,12,04,6,2,300,150,8,0,0,0,2,2,4,1,10,1,1,1,1,1,8,2,3,1,1,I,561,3,1,3,6,6,8,6,6,27100,1,1,0,6,6,8,6,6,27100,1,1,0,6,6,8,6,6,27100,1,1,0,2025,3,8,5310000,5030000,1,3
202601,6,,덕천역,26320,16,0,0,0,1,0,1,12,04,6,2,300,150,8,0,0,0,2,2,4,1,10,1,1,1,1,1,8,2,3,2,6,0,999,3,1,3,1,1,1,5,4,12600,1,1,1,1,1,1,5,4,12600,1,1,1,1,1,1,5,4,12600,1,1,1,0,1,1,5310000,5030000,1,3
202601,6,,덕천역,26320,16,0,0,0,1,0,1,12,04,6,1,250,150,6,0,0,0,2,2,4,1,9,1,1,1,1,1,8,2,3,1,1,I,561,3,1,3,6,5,8,6,6,28200,1,1,0,6,5,8,6,6,28200,1,1,0,6,5,8,6,6,28200,1,1,0,2025,3,10,5080000,6130000,1,3
202601,6,,덕천역,26320,16,0,0,0,1,0,1,12,04,6,1,250,150,6,0,0,0,2,2,4,1,9,1,1,1,1,1,8,2,3,2,6,0,999,2,1,2,1,1,1,5,4,22300,1,1,1,1,1,1,5,4,22300,1,1,1,1,1,1,5,4,22300,1,1,1,0,1,1,5080000,6130000,1,3
202601,6,,덕천역,26320,14,0,0,0,1,1,1,12,04,6,2,266,140,7,0,0,0,2,2,4,1,10,1,1,1,1,1,8,2,3,-1,6,0,999,3,1,3,1,1,1,4,4,10100,1,1,1,1,1,1,4,4,10100,1,1,1,1,1,1,4,4,10100,1,1,1,0,1,1,5850000,3530000,1,4
202601,6,,덕천역,26320,14,0,0,0,1,1,1,12,04,6,2,266,140,7,0,0,0,2,2,4,1,10,1,1,1,1,1,8,2,3,1,1,I,561,1,1,1,5,5,9,5,5,44000,1,1,0,5,5,9,5,5,44000,1,1,0,5,5,9,5,5,44000,1,1,0,2024,3,7,5850000,3530000,1,4
202601,6,,덕천역,26320,14,0,0,0,1,1,1,12,04,6,2,266,140,7,0,0,0,2,2,4,1,10,1,1,1,1,1,8,2,3,1,1,I,561,1,1,1,5,5,9,5,5,44400,1,1,0,5,5,9,5,5,44400,1,1,0,5,5,9,5,5,44400,1,1,0,2025,3,10,5850000,3530000,1,4
202601,6,,덕천역,26320,14,0,0,0,1,1,1,12,04,6,2,266,140,7,0,0,0,2,2,4,1,10,1,1,1,1,1,8,2,3,1,1,I,561,1,1,1,5,4,9,5,4,45000,1,1,0,5,4,9,5,4,45000,1,1,0,5,4,9,5,4,45000,1,1,0,2025,3,7,5850000,3530000,1,4
202601,6,,덕천역,26320,14,0,0,0,1,1,1,12,04,6,2,266,140,7,0,0,0,2,2,4,1,10,1,1,1,1,1,8,2,3,2,2,0,999,3,1,3,1,1,1,6,4,9100,1,1,0,1,1,1,6,4,9100,1,1,0,1,1,1,6,4,9100,1,1,0,0,1,1,5850000,3530000,1,4
202601,6,,덕천역,26320,14,0,0,0,1,0,1,12,04,6,2,178,232,6,0,0,0,1,2,3,1,10,2,1,1,1,1,8,1,3,1,1,I,562,2,1,2,6,6,9,6,5,35100,1,1,0,6,6,9,6,5,35100,1,1,0,6,6,9,6,5,35100,1,1,0,2025,3,9,5560000,5030000,1,4
202601,6,,덕천역,26320,14,0,0,0,1,0,1,12,04,6,2,178,232,6,0,0,0,1,2,3,1,10,2,1,1,1,1,8,1,3,2,1,0,999,2,1,2,5,4,7,5,3,12500,1,1,0,5,4,7,5,3,12500,1,1,0,5,4,7,5,3,12500,1,1,0,2024,3,7,5560000,5030000,1,4
202601,6,,덕천역,26320,14,0,0,0,1,0,1,31,04,6,2,200,200,8,0,0,0,2,2,4,1,10,2,1,1,1,1,8,2,3,1,1,I,562,3,1,3,6,6,8,6,6,25400,1,1,0,6,6,8,6,6,25400,1,1,0,6,6,8,6,6,25400,1,1,0,2025,3,10,5110000,4910000,1,3
202601,6,,덕천역,26320,14,0,0,0,1,0,1,31,04,6,2,200,200,8,0,0,0,2,2,4,1,10,2,1,1,1,1,8,2,3,2,1,I,561,2,1,3,5,4,7,5,4,15400,1,1,0,5,4,7,5,4,15400,1,1,0,5,4,7,5,4,15400,1,1,0,2025,3,10,5110000,4910000,1,3
202601,6,,덕천역,26320,14,0,0,0,1,0,1,12,04,6,2,286,140,7,0,0,0,2,2,4,1,10,2,1,1,1,1,8,2,3,1,1,I,561,2,1,3,6,6,9,6,6,40100,1,1,0,6,6,9,6,6,40100,1,1,0,6,6,9,6,6,40100,1,1,0,2025,3,10,5570000,5110000,1,4
202601,6,,덕천역,26320,14,0,0,0,1,0,1,12,04,6,2,286,140,7,0,0,0,2,2,4,1,10,2,1,1,1,1,8,2,3,2,1,I,561,2,1,2,6,5,8,6,4,19000,1,1,0,6,5,8,6,4,19000,1,1,0,6,5,8,6,4,19000,1,1,0,2025,3,10,5570000,5110000,1,4
202601,6,,0.비상권,26350,14,0,0,0,1,0,1,12,04,5,1,280,320,4,0,0,0,2,2,4,1,10,1,1,1,1,1,8,2,3,1,1,I,561,2,1,2,6,6,9,6,6,40800,1,1,0,6,6,9,6,6,40800,1,1,0,6,6,9,6,6,40800,1,1,0,2024,3,10,13830000,16020000,1,2
202601,6,,0.비상권,26350,14,0,0,0,1,0,1,12,04,5,1,280,320,4,0,0,0,2,2,4,1,10,1,1,1,1,1,8,2,3,2,6,0,999,2,1,2,1,1,1,5,5,30000,1,1,1,1,1,1,5,5,30000,1,1,1,1,1,1,5,5,30000,1,1,1,0,1,1,13830000,16020000,1,2
202601,6,,0.비상권,26350,14,0,0,0,1,0,2,11,03,6,2,280,320,4,0,0,0,2,2,4,1,10,2,1,1,1,1,8,2,3,1,1,I,561,2,1,2,5,5,8,5,5,29400,1,1,0,5,5,8,5,5,29400,1,1,0,5,5,8,5,5,29400,1,1,0,2025,3,10,14470000,14440000,1,3
202601,6,,0.비상권,26350,14,0,0,0,1,0,2,11,03,6,2,280,320,4,0,0,0,2,2,4,1,10,2,1,1,1,1,8,2,3,1,1,I,562,1,1,1,5,4,9,5,4,31200,1,1,0,5,4,9,5,4,31200,1,1,0,5,4,9,5,4,31200,1,1,0,2025,3,10,14470000,14440000,1,3
202601,6,,0.비상권,26350,14,0,0,0,1,0,2,11,03,6,2,280,320,4,0,0,0,2,2,4,1,10,2,1,1,1,1,8,2,3,2,1,I,562,3,1,3,5,5,8,5,5,25400,1,1,0,5,5,8,5,5,25400,1,1,0,5,5,8,5,5,25400,1,1,0,2025,3,10,14470000,14440000,1,3
202601,6,,0.비상권,26350,14,0,0,0,1,0,1,12,04,6,1,250,250,8,0,0,0,2,1,3,1,10,1,1,1,1,1,8,2,3,1,1,G,472,2,1,2,5,5,9,5,5,32300,1,1,0,5,5,9,5,5,32300,1,1,0,5,5,9,5,5,32300,1,1,0,2025,3,10,10210000,12290000,1,3
202601,6,,0.비상권,26350,14,0,0,0,1,0,1,12,04,6,1,250,250,8,0,0,0,2,1,3,1,10,1,1,1,1,1,8,2,3,2,1,G,472,1,1,2,4,4,8,4,4,19700,1,1,0,4,4,8,4,4,19700,1,1,0,4,4,8,4,4,19700,1,1,0,2025,3,10,10210000,12290000,1,3
202601,6,,0.비상권,26350,14,0,0,0,1,0,2,11,04,6,2,250,250,10,0,0,0,2,2,4,1,10,1,1,1,1,1,8,2,3,1,1,I,561,3,1,3,5,5,8,5,5,21600,1,1,0,5,5,8,5,5,21600,1,1,0,5,5,8,5,5,21600,1,1,0,2024,3,10,9540000,8880000,1,1
202601,6,,0.비상권,26350,14,0,0,0,1,0,2,11,04,6,2,250,250,10,0,0,0,2,2,4,1,10,1,1,1,1,1,8,2,3,2,6,0,999,3,1,3,1,1,1,5,4,14600,1,1,1,1,1,1,5,4,14600,1,1,1,1,1,1,5,4,14600,1,1,1,0,1,1,9540000,8880000,1,1
202601,6,,0.비상권,26350,14,0,0,0,1,0,1,12,04,4,1,250,250,8,0,0,0,2,2,4,1,10,2,1,1,1,1,8,2,3,1,1,G,475,3,1,3,6,6,9,6,6,39400,1,1,0,6,6,9,6,6,39400,1,1,0,6,6,9,6,6,39400,1,1,0,2025,3,10,7320000,12140000,1,3
202601,6,,0.비상권,26350,14,0,0,0,1,0,1,12,04,4,1,250,250,8,0,0,0,2,2,4,1,10,2,1,1,1,1,8,2,3,2,1,I,562,2,1,2,5,5,9,5,5,38200,1,1,0,5,5,9,5,5,38200,1,1,0,5,5,9,5,5,38200,1,1,0,2025,3,10,7320000,12140000,1,3
202601,6,,0.비상권,26350,15,0,0,0,1,0,2,11,03,6,2,420,420,6,0,0,0,2,2,4,1,10,1,1,1,1,1,8,2,3,1,1,G,474,2,1,2,4,3,5,4,4,9300,1,1,0,4,3,5,4,4,9300,1,1,0,4,3,5,4,4,9300,1,1,0,2025,3,10,10170000,9310000,1,1
202601,6,,0.비상권,26350,15,0,0,0,1,0,2,11,03,6,2,420,420,6,0,0,0,2,2,4,1,10,1,1,1,1,1,8,2,3,2,2,0,999,2,1,2,1,1,1,3,3,6900,1,1,0,1,1,1,3,3,6900,1,1,0,1,1,1,3,3,6900,1,1,0,0,1,1,10170000,9310000,1,1
202601,6,,0.비상권,26350,14,0,0,0,1,0,2,11,04,6,2,100,200,6,0,0,0,2,2,4,1,10,1,1,1,1,1,8,2,3,1,1,I,561,2,1,2,5,5,9,5,5,40300,1,1,0,5,5,9,5,5,40300,1,1,0,5,5,9,5,5,40300,1,1,0,2024,3,10,15870000,14080000,1,2
202601,6,,0.비상권,26350,14,0,0,0,1,0,2,11,04,6,2,100,200,6,0,0,0,2,2,4,1,10,1,1,1,1,1,8,2,3,1,1,M,733,2,1,2,5,5,9,5,5,40300,1,1,0,5,5,9,5,5,40300,1,1,0,5,5,9,5,5,40300,1,1,0,2024,3,10,15870000,14080000,1,2
202601,6,,0.비상권,26350,14,0,0,0,1,0,2,11,04,6,2,100,200,6,0,0,0,2,2,4,1,10,1,1,1,1,1,8,2,3,2,6,0,999,3,1,3,1,1,1,5,6,28700,1,1,1,1,1,1,5,6,28700,1,1,1,1,1,1,5,6,28700,1,1,1,0,1,1,15870000,14080000,1,2
202601,6,,해운대,26350,22,0,120,300,1,0,8,21,03,8,2,60,70,6,0,1,0,2,2,4,1,9,1,2,1,1,1,8,2,3,1,1,G,466,3,1,3,6,6,10,6,6,53900,1,1,0,6,6,10,6,6,53900,1,1,0,6,6,10,6,6,53900,1,1,0,2024,3,9,20380000,14270000,1,2
202601,6,,해운대,26350,22,0,120,300,1,0,8,21,03,8,2,60,70,6,0,1,0,2,2,4,1,9,1,2,1,1,1,8,2,3,2,6,0,999,3,1,4,1,1,1,6,6,25500,1,1,1,1,1,1,6,6,25500,1,1,1,1,1,1,6,6,25500,1,1,1,0,1,1,20380000,14270000,1,2
202601,6,,해운대,26350,22,0,120,0,1,0,7,21,03,3,1,600,250,5,0,0,0,3,1,3,1,10,1,1,1,1,1,8,3,3,1,1,G,478,3,1,3,6,7,11,6,7,72900,1,1,0,6,7,11,6,7,72900,1,1,0,6,7,11,6,7,72900,1,1,0,2024,3,8,33190000,170960000,3,3
202601,6,,해운대,26350,14,0,0,0,1,0,6,32,04,6,2,350,180,1,0,0,0,1,2,3,1,9,1,2,1,1,1,8,1,3,1,6,0,999,2,1,2,5,5,8,5,5,29600,1,1,0,5,5,8,5,5,29600,1,1,0,1,1,1,5,5,28700,1,1,1,0,1,1,12540000,10610000,1,2
202601,6,,해운대,26350,14,0,0,0,1,0,6,32,04,6,2,350,180,1,0,0,0,1,2,3,1,9,1,2,1,1,1,8,1,3,2,6,0,999,2,1,2,4,4,7,4,4,14500,1,1,0,4,4,7,4,4,14500,1,1,0,1,1,1,4,4,13900,1,1,1,0,1,1,12540000,10610000,1,2
202601,6,,해운대,26350,14,0,0,0,1,0,1,12,03,6,1,480,360,6,0,0,0,2,1,3,1,10,1,1,1,1,1,8,2,3,1,1,I,561,2,1,2,5,5,8,5,5,24800,1,1,0,5,5,8,5,5,24800,1,1,0,5,5,8,5,5,24800,1,1,0,2025,3,10,6960000,12070000,1,1
202601,6,,해운대,26350,14,0,0,0,1,0,1,12,03,6,1,480,360,6,0,0,0,2,1,3,1,10,1,1,1,1,1,8,2,3,1,1,S,961,1,1,1,4,3,8,4,3,26100,1,1,0,4,3,8,4,3,26100,1,1,0,4,3,8,4,3,26100,1,1,0,2025,3,10,6960000,12070000,1,1
202601,6,,0.비상권,26350,22,13,120,0,1,0,1,12,04,8,1,없음,5,5,0,0,0,2,1,3,1,10,1,1,1,1,1,8,2,3,1,1,I,561,3,1,3,6,6,9,6,6,32600,1,1,0,6,6,9,6,6,32600,1,1,0,6,6,9,6,6,32600,1,1,0,2024,3,10,8930000,11660000,1,2
202601,6,,0.비상권,26350,15,0,0,0,1,0,1,12,04,1,1,없음,400,8,0,0,0,2,1,2,1,8,1,1,1,1,1,8,2,3,1,1,I,561,2,1,2,4,4,7,4,4,14600,1,1,0,4,4,7,4,4,14600,1,1,0,4,4,7,4,4,14600,1,1,0,2024,3,9,5160000,14370000,1,3
202601,6,,0.비상권,26350,14,0,0,0,1,0,5,32,03,6,1,650,100,6,0,0,0,2,1,3,1,9,1,1,1,1,1,8,2,3,1,1,I,561,2,1,2,5,4,7,5,4,19800,1,1,0,5,4,7,5,4,19800,1,1,0,5,4,7,5,4,19800,1,1,0,2025,3,10,5000000,8790000,1,2
202601,6,,0.비상권,26350,14,0,0,0,1,0,5,32,03,6,1,650,100,6,0,0,0,2,1,3,1,9,1,1,1,1,1,8,2,3,1,1,I,562,2,1,2,5,4,7,5,4,19200,1,1,0,5,4,7,5,4,19200,1,1,0,5,4,7,5,4,19200,1,1,0,2025,3,10,5000000,8790000,1,2
202601,6,,0.비상권,26350,15,0,0,0,1,0,1,12,04,1,1,없음,350,6,0,0,0,2,1,2,1,9,1,1,1,1,1,8,2,3,1,6,0,999,1,1,2,1,1,1,5,4,25700,1,1,1,1,1,1,5,4,25700,1,1,1,1,1,1,5,4,25700,1,1,1,0,1,1,6230000,11060000,1,3
202601,6,,0.비상권,26350,15,0,0,0,1,0,1,12,04,1,1,없음,350,6,0,0,0,2,1,2,1,9,1,1,1,1,1,8,2,3,1,1,I,561,1,1,1,4,4,8,5,4,28200,1,1,0,4,4,8,5,4,28200,1,1,0,4,4,8,5,4,28200,1,1,0,2025,3,9,6230000,11060000,1,3
202601,6,,해운대,26350,16,0,0,0,1,0,6,21,04,6,2,213,181,1,0,0,0,2,2,4,1,10,2,1,1,1,1,8,2,3,1,1,I,561,2,1,3,6,5,9,5,6,32300,1,1,0,6,5,9,5,6,32300,1,1,0,6,5,9,5,6,32300,1,1,0,2025,3,9,14180000,12220000,1,2
202601,6,,해운대,26350,16,0,0,0,1,0,6,21,04,6,2,213,181,1,0,0,0,2,2,4,1,10,2,1,1,1,1,8,2,3,2,1,S,961,2,1,3,5,5,7,5,5,18200,1,1,0,5,5,7,5,5,18200,1,1,0,5,5,7,5,5,18200,1,1,0,2024,3,9,14180000,12220000,1,2
202601,6,,해운대,26350,16,0,0,0,1,0,5,21,04,6,2,140,270,1,0,0,0,2,2,4,1,10,2,1,1,1,1,8,2,3,1,1,I,561,3,1,3,6,6,10,6,6,50400,1,1,0,6,6,10,6,6,50400,1,1,0,6,6,10,6,6,50400,1,1,0,2025,3,10,16720000,13990000,1,3
202601,6,,해운대,26350,16,0,0,0,1,0,5,21,04,6,2,140,270,1,0,0,0,2,2,4,1,10,2,1,1,1,1,8,2,3,2,1,I,561,3,1,3,6,5,8,6,5,19600,1,1,0,6,5,8,6,5,19600,1,1,0,6,5,8,6,5,19600,1,1,0,2024,3,9,16720000,13990000,1,3
202601,6,,해운대,26350,14,0,0,0,1,0,8,21,04,5,1,400,200,6,0,0,0,2,2,4,1,10,2,1,1,1,1,8,2,3,1,1,I,562,3,1,3,6,5,8,6,5,25200,1,1,0,6,5,8,6,5,25200,1,1,0,6,5,8,6,5,25200,1,1,0,2025,3,9,8560000,13850000,1,1
202601,6,,해운대,26350,14,0,0,0,1,0,8,21,04,5,1,400,200,6,0,0,0,2,2,4,1,10,2,1,1,1,1,8,2,3,2,1,I,562,2,1,2,4,4,7,4,4,14300,1,1,0,4,4,7,4,4,14300,1,1,0,4,4,7,4,4,14300,1,1,0,2025,3,9,8560000,13850000,1,1
202601,6,,해운대,26350,14,0,0,0,1,0,6,32,03,4,1,220,220,6,0,0,0,2,1,3,1,10,1,1,1,1,1,8,2,3,1,1,S,952,3,1,3,6,5,8,6,6,22400,1,1,0,6,5,8,6,6,22400,1,1,0,6,5,8,6,6,22400,1,1,0,2025,4,9,8660000,23450000,1,2
202601,6,,해운대,26350,22,0,300,0,1,0,1,11,03,1,1,160,170,6,0,0,0,1,1,2,1,10,1,1,1,1,1,8,1,3,1,1,G,472,1,1,1,6,5,11,6,6,85900,1,1,0,6,5,11,6,6,85900,1,1,0,6,5,11,6,6,85900,1,1,0,2024,3,10,17900000,21670000,1,3
202601,6,,해운대,26350,22,0,300,0,1,0,1,11,03,1,1,160,170,6,0,0,0,1,1,2,1,10,1,1,1,1,1,8,1,3,1,1,I,561,1,1,1,6,5,11,6,5,83900,1,1,0,6,5,11,6,5,83900,1,1,0,6,5,11,6,5,83900,1,1,0,2024,3,10,17900000,21670000,1,3
202601,6,,해운대,26350,22,0,0,0,1,0,1,21,04,8,2,300,150,7,0,0,0,2,2,4,2,9,2,1,1,1,1,8,2,3,1,1,S,961,2,1,2,6,5,9,6,5,29600,1,1,0,6,5,9,6,5,29600,1,1,0,6,5,9,6,5,29600,1,1,0,2025,3,10,15990000,11630000,1,3
202601,6,,해운대,26350,22,0,0,0,1,0,1,21,04,8,2,300,150,7,0,0,0,2,2,4,2,9,2,1,1,1,1,8,2,3,1,1,G,472,2,1,2,6,5,9,6,5,29200,1,1,0,6,5,9,6,5,29200,1,1,0,6,5,9,6,5,29200,1,1,0,2025,3,10,15990000,11630000,1,3
202601,6,,해운대,26350,22,0,0,0,1,0,1,21,04,8,2,300,150,7,0,0,0,2,2,4,2,9,2,1,1,1,1,8,2,3,2,1,I,562,3,1,4,5,5,7,6,5,16800,1,1,0,5,5,7,6,5,16800,1,1,0,5,5,7,6,5,16800,1,1,0,2025,4,9,15990000,11630000,1,3
202601,6,,0.비상권,26350,14,0,140,0,1,0,3,21,04,5,1,없음,485,6,0,0,0,3,2,4,1,10,1,2,1,1,1,8,3,3,1,6,0,999,4,1,4,1,1,1,6,5,10000,1,1,1,1,1,1,6,5,10000,1,1,1,1,1,1,6,5,10000,1,1,1,0,1,1,6420000,19790000,1,1
202601,6,,해운대,26350,22,0,300,0,1,0,1,12,04,4,1,460,170,4,0,0,0,2,1,2,1,9,1,1,1,1,1,8,2,3,1,1,I,561,2,1,2,6,5,9,6,5,37300,1,1,0,6,5,9,6,5,37300,1,1,0,6,5,9,6,5,37300,1,1,0,2024,3,10,19680000,58640000,1,2
202601,6,,해운대,26350,22,0,300,0,1,0,6,21,04,8,1,520,120,4,0,0,0,1,1,1,1,10,1,1,1,1,1,8,1,3,1,1,I,561,1,1,1,5,4,9,5,4,40000,1,1,0,5,4,9,5,4,40000,1,1,0,5,4,9,5,4,40000,1,1,0,2024,3,9,18370000,40020000,1,3
202601,6,,해운대,26350,14,0,0,0,1,0,7,31,04,6,2,460,100,6,1,0,0,2,2,4,1,9,2,1,1,1,1,2,2,3,1,1,F,424,2,1,3,6,5,9,6,5,30100,1,1,0,6,5,9,6,5,30100,1,1,0,6,5,9,6,5,30100,1,1,0,2024,3,9,7140000,6710000,1,1
202601,6,,해운대,26350,14,0,0,0,1,0,7,31,04,6,2,460,100,6,1,0,0,2,2,4,1,9,2,1,1,1,1,2,2,3,2,1,F,425,2,1,3,5,4,7,5,4,12000,1,1,0,5,4,7,5,4,12000,1,1,0,5,4,7,5,4,12000,1,1,0,2024,3,10,7140000,6710000,1,1
202601,6,,해운대,26350,14,0,0,0,1,0,6,31,04,6,1,450,50,5,0,1,0,3,2,4,1,10,2,1,1,1,1,8,3,3,1,1,I,561,3,1,3,6,6,8,6,6,26900,1,1,0,6,6,8,6,6,26900,1,1,0,6,6,8,6,6,26900,1,1,0,2024,3,8,9620000,15060000,1,2
202601,6,,해운대,26350,14,0,0,0,1,0,6,31,04,6,1,450,50,5,0,1,0,3,2,4,1,10,2,1,1,1,1,8,3,3,1,1,G,472,4,1,4,7,6,8,7,6,27300,1,1,0,7,6,8,7,6,27300,1,1,0,7,6,8,7,6,27300,1,1,0,2024,3,9,9620000,15060000,1,2
202601,6,,해운대,26350,14,0,0,0,1,0,5,31,04,6,1,530,170,6,0,0,0,2,1,3,1,10,1,1,1,1,1,8,2,3,1,1,I,561,1,1,1,5,5,10,5,5,60500,1,1,0,5,5,10,5,5,60500,1,1,0,5,5,10,5,5,60500,1,1,0,2024,3,10,7920000,13430000,1,2
202601,6,,해운대,26350,14,0,0,0,1,0,5,31,04,6,1,530,170,6,0,0,0,2,1,3,1,10,1,1,1,1,1,8,2,3,1,6,0,999,1,1,1,1,1,1,5,5,60500,1,1,1,1,1,1,5,5,60500,1,1,1,1,1,1,5,5,60500,1,1,1,0,1,1,7920000,13430000,1,2
202601,6,,해운대,26350,14,0,0,0,1,0,5,31,04,6,1,530,170,6,0,0,0,2,1,3,1,10,1,1,1,1,1,8,2,3,1,1,G,472,1,1,1,5,5,10,5,5,60500,1,1,0,5,5,10,5,5,60500,1,1,0,5,5,10,5,5,60500,1,1,0,2026,3,9,7920000,13430000,1,2
202601,6,,해운대,26350,14,0,0,0,1,0,5,31,04,6,1,530,170,6,0,0,0,2,1,3,1,10,1,1,1,1,1,8,2,3,1,1,I,561,1,1,1,3,3,11,3,3,74700,1,1,0,3,3,11,3,3,74700,1,1,0,3,3,11,3,3,74700,1,1,0,2025,3,10,7920000,13430000,1,2
202601,6,,해운대,26350,14,0,0,0,1,0,5,31,04,6,1,530,170,6,0,0,0,2,1,3,1,10,1,1,1,1,1,8,2,3,1,1,G,472,1,1,1,5,5,10,5,5,57200,1,1,0,5,5,10,5,5,57200,1,1,0,5,5,10,5,5,57200,1,1,0,2025,3,10,7920000,13430000,1,2
202601,6,,해운대,26350,14,0,0,0,1,0,7,21,04,5,1,400,70,9,0,1,0,3,2,4,1,10,2,1,1,1,1,8,3,3,1,1,I,561,4,1,4,6,6,8,6,6,23200,1,1,0,6,6,8,6,6,23200,1,1,0,6,6,8,6,6,23200,1,1,0,2025,3,10,6550000,15560000,1,3
202601,6,,해운대,26350,14,0,0,0,1,0,6,21,03,6,2,550,220,6,0,1,0,2,2,4,1,9,2,1,1,1,1,8,2,3,1,1,I,561,1,1,1,6,4,9,6,4,38300,1,1,0,6,4,9,6,4,38300,1,1,0,6,4,9,6,4,38300,1,1,0,2025,4,8,8630000,7100000,1,1
202601,6,,해운대,26350,14,0,0,0,1,0,6,21,03,6,2,550,220,6,0,1,0,2,2,4,1,9,2,1,1,1,1,8,2,3,1,1,G,472,1,1,1,6,4,9,6,4,44500,1,1,0,6,4,9,6,4,44500,1,1,0,6,4,9,6,4,44500,1,1,0,2025,3,10,8630000,7100000,1,1
202601,6,,해운대,26350,14,0,0,0,1,0,6,21,03,6,2,550,220,6,0,1,0,2,2,4,1,9,2,1,1,1,1,8,2,3,1,1,G,472,1,1,1,6,5,9,6,5,38600,1,1,0,6,5,9,6,5,38600,1,1,0,6,5,9,6,5,38600,1,1,0,2025,3,7,8630000,7100000,1,1
202601,6,,해운대,26350,14,0,0,0,1,0,6,21,03,6,2,550,220,6,0,1,0,2,2,4,1,9,2,1,1,1,1,8,2,3,2,1,I,561,3,1,3,6,4,7,6,4,12100,1,1,0,6,4,7,6,4,12100,1,1,0,6,4,7,6,4,12100,1,1,0,2025,4,8,8630000,7100000,1,1
202601,6,,해운대,26350,14,0,0,0,1,0,4,21,04,6,2,377,108,4,0,0,0,2,2,4,1,10,2,1,1,1,1,8,2,3,1,1,I,562,2,1,2,6,6,10,6,6,66000,1,1,0,6,6,10,6,6,66000,1,1,0,6,6,10,6,6,66000,1,1,0,2025,3,9,11820000,10500000,1,3
202601,6,,해운대,26350,14,0,0,0,1,0,4,21,04,6,2,377,108,4,0,0,0,2,2,4,1,10,2,1,1,1,1,8,2,3,1,1,I,561,2,1,2,6,6,10,6,6,64500,1,1,0,6,6,10,6,6,64500,1,1,0,6,6,10,6,6,64500,1,1,0,2026,3,10,11820000,10500000,1,3
202601,6,,해운대,26350,14,0,0,0,1,0,4,21,04,6,2,377,108,4,0,0,0,2,2,4,1,10,2,1,1,1,1,8,2,3,1,1,I,562,2,1,2,6,6,10,6,6,66000,1,1,0,6,6,10,6,6,66000,1,1,0,6,6,10,6,6,66000,1,1,0,2025,3,10,11820000,10500000,1,3
202601,6,,해운대,26350,14,0,0,0,1,0,4,21,04,6,2,377,108,4,0,0,0,2,2,4,1,10,2,1,1,1,1,8,2,3,1,1,I,562,2,1,2,5,6,10,6,6,63700,1,1,0,5,6,10,6,6,63700,1,1,0,5,6,10,6,6,63700,1,1,0,2025,3,10,11820000,10500000,1,3
202601,6,,해운대,26350,14,0,0,0,1,0,4,21,04,6,2,377,108,4,0,0,0,2,2,4,1,10,2,1,1,1,1,8,2,3,2,1,I,561,4,1,4,6,6,8,6,6,23600,1,1,0,6,6,8,6,6,23600,1,1,0,6,6,8,6,6,23600,1,1,0,2024,3,9,11820000,10500000,1,3
202601,6,,해운대,26350,14,0,0,0,1,0,8,21,04,6,2,374,78,4,0,1,0,2,2,4,1,10,2,1,1,1,1,8,2,3,1,1,I,561,2,1,2,6,6,12,6,6,96600,1,1,0,6,6,12,6,6,96600,1,1,0,6,6,12,6,6,96600,1,1,0,2024,3,9,15960000,13960000,1,1
202601,6,,해운대,26350,14,0,0,0,1,0,8,21,04,6,2,374,78,4,0,1,0,2,2,4,1,10,2,1,1,1,1,8,2,3,1,1,I,561,2,1,2,6,6,11,6,6,73800,1,1,0,6,6,11,6,6,73800,1,1,0,6,6,11,6,6,73800,1,1,0,2024,3,10,15960000,13960000,1,1
202601,6,,해운대,26350,14,0,0,0,1,0,8,21,04,6,2,374,78,4,0,1,0,2,2,4,1,10,2,1,1,1,1,8,2,3,2,1,I,562,3,1,3,6,5,8,6,5,26100,1,1,0,6,5,8,6,5,26100,1,1,0,6,5,8,6,5,26100,1,1,0,2024,3,9,15960000,13960000,1,1
202601,6,,송정해수욕장,26350,14,0,0,0,1,0,8,32,04,4,1,200,없음,8,0,1,0,3,2,4,1,10,2,1,1,1,1,8,3,3,1,1,S,952,4,1,4,5,5,7,5,5,12400,1,1,0,5,5,7,5,5,12400,1,1,0,5,5,7,5,5,12400,1,1,0,2024,3,9,4750000,10530000,1,1
202601,6,,송정해수욕장,26350,14,0,0,0,1,0,8,32,04,4,1,200,없음,8,0,1,0,3,2,4,1,10,2,1,1,1,1,8,3,3,2,1,S,952,1,1,1,3,3,5,3,3,7400,1,1,0,3,3,5,3,3,7400,1,1,0,3,3,5,3,3,7400,1,1,0,2024,3,9,4750000,10530000,1,1
202601,6,,송정해수욕장,26350,14,0,0,0,1,0,8,31,04,5,1,176,없음,8,0,1,0,2,1,3,1,9,1,1,1,1,1,8,2,3,1,1,S,952,3,1,3,5,5,7,5,5,16500,1,1,0,5,5,7,5,5,16500,1,1,0,5,5,7,5,5,16500,1,1,0,2025,3,9,4910000,10340000,1,2
202601,6,,송정해수욕장,26350,14,0,0,0,1,0,2,32,04,1,1,없음,100,7,0,0,0,2,1,2,1,9,1,1,1,1,1,8,2,3,1,1,I,561,2,1,2,5,4,7,5,5,18700,1,1,0,5,4,7,5,5,18700,1,1,0,5,4,7,5,5,18700,1,1,0,2024,3,9,4210000,15570000,1,2
202601,6,,송정해수욕장,26350,14,0,0,0,1,0,6,32,04,5,1,300,없음,8,0,1,0,2,2,4,1,10,2,1,1,1,1,8,2,3,1,1,S,952,4,1,4,6,6,8,6,6,20300,1,1,0,6,6,8,6,6,20300,1,1,0,6,6,8,6,6,20300,1,1,0,2025,3,10,4400000,8950000,1,1
202601,6,,송정해수욕장,26350,14,0,0,0,1,0,6,32,04,3,1,없음,40,1,0,0,0,2,1,2,1,10,1,1,1,1,1,8,2,3,1,1,G,475,2,1,3,4,5,8,4,5,22300,1,1,0,4,5,8,4,5,22300,1,1,0,4,5,8,4,5,22300,1,1,0,2024,3,8,6530000,29570000,1,3
202601,6,,송정해수욕장,26350,14,0,0,0,1,0,5,32,04,6,1,없음,20,1,0,0,0,2,2,3,1,9,2,1,1,1,1,8,2,3,1,1,F,424,3,1,4,6,6,8,6,6,23900,1,1,0,6,6,8,6,6,23900,1,1,0,6,6,8,6,6,23900,1,1,0,2024,3,9,6680000,11390000,1,2
202601,6,,송정해수욕장,26350,16,0,0,0,1,0,4,32,04,4,1,없음,50,1,0,0,0,2,1,3,1,9,1,1,1,1,1,8,2,3,1,1,G,475,3,1,3,5,5,8,5,5,25300,1,1,0,5,5,8,5,5,25300,1,1,0,5,5,8,5,5,25300,1,1,0,2025,3,9,7870000,22030000,1,2
202601,6,,송정해수욕장,26350,14,0,0,0,1,0,1,19,04,6,2,없음,390,4,0,1,0,2,2,4,1,10,2,1,1,1,1,8,2,3,1,1,I,561,3,1,3,5,5,8,5,5,20400,1,1,0,5,5,8,5,5,20400,1,1,0,5,5,8,5,5,20400,1,1,0,2024,3,10,4870000,4840000,1,2
202601,6,,송정해수욕장,26350,14,0,0,0,1,0,1,19,04,6,2,없음,390,4,0,1,0,2,2,4,1,10,2,1,1,1,1,8,2,3,2,1,0,999,2,1,3,5,4,7,5,4,11300,1,1,0,5,4,7,5,4,11300,1,1,0,5,4,7,5,4,11300,1,1,0,2025,3,10,4870000,4840000,1,2
202601,6,,송정해수욕장,26350,14,0,0,0,1,0,1,12,03,6,1,314,없음,6,0,0,0,2,1,2,1,10,1,1,1,1,1,8,2,3,1,1,S,951,1,1,2,3,4,7,3,4,18200,1,1,0,3,4,7,3,4,18200,1,1,0,3,4,7,3,4,18200,1,1,0,2024,3,9,3620000,7050000,1,1
202601,6,,송정해수욕장,26350,14,0,0,0,1,0,1,12,03,6,1,314,없음,6,0,0,0,2,1,2,1,10,1,1,1,1,1,8,2,3,1,2,G,478,1,1,1,1,1,1,3,4,19000,1,1,0,1,1,1,3,4,19000,1,1,0,1,1,1,3,4,19000,1,1,0,0,1,1,3620000,7050000,1,1
202601,6,,송정해수욕장,26350,14,0,0,0,1,0,9,21,04,6,2,없음,190,7,0,1,0,2,2,4,1,9,2,1,1,1,1,8,2,3,1,1,S,969,2,1,3,4,5,8,4,5,21200,1,1,0,4,5,8,4,5,21200,1,1,0,4,5,8,4,5,21200,1,1,0,2025,3,10,5790000,4950000,1,2
202601,6,,송정해수욕장,26350,14,0,0,0,1,0,9,21,04,6,2,없음,190,7,0,1,0,2,2,4,1,9,2,1,1,1,1,8,2,3,2,1,I,551,3,1,3,4,3,5,4,3,7300,1,1,0,4,3,5,4,3,7300,1,1,0,4,3,5,4,3,7300,1,1,0,2025,3,10,5790000,4950000,1,2
202601,6,,송정해수욕장,26350,22,0,300,0,1,0,1,21,04,1,1,628,없음,4,0,0,0,2,2,4,1,10,2,1,2,1,1,8,2,3,1,1,I,562,2,1,2,5,5,9,5,5,30800,1,1,0,5,5,9,5,5,30800,1,1,0,5,5,9,5,5,30800,1,1,0,2024,3,10,9320000,5040000,1,1
202601,6,,송정해수욕장,26350,22,0,300,0,1,0,1,21,04,1,1,628,없음,4,0,0,0,2,2,4,1,10,2,1,2,1,1,8,2,3,1,1,I,561,1,1,2,6,4,8,6,4,29200,1,1,0,6,4,8,6,4,29200,1,1,0,6,4,8,6,4,29200,1,1,0,2025,3,7,9320000,5040000,1,1
202601,6,,송정해수욕장,26350,22,0,300,0,1,0,1,21,04,1,1,628,없음,4,0,0,0,2,2,4,1,10,2,1,2,1,1,8,2,3,1,1,G,473,2,1,2,5,4,9,5,4,30400,1,1,0,5,4,9,5,4,30400,1,1,0,5,4,9,5,4,30400,1,1,0,2024,3,9,9320000,5040000,1,1
202601,6,,송정해수욕장,26350,22,0,300,0,1,0,1,21,04,1,1,628,없음,4,0,0,0,2,2,4,1,10,2,1,2,1,1,8,2,3,2,2,I,562,4,1,4,1,1,1,5,5,12200,1,1,0,1,1,1,5,5,12200,1,1,0,1,1,1,5,5,12200,1,1,0,0,1,1,9320000,5040000,1,1
202601,6,,송정해수욕장,26350,22,0,300,0,1,0,7,21,04,7,2,800,100,4,0,0,0,1,2,4,1,9,2,1,1,1,1,8,2,3,1,1,I,561,2,1,2,5,5,7,5,5,19100,1,1,0,5,5,7,5,5,19100,1,1,0,5,5,7,5,5,19100,1,1,0,2024,3,10,8250000,7460000,1,3
202601,6,,송정해수욕장,26350,22,0,300,0,1,0,7,21,04,7,2,800,100,4,0,0,0,1,2,4,1,9,2,1,1,1,1,8,2,3,2,1,S,961,2,1,2,4,3,6,4,3,8900,1,1,0,4,3,6,4,3,8900,1,1,0,4,3,6,4,3,8900,1,1,0,2026,3,9,8250000,7460000,1,3
202601,6,,송정해수욕장,26350,22,0,300,0,1,0,1,12,03,1,1,500,20,5,0,0,0,2,2,4,1,9,1,1,1,1,1,14,2,3,1,1,I,561,2,1,2,3,5,8,3,5,26100,1,1,0,3,5,8,3,5,26100,1,1,0,3,5,8,3,5,26100,1,1,0,2024,3,8,8250000,15330000,1,3
202601,6,,송정해수욕장,26350,22,0,300,0,1,0,1,12,03,1,1,500,20,5,0,0,0,2,2,4,1,9,1,1,1,1,1,14,2,3,1,6,0,999,1,1,1,1,1,1,3,3,25300,1,1,1,1,1,1,3,3,25300,1,1,1,1,1,1,3,3,25300,1,1,1,0,1,1,8250000,15330000,1,3
202601,6,,송정해수욕장,26350,22,0,300,0,1,0,1,12,03,1,1,500,20,5,0,0,0,2,2,4,1,9,1,1,1,1,1,14,2,3,1,1,I,561,2,1,2,5,5,8,5,5,26900,1,1,0,5,5,8,5,5,26900,1,1,0,5,5,8,5,5,26900,1,1,0,2025,3,10,8250000,15330000,1,3
202601,6,,송정해수욕장,26350,22,0,300,0,1,0,1,12,03,1,1,500,20,5,0,0,0,2,2,4,1,9,1,1,1,1,1,14,2,3,1,2,0,999,2,1,2,1,1,1,3,4,23300,1,1,0,1,1,1,3,4,23300,1,1,0,1,1,1,3,4,23300,1,1,0,0,1,1,8250000,15330000,1,3
202601,6,,송정해수욕장,26350,16,0,0,0,1,0,2,11,04,6,2,없음,50,1,0,0,0,2,2,4,1,10,2,1,1,1,1,8,2,3,1,1,I,561,3,1,3,6,5,8,6,5,24400,1,1,0,6,5,8,6,5,24400,1,1,0,6,5,8,6,5,24400,1,1,0,2024,3,9,8730000,8060000,1,2
202601,6,,송정해수욕장,26350,16,0,0,0,1,0,2,11,04,6,2,없음,50,1,0,0,0,2,2,4,1,10,2,1,1,1,1,8,2,3,2,1,I,561,3,1,3,6,4,7,6,4,15800,1,1,0,6,4,7,6,4,15800,1,1,0,6,4,7,6,4,15800,1,1,0,2024,3,9,8730000,8060000,1,2
202601,6,,송정해수욕장,26350,16,0,0,0,1,0,3,32,04,4,1,없음,50,2,0,0,0,3,2,4,1,10,2,1,1,1,1,8,3,3,1,1,I,561,4,1,4,6,6,8,6,6,23000,1,1,0,6,6,8,6,6,23000,1,1,0,6,6,8,6,6,23000,1,1,0,2026,3,8,10090000,26270000,1,2
202601,6,,송정해수욕장,26350,14,0,0,0,1,0,7,21,03,5,1,없음,40,6,0,1,0,3,2,4,2,9,2,1,1,1,1,8,3,3,1,1,I,562,3,1,4,5,5,7,6,5,16300,1,1,0,5,5,7,6,5,16300,1,1,0,5,5,7,6,5,16300,1,1,0,2025,3,10,5840000,10400000,1,2
202601,6,,송정해수욕장,26350,14,0,0,0,1,0,7,21,03,5,1,없음,40,6,0,1,0,3,2,4,2,9,2,1,1,1,1,8,3,3,2,1,I,562,3,1,4,4,4,6,4,4,8900,1,1,0,4,4,6,4,4,8900,1,1,0,4,4,6,4,4,8900,1,1,0,2025,3,10,5840000,10400000,1,2
202601,6,,송정해수욕장,26350,13,0,0,0,1,0,7,21,04,6,1,없음,500,8,0,1,0,3,2,4,2,9,2,1,1,1,1,8,3,3,1,1,I,561,4,2,4,7,6,7,7,6,18400,1,1,0,7,6,7,7,6,18400,1,1,0,7,6,7,7,6,18400,1,1,0,2025,3,9,6550000,11510000,1,2
202601,6,,0.비상권,26380,15,0,0,0,1,0,1,12,04,1,1,380,90,4,0,0,0,2,2,4,1,9,2,1,1,1,1,8,2,3,1,1,I,561,3,1,3,4,5,7,4,5,18200,1,1,0,4,5,7,4,5,18200,1,1,0,4,5,7,4,5,18200,1,1,0,2025,3,10,4050000,4130000,1,2
202601,6,,0.비상권,26380,15,0,0,0,1,0,1,12,04,1,1,380,90,4,0,0,0,2,2,4,1,9,2,1,1,1,1,8,2,3,2,1,0,999,2,1,2,4,3,7,4,3,10200,1,1,0,4,3,7,4,3,10200,1,1,0,4,3,7,4,3,10200,1,1,0,2025,3,10,4050000,4130000,1,2
202601,6,,0.비상권,26380,14,0,0,0,1,0,1,12,04,6,1,230,120,6,0,0,0,2,1,3,1,9,1,1,1,1,1,8,2,3,1,1,G,478,2,1,2,4,4,7,4,4,11200,1,1,0,4,4,7,4,4,11200,1,1,0,4,4,7,4,4,11200,1,1,0,2024,3,10,3060000,3260000,1,1
202601,6,,0.비상권,26380,14,0,0,0,1,0,1,12,04,6,1,230,120,6,0,0,0,2,1,3,1,9,1,1,1,1,1,8,2,3,2,1,0,999,1,1,2,3,3,6,3,3,8700,1,1,0,3,3,6,3,3,8700,1,1,0,3,3,6,3,3,8700,1,1,0,2024,3,9,3060000,3260000,1,1
202601,6,,0.비상권,26380,15,0,0,0,1,0,1,12,04,1,1,230,270,6,0,0,0,2,1,2,1,10,1,1,1,1,1,8,2,3,1,1,I,561,2,1,2,5,5,8,5,5,29000,1,1,0,5,5,8,5,5,29000,1,1,0,5,5,8,5,5,29000,1,1,0,2025,3,6,3970000,8650000,1,3
202601,6,,0.비상권,26380,15,0,0,0,1,0,1,11,04,1,1,150,150,6,0,0,0,2,1,3,1,10,1,1,1,1,1,8,2,3,1,1,I,562,3,1,3,4,5,8,4,5,22100,1,1,0,4,5,8,4,5,22100,1,1,0,4,5,8,4,5,22100,1,1,0,2026,3,10,3990000,6990000,1,2
202601,6,,0.비상권,26380,22,0,0,0,1,0,8,32,04,8,1,110,40,8,0,0,0,2,2,4,1,10,2,1,1,1,1,8,2,3,1,1,I,562,4,1,4,6,6,9,6,6,30200,1,1,0,6,6,9,6,6,30200,1,1,0,6,6,9,6,6,30200,1,1,0,2025,3,9,4280000,5930000,1,2
202601,6,,0.비상권,26380,22,0,300,0,1,0,5,11,04,7,1,300,80,4,0,0,0,2,2,4,1,10,2,1,1,1,1,8,2,3,1,1,I,562,2,1,2,5,4,8,5,4,21200,1,1,0,5,4,8,5,4,21200,1,1,0,5,4,8,5,4,21200,1,1,0,2025,3,10,4370000,7240000,1,2
202601,6,,0.비상권,26380,22,0,300,0,1,0,5,11,04,7,1,300,80,4,0,0,0,2,2,4,1,10,2,1,1,1,1,8,2,3,1,1,I,561,4,1,4,6,6,8,6,6,26600,1,1,0,6,6,8,6,6,26600,1,1,0,6,6,8,6,6,26600,1,1,0,2025,3,10,4370000,7240000,1,2
202601,6,,0.비상권,26380,16,0,0,0,1,1,1,21,03,6,1,70,50,3,0,0,0,2,2,4,1,9,2,1,1,1,1,8,2,3,-1,1,N,753,2,1,2,3,3,5,3,3,7600,1,1,0,3,3,5,3,3,7600,1,1,0,3,3,5,3,3,7600,1,1,0,2024,3,10,9330000,5970000,1,1
202601,6,,0.비상권,26380,16,0,0,0,1,1,1,21,03,6,1,70,50,3,0,0,0,2,2,4,1,9,2,1,1,1,1,8,2,3,1,1,G,478,2,1,3,6,5,7,5,5,20000,1,1,0,6,5,7,5,5,20000,1,1,0,6,5,7,5,5,20000,1,1,0,2025,3,9,9330000,5970000,1,1
202601,6,,0.비상권,26380,16,0,0,0,1,1,1,21,03,6,1,70,50,3,0,0,0,2,2,4,1,9,2,1,1,1,1,8,2,3,2,1,I,562,2,1,3,3,3,5,3,3,6800,1,1,0,3,3,5,3,3,6800,1,1,0,3,3,5,3,3,6800,1,1,0,2025,3,8,9330000,5970000,1,1
202601,6,,0.비상권,26380,22,0,300,0,1,0,4,11,04,8,2,270,70,1,0,0,0,1,1,1,1,10,1,1,1,1,1,8,1,3,1,1,R,912,1,1,1,4,4,9,4,4,45800,1,1,0,4,4,9,4,4,45800,1,1,0,4,4,9,4,4,45800,1,1,0,2024,3,10,7680000,5390000,1,2
202601,6,,0.비상권,26380,22,0,300,0,1,0,4,11,04,8,2,270,70,1,0,0,0,1,1,1,1,10,1,1,1,1,1,8,1,3,2,1,S,961,1,1,1,3,3,7,3,3,16100,1,1,0,3,3,7,3,3,16100,1,1,0,3,3,7,3,3,16100,1,1,0,2024,3,7,7680000,5390000,1,2
202601,6,,하단역,26380,22,0,300,0,1,0,1,11,04,6,2,110,130,6,0,0,0,2,2,4,1,10,2,1,1,1,1,8,2,3,1,1,I,561,4,1,4,6,6,9,6,6,30100,1,1,0,6,6,9,6,6,30100,1,1,0,6,6,9,6,6,30100,1,1,0,2024,3,10,7490000,6950000,1,2
202601,6,,하단역,26380,22,0,300,0,1,0,1,11,04,6,2,110,130,6,0,0,0,2,2,4,1,10,2,1,1,1,1,8,2,3,2,1,R,912,3,1,3,6,5,8,5,5,19100,1,1,0,6,5,8,5,5,19100,1,1,0,6,5,8,5,5,19100,1,1,0,2024,3,9,7490000,6950000,1,2
202601,6,,하단역,26380,16,0,0,0,1,0,1,31,04,6,2,710,153,6,0,0,0,2,2,4,1,10,2,1,1,1,1,8,2,3,1,1,I,562,3,1,3,6,6,8,6,6,25900,1,1,0,6,6,8,6,6,25900,1,1,0,6,6,8,6,6,25900,1,1,0,2024,3,10,5260000,4760000,1,1
202601,6,,하단역,26380,16,0,0,0,1,0,1,31,04,6,2,710,153,6,0,0,0,2,2,4,1,10,2,1,1,1,1,8,2,3,2,1,0,999,3,1,3,6,3,6,5,4,9000,1,1,0,6,3,6,5,4,9000,1,1,0,6,3,6,5,4,9000,1,1,0,2024,3,8,5260000,4760000,1,1
202601,6,,하단역,26380,16,0,0,0,1,0,7,32,04,6,1,370,200,6,0,0,0,2,1,3,1,10,1,1,1,1,1,8,2,3,1,1,I,562,3,1,3,5,4,7,5,4,11000,1,1,0,5,4,7,5,4,11000,1,1,0,5,4,7,5,4,11000,1,1,0,2025,3,8,4460000,8840000,1,2
202601,6,,하단역,26380,22,0,300,0,1,0,1,31,04,8,2,263,123,7,0,0,0,2,2,4,1,10,2,1,1,1,1,8,2,3,1,1,I,561,4,1,4,5,6,8,6,6,26000,1,1,0,5,6,8,6,6,26000,1,1,0,5,6,8,6,6,26000,1,1,0,2026,3,10,7610000,5540000,1,1
202601,6,,하단역,26380,22,0,300,0,1,0,1,31,04,8,2,263,123,7,0,0,0,2,2,4,1,10,2,1,1,1,1,8,2,3,2,1,I,561,4,1,4,6,5,7,6,5,12100,1,1,0,6,5,7,6,5,12100,1,1,0,6,5,7,6,5,12100,1,1,0,2025,3,10,7610000,5540000,1,1
202601,6,,하단역,26380,22,0,300,0,1,1,3,21,04,8,2,131,10,1,0,0,0,1,2,4,1,9,2,1,1,1,1,8,1,3,-1,1,S,961,2,1,2,3,3,7,3,3,12200,1,1,0,3,3,7,3,3,12200,1,1,0,3,3,7,3,3,12200,1,1,0,2024,3,10,11050000,6240000,1,1
202601,6,,하단역,26380,22,0,300,0,1,1,3,21,04,8,2,131,10,1,0,0,0,1,2,4,1,9,2,1,1,1,1,8,1,3,1,1,G,478,2,1,2,6,6,9,6,6,39500,1,1,0,6,6,9,6,6,39500,1,1,0,6,6,9,6,6,39500,1,1,0,2024,3,9,11050000,6240000,1,1
202601,6,,하단역,26380,22,0,300,0,1,1,3,21,04,8,2,131,10,1,0,0,0,1,2,4,1,9,2,1,1,1,1,8,1,3,2,1,S,961,2,1,2,4,4,7,5,4,18000,1,1,0,4,4,7,5,4,18000,1,1,0,4,4,7,5,4,18000,1,1,0,2024,3,10,11050000,6240000,1,1
202601,6,,하단역,26380,22,0,300,0,1,0,7,21,04,8,2,145,45,7,0,1,0,2,2,4,1,9,2,1,1,1,1,8,2,3,1,1,G,471,4,1,4,6,6,8,6,6,24300,1,1,0,6,6,8,6,6,24300,1,1,0,6,6,8,6,6,24300,1,1,0,2025,3,10,8580000,5770000,1,1
202601,6,,하단역,26380,22,0,300,0,1,0,7,21,04,8,2,145,45,7,0,1,0,2,2,4,1,9,2,1,1,1,1,8,2,3,2,1,I,561,4,1,4,6,5,7,6,5,16200,1,1,0,6,5,7,6,5,16200,1,1,0,6,5,7,6,5,16200,1,1,0,2025,3,10,8580000,5770000,1,1
202601,6,,하단역,26380,22,0,300,0,1,0,1,12,04,6,1,100,100,7,0,0,0,2,2,4,1,10,2,1,1,1,1,8,2,3,1,1,I,561,2,1,2,5,4,7,5,4,20400,1,1,0,5,4,7,5,4,20400,1,1,0,5,4,7,5,4,20400,1,1,0,2024,3,9,5570000,5790000,1,2
202601,6,,하단역,26380,22,0,300,0,1,0,1,12,04,6,1,100,100,7,0,0,0,2,2,4,1,10,2,1,1,1,1,8,2,3,1,1,I,561,2,1,2,5,4,7,5,4,20600,1,1,0,5,4,7,5,4,20600,1,1,0,5,4,7,5,4,20600,1,1,0,2024,3,8,5570000,5790000,1,2
202601,6,,하단역,26380,22,0,300,0,1,0,1,12,04,6,1,100,100,7,0,0,0,2,2,4,1,10,2,1,1,1,1,8,2,3,1,1,I,561,2,1,2,5,4,8,5,4,20500,1,1,0,5,4,8,5,4,20500,1,1,0,5,4,8,5,4,20500,1,1,0,2025,2,10,5570000,5790000,1,2
202601,6,,하단역,26380,22,0,300,0,1,0,1,12,04,6,1,100,100,7,0,0,0,2,2,4,1,10,2,1,1,1,1,8,2,3,2,1,0,999,3,1,3,7,1,5,6,3,7100,1,1,0,7,1,5,6,3,7100,1,1,0,7,1,5,6,3,7100,1,1,0,2025,3,9,5570000,5790000,1,2
202601,6,,하단역,26380,22,0,300,0,1,0,2,11,03,3,1,220,10,1,0,0,0,2,2,4,1,10,2,1,1,1,1,8,2,3,1,1,G,474,2,1,2,5,5,9,5,5,34400,1,1,0,5,5,9,5,5,34400,1,1,0,5,5,9,5,5,34400,1,1,0,2024,3,8,10970000,19470000,1,2
202601,6,,하단역,26380,22,0,300,0,1,0,2,11,03,3,1,220,10,1,0,0,0,2,2,4,1,10,2,1,1,1,1,8,2,3,1,1,G,474,2,1,2,5,5,9,5,5,34600,1,1,0,5,5,9,5,5,34600,1,1,0,5,5,9,5,5,34600,1,1,0,2024,3,8,10970000,19470000,1,2
202601,6,,하단역,26380,22,0,300,0,1,0,2,11,03,3,1,220,10,1,0,0,0,2,2,4,1,10,2,1,1,1,1,8,2,3,2,1,G,478,3,1,3,5,5,7,5,5,14200,1,1,0,5,5,7,5,5,14200,1,1,0,5,5,7,5,5,14200,1,1,0,2025,3,10,10970000,19470000,1,2
202601,6,,0.비상권,26380,16,0,0,0,1,0,1,12,04,1,1,320,170,8,0,0,0,1,1,2,1,10,1,1,1,1,1,8,1,3,1,1,S,969,2,1,2,5,3,7,5,3,10200,1,1,0,5,3,7,5,3,10200,1,1,0,5,3,7,5,3,10200,1,1,0,2023,4,4,3040000,3600000,1,2
202601,6,,0.비상권,26380,16,0,0,0,1,0,1,12,04,9,2,360,330,8,0,0,0,1,1,3,1,10,1,1,1,1,1,8,1,3,1,1,I,561,2,1,2,3,3,6,3,3,8700,1,1,0,3,3,6,3,3,8700,1,1,0,3,3,6,3,3,8700,1,1,0,2025,3,10,3970000,2260000,1,1
202601,6,,0.비상권,26380,16,0,0,0,1,0,1,12,04,9,2,360,330,8,0,0,0,1,1,3,1,10,1,1,1,1,1,8,1,3,2,1,0,999,2,1,2,3,3,4,3,3,5300,1,1,0,3,3,4,3,3,5300,1,1,0,3,3,4,3,3,5300,1,1,0,2024,3,8,3970000,2260000,1,1
202601,6,,0.비상권,26380,23,0,300,0,1,0,1,12,03,9,2,390,60,9,0,0,0,1,1,2,1,10,1,1,1,1,1,8,1,3,1,1,S,953,1,1,1,3,3,7,3,3,10800,1,1,0,3,3,7,3,3,10800,1,1,0,3,3,7,3,3,10800,1,1,0,2025,3,8,4100000,2680000,1,2
202601,6,,0.비상권,26380,23,0,300,0,1,0,1,12,03,9,2,390,60,9,0,0,0,1,1,2,1,10,1,1,1,1,1,8,1,3,1,1,G,474,1,1,1,3,3,7,3,3,19900,1,1,0,3,3,7,3,3,19900,1,1,0,3,3,7,3,3,19900,1,1,0,2025,3,9,4100000,2680000,1,2
202601,6,,0.비상권,26380,23,0,300,0,1,0,1,12,03,9,2,390,60,9,0,0,0,1,1,2,1,10,1,1,1,1,1,8,1,3,2,1,0,999,1,1,2,3,3,6,3,3,9700,1,1,0,3,3,6,3,3,9700,1,1,0,3,3,6,3,3,9700,1,1,0,2025,3,9,4100000,2680000,1,2
202601,6,,0.비상권,26410,22,0,300,0,1,0,1,11,03,1,1,123,40,1,0,0,0,2,2,4,1,10,1,1,1,1,1,8,2,3,1,1,L,682,2,1,2,4,4,7,4,4,15300,1,1,0,4,4,7,4,4,15300,1,1,0,4,4,7,4,4,15300,1,1,0,2025,3,9,4780000,6440000,1,3
202601,6,,0.비상권,26410,22,0,300,0,1,0,1,11,03,1,1,123,40,1,0,0,0,2,2,4,1,10,1,1,1,1,1,8,2,3,1,1,G,472,1,1,2,4,4,7,4,4,18200,1,1,0,4,4,7,4,4,18200,1,1,0,4,4,7,4,4,18200,1,1,0,2024,3,10,4780000,6440000,1,3
202601,6,,0.비상권,26410,22,0,300,0,1,0,1,11,03,1,1,123,40,1,0,0,0,2,2,4,1,10,1,1,1,1,1,8,2,3,2,2,0,999,2,1,2,1,1,1,4,3,9800,1,1,0,1,1,1,4,3,9800,1,1,0,1,1,1,4,3,9800,1,1,0,0,1,1,4780000,6440000,1,3
202601,6,,0.비상권,26410,22,0,300,0,1,0,1,21,03,1,1,139,57,1,0,0,0,2,2,4,1,10,1,1,1,1,1,8,2,3,1,1,S,961,3,1,3,5,4,7,5,5,14700,1,1,0,5,4,7,5,5,14700,1,1,0,5,4,7,5,5,14700,1,1,0,2024,3,10,4900000,4920000,1,2
202601,6,,0.비상권,26410,22,0,300,0,1,0,1,21,03,1,1,139,57,1,0,0,0,2,2,4,1,10,1,1,1,1,1,8,2,3,1,6,0,999,2,1,2,1,1,1,5,4,15100,1,1,1,1,1,1,5,4,15100,1,1,1,1,1,1,5,4,15100,1,1,1,0,1,1,4900000,4920000,1,2
202601,6,,0.비상권,26410,22,0,300,0,1,0,1,21,03,1,1,139,57,1,0,0,0,2,2,4,1,10,1,1,1,1,1,8,2,3,2,2,0,999,3,1,3,1,1,1,5,4,11200,1,1,0,1,1,1,5,4,11200,1,1,0,1,1,1,5,4,11200,1,1,0,0,1,1,4900000,4920000,1,2
202601,6,,0.비상권,26410,14,0,0,0,1,0,5,32,04,5,1,503,172,6,0,1,0,2,1,3,1,10,1,1,1,1,1,8,2,3,1,1,I,561,3,1,3,6,5,7,6,5,16900,1,1,0,6,5,7,6,5,16900,1,1,0,6,5,7,6,5,16900,1,1,0,2026,3,8,3390000,7060000,1,3
202601,6,,0.비상권,26410,15,0,0,0,1,0,3,12,03,5,1,564,290,7,0,0,0,3,2,4,1,10,2,1,1,1,1,8,3,3,1,1,G,478,2,1,2,3,3,7,3,3,11700,1,1,0,3,3,7,3,3,11700,1,1,0,3,3,7,3,3,11700,1,1,0,2025,3,6,3540000,8800000,1,2
202601,6,,0.비상권,26410,15,0,0,0,1,0,3,12,03,5,1,564,290,7,0,0,0,3,2,4,1,10,2,1,1,1,1,8,3,3,1,1,S,961,2,1,2,4,3,7,4,3,12200,1,1,0,4,3,7,4,3,12200,1,1,0,4,3,7,4,3,12200,1,1,0,2024,3,10,3540000,8800000,1,2
202601,6,,0.비상권,26410,15,0,0,0,1,0,3,12,03,5,1,564,290,7,0,0,0,3,2,4,1,10,2,1,1,1,1,8,3,3,1,1,L,682,1,1,1,4,3,7,4,3,16500,1,1,0,4,3,7,4,3,16500,1,1,0,4,3,7,4,3,16500,1,1,0,2025,3,8,3540000,8800000,1,2
202601,6,,0.비상권,26410,15,0,0,0,1,0,3,12,03,5,1,564,290,7,0,0,0,3,2,4,1,10,2,1,1,1,1,8,3,3,1,1,G,478,2,1,2,3,3,7,3,3,11700,1,1,0,3,3,7,3,3,11700,1,1,0,3,3,7,3,3,11700,1,1,0,2025,3,6,3540000,8800000,1,2
202601,6,,0.비상권,26410,15,0,0,0,1,0,3,12,03,5,1,564,290,7,0,0,0,3,2,4,1,10,2,1,1,1,1,8,3,3,1,1,G,478,2,1,2,6,3,6,6,3,11500,1,1,0,6,3,6,6,3,11500,1,1,0,6,3,6,6,3,11500,1,1,0,2025,3,4,3540000,8800000,1,2
202601,6,,0.비상권,26410,14,0,0,0,1,0,3,21,03,6,1,290,50,4,0,1,0,3,2,4,1,10,2,1,1,1,1,8,3,3,1,1,G,471,4,1,4,6,6,7,6,6,11700,1,1,0,6,6,7,6,6,11700,1,1,0,6,6,7,6,6,11700,1,1,0,2024,3,9,4450000,7770000,1,1
202601,6,,0.비상권,26410,14,16,0,0,1,0,3,11,03,3,1,204,39,4,0,0,0,4,2,4,1,10,2,1,1,1,1,8,3,3,1,1,I,561,2,1,2,6,4,7,6,4,18600,1,1,0,6,4,7,6,4,18600,1,1,0,6,4,7,6,4,18600,1,1,0,2025,3,9,4170000,7100000,1,2
202601,6,,0.비상권,26410,14,16,0,0,1,0,3,11,03,3,1,204,39,4,0,0,0,4,2,4,1,10,2,1,1,1,1,8,3,3,1,1,I,561,2,1,2,6,4,7,5,4,14500,1,1,0,6,4,7,5,4,14500,1,1,0,6,4,7,5,4,14500,1,1,0,2024,3,10,4170000,7100000,1,2
202601,6,,0.비상권,26410,14,16,0,0,1,0,3,11,03,3,1,204,39,4,0,0,0,4,2,4,1,10,2,1,1,1,1,8,3,3,1,1,I,561,2,1,2,6,4,7,6,4,18600,1,1,0,6,4,7,6,4,18600,1,1,0,6,4,7,6,4,18600,1,1,0,2024,3,7,4170000,7100000,1,2
202601,6,,0.비상권,26410,14,16,0,0,1,0,3,11,03,3,1,204,39,4,0,0,0,4,2,4,1,10,2,1,1,1,1,8,3,3,1,1,I,561,2,1,2,6,5,8,6,4,18600,1,1,0,6,5,8,6,4,18600,1,1,0,6,5,8,6,4,18600,1,1,0,2024,3,5,4170000,7100000,1,2
202601,6,,0.비상권,26410,16,0,0,0,1,0,1,12,03,1,1,37,89,1,0,0,0,2,1,1,1,10,1,1,1,1,1,8,2,3,1,1,I,561,1,1,1,3,3,7,3,4,20100,1,1,0,3,3,7,3,4,20100,1,1,0,3,3,7,3,4,20100,1,1,0,2025,3,10,4870000,34410000,3,1
202601,6,,구서동/금정구청,26410,16,0,0,0,1,0,8,31,03,6,2,210,40,5,0,1,0,2,2,4,1,9,2,1,1,1,1,8,2,3,1,1,G,478,3,1,3,6,6,8,6,6,28300,1,1,0,6,6,8,6,6,28300,1,1,0,6,6,8,6,6,28300,1,1,0,2025,3,10,8230000,6960000,1,2
202601,6,,구서동/금정구청,26410,16,0,0,0,1,0,8,31,03,6,2,210,40,5,0,1,0,2,2,4,1,9,2,1,1,1,1,8,2,3,2,1,R,911,3,1,3,5,5,7,5,5,13100,1,1,0,5,5,7,5,5,13100,1,1,0,5,5,7,5,5,13100,1,1,0,2025,3,10,8230000,6960000,1,2
202601,6,,구서동/금정구청,26410,16,0,0,0,1,1,1,11,04,3,1,110,90,7,1,0,0,3,2,4,2,9,2,1,1,1,1,8,3,3,-1,6,0,999,1,1,1,1,1,1,2,2,8800,1,1,1,1,1,1,2,2,8800,1,1,1,1,1,1,2,2,8800,1,1,1,0,1,1,6760000,14930000,1,1
202601,6,,구서동/금정구청,26410,16,0,0,0,1,1,1,11,04,3,1,110,90,7,1,0,0,3,2,4,2,9,2,1,1,1,1,8,3,3,1,1,I,561,4,1,4,7,6,8,7,6,29200,1,1,0,7,6,8,7,6,29200,1,1,0,7,6,8,7,6,29200,1,1,0,2025,3,10,6760000,14930000,1,1
202601,6,,구서동/금정구청,26410,16,0,0,0,1,1,1,11,04,3,1,110,90,7,1,0,0,3,2,4,2,9,2,1,1,1,1,8,3,3,2,1,0,999,2,1,3,4,4,7,4,4,10900,1,1,0,4,4,7,4,4,10900,1,1,0,4,4,7,4,4,10900,1,1,0,2024,3,10,6760000,14930000,1,1
202601,6,,구서동/금정구청,26410,22,0,300,0,1,0,1,12,04,8,2,210,120,7,0,0,0,2,2,4,1,9,2,1,1,1,1,8,2,3,1,1,G,471,2,1,3,6,6,9,6,6,46200,1,1,0,6,6,9,6,6,46200,1,1,0,6,6,9,6,6,46200,1,1,0,2025,3,9,9730000,9090000,1,1
202601,6,,구서동/금정구청,26410,22,0,300,0,1,0,1,12,04,8,2,210,120,7,0,0,0,2,2,4,1,9,2,1,1,1,1,8,2,3,1,1,I,561,3,1,3,6,5,8,6,5,25400,1,1,0,6,5,8,6,5,25400,1,1,0,6,5,8,6,5,25400,1,1,0,2025,3,9,9730000,9090000,1,1
202601,6,,구서동/금정구청,26410,22,0,300,0,1,0,1,12,04,8,2,210,120,7,0,0,0,2,2,4,1,9,2,1,1,1,1,8,2,3,2,1,I,561,3,1,3,6,5,7,6,5,16600,1,1,0,6,5,7,6,5,16600,1,1,0,6,5,7,6,5,16600,1,1,0,2024,3,10,9730000,9090000,1,1
202601,6,,구서동/금정구청,26410,22,0,300,0,1,0,2,11,04,7,2,110,150,6,0,0,0,2,2,4,1,10,2,1,1,1,1,8,2,3,1,1,I,561,2,1,2,6,5,9,6,5,42300,1,1,0,6,5,9,6,5,42300,1,1,0,6,5,9,6,5,42300,1,1,0,2025,3,9,9360000,8170000,1,1
202601,6,,구서동/금정구청,26410,22,0,300,0,1,0,2,11,04,7,2,110,150,6,0,0,0,2,2,4,1,10,2,1,1,1,1,8,2,3,1,1,I,561,2,1,2,6,5,9,6,5,34300,1,1,0,6,5,9,6,5,34300,1,1,0,6,5,9,6,5,34300,1,1,0,2025,3,10,9360000,8170000,1,1
202601,6,,구서동/금정구청,26410,22,0,300,0,1,0,2,11,04,7,2,110,150,6,0,0,0,2,2,4,1,10,2,1,1,1,1,8,2,3,2,6,0,999,3,1,3,1,1,1,5,5,20700,1,1,1,1,1,1,5,5,20700,1,1,1,1,1,1,5,5,20700,1,1,1,0,1,1,9360000,8170000,1,1
202601,6,,구서동/금정구청,26410,22,0,300,0,1,1,2,21,04,1,1,40,90,6,0,0,0,2,2,4,1,9,2,1,1,1,1,8,2,3,-1,1,R,912,3,1,4,5,4,5,5,4,7600,1,1,0,5,4,5,5,4,7600,1,1,0,5,4,5,5,4,7600,1,1,0,2025,3,10,10890000,5890000,1,1
202601,6,,구서동/금정구청,26410,22,0,300,0,1,1,2,21,04,1,1,40,90,6,0,0,0,2,2,4,1,9,2,1,1,1,1,8,2,3,1,1,I,562,1,1,1,5,4,9,5,4,32200,1,1,0,5,4,9,5,4,32200,1,1,0,5,4,9,5,4,32200,1,1,0,2025,3,10,10890000,5890000,1,1
202601,6,,구서동/금정구청,26410,22,0,300,0,1,1,2,21,04,1,1,40,90,6,0,0,0,2,2,4,1,9,2,1,1,1,1,8,2,3,1,1,G,472,1,1,1,5,4,9,5,4,32200,1,1,0,5,4,9,5,4,32200,1,1,0,5,4,9,5,4,32200,1,1,0,2025,3,10,10890000,5890000,1,1
202601,6,,구서동/금정구청,26410,22,0,300,0,1,1,2,21,04,1,1,40,90,6,0,0,0,2,2,4,1,9,2,1,1,1,1,8,2,3,1,1,L,682,1,1,1,5,4,8,5,4,32300,1,1,0,5,4,8,5,4,32300,1,1,0,5,4,8,5,4,32300,1,1,0,2025,3,10,10890000,5890000,1,1
202601,6,,구서동/금정구청,26410,22,0,300,0,1,1,2,21,04,1,1,40,90,6,0,0,0,2,2,4,1,9,2,1,1,1,1,8,2,3,2,1,I,561,3,1,3,5,4,7,5,4,11300,1,1,0,5,4,7,5,4,11300,1,1,0,5,4,7,5,4,11300,1,1,0,2025,3,10,10890000,5890000,1,1
202601,6,,구서동/금정구청,26410,14,0,0,0,1,0,1,12,04,6,2,230,130,7,0,0,0,2,2,4,1,9,2,1,1,1,1,8,2,3,1,1,I,561,3,1,3,6,6,9,6,6,46600,1,1,0,6,6,9,6,6,46600,1,1,0,6,6,9,6,6,46600,1,1,0,2025,3,10,10480000,9800000,1,1
202601,6,,구서동/금정구청,26410,14,0,0,0,1,0,1,12,04,6,2,230,130,7,0,0,0,2,2,4,1,9,2,1,1,1,1,8,2,3,2,1,I,562,2,1,2,6,5,8,6,5,25800,1,1,0,6,5,8,6,5,25800,1,1,0,6,5,8,6,5,25800,1,1,0,2025,3,10,10480000,9800000,1,1
202601,6,,구서동/금정구청,26410,14,0,0,0,1,1,1,11,03,6,2,570,180,4,0,0,0,2,2,4,1,10,2,1,1,1,1,8,2,3,-1,6,0,999,1,1,1,1,1,1,2,2,6400,1,1,1,1,1,1,2,2,6400,1,1,1,1,1,1,2,2,6400,1,1,1,0,1,1,5780000,5100000,1,1
202601,6,,구서동/금정구청,26410,14,0,0,0,1,1,1,11,03,6,2,570,180,4,0,0,0,2,2,4,1,10,2,1,1,1,1,8,2,3,1,1,I,562,2,1,2,5,4,8,5,4,27600,1,1,0,5,4,8,5,4,27600,1,1,0,5,4,8,5,4,27600,1,1,0,2025,3,10,5780000,5100000,1,1
202601,6,,구서동/금정구청,26410,14,0,0,0,1,1,1,11,03,6,2,570,180,4,0,0,0,2,2,4,1,10,2,1,1,1,1,8,2,3,1,1,G,472,2,1,2,5,4,8,5,4,27500,1,1,0,5,4,8,5,4,27500,1,1,0,5,4,8,5,4,27500,1,1,0,2025,3,10,5780000,5100000,1,1
202601,6,,구서동/금정구청,26410,14,0,0,0,1,1,1,11,03,6,2,570,180,4,0,0,0,2,2,4,1,10,2,1,1,1,1,8,2,3,2,1,P,856,2,1,3,4,4,7,4,4,11000,1,1,0,4,4,7,4,4,11000,1,1,0,4,4,7,4,4,11000,1,1,0,2024,3,10,5780000,5100000,1,1
202601,6,,구서동/금정구청,26410,14,0,0,0,1,0,8,31,03,6,1,690,160,4,0,1,0,2,2,4,1,9,2,1,1,1,1,8,2,3,1,1,P,851,1,1,2,5,4,8,6,4,28100,1,1,0,5,4,8,6,4,28100,1,1,0,5,4,8,6,4,28100,1,1,0,2025,3,10,6600000,6820000,1,2
202601,6,,구서동/금정구청,26410,14,0,0,0,1,0,8,31,03,6,1,690,160,4,0,1,0,2,2,4,1,9,2,1,1,1,1,8,2,3,1,1,S,961,1,1,2,6,4,8,6,4,28100,1,1,0,6,4,8,6,4,28100,1,1,0,6,4,8,6,4,28100,1,1,0,2024,3,9,6600000,6820000,1,2
202601,6,,구서동/금정구청,26410,14,0,0,0,1,0,8,31,03,6,1,690,160,4,0,1,0,2,2,4,1,9,2,1,1,1,1,8,2,3,2,1,P,851,2,1,3,5,4,7,5,4,13500,1,1,0,5,4,7,5,4,13500,1,1,0,5,4,7,5,4,13500,1,1,0,2025,3,10,6600000,6820000,1,2
202601,6,,구서동/금정구청,26410,14,0,0,0,1,0,7,21,04,6,2,380,90,4,0,0,0,2,2,3,1,9,1,1,1,1,1,8,2,3,1,1,S,961,2,1,2,5,4,7,5,4,17000,1,1,0,5,4,7,5,4,17000,1,1,0,5,4,7,5,4,17000,1,1,0,2026,3,10,7500000,7160000,1,2
202601,6,,구서동/금정구청,26410,14,0,0,0,1,0,7,21,04,6,2,380,90,4,0,0,0,2,2,3,1,9,1,1,1,1,1,8,2,3,2,6,0,999,2,1,2,1,1,1,4,3,10100,1,1,1,1,1,1,4,3,10100,1,1,1,1,1,1,4,3,10100,1,1,1,0,1,1,7500000,7160000,1,2
202601,6,,부산대학앞,26410,15,0,0,0,1,0,7,11,03,5,1,200,300,9,0,0,0,2,2,4,1,10,2,1,1,1,1,8,2,3,1,1,I,562,2,1,3,6,5,8,5,5,19000,1,1,0,6,5,8,5,5,19000,1,1,0,6,5,8,5,5,19000,1,1,0,2025,3,10,8400000,16860000,1,3
202601,6,,부산대학앞,26410,15,0,0,0,1,0,7,11,03,5,1,200,300,9,0,0,0,2,2,4,1,10,2,1,1,1,1,8,2,3,1,1,I,562,2,1,2,6,4,8,6,4,18600,1,1,0,6,4,8,6,4,18600,1,1,0,6,4,8,6,4,18600,1,1,0,2025,3,10,8400000,16860000,1,3
202601,6,,부산대학앞,26410,14,0,0,0,1,0,1,11,03,1,1,200,270,8,0,0,0,2,2,3,3,5,2,1,1,1,1,8,2,3,1,1,I,562,2,1,3,6,5,8,6,5,29200,1,1,0,6,5,8,6,5,29200,1,1,0,6,5,8,6,5,29200,1,1,0,2024,3,9,4450000,7770000,1,3
202601,6,,부산대학앞,26410,14,0,0,0,1,0,1,11,03,1,1,200,270,8,0,0,0,2,2,3,3,5,2,1,1,1,1,8,2,3,2,1,I,562,1,2,3,5,4,7,5,4,12300,1,1,0,5,4,7,5,4,12300,1,1,0,5,4,7,5,4,12300,1,1,0,2024,3,9,4450000,7770000,1,3
202601,6,,부산대학앞,26410,15,0,0,0,1,0,2,21,03,1,1,50,100,6,0,0,0,2,2,4,1,9,2,1,1,1,1,8,2,3,1,1,G,471,2,1,2,7,6,11,7,6,73400,1,1,0,7,6,11,7,6,73400,1,1,0,7,6,11,7,6,73400,1,1,0,2024,3,9,18460000,15980000,1,3
202601,6,,부산대학앞,26410,15,0,0,0,1,0,2,21,03,1,1,50,100,6,0,0,0,2,2,4,1,9,2,1,1,1,1,8,2,3,1,1,G,471,2,1,2,7,6,11,7,6,75500,1,1,0,7,6,11,7,6,75500,1,1,0,7,6,11,7,6,75500,1,1,0,2024,3,9,18460000,15980000,1,3
202601,6,,부산대학앞,26410,15,0,0,0,1,0,2,21,03,1,1,50,100,6,0,0,0,2,2,4,1,9,2,1,1,1,1,8,2,3,2,1,S,961,3,1,3,6,5,7,6,5,17500,1,1,0,6,5,7,6,5,17500,1,1,0,6,5,7,6,5,17500,1,1,0,2024,3,8,18460000,15980000,1,3
202601,6,,부산대학앞,26410,15,0,0,0,1,0,1,12,04,4,1,180,300,10,0,0,0,2,1,2,1,9,1,1,1,1,1,8,2,3,1,1,I,561,2,1,3,5,5,7,5,5,18300,1,1,0,5,5,7,5,5,18300,1,1,0,5,5,7,5,5,18300,1,1,0,2024,3,9,5430000,13740000,1,3
202601,6,,부산대학앞,26410,15,0,0,0,1,0,8,21,03,5,1,243,없음,9,0,1,0,2,2,4,1,10,2,1,2,1,1,8,2,3,1,1,I,561,2,1,2,6,4,8,6,4,22100,1,1,0,6,4,8,6,4,22100,1,1,0,6,4,8,6,4,22100,1,1,0,2025,3,10,6430000,6980000,1,2
202601,6,,부산대학앞,26410,15,0,0,0,1,0,8,21,03,5,1,243,없음,9,0,1,0,2,2,4,1,10,2,1,2,1,1,8,2,3,1,1,I,561,3,1,3,6,5,8,7,5,24000,1,1,0,6,5,8,7,5,24000,1,1,0,6,5,8,7,5,24000,1,1,0,2024,3,10,6430000,6980000,1,2
202601,6,,부산대학앞,26410,15,0,0,0,1,0,8,21,03,5,1,243,없음,9,0,1,0,2,2,4,1,10,2,1,2,1,1,8,2,3,2,2,0,999,4,1,4,1,1,1,6,4,10600,1,1,0,1,1,1,6,4,10600,1,1,0,1,1,1,6,4,10600,1,1,0,0,1,1,6430000,6980000,1,2
202601,6,,부산대학앞,26410,14,0,0,0,1,1,1,21,01,6,2,400,30,4,0,0,0,2,2,4,1,10,2,1,1,1,1,8,2,3,-1,6,0,999,2,1,2,1,1,1,3,3,7600,1,1,1,1,1,1,3,3,7600,1,1,1,1,1,1,3,3,7600,1,1,1,0,1,1,8180000,5480000,1,2
202601,6,,부산대학앞,26410,14,0,0,0,1,1,1,21,01,6,2,400,30,4,0,0,0,2,2,4,1,10,2,1,1,1,1,8,2,3,1,1,I,561,3,1,3,6,5,8,6,5,30200,1,1,0,6,5,8,6,5,30200,1,1,0,6,5,8,6,5,30200,1,1,0,2024,3,10,8180000,5480000,1,2
202601,6,,부산대학앞,26410,14,0,0,0,1,1,1,21,01,6,2,400,30,4,0,0,0,2,2,4,1,10,2,1,1,1,1,8,2,3,1,1,G,478,2,1,2,5,4,7,6,5,27600,1,1,0,5,4,7,6,5,27600,1,1,0,5,4,7,6,5,27600,1,1,0,2025,3,10,8180000,5480000,1,2
202601,6,,부산대학앞,26410,14,0,0,0,1,1,1,21,01,6,2,400,30,4,0,0,0,2,2,4,1,10,2,1,1,1,1,8,2,3,2,1,0,999,4,1,4,6,4,5,6,4,7000,1,1,0,6,4,5,6,4,7000,1,1,0,6,4,5,6,4,7000,1,1,0,2024,3,7,8180000,5480000,1,2
202601,6,,부산대학앞,26410,22,0,300,0,1,0,1,29,03,8,2,50,90,6,0,0,0,1,2,4,1,10,2,1,1,1,1,8,1,3,1,1,I,562,2,1,3,6,6,9,6,6,37300,1,1,0,6,6,9,6,6,37300,1,1,0,6,6,9,6,6,37300,1,1,0,2025,3,9,20650000,14070000,1,3
202601,6,,부산대학앞,26410,22,0,300,0,1,0,1,29,03,8,2,50,90,6,0,0,0,1,2,4,1,10,2,1,1,1,1,8,1,3,2,1,S,961,2,1,2,4,4,7,4,4,12300,1,1,0,4,4,7,4,4,12300,1,1,0,4,4,7,4,4,12300,1,1,0,2025,3,10,20650000,14070000,1,3
202601,6,,부산대학앞,26410,16,0,0,0,1,1,3,21,04,6,2,150,50,6,0,0,0,2,2,4,1,9,1,2,1,1,1,8,2,3,-1,6,0,999,3,1,3,1,1,1,6,4,11800,1,1,1,1,1,1,6,4,11800,1,1,1,1,1,1,6,4,11800,1,1,1,0,1,1,19040000,10800000,1,3
202601,6,,부산대학앞,26410,16,0,0,0,1,1,3,21,04,6,2,150,50,6,0,0,0,2,2,4,1,9,1,2,1,1,1,8,2,3,1,6,0,999,2,1,2,1,1,1,7,6,73100,1,1,1,1,1,1,7,6,73100,1,1,1,1,1,1,7,6,73100,1,1,1,0,1,1,19040000,10800000,1,3
202601,6,,부산대학앞,26410,16,0,0,0,1,1,3,21,04,6,2,150,50,6,0,0,0,2,2,4,1,9,1,2,1,1,1,8,2,3,1,1,S,969,2,1,2,7,6,11,7,6,74100,1,1,0,7,6,11,7,6,74100,1,1,0,7,6,11,7,6,74100,1,1,0,2024,3,10,19040000,10800000,1,3
202601,6,,부산대학앞,26410,16,0,0,0,1,1,3,21,04,6,2,150,50,6,0,0,0,2,2,4,1,9,1,2,1,1,1,8,2,3,2,6,0,999,3,1,3,1,1,1,6,5,17400,1,1,1,1,1,1,6,5,17400,1,1,1,1,1,1,6,5,17400,1,1,1,0,1,1,19040000,10800000,1,3
202601,6,,부산대학앞,26410,16,0,0,0,1,1,1,11,04,1,1,190,70,6,0,0,0,2,2,4,1,10,2,1,1,1,1,8,2,3,-1,6,0,999,1,1,1,1,1,1,2,3,12100,1,1,1,1,1,1,2,3,12100,1,1,1,1,1,1,2,3,12100,1,1,1,0,1,1,18500000,17960000,3,3
202601,6,,부산대학앞,26410,16,0,0,0,1,1,1,11,04,1,1,190,70,6,0,0,0,2,2,4,1,10,2,1,1,1,1,8,2,3,1,1,R,901,1,1,1,6,5,10,6,5,51100,1,1,0,6,5,10,6,5,51100,1,1,0,6,5,10,6,5,51100,1,1,0,2024,3,10,18500000,17960000,3,3
202601,6,,부산대학앞,26410,16,0,0,0,1,1,1,11,04,1,1,190,70,6,0,0,0,2,2,4,1,10,2,1,1,1,1,8,2,3,1,1,R,912,2,1,2,7,6,9,7,6,47000,1,1,0,7,6,9,7,6,47000,1,1,0,7,6,9,7,6,47000,1,1,0,2025,3,10,18500000,17960000,3,3
202601,6,,부산대학앞,26410,16,0,0,0,1,1,1,11,04,1,1,190,70,6,0,0,0,2,2,4,1,10,2,1,1,1,1,8,2,3,2,1,I,561,2,1,2,5,4,7,5,4,19500,1,1,0,5,4,7,5,4,19500,1,1,0,5,4,7,5,4,19500,1,1,0,2023,4,7,18500000,17960000,3,3
202601,6,,부산대학앞,26410,16,0,0,0,1,1,1,21,03,1,1,510,50,4,0,0,0,2,2,4,2,9,2,2,1,1,1,8,2,3,-1,6,0,999,2,1,2,1,1,1,4,3,10300,1,1,1,1,1,1,4,3,10300,1,1,1,1,1,1,4,3,10300,1,1,1,0,1,1,10910000,8290000,1,3
202601,6,,부산대학앞,26410,16,0,0,0,1,1,1,21,03,1,1,510,50,4,0,0,0,2,2,4,2,9,2,2,1,1,1,8,2,3,1,1,I,561,3,1,4,6,5,8,6,6,29700,2,1,0,6,5,8,6,6,29700,2,1,0,6,5,8,6,6,29700,2,1,0,2025,3,10,10910000,8290000,1,3
202601,6,,부산대학앞,26410,16,0,0,0,1,1,1,21,03,1,1,510,50,4,0,0,0,2,2,4,2,9,2,2,1,1,1,8,2,3,2,6,0,999,2,1,3,1,1,1,6,4,14500,1,1,1,1,1,1,6,4,14500,1,1,1,1,1,1,6,4,14500,1,1,1,0,1,1,10910000,8290000,1,3
202601,6,,0.비상권,26410,14,0,0,0,1,0,5,21,04,6,1,650,150,1,0,1,0,2,2,4,2,9,2,1,2,1,1,8,2,3,1,1,S,969,4,1,4,6,5,7,6,5,12400,1,1,0,6,5,7,6,5,12400,1,1,0,6,5,7,6,5,12400,1,1,0,2024,3,8,5450000,6180000,1,1
202601,6,,0.비상권,26410,14,0,0,0,1,0,5,21,04,6,1,650,150,1,0,1,0,2,2,4,2,9,2,1,2,1,1,8,2,3,2,2,0,999,3,1,4,1,1,1,4,3,4000,1,1,0,1,1,1,4,3,4000,1,1,0,1,1,1,4,3,4000,1,1,0,0,1,1,5450000,6180000,1,1
202601,6,,부산대학앞,26410,15,0,0,0,1,0,3,11,04,6,2,130,없음,4,0,0,0,2,2,4,1,10,2,1,1,1,1,8,2,3,1,1,I,561,2,1,3,6,6,9,6,6,34800,1,1,0,6,6,9,6,6,34800,1,1,0,6,6,9,6,6,34800,1,1,0,2025,3,8,9090000,8060000,1,3
202601,6,,부산대학앞,26410,15,0,0,0,1,0,3,11,04,6,2,130,없음,4,0,0,0,2,2,4,1,10,2,1,1,1,1,8,2,3,2,1,S,961,2,1,2,5,4,7,5,4,13800,1,1,0,5,4,7,5,4,13800,1,1,0,5,4,7,5,4,13800,1,1,0,2024,3,9,9090000,8060000,1,3
202601,6,,부산대학앞,26410,15,0,0,0,1,0,7,32,03,5,1,224,없음,4,0,1,0,2,2,4,1,10,2,1,1,1,1,8,2,3,1,1,G,474,4,1,4,6,5,7,6,6,20900,1,1,0,6,5,7,6,6,20900,1,1,0,6,5,7,6,6,20900,1,1,0,2025,3,9,7770000,10140000,1,2
202601,6,,부산대학앞,26410,15,0,0,0,1,0,7,32,03,5,1,224,없음,4,0,1,0,2,2,4,1,10,2,1,1,1,1,8,2,3,2,1,I,562,3,1,3,5,4,6,5,4,9100,1,1,0,5,4,6,5,4,9100,1,1,0,5,4,6,5,4,9100,1,1,0,2024,3,9,7770000,10140000,1,2
202601,6,,온천장,26410,22,0,300,0,1,0,3,21,03,8,2,260,60,4,0,0,0,1,1,3,1,10,1,1,1,1,1,8,1,3,1,1,G,474,1,1,1,5,4,8,5,4,28600,1,1,0,5,4,8,5,4,28600,1,1,0,5,4,8,5,4,28600,1,1,0,2025,3,7,8900000,6390000,1,3
202601,6,,온천장,26410,22,0,300,0,1,0,3,21,03,8,2,260,60,4,0,0,0,1,1,3,1,10,1,1,1,1,1,8,1,3,1,1,G,474,1,1,1,5,4,8,5,4,28600,1,1,0,5,4,8,5,4,28600,1,1,0,5,4,8,5,4,28600,1,1,0,2025,3,7,8900000,6390000,1,3
202601,6,,온천장,26410,22,0,300,0,1,0,3,21,03,8,2,260,60,4,0,0,0,1,1,3,1,10,1,1,1,1,1,8,1,3,2,1,I,562,2,1,2,5,3,7,5,3,13700,1,1,0,5,3,7,5,3,13700,1,1,0,5,3,7,5,3,13700,1,1,0,2024,3,7,8900000,6390000,1,3
202601,6,,온천장,26410,22,0,300,0,1,0,1,19,03,8,2,400,200,4,0,0,0,1,2,4,1,10,2,1,1,1,1,8,1,3,1,1,G,478,2,1,2,5,4,7,5,4,18100,1,1,0,5,4,7,5,4,18100,1,1,0,5,4,7,5,4,18100,1,1,0,2025,3,9,7540000,4710000,1,3
202601,6,,온천장,26410,22,0,300,0,1,0,1,19,03,8,2,400,200,4,0,0,0,1,2,4,1,10,2,1,1,1,1,8,1,3,2,1,S,969,2,1,2,5,3,6,5,3,6700,1,1,0,5,3,6,5,3,6700,1,1,0,5,3,6,5,3,6700,1,1,0,2025,3,10,7540000,4710000,1,3
202601,6,,온천장,26410,22,0,300,0,1,0,4,21,03,8,2,20,290,7,0,0,0,1,2,4,1,10,2,1,1,1,1,8,1,3,1,1,S,961,2,1,2,4,4,7,5,4,14100,1,1,0,4,4,7,5,4,14100,1,1,0,4,4,7,5,4,14100,1,1,0,2025,4,7,5850000,4100000,1,3
202601,6,,온천장,26410,22,0,300,0,1,0,4,21,03,8,2,20,290,7,0,0,0,1,2,4,1,10,2,1,1,1,1,8,1,3,2,1,S,969,2,1,2,4,3,4,4,3,5500,1,1,0,4,3,4,4,3,5500,1,1,0,4,3,4,4,3,5500,1,1,0,2025,4,10,5850000,4100000,1,3
202601,6,,부산대학앞,26410,15,0,0,0,1,0,1,11,03,6,1,350,68,4,0,0,0,3,2,4,1,10,1,1,1,1,1,8,2,3,1,1,G,475,3,1,3,1,6,8,1,5,20800,1,1,0,1,6,8,1,5,20800,1,1,0,1,6,8,1,5,20800,1,1,0,2025,3,7,4830000,6450000,1,3
202601,6,,부산대학앞,26410,15,0,0,0,1,0,1,11,03,6,1,350,68,4,0,0,0,3,2,4,1,10,1,1,1,1,1,8,2,3,2,2,0,999,3,1,3,1,1,1,6,3,4700,1,1,0,1,1,1,6,3,4700,1,1,0,1,1,1,6,3,4700,1,1,0,0,1,1,4830000,6450000,1,3
202601,6,,부산대학앞,26410,15,0,0,0,1,1,1,12,04,6,1,350,80,4,0,0,0,2,2,4,1,10,2,1,1,1,1,8,2,3,-1,6,0,999,1,1,1,1,1,1,2,3,4400,1,1,1,1,1,1,2,3,4400,1,1,1,1,1,1,2,3,4400,1,1,1,0,1,1,2620000,3360000,1,2
202601,6,,부산대학앞,26410,15,0,0,0,1,1,1,12,04,6,1,350,80,4,0,0,0,2,2,4,1,10,2,1,1,1,1,8,2,3,1,1,I,561,3,1,3,5,4,7,5,4,13500,1,1,0,5,4,7,5,4,13500,1,1,0,5,4,7,5,4,13500,1,1,0,2024,3,10,2620000,3360000,1,2
202601,6,,부산대학앞,26410,15,0,0,0,1,1,1,12,04,6,1,350,80,4,0,0,0,2,2,4,1,10,2,1,1,1,1,8,2,3,2,1,0,999,2,1,2,3,3,5,3,3,6700,1,1,0,3,3,5,3,3,6700,1,1,0,3,3,5,3,3,6700,1,1,0,2024,3,8,2620000,3360000,1,2
202601,6,,0.비상권,26410,14,0,0,0,1,0,2,11,03,1,1,900,90,7,0,0,0,1,1,2,1,10,1,1,1,1,1,8,1,3,1,1,S,969,1,1,1,4,3,5,4,3,6200,1,1,0,4,3,5,4,3,6200,1,1,0,4,3,5,4,3,6200,1,1,0,2026,3,9,2600000,2350000,1,1
202601,6,,0.비상권,26410,14,0,0,0,1,0,2,11,03,1,1,900,90,7,0,0,0,1,1,2,1,10,1,1,1,1,1,8,1,3,2,1,0,999,1,1,1,3,3,5,3,3,4900,1,1,0,3,3,5,3,3,4900,1,1,0,3,3,5,3,3,4900,1,1,0,2025,3,10,2600000,2350000,1,1
202601,6,,0.비상권,26410,14,0,0,0,1,0,1,12,04,6,1,700,150,6,0,0,0,1,1,2,1,10,1,1,1,1,1,8,1,3,1,1,G,476,2,1,2,5,4,8,5,4,20400,1,1,0,5,4,8,5,4,20400,1,1,0,5,4,8,5,4,20400,1,1,0,2025,3,10,3150000,4520000,1,2
202601,6,,0.비상권,26410,14,0,0,0,1,0,1,12,04,6,1,700,150,6,0,0,0,1,1,2,1,10,1,1,1,1,1,8,1,3,2,1,G,476,1,1,1,3,2,5,3,2,7700,1,1,0,3,2,5,3,2,7700,1,1,0,3,2,5,3,2,7700,1,1,0,2025,3,10,3150000,4520000,1,2
202601,6,,0.비상권,26410,22,0,300,0,1,0,1,21,04,6,2,없음,150,6,0,0,0,2,2,4,1,9,2,1,1,1,1,8,2,3,1,1,I,561,2,1,2,5,4,8,5,4,21400,1,1,0,5,4,8,5,4,21400,1,1,0,5,4,8,5,4,21400,1,1,0,2025,3,9,6270000,5300000,1,1
202601,6,,0.비상권,26410,22,0,300,0,1,0,1,21,04,6,2,없음,150,6,0,0,0,2,2,4,1,9,2,1,1,1,1,8,2,3,1,1,I,561,2,1,2,5,4,8,5,4,21400,1,1,0,5,4,8,5,4,21400,1,1,0,5,4,8,5,4,21400,1,1,0,2026,3,10,6270000,5300000,1,1
202601,6,,0.비상권,26410,22,0,300,0,1,0,1,21,04,6,2,없음,150,6,0,0,0,2,2,4,1,9,2,1,1,1,1,8,2,3,2,1,S,949,3,1,3,4,3,4,4,3,6000,1,1,0,4,3,4,4,3,6000,1,1,0,4,3,4,4,3,6000,1,1,0,2025,3,10,6270000,5300000,1,1
202601,6,,0.비상권,26410,22,0,300,0,1,0,1,12,04,1,1,150,150,4,0,0,0,2,2,4,1,9,2,1,1,1,1,8,2,3,1,1,I,561,2,1,2,4,4,7,4,4,18000,1,1,0,4,4,7,4,4,18000,1,1,0,4,4,7,4,4,18000,1,1,0,2026,3,10,7040000,6070000,1,1
202601,6,,0.비상권,26410,22,0,300,0,1,0,1,12,04,1,1,150,150,4,0,0,0,2,2,4,1,9,2,1,1,1,1,8,2,3,1,1,I,561,2,1,2,4,4,7,4,4,18000,1,1,0,4,4,7,4,4,18000,1,1,0,4,4,7,4,4,18000,1,1,0,2026,3,7,7040000,6070000,1,1
202601,6,,0.비상권,26410,22,0,300,0,1,0,1,12,04,1,1,150,150,4,0,0,0,2,2,4,1,9,2,1,1,1,1,8,2,3,2,1,R,912,3,1,3,5,3,5,5,3,7500,1,1,0,5,3,5,5,3,7500,1,1,0,5,3,5,5,3,7500,1,1,0,2026,3,9,7040000,6070000,1,1
202601,6,,0.비상권,26410,22,0,300,0,1,0,7,32,04,3,1,10,30,1,0,1,0,3,1,3,1,10,1,1,1,1,1,8,3,3,1,1,S,952,3,1,3,7,6,9,7,6,34400,1,1,0,7,6,9,7,6,34400,1,1,0,7,6,9,7,6,34400,1,1,0,2022,5,10,6650000,23180000,1,2
202601,6,,0.비상권,26410,22,0,300,0,1,0,1,12,04,1,1,180,160,6,0,0,0,2,2,4,1,10,2,1,1,1,1,8,2,3,1,1,I,562,2,1,2,4,3,7,4,3,9900,1,1,0,4,3,7,4,3,9900,1,1,0,4,3,7,4,3,9900,1,1,0,2024,3,10,3160000,3420000,1,2
202601,6,,0.비상권,26410,22,0,300,0,1,0,1,12,04,1,1,180,160,6,0,0,0,2,2,4,1,10,2,1,1,1,1,8,2,3,2,1,0,999,3,1,3,4,3,4,4,3,5100,1,1,0,4,3,4,4,3,5100,1,1,0,4,3,4,4,3,5100,1,1,0,2025,3,8,3160000,3420000,1,2
202601,6,,0.비상권,26410,16,0,0,0,1,0,1,21,04,7,2,480,20,6,0,0,0,2,2,4,1,10,2,1,1,1,1,8,2,3,1,1,I,561,3,1,3,6,5,8,6,5,20100,1,1,0,6,5,8,6,5,20100,1,1,0,6,5,8,6,5,20100,1,1,0,2024,3,10,6830000,5470000,1,1
202601,6,,0.비상권,26410,16,0,0,0,1,0,1,21,04,7,2,480,20,6,0,0,0,2,2,4,1,10,2,1,1,1,1,8,2,3,2,1,S,961,3,1,3,5,4,6,5,4,9300,1,1,0,5,4,6,5,4,9300,1,1,0,5,4,6,5,4,9300,1,1,0,2024,3,8,6830000,5470000,1,1
202601,6,,0.비상권,26440,13,0,0,0,1,0,5,21,04,6,1,240,60,4,0,0,0,2,1,3,1,10,1,1,1,1,1,8,2,3,1,1,J,620,3,1,3,4,4,6,4,4,9200,1,1,0,4,4,6,4,4,9200,1,1,0,4,4,6,4,4,9200,1,1,0,2024,3,7,3390000,5680000,1,1
202601,6,,0.비상권,26440,16,0,0,0,1,0,7,32,04,6,1,249,140,8,0,0,0,2,1,3,1,10,1,1,1,1,1,8,2,3,1,1,P,855,2,1,2,5,3,7,4,3,15100,1,1,0,5,3,7,4,3,15100,1,1,0,5,3,7,4,3,15100,1,1,0,2025,3,8,4490000,7550000,1,1
202601,6,,0.비상권,26440,16,0,0,0,1,0,7,32,04,6,1,249,140,8,0,0,0,2,1,3,1,10,1,1,1,1,1,8,2,3,1,1,F,411,2,1,2,4,3,7,4,3,15400,1,1,0,4,3,7,4,3,15400,1,1,0,4,3,7,4,3,15400,1,1,0,2025,3,10,4490000,7550000,1,1
202601,6,,0.비상권,26440,15,0,0,0,1,0,6,31,03,3,1,없음,50,4,0,1,0,4,2,4,1,9,2,1,1,1,1,8,4,3,1,1,G,471,3,1,3,6,5,8,6,6,26000,1,1,0,6,5,8,6,6,26000,1,1,0,6,5,8,6,6,26000,1,1,0,2025,3,8,3060000,11260000,1,3
202601,6,,0.비상권,26440,15,0,0,0,1,0,6,31,03,3,1,없음,50,4,0,1,0,4,2,4,1,9,2,1,1,1,1,8,4,3,1,1,S,952,3,1,3,6,5,8,6,5,24100,1,1,0,6,5,8,6,5,24100,1,1,0,6,5,8,6,5,24100,1,1,0,2024,3,9,3060000,11260000,1,3
202601,6,,연산로터리,26470,15,0,0,0,1,0,2,10,04,6,2,250,150,8,0,0,0,2,2,4,2,8,1,1,1,1,1,8,2,3,1,1,I,561,3,1,3,6,5,7,6,4,11800,1,1,0,6,5,7,6,4,11800,1,1,0,6,5,7,6,4,11800,1,1,0,2023,4,8,3740000,3560000,1,2
202601,6,,연산로터리,26470,15,0,0,0,1,0,2,10,04,6,2,250,150,8,0,0,0,2,2,4,2,8,1,1,1,1,1,8,2,3,2,2,0,999,2,1,3,1,1,1,5,3,6700,1,1,0,1,1,1,5,3,6700,1,1,0,1,1,1,5,3,6700,1,1,0,0,1,1,3740000,3560000,1,2
202601,6,,연산로터리,26470,16,0,0,0,1,0,1,11,04,6,1,310,240,8,0,0,0,2,2,4,1,9,2,1,1,1,1,8,2,3,1,1,I,562,3,1,3,6,5,8,5,5,20900,2,1,0,6,5,8,5,5,20900,2,1,0,6,5,8,5,5,20900,2,1,0,2025,3,9,5000000,5090000,1,2
202601,6,,연산로터리,26470,16,0,0,0,1,0,1,11,04,6,1,310,240,8,0,0,0,2,2,4,1,9,2,1,1,1,1,8,2,3,2,1,I,562,2,1,2,4,4,7,4,4,13900,1,1,0,4,4,7,4,4,13900,1,1,0,4,4,7,4,4,13900,1,1,0,2025,3,9,5000000,5090000,1,2
202601,6,,연산로터리,26470,16,0,0,0,1,0,8,21,04,6,2,370,243,8,0,1,0,2,2,4,1,9,2,1,1,1,1,8,2,3,1,1,I,561,3,1,3,6,6,8,6,6,27900,2,1,0,6,6,8,6,6,27900,2,1,0,6,6,8,6,6,27900,2,1,0,2025,3,10,6100000,5820000,1,2
202601,6,,연산로터리,26470,16,0,0,0,1,0,8,21,04,6,2,370,243,8,0,1,0,2,2,4,1,9,2,1,1,1,1,8,2,3,2,1,I,561,3,1,4,5,5,7,5,5,13200,2,1,0,5,5,7,5,5,13200,2,1,0,5,5,7,5,5,13200,2,1,0,2024,3,9,6100000,5820000,1,2
202601,6,,연산로터리,26470,16,0,0,0,1,0,1,12,03,1,1,300,150,6,0,0,0,2,2,4,1,10,2,1,1,1,1,8,2,3,1,1,I,561,2,1,2,3,4,7,3,4,19100,2,1,0,3,4,7,3,4,19100,2,1,0,3,4,7,3,4,19100,2,1,0,2023,4,10,4930000,4500000,1,2
202601,6,,연산로터리,26470,16,0,0,0,1,0,1,12,03,1,1,300,150,6,0,0,0,2,2,4,1,10,2,1,1,1,1,8,2,3,1,1,I,562,2,1,2,4,4,7,3,4,18500,2,1,0,4,4,7,3,4,18500,2,1,0,4,4,7,3,4,18500,2,1,0,2024,4,8,4930000,4500000,1,2
202601,6,,연산로터리,26470,16,0,0,0,1,0,1,12,03,1,1,300,150,6,0,0,0,2,2,4,1,10,2,1,1,1,1,8,2,3,2,1,I,562,3,1,3,5,4,7,5,4,12300,1,1,0,5,4,7,5,4,12300,1,1,0,5,4,7,5,4,12300,1,1,0,2025,3,10,4930000,4500000,1,2
202601,6,,연산로터리,26470,16,0,0,0,1,0,1,12,04,6,1,300,300,8,0,0,0,2,1,2,1,10,1,1,1,1,1,8,2,3,1,1,I,561,2,1,2,5,5,8,5,5,24400,2,1,0,5,5,8,5,5,24400,2,1,0,5,5,8,5,5,24400,2,1,0,2025,3,8,4150000,9460000,1,3
202601,6,,연산로터리,26470,16,0,0,0,1,0,5,32,03,6,1,310,50,5,0,1,0,3,2,4,1,10,2,1,1,1,1,8,3,3,1,1,G,471,4,1,4,7,7,9,7,7,31100,2,1,0,7,7,9,7,7,31100,2,1,0,7,7,9,7,7,31100,2,1,0,2025,3,10,8010000,13620000,1,2
202601,6,,연산로터리,26470,22,0,300,0,1,0,1,21,04,9,2,150,50,6,0,0,0,2,2,4,1,10,2,1,1,1,1,8,2,3,1,1,I,562,3,1,3,5,5,8,5,5,20800,1,1,0,5,5,8,5,5,20800,1,1,0,5,5,8,5,5,20800,1,1,0,2025,3,10,7450000,5000000,1,2
202601,6,,연산로터리,26470,22,0,300,0,1,0,1,21,04,9,2,150,50,6,0,0,0,2,2,4,1,10,2,1,1,1,1,8,2,3,1,1,S,961,2,1,2,4,4,8,4,4,18300,1,1,0,4,4,8,4,4,18300,1,1,0,4,4,8,4,4,18300,1,1,0,2025,3,10,7450000,5000000,1,2
202601,6,,연산로터리,26470,22,0,300,0,1,0,1,21,04,9,2,150,50,6,0,0,0,2,2,4,1,10,2,1,1,1,1,8,2,3,2,1,L,682,3,1,3,4,3,4,4,3,5900,1,1,0,4,3,4,4,3,5900,1,1,0,4,3,4,4,3,5900,1,1,0,2025,3,9,7450000,5000000,1,2
202601,6,,연산로터리,26470,22,0,120,300,1,0,1,12,03,1,1,30,100,2,0,0,0,1,1,2,1,9,1,1,1,1,1,8,1,3,1,1,G,474,2,1,2,6,6,10,6,6,61000,1,1,0,6,6,10,6,6,61000,1,1,0,6,6,10,6,6,61000,1,1,0,2025,3,9,31720000,33490000,1,2
202601,6,,연산로터리,26470,22,0,120,300,1,0,1,12,03,5,1,10,50,2,0,0,0,2,1,2,1,9,1,1,1,1,1,8,2,3,1,1,G,474,2,1,2,6,6,9,6,6,48900,1,1,0,6,6,9,6,6,48900,1,1,0,6,6,9,6,6,48900,1,1,0,2025,3,9,23630000,55900000,1,2
202601,6,,연산로터리,26470,22,0,300,0,1,0,5,21,04,9,2,180,100,8,0,0,0,2,2,4,1,9,2,1,1,1,1,8,2,3,1,1,I,561,3,1,4,6,5,7,6,5,14200,2,1,0,6,5,7,6,5,14200,2,1,0,6,5,7,6,5,14200,2,1,0,2024,3,9,7700000,4860000,1,2
202601,6,,연산로터리,26470,22,0,300,0,1,0,5,21,04,9,2,180,100,8,0,0,0,2,2,4,1,9,2,1,1,1,1,8,2,3,2,1,I,562,3,1,3,4,4,5,4,4,7300,2,1,0,4,4,5,4,4,7300,2,1,0,4,4,5,4,4,7300,2,1,0,2025,3,10,7700000,4860000,1,2
202601,6,,연산로터리,26470,15,0,0,0,1,0,5,33,04,5,1,370,200,7,0,1,0,2,2,4,1,10,2,1,1,1,1,8,2,3,1,1,C,259,2,1,2,4,4,7,4,4,12100,1,1,0,4,4,7,4,4,12100,1,1,0,4,4,7,4,4,12100,1,1,0,2025,4,8,4310000,8810000,1,1
202601,6,,연산로터리,26470,15,0,0,0,1,0,5,33,04,5,1,370,200,7,0,1,0,2,2,4,1,10,2,1,1,1,1,8,2,3,1,1,S,952,3,1,3,4,4,7,4,4,12200,1,1,0,4,4,7,4,4,12200,1,1,0,4,4,7,4,4,12200,1,1,0,2023,4,7,4310000,8810000,1,1
202601,6,,연산로터리,26470,15,0,0,0,1,0,5,31,04,5,1,400,300,5,0,1,0,2,2,4,1,10,2,1,1,1,1,8,2,3,1,1,S,952,4,1,4,6,5,7,6,5,14900,1,1,0,6,5,7,6,5,14900,1,1,0,6,5,7,6,5,14900,1,1,0,2023,4,8,6750000,13740000,1,2
202601,6,,연산로터리,26470,15,0,0,0,1,0,1,12,04,1,1,250,150,10,0,0,0,2,2,4,1,10,1,1,1,1,1,8,2,3,1,1,I,561,3,1,3,3,4,6,3,4,8000,1,1,0,3,4,6,3,4,8000,1,1,0,3,4,6,3,4,8000,1,1,0,2024,3,10,3450000,3090000,1,1
202601,6,,연산로터리,26470,15,0,0,0,1,0,1,12,04,1,1,250,150,10,0,0,0,2,2,4,1,10,1,1,1,1,1,8,2,3,2,2,0,999,3,1,3,1,1,1,5,3,5600,1,1,0,1,1,1,5,3,5600,1,1,0,1,1,1,5,3,5600,1,1,0,0,1,1,3450000,3090000,1,1
202601,6,,연산로터리,26470,16,15,0,0,1,0,1,12,04,6,2,330,230,6,0,0,0,2,2,4,1,9,1,1,1,1,1,8,2,3,1,1,I,561,3,1,3,6,5,7,6,5,19000,2,1,0,6,5,7,6,5,19000,2,1,0,6,5,7,6,5,19000,2,1,0,2026,3,10,4900000,4070000,1,2
202601,6,,연산로터리,26470,16,15,0,0,1,0,1,12,04,6,2,330,230,6,0,0,0,2,2,4,1,9,1,1,1,1,1,8,2,3,2,6,0,999,3,1,3,1,1,1,5,4,9600,1,1,1,1,1,1,5,4,9600,1,1,1,1,1,1,5,4,9600,1,1,1,0,1,1,4900000,4070000,1,2
202601,6,,연산로터리,26470,16,0,0,0,1,0,6,32,04,5,1,280,200,3,0,1,0,3,2,4,1,10,2,1,1,1,1,8,3,3,1,1,I,561,4,1,4,7,6,8,7,6,20900,1,1,0,7,6,8,7,6,20900,1,1,0,7,6,8,7,6,20900,1,1,0,2023,4,8,12800000,31780000,1,2
202601,6,,연산로터리,26470,22,0,300,0,1,0,1,12,04,5,1,170,150,8,0,0,0,2,1,2,1,10,1,1,1,1,1,8,2,3,1,1,I,561,2,1,2,5,4,7,5,4,19200,1,1,0,5,4,7,5,4,19200,1,1,0,5,4,7,5,4,19200,1,1,0,2024,3,9,6250000,14640000,1,2
202601,6,,연산로터리,26470,22,0,300,0,1,0,1,12,04,1,1,160,60,7,0,0,0,1,1,3,1,10,1,1,1,1,1,8,1,3,1,1,I,561,2,1,2,4,4,8,4,4,21400,1,1,0,4,4,8,4,4,21400,1,1,0,4,4,8,4,4,21400,1,1,0,2024,3,8,5370000,3690000,1,3
202601,6,,연산로터리,26470,22,0,300,0,1,0,1,12,04,1,1,160,60,7,0,0,0,1,1,3,1,10,1,1,1,1,1,8,1,3,2,1,0,999,2,1,2,5,3,7,5,3,11500,1,1,0,5,3,7,5,3,11500,1,1,0,5,3,7,5,3,11500,1,1,0,2024,3,9,5370000,3690000,1,3
202601,6,,연산로터리,26470,22,0,300,0,1,0,1,12,03,7,2,210,140,5,0,0,0,1,2,4,1,10,2,1,1,1,1,8,1,3,1,1,G,478,1,1,1,4,3,8,4,3,24700,1,1,0,4,3,8,4,3,24700,1,1,0,4,3,8,4,3,24700,1,1,0,2025,3,10,7610000,6310000,1,3
202601,6,,연산로터리,26470,22,0,300,0,1,0,1,12,03,7,2,210,140,5,0,0,0,1,2,4,1,10,2,1,1,1,1,8,1,3,1,1,I,562,2,1,2,6,4,7,6,4,16100,1,1,0,6,4,7,6,4,16100,1,1,0,6,4,7,6,4,16100,1,1,0,2025,3,10,7610000,6310000,1,3
202601,6,,연산로터리,26470,22,0,300,0,1,0,1,12,03,7,2,210,140,5,0,0,0,1,2,4,1,10,2,1,1,1,1,8,1,3,2,1,0,999,2,1,2,4,3,4,4,3,5700,1,1,0,4,3,4,4,3,5700,1,1,0,4,3,4,4,3,5700,1,1,0,2024,4,8,7610000,6310000,1,3
202601,6,,연산로터리,26470,15,0,0,0,1,0,1,12,03,1,1,550,450,5,0,0,0,2,2,4,1,10,2,1,1,1,1,8,2,3,1,1,I,561,2,1,2,5,3,7,5,3,10400,1,1,0,5,3,7,5,3,10400,1,1,0,5,3,7,5,3,10400,1,1,0,2024,3,9,6220000,6150000,1,1
202601,6,,연산로터리,26470,15,0,0,0,1,0,1,12,03,1,1,550,450,5,0,0,0,2,2,4,1,10,2,1,1,1,1,8,2,3,1,1,I,562,2,1,2,5,3,7,5,3,11900,1,1,0,5,3,7,5,3,11900,1,1,0,5,3,7,5,3,11900,1,1,0,2024,5,8,6220000,6150000,1,1
202601,6,,연산로터리,26470,15,0,0,0,1,0,1,12,03,1,1,550,450,5,0,0,0,2,2,4,1,10,2,1,1,1,1,8,2,3,2,1,0,999,3,1,3,7,1,6,7,1,7100,1,1,0,7,1,6,7,1,7100,1,1,0,7,1,6,7,1,7100,1,1,0,2024,4,8,6220000,6150000,1,1
202601,6,,연산로터리,26470,16,0,0,0,1,0,1,12,04,1,1,409,450,8,0,0,0,2,1,3,1,10,1,1,1,1,1,8,2,3,1,1,I,561,3,1,3,5,6,8,5,6,26400,1,1,0,5,6,8,5,6,26400,1,1,0,5,6,8,5,6,26400,1,1,0,2022,5,10,4820000,10370000,1,1
202601,6,,연산로터리,26470,16,0,0,0,1,0,1,12,04,1,1,350,350,8,0,0,0,1,1,3,1,10,1,1,1,1,1,8,1,3,1,1,I,562,2,1,2,6,5,8,6,5,29800,1,1,0,6,5,8,6,5,29800,1,1,0,6,5,8,6,5,29800,1,1,0,2025,3,9,4990000,5150000,1,3
202601,6,,연산로터리,26470,16,0,0,0,1,0,1,12,04,1,1,350,350,8,0,0,0,1,1,3,1,10,1,1,1,1,1,8,1,3,2,1,S,961,1,1,1,4,3,7,4,3,13400,1,1,0,4,3,7,4,3,13400,1,1,0,4,3,7,4,3,13400,1,1,0,2026,3,10,4990000,5150000,1,3
202601,6,,수영역,26500,16,0,0,0,1,0,1,12,04,6,1,328,153,8,0,0,0,1,1,2,1,10,1,1,1,1,1,8,1,3,1,1,G,472,1,1,1,4,4,9,4,4,45100,1,1,0,4,4,9,4,4,45100,1,1,0,4,4,9,4,4,45100,1,1,0,2024,3,8,7050000,13100000,1,2
202601,6,,수영역,26500,16,0,0,0,1,0,1,12,04,6,1,328,153,8,0,0,0,1,1,2,1,10,1,1,1,1,1,8,1,3,1,1,I,561,1,1,1,4,4,9,4,4,47500,1,1,0,4,4,9,4,4,47500,1,1,0,4,4,9,4,4,47500,1,1,0,2024,3,10,7050000,13100000,1,2
202601,6,,수영역,26500,22,0,300,0,1,0,1,12,04,10,2,198,31,6,0,0,0,1,2,3,1,10,2,1,1,1,1,8,1,3,1,1,I,561,2,1,2,6,5,9,6,5,44400,1,1,0,6,5,9,6,5,44400,1,1,0,6,5,9,6,5,44400,1,1,0,2026,3,5,11630000,6220000,1,1
202601,6,,수영역,26500,22,0,300,0,1,0,1,12,04,10,2,198,31,6,0,0,0,1,2,3,1,10,2,1,1,1,1,8,1,3,1,1,G,472,1,1,1,4,3,9,4,3,40700,1,1,0,4,3,9,4,3,40700,1,1,0,4,3,9,4,3,40700,1,1,0,2025,3,8,11630000,6220000,1,1
202601,6,,수영역,26500,22,0,300,0,1,0,1,12,04,10,2,198,31,6,0,0,0,1,2,3,1,10,2,1,1,1,1,8,1,3,2,1,K,649,2,1,2,5,4,8,5,4,21700,1,1,0,5,4,8,5,4,21700,1,1,0,5,4,8,5,4,21700,1,1,0,2025,3,7,11630000,6220000,1,1
202601,6,,수영역,26500,16,0,0,0,1,0,1,12,04,6,1,138,84,8,0,0,0,2,1,3,1,10,1,1,1,1,1,8,2,3,1,1,I,561,1,1,1,4,4,8,4,4,25800,1,1,0,4,4,8,4,4,25800,1,1,0,4,4,8,4,4,25800,1,1,0,2025,3,8,4600000,7940000,1,2
202601,6,,수영역,26500,16,0,0,0,1,0,1,12,04,6,1,138,84,8,0,0,0,2,1,3,1,10,1,1,1,1,1,8,2,3,1,1,I,561,2,1,2,4,4,8,4,4,24500,1,1,0,4,4,8,4,4,24500,1,1,0,4,4,8,4,4,24500,1,1,0,2025,3,10,4600000,7940000,1,2
202601,6,,수영역,26500,16,0,0,0,1,0,1,11,03,5,1,120,77,6,0,0,0,2,2,4,1,10,2,1,1,1,1,8,2,3,1,1,I,561,2,1,2,5,5,9,5,5,37900,1,1,0,5,5,9,5,5,37900,1,1,0,5,5,9,5,5,37900,1,1,0,2024,3,9,8270000,7500000,1,3
202601,6,,수영역,26500,16,0,0,0,1,0,1,11,03,5,1,120,77,6,0,0,0,2,2,4,1,10,2,1,1,1,1,8,2,3,1,1,I,561,3,1,3,5,6,9,6,6,35200,1,1,0,5,6,9,6,6,35200,1,1,0,5,6,9,6,6,35200,1,1,0,2026,3,10,8270000,7500000,1,3
202601,6,,수영역,26500,16,0,0,0,1,0,1,11,03,5,1,120,77,6,0,0,0,2,2,4,1,10,2,1,1,1,1,8,2,3,2,1,0,999,3,1,3,3,3,4,3,3,4600,1,1,0,3,3,4,3,3,4600,1,1,0,3,3,4,3,3,4600,1,1,0,2025,3,9,8270000,7500000,1,3
202601,6,,수영역,26500,16,0,0,0,1,0,1,11,04,6,2,95,21,6,0,0,0,2,2,4,1,10,2,1,1,1,1,8,2,3,1,1,I,561,3,1,3,6,6,9,6,6,30600,1,1,0,6,6,9,6,6,30600,1,1,0,6,6,9,6,6,30600,1,1,0,2024,3,8,4700000,4080000,1,1
202601,6,,수영역,26500,16,0,0,0,1,0,1,11,04,6,2,95,21,6,0,0,0,2,2,4,1,10,2,1,1,1,1,8,2,3,2,1,0,999,3,1,3,5,3,5,5,4,6900,1,1,0,5,3,5,5,4,6900,1,1,0,5,3,5,5,4,6900,1,1,0,2025,3,9,4700000,4080000,1,1
202601,6,,수영역,26500,15,0,0,0,1,0,1,11,04,1,1,336,46,4,0,0,0,2,1,2,1,7,1,1,1,1,1,8,2,3,1,1,I,561,1,1,2,4,4,7,4,4,14200,1,1,0,4,4,7,4,4,14200,1,1,0,4,4,7,4,4,14200,1,1,0,2025,3,10,4320000,7280000,1,1
202601,6,,수영역,26500,15,0,0,0,1,0,1,11,04,1,1,336,46,4,0,0,0,2,1,2,1,7,1,1,1,1,1,8,2,3,1,1,I,561,1,1,2,4,4,7,4,4,13800,1,1,0,4,4,7,4,4,13800,1,1,0,4,4,7,4,4,13800,1,1,0,2025,3,8,4320000,7280000,1,1
202601,6,,수영역,26500,15,0,0,0,1,0,1,12,03,6,2,250,146,1,0,0,0,2,2,4,1,10,2,1,1,1,1,8,2,3,1,1,I,561,2,1,2,6,5,8,6,5,23300,1,1,0,6,5,8,6,5,23300,1,1,0,6,5,8,6,5,23300,1,1,0,2025,3,7,7320000,6910000,1,2
202601,6,,수영역,26500,15,0,0,0,1,0,1,12,03,6,2,250,146,1,0,0,0,2,2,4,1,10,2,1,1,1,1,8,2,3,1,1,I,561,1,1,1,6,4,8,6,5,40300,1,1,0,6,4,8,6,5,40300,1,1,0,6,4,8,6,5,40300,1,1,0,2025,3,10,7320000,6910000,1,2
202601,6,,수영역,26500,15,0,0,0,1,0,1,12,03,6,2,250,146,1,0,0,0,2,2,4,1,10,2,1,1,1,1,8,2,3,2,1,S,969,3,1,3,4,4,6,4,4,9400,1,1,0,4,4,6,4,4,9400,1,1,0,4,4,6,4,4,9400,1,1,0,2025,3,10,7320000,6910000,1,2
202601,6,,수영역,26500,14,0,0,0,1,0,1,21,04,6,1,334,33,5,0,0,0,2,2,4,1,10,2,1,1,1,1,8,2,3,1,1,I,561,2,1,2,5,4,8,5,4,20100,1,1,0,5,4,8,5,4,20100,1,1,0,5,4,8,5,4,20100,1,1,0,2024,3,10,5110000,5680000,1,2
202601,6,,수영역,26500,14,0,0,0,1,0,1,21,04,6,1,334,33,5,0,0,0,2,2,4,1,10,2,1,1,1,1,8,2,3,1,1,I,561,3,1,3,6,5,8,6,5,21400,1,1,0,6,5,8,6,5,21400,1,1,0,6,5,8,6,5,21400,1,1,0,2024,3,8,5110000,5680000,1,2
202601,6,,수영역,26500,14,0,0,0,1,0,1,21,04,6,1,334,33,5,0,0,0,2,2,4,1,10,2,1,1,1,1,8,2,3,2,2,0,999,2,1,3,1,1,1,4,3,8200,1,1,0,1,1,1,4,3,8200,1,1,0,1,1,1,4,3,8200,1,1,0,0,1,1,5110000,5680000,1,2
202601,6,,광안리,26500,16,0,0,0,1,0,1,21,03,1,1,없음,110,8,0,0,0,2,2,4,1,9,2,1,1,1,1,8,2,3,1,1,I,561,3,1,4,5,6,8,5,6,24400,1,1,0,5,6,8,5,6,24400,1,1,0,5,6,8,5,6,24400,1,1,0,2025,3,8,14140000,17230000,1,2
202601,6,,광안리,26500,16,0,0,0,1,0,1,21,03,1,1,없음,110,8,0,0,0,2,2,4,1,9,2,1,1,1,1,8,2,3,2,2,0,999,2,1,2,1,1,1,4,4,14400,1,1,0,1,1,1,4,4,14400,1,1,0,1,1,1,4,4,14400,1,1,0,0,1,1,14140000,17230000,1,2
202601,6,,광안리,26500,16,0,0,0,1,0,1,21,03,5,1,450,100,4,0,0,0,2,2,4,1,10,2,1,1,1,1,8,2,3,1,1,I,561,4,1,4,7,6,8,7,6,26700,1,1,0,7,6,8,7,6,26700,1,1,0,7,6,8,7,6,26700,1,1,0,2024,3,10,12110000,15120000,1,2
202601,6,,광안리,26500,16,0,0,0,1,0,1,21,03,5,1,450,100,4,0,0,0,2,2,4,1,10,2,1,1,1,1,8,2,3,2,1,I,561,4,1,4,5,5,7,5,5,14700,1,1,0,5,5,7,5,5,14700,1,1,0,5,5,7,5,5,14700,1,1,0,2025,3,10,12110000,15120000,1,2
202601,6,,수영역,26500,16,0,0,0,1,0,1,21,04,6,1,172,109,6,0,0,0,2,2,4,1,10,2,1,1,1,1,8,2,3,1,1,I,561,3,1,3,6,5,8,6,5,28000,1,1,0,6,5,8,6,5,28000,1,1,0,6,5,8,6,5,28000,1,1,0,2025,3,10,6270000,6380000,1,3
202601,6,,수영역,26500,16,0,0,0,1,0,1,21,04,6,1,172,109,6,0,0,0,2,2,4,1,10,2,1,1,1,1,8,2,3,1,1,I,561,1,1,1,5,4,8,5,4,28000,1,1,0,5,4,8,5,4,28000,1,1,0,5,4,8,5,4,28000,1,1,0,2025,3,10,6270000,6380000,1,3
202601,6,,수영역,26500,16,0,0,0,1,0,1,21,04,6,1,172,109,6,0,0,0,2,2,4,1,10,2,1,1,1,1,8,2,3,2,1,I,562,2,1,2,5,4,7,5,4,17000,1,1,0,5,4,7,5,4,17000,1,1,0,5,4,7,5,4,17000,1,1,0,2025,3,9,6270000,6380000,1,3
202601,6,,광안리,26500,22,0,300,0,1,0,1,12,04,6,2,650,150,9,0,0,0,2,2,4,1,9,2,1,1,1,1,8,2,3,1,1,I,561,4,1,4,6,6,9,6,6,38500,1,1,0,6,6,9,6,6,38500,1,1,0,6,6,9,6,6,38500,1,1,0,2024,3,9,18760000,16270000,1,3
202601,6,,광안리,26500,22,0,300,0,1,0,1,12,04,6,2,650,150,9,0,0,0,2,2,4,1,9,2,1,1,1,1,8,2,3,2,1,I,562,4,1,4,6,6,9,6,6,31500,1,1,0,6,6,9,6,6,31500,1,1,0,6,6,9,6,6,31500,1,1,0,2025,3,10,18760000,16270000,1,3
202601,6,,수영역,26500,22,0,300,0,1,0,5,31,04,4,1,81,38,1,0,1,0,3,2,4,1,10,2,1,1,1,1,8,3,3,1,1,I,561,4,1,4,6,6,7,6,6,19300,1,1,0,6,6,7,6,6,19300,1,1,0,6,6,7,6,6,19300,1,1,0,2025,3,8,11460000,22420000,1,1
202601,6,,수영역,26500,22,0,300,0,1,0,5,31,04,4,1,81,38,1,0,1,0,3,2,4,1,10,2,1,1,1,1,8,3,3,2,6,0,999,3,1,3,1,1,1,4,4,9100,1,1,1,1,1,1,4,4,9100,1,1,1,1,1,1,4,4,9100,1,1,1,0,1,1,11460000,22420000,1,1
202601,6,,수영역,26500,14,0,0,0,1,0,1,12,03,6,2,137,83,7,0,0,0,2,2,4,1,10,2,1,1,1,1,8,2,3,1,1,I,561,1,1,1,4,4,9,4,4,30400,1,1,0,4,4,9,4,4,30400,1,1,0,4,4,9,4,4,30400,1,1,0,2024,3,9,4530000,4230000,1,3
202601,6,,수영역,26500,14,0,0,0,1,0,1,12,03,6,2,137,83,7,0,0,0,2,2,4,1,10,2,1,1,1,1,8,2,3,1,1,I,561,2,1,2,5,5,8,5,5,25500,1,1,0,5,5,8,5,5,25500,1,1,0,5,5,8,5,5,25500,1,1,0,2025,3,10,4530000,4230000,1,3
202601,6,,수영역,26500,14,0,0,0,1,0,1,12,03,6,2,137,83,7,0,0,0,2,2,4,1,10,2,1,1,1,1,8,2,3,2,1,I,561,2,1,2,4,4,7,4,4,9000,1,1,0,4,4,7,4,4,9000,1,1,0,4,4,7,4,4,9000,1,1,0,2025,3,10,4530000,4230000,1,3
202601,6,,광안리,26500,14,0,0,0,1,1,1,11,03,4,1,230,40,4,0,1,0,3,2,4,2,9,2,1,1,1,1,8,3,3,-1,1,S,961,1,1,1,3,2,6,3,2,9400,1,1,0,3,2,6,3,2,9400,1,1,0,3,2,6,3,2,9400,1,1,0,2025,3,8,11480000,16880000,1,2
202601,6,,광안리,26500,14,0,0,0,1,1,1,11,03,4,1,230,40,4,0,1,0,3,2,4,2,9,2,1,1,1,1,8,3,3,1,1,S,961,4,1,4,7,6,9,7,6,33300,2,1,0,7,6,9,7,6,33300,2,1,0,7,6,9,7,6,33300,2,1,0,2025,3,8,11480000,16880000,1,2
202601,6,,광안리,26500,14,0,0,0,1,1,1,11,03,4,1,230,40,4,0,1,0,3,2,4,2,9,2,1,1,1,1,8,3,3,2,1,S,961,4,1,4,5,5,7,5,5,12100,1,1,0,5,5,7,5,5,12100,1,1,0,5,5,7,5,5,12100,1,1,0,2025,3,8,11480000,16880000,1,2
202601,6,,광안리,26500,22,0,300,0,1,0,1,21,03,6,2,457,60,6,0,0,0,2,2,4,1,10,2,1,1,1,1,8,2,3,1,1,I,561,2,1,2,5,5,9,6,5,40300,2,1,0,5,5,9,6,5,40300,2,1,0,5,5,9,6,5,40300,2,1,0,2024,3,9,12040000,11160000,1,2
202601,6,,광안리,26500,22,0,300,0,1,0,1,21,03,6,2,457,60,6,0,0,0,2,2,4,1,10,2,1,1,1,1,8,2,3,1,1,I,562,2,1,2,6,5,9,6,5,41600,2,1,0,6,5,9,6,5,41600,2,1,0,6,5,9,6,5,41600,2,1,0,2024,3,9,12040000,11160000,1,2
202601,6,,광안리,26500,22,0,300,0,1,0,1,21,03,6,2,457,60,6,0,0,0,2,2,4,1,10,2,1,1,1,1,8,2,3,2,1,I,561,3,1,3,4,5,7,4,5,14200,2,1,0,4,5,7,4,5,14200,2,1,0,4,5,7,4,5,14200,2,1,0,2025,3,10,12040000,11160000,1,2
202601,6,,광안리,26500,22,0,300,0,1,1,1,21,04,1,1,350,16,4,0,0,0,2,2,4,1,9,2,1,1,1,1,8,2,3,-1,6,0,999,3,1,3,1,1,1,5,4,9300,1,1,1,1,1,1,5,4,9300,1,1,1,1,1,1,5,4,9300,1,1,1,0,1,1,10850000,5600000,1,2
202601,6,,광안리,26500,22,0,300,0,1,1,1,21,04,1,1,350,16,4,0,0,0,2,2,4,1,9,2,1,1,1,1,8,2,3,1,1,I,562,2,1,2,7,5,9,7,5,32000,1,1,0,7,5,9,7,5,32000,1,1,0,7,5,9,7,5,32000,1,1,0,2025,3,9,10850000,5600000,1,2
202601,6,,광안리,26500,22,0,300,0,1,1,1,21,04,1,1,350,16,4,0,0,0,2,2,4,1,9,2,1,1,1,1,8,2,3,2,1,S,961,2,1,2,6,3,7,6,3,12300,2,1,0,6,3,7,6,3,12300,2,1,0,6,3,7,6,3,12300,2,1,0,2026,3,9,10850000,5600000,1,2
202601,6,,광안리,26500,22,0,300,0,1,0,1,12,03,6,1,242,40,6,0,0,0,2,2,4,1,10,2,1,1,1,1,8,2,3,1,1,I,562,2,1,2,5,5,9,5,5,39900,1,1,0,5,5,9,5,5,39900,1,1,0,5,5,9,5,5,39900,1,1,0,2025,3,10,11200000,11380000,1,2
202601,6,,광안리,26500,22,0,300,0,1,0,1,12,03,6,1,242,40,6,0,0,0,2,2,4,1,10,2,1,1,1,1,8,2,3,1,1,I,561,2,1,2,5,5,9,5,5,39900,1,1,0,5,5,9,5,5,39900,1,1,0,5,5,9,5,5,39900,1,1,0,2026,3,10,11200000,11380000,1,2
202601,6,,광안리,26500,22,0,300,0,1,0,1,12,03,6,1,242,40,6,0,0,0,2,2,4,1,10,2,1,1,1,1,8,2,3,1,1,I,561,2,1,2,5,5,9,5,5,39900,1,1,0,5,5,9,5,5,39900,1,1,0,5,5,9,5,5,39900,1,1,0,2024,3,10,11200000,11380000,1,2
202601,6,,광안리,26500,22,0,300,0,1,0,1,12,03,6,1,242,40,6,0,0,0,2,2,4,1,10,2,1,1,1,1,8,2,3,2,2,0,999,3,1,3,1,1,1,6,3,9300,2,1,0,1,1,1,6,3,9300,2,1,0,1,1,1,6,3,9300,2,1,0,0,1,1,11200000,11380000,1,2
202601,6,,광안리,26500,22,0,300,0,1,0,1,11,03,1,1,301,16,6,0,0,0,2,2,4,1,9,2,1,1,1,1,8,2,3,1,1,I,561,2,1,3,5,5,8,5,5,25800,1,1,0,5,5,8,5,5,25800,1,1,0,5,5,8,5,5,25800,1,1,0,2025,3,10,10600000,7880000,1,2
202601,6,,광안리,26500,22,0,300,0,1,0,1,11,03,1,1,301,16,6,0,0,0,2,2,4,1,9,2,1,1,1,1,8,2,3,2,1,S,961,2,1,3,4,4,7,4,4,14100,1,1,0,4,4,7,4,4,14100,1,1,0,4,4,7,4,4,14100,1,1,0,2024,3,10,10600000,7880000,1,2
202601,6,,광안리,26500,22,0,300,0,1,0,3,21,04,6,1,200,150,1,0,1,0,3,2,4,1,10,2,1,1,1,1,8,3,3,1,1,I,561,3,1,3,6,6,9,6,6,35000,1,1,0,6,6,9,6,6,35000,1,1,0,6,6,9,6,6,35000,1,1,0,2026,3,10,12410000,14620000,1,2
202601,6,,광안리,26500,22,0,300,0,1,0,3,21,04,6,1,200,150,1,0,1,0,3,2,4,1,10,2,1,1,1,1,8,3,3,1,1,I,561,3,1,3,6,6,9,6,6,35000,1,1,0,6,6,9,6,6,35000,1,1,0,6,6,9,6,6,35000,1,1,0,2025,3,9,12410000,14620000,1,2
202601,6,,광안리,26500,22,0,300,0,1,0,3,21,04,6,1,200,150,1,0,1,0,3,2,4,1,10,2,1,1,1,1,8,3,3,2,1,R,911,4,1,4,5,5,7,5,5,12400,1,1,0,5,5,7,5,5,12400,1,1,0,5,5,7,5,5,12400,1,1,0,2026,3,9,12410000,14620000,1,2
202601,6,,광안리,26500,16,0,0,0,1,0,7,32,04,6,1,248,38,1,0,1,0,2,2,4,1,10,2,1,1,1,1,8,2,3,1,1,I,561,3,1,3,6,5,8,6,5,21700,2,1,0,6,5,8,6,5,21700,2,1,0,6,5,8,6,5,21700,2,1,0,2025,3,10,12670000,11990000,1,2
202601,6,,광안리,26500,16,0,0,0,1,0,7,32,04,6,1,248,38,1,0,1,0,2,2,4,1,10,2,1,1,1,1,8,2,3,2,1,I,561,3,1,3,5,5,7,5,5,12500,2,1,0,5,5,7,5,5,12500,2,1,0,5,5,7,5,5,12500,2,1,0,2025,3,10,12670000,11990000,1,2
202601,6,,광안리,26500,14,0,0,0,1,0,1,11,03,1,1,160,20,7,0,0,0,2,2,4,1,10,1,1,1,1,1,8,2,3,1,1,I,561,2,1,2,5,5,9,5,5,38000,1,1,0,5,5,9,5,5,38000,1,1,0,5,5,9,5,5,38000,1,1,0,2024,3,10,11310000,11980000,1,2
202601,6,,광안리,26500,14,0,0,0,1,0,1,11,03,1,1,160,20,7,0,0,0,2,2,4,1,10,1,1,1,1,1,8,2,3,1,1,G,474,1,1,1,3,3,9,3,3,37600,1,1,0,3,3,9,3,3,37600,1,1,0,3,3,9,3,3,37600,1,1,0,2025,3,10,11310000,11980000,1,2
202601,6,,광안리,26500,14,0,0,0,1,0,1,11,03,1,1,160,20,7,0,0,0,2,2,4,1,10,1,1,1,1,1,8,2,3,1,1,G,473,1,1,1,4,4,9,4,4,36900,1,1,0,4,4,9,4,4,36900,1,1,0,4,4,9,4,4,36900,1,1,0,2024,3,9,11310000,11980000,1,2
202601,6,,광안리,26500,14,0,0,0,1,0,1,11,03,1,1,160,20,7,0,0,0,2,2,4,1,10,1,1,1,1,1,8,2,3,2,2,0,999,2,1,2,1,1,1,3,4,10800,1,1,0,1,1,1,3,4,10800,1,1,0,1,1,1,3,4,10800,1,1,0,0,1,1,11310000,11980000,1,2
202601,6,,광안리,26500,14,0,0,0,1,0,5,12,03,1,1,190,142,4,0,0,0,2,1,3,1,10,1,1,1,1,1,8,2,3,1,1,G,478,3,1,3,7,6,9,7,6,35000,1,1,0,7,6,9,7,6,35000,1,1,0,7,6,9,7,6,35000,1,1,0,2024,3,8,11530000,26050000,1,3
202601,6,,광안리,26500,14,0,0,0,1,0,7,32,04,6,1,170,14,6,0,0,0,2,2,4,1,10,2,1,1,1,1,8,2,3,1,1,I,561,4,1,4,6,6,8,6,6,27400,2,1,0,6,6,8,6,6,27400,2,1,0,6,6,8,6,6,27400,2,1,0,2024,3,9,8860000,14960000,1,2
202601,6,,광안리,26500,16,0,0,0,1,0,2,12,04,6,1,66,13,3,0,1,0,3,2,4,1,10,1,2,1,1,1,8,3,3,1,6,0,999,4,1,4,1,1,1,7,6,28100,1,1,1,1,1,1,7,6,28100,1,1,1,1,1,1,7,6,28100,1,1,1,0,1,1,11520000,19280000,1,2
202601,6,,사상역,26530,15,0,0,0,1,0,1,21,03,7,2,250,50,5,0,0,0,2,2,4,1,10,2,1,1,1,1,8,2,3,1,1,J,631,2,1,2,6,5,8,6,5,28500,1,1,0,6,5,8,6,5,28500,1,1,0,6,5,8,6,5,28500,1,1,0,2026,3,10,10060000,8030000,1,1
202601,6,,사상역,26530,15,0,0,0,1,0,1,21,03,7,2,250,50,5,0,0,0,2,2,4,1,10,2,1,1,1,1,8,2,3,1,2,G,473,1,1,1,1,1,1,5,4,45000,1,1,0,1,1,1,5,4,45000,1,1,0,1,1,1,5,4,45000,1,1,0,0,1,1,10060000,8030000,1,1
202601,6,,사상역,26530,15,0,0,0,1,0,1,21,03,7,2,250,50,5,0,0,0,2,2,4,1,10,2,1,1,1,1,8,2,3,1,1,K,662,1,1,1,4,3,9,4,3,39100,1,1,0,4,3,9,4,3,39100,1,1,0,4,3,9,4,3,39100,1,1,0,2026,3,10,10060000,8030000,1,1
202601,6,,사상역,26530,15,0,0,0,1,0,1,21,03,7,2,250,50,5,0,0,0,2,2,4,1,10,2,1,1,1,1,8,2,3,1,1,L,682,1,1,1,4,3,9,4,3,30300,1,1,0,4,3,9,4,3,30300,1,1,0,4,3,9,4,3,30300,1,1,0,2024,3,9,10060000,8030000,1,1
202601,6,,사상역,26530,15,0,0,0,1,0,1,21,03,7,2,250,50,5,0,0,0,2,2,4,1,10,2,1,1,1,1,8,2,3,2,1,I,562,3,1,3,4,4,7,4,4,10200,1,1,0,4,4,7,4,4,10200,1,1,0,4,4,7,4,4,10200,1,1,0,2024,3,9,10060000,8030000,1,1
202601,6,,사상역,26530,15,0,0,0,1,0,7,31,04,5,1,530,137,5,1,0,0,3,2,4,1,10,2,1,1,1,1,8,3,3,1,1,I,561,4,1,4,7,7,8,7,7,28100,1,1,0,7,7,8,7,7,28100,1,1,0,7,7,8,7,7,28100,1,1,0,2025,3,8,5680000,11760000,1,1
202601,6,,사상역,26530,15,0,0,0,1,1,5,21,04,6,2,595,23,5,0,1,0,2,2,4,2,9,2,1,1,1,1,8,2,3,-1,1,R,912,3,1,4,4,4,5,4,4,7400,1,1,0,4,4,5,4,4,7400,1,1,0,4,4,5,4,4,7400,1,1,0,2025,3,9,7630000,4290000,2,2
202601,6,,사상역,26530,15,0,0,0,1,1,5,21,04,6,2,595,23,5,0,1,0,2,2,4,2,9,2,1,1,1,1,8,2,3,1,1,I,562,2,1,2,6,5,9,6,5,41700,1,1,0,6,5,9,6,5,41700,1,1,0,6,5,9,6,5,41700,1,1,0,2024,3,10,7630000,4290000,2,2
202601,6,,사상역,26530,15,0,0,0,1,1,5,21,04,6,2,595,23,5,0,1,0,2,2,4,2,9,2,1,1,1,1,8,2,3,1,1,L,682,2,1,2,6,5,9,6,5,35100,1,1,0,6,5,9,6,5,35100,1,1,0,6,5,9,6,5,35100,1,1,0,2025,3,9,7630000,4290000,2,2
202601,6,,사상역,26530,15,0,0,0,1,1,5,21,04,6,2,595,23,5,0,1,0,2,2,4,2,9,2,1,1,1,1,8,2,3,2,1,I,562,3,1,4,4,4,6,4,4,9400,1,1,0,4,4,6,4,4,9400,1,1,0,4,4,6,4,4,9400,1,1,0,2024,3,9,7630000,4290000,2,2
202601,6,,사상역,26530,15,0,0,0,1,0,1,12,04,6,1,530,340,6,0,0,0,2,2,4,1,10,2,1,1,1,1,8,2,3,1,1,I,561,1,1,1,4,3,9,4,3,35300,1,1,0,4,3,9,4,3,35300,1,1,0,4,3,9,4,3,35300,1,1,0,2025,3,10,3100000,3890000,1,2
202601,6,,사상역,26530,15,0,0,0,1,0,1,12,04,6,1,530,340,6,0,0,0,2,2,4,1,10,2,1,1,1,1,8,2,3,1,1,I,561,2,1,2,4,3,7,4,3,16300,1,1,0,4,3,7,4,3,16300,1,1,0,4,3,7,4,3,16300,1,1,0,2025,3,10,3100000,3890000,1,2
202601,6,,사상역,26530,15,0,0,0,1,0,1,12,04,6,1,530,340,6,0,0,0,2,2,4,1,10,2,1,1,1,1,8,2,3,1,1,S,961,1,1,1,4,3,7,4,3,16900,1,1,0,4,3,7,4,3,16900,1,1,0,4,3,7,4,3,16900,1,1,0,2026,3,10,3100000,3890000,1,2
202601,6,,사상역,26530,15,0,0,0,1,0,1,12,04,6,1,530,340,6,0,0,0,2,2,4,1,10,2,1,1,1,1,8,2,3,1,1,I,562,2,1,2,4,3,6,4,3,9800,1,1,0,4,3,6,4,3,9800,1,1,0,4,3,6,4,3,9800,1,1,0,2025,3,10,3100000,3890000,1,2
202601,6,,사상역,26530,15,0,0,0,1,0,1,12,04,6,1,530,340,6,0,0,0,2,2,4,1,10,2,1,1,1,1,8,2,3,2,2,0,999,2,1,2,1,1,1,4,3,9000,1,1,0,1,1,1,4,3,9000,1,1,0,1,1,1,4,3,9000,1,1,0,0,1,1,3100000,3890000,1,2
202601,6,,사상역,26530,22,0,300,0,1,0,5,21,04,8,2,50,80,8,0,0,0,2,2,4,1,10,2,1,1,1,1,8,2,3,1,1,I,561,4,1,4,5,6,8,5,6,27000,1,1,0,5,6,8,5,6,27000,1,1,0,5,6,8,5,6,27000,1,1,0,2024,3,8,8070000,6100000,1,2
202601,6,,사상역,26530,22,0,300,0,1,0,5,21,04,8,2,50,80,8,0,0,0,2,2,4,1,10,2,1,1,1,1,8,2,3,2,1,I,562,3,1,3,4,5,7,4,5,13600,1,1,0,4,5,7,4,5,13600,1,1,0,4,5,7,4,5,13600,1,1,0,2024,3,7,8070000,6100000,1,2
202601,6,,사상역,26530,22,0,300,0,1,0,2,11,03,8,1,215,101,6,0,0,0,1,1,2,1,10,1,1,1,1,1,8,1,3,1,1,I,561,2,1,2,6,6,9,6,6,36200,1,1,0,6,6,9,6,6,36200,1,1,0,6,6,9,6,6,36200,1,1,0,2024,3,9,10220000,14440000,1,2
202601,6,,사상역,26530,16,0,0,0,1,0,3,11,03,6,1,320,330,8,0,0,0,2,2,4,1,10,2,1,1,1,1,8,2,3,1,1,S,961,2,1,2,5,4,7,5,4,17400,1,1,0,5,4,7,5,4,17400,1,1,0,5,4,7,5,4,17400,1,1,0,2024,3,9,4360000,7480000,1,1
202601,6,,사상역,26530,16,0,0,0,1,0,3,11,03,6,1,320,330,8,0,0,0,2,2,4,1,10,2,1,1,1,1,8,2,3,1,1,G,464,3,1,3,6,5,7,6,5,17100,1,1,0,6,5,7,6,5,17100,1,1,0,6,5,7,6,5,17100,1,1,0,2024,3,9,4360000,7480000,1,1
202601,6,,사상역,26530,16,0,0,0,1,0,3,11,03,6,1,320,330,8,0,0,0,2,2,4,1,10,2,1,1,1,1,8,2,3,1,1,I,561,1,1,1,3,3,7,3,3,18700,1,1,0,3,3,7,3,3,18700,1,1,0,3,3,7,3,3,18700,1,1,0,2025,3,9,4360000,7480000,1,1
202601,6,,사상역,26530,15,0,0,0,1,0,3,11,03,6,2,200,230,8,0,0,0,2,2,4,1,10,2,1,1,1,1,8,2,3,1,1,I,561,2,1,2,4,4,7,4,4,18500,1,1,0,4,4,7,4,4,18500,1,1,0,4,4,7,4,4,18500,1,1,0,2026,3,9,4260000,3600000,1,1
202601,6,,사상역,26530,15,0,0,0,1,0,3,11,03,6,2,200,230,8,0,0,0,2,2,4,1,10,2,1,1,1,1,8,2,3,1,1,0,999,1,1,2,3,3,5,3,3,7200,1,1,0,3,3,5,3,3,7200,1,1,0,3,3,5,3,3,7200,1,1,0,2025,3,8,4260000,3600000,1,1
202601,6,,사상역,26530,15,0,0,0,1,0,3,11,03,6,2,200,230,8,0,0,0,2,2,4,1,10,2,1,1,1,1,8,2,3,2,1,0,999,3,1,3,3,3,4,3,3,4900,1,1,0,3,3,4,3,3,4900,1,1,0,3,3,4,3,3,4900,1,1,0,2025,3,9,4260000,3600000,1,1
202601,6,,사상역,26530,15,0,0,0,1,0,2,11,03,6,2,320,240,7,0,0,0,2,2,4,1,10,1,1,1,1,1,8,2,3,1,1,0,999,1,1,1,3,3,6,3,3,9400,1,1,0,3,3,6,3,3,9400,1,1,0,3,3,6,3,3,9400,1,1,0,2025,3,9,3400000,2940000,1,1
202601,6,,사상역,26530,15,0,0,0,1,0,2,11,03,6,2,320,240,7,0,0,0,2,2,4,1,10,1,1,1,1,1,8,2,3,1,1,I,561,2,1,2,4,4,7,4,4,15200,1,1,0,4,4,7,4,4,15200,1,1,0,4,4,7,4,4,15200,1,1,0,2026,3,10,3400000,2940000,1,1
202601,6,,사상역,26530,15,0,0,0,1,0,2,11,03,6,2,320,240,7,0,0,0,2,2,4,1,10,1,1,1,1,1,8,2,3,1,1,0,999,1,1,1,3,3,6,3,3,9400,1,1,0,3,3,6,3,3,9400,1,1,0,3,3,6,3,3,9400,1,1,0,2025,3,9,3400000,2940000,1,1
202601,6,,사상역,26530,15,0,0,0,1,0,2,11,03,6,2,320,240,7,0,0,0,2,2,4,1,10,1,1,1,1,1,8,2,3,2,2,0,999,3,1,3,1,1,1,6,3,9100,1,1,0,1,1,1,6,3,9100,1,1,0,1,1,1,6,3,9100,1,1,0,0,1,1,3400000,2940000,1,1
202601,6,,사상역,26530,15,0,0,0,1,0,3,11,04,6,1,190,263,6,0,0,0,2,1,2,1,10,1,1,1,1,1,8,2,3,1,1,I,561,2,1,2,3,5,7,3,5,18900,1,1,0,3,5,7,3,5,18900,1,1,0,3,5,7,3,5,18900,1,1,0,2025,3,8,2670000,4720000,1,2
202601,6,,사상역,26530,22,0,300,0,1,0,4,32,04,6,1,90,121,3,0,1,0,2,2,4,1,10,2,1,1,1,1,8,2,3,1,1,I,561,4,1,4,7,6,9,7,6,30600,1,1,0,7,6,9,7,6,30600,1,1,0,7,6,9,7,6,30600,1,1,0,2025,3,7,9070000,10450000,1,1
202601,6,,사상역,26530,22,0,300,0,1,0,4,32,04,6,1,90,121,3,0,1,0,2,2,4,1,10,2,1,1,1,1,8,2,3,2,6,0,999,3,1,3,1,1,1,4,4,11000,1,1,1,1,1,1,4,4,11000,1,1,1,1,1,1,4,4,11000,1,1,1,0,1,1,9070000,10450000,1,1
202601,6,,사상역,26530,16,0,0,0,1,0,1,12,04,7,1,300,390,6,0,0,0,2,2,4,1,10,2,1,1,1,1,8,2,3,1,1,I,561,2,1,2,5,4,8,5,4,26200,1,1,0,5,4,8,5,4,26200,1,1,0,5,4,8,5,4,26200,1,1,0,2024,3,10,4560000,4950000,1,2
202601,6,,사상역,26530,16,0,0,0,1,0,1,12,04,7,1,300,390,6,0,0,0,2,2,4,1,10,2,1,1,1,1,8,2,3,1,1,I,562,1,1,1,4,4,8,4,4,27100,1,1,0,4,4,8,4,4,27100,1,1,0,4,4,8,4,4,27100,1,1,0,2025,3,10,4560000,4950000,1,2
202601,6,,사상역,26530,16,0,0,0,1,0,1,12,04,7,1,300,390,6,0,0,0,2,2,4,1,10,2,1,1,1,1,8,2,3,2,1,0,999,2,1,2,3,3,5,3,3,7500,1,1,0,3,3,5,3,3,7500,1,1,0,3,3,5,3,3,7500,1,1,0,2026,3,10,4560000,4950000,1,2
202601,6,,사상역,26530,15,0,0,0,1,0,1,12,03,8,1,480,80,4,0,0,0,2,1,3,1,10,1,1,1,1,1,8,2,3,1,6,0,999,2,1,2,1,1,1,6,4,17900,1,1,1,1,1,1,6,4,17900,1,1,1,1,1,1,6,4,17900,1,1,1,0,1,1,4920000,6750000,1,1
202601,6,,사상역,26530,15,0,0,0,1,0,1,12,03,8,1,480,80,4,0,0,0,2,1,3,1,10,1,1,1,1,1,8,2,3,1,1,C,259,2,1,2,4,4,7,4,4,19000,1,1,0,4,4,7,4,4,19000,1,1,0,4,4,7,4,4,19000,1,1,0,2026,3,8,4920000,6750000,1,1
202601,6,,사상역,26530,22,0,300,0,1,0,3,11,03,8,1,360,180,8,0,0,0,2,2,4,1,10,2,1,1,1,1,8,2,3,1,1,I,562,3,1,3,5,5,8,5,5,22800,1,1,0,5,5,8,5,5,22800,1,1,0,5,5,8,5,5,22800,1,1,0,2026,3,10,6870000,9540000,1,3
202601,6,,사상역,26530,22,0,300,0,1,0,3,11,03,8,1,360,180,8,0,0,0,2,2,4,1,10,2,1,1,1,1,8,2,3,1,1,I,561,3,1,3,5,5,8,5,5,23000,1,1,0,5,5,8,5,5,23000,1,1,0,5,5,8,5,5,23000,1,1,0,2025,3,9,6870000,9540000,1,3
202601,6,,사상역,26530,22,0,300,0,1,0,3,11,03,8,1,360,180,8,0,0,0,2,2,4,1,10,2,1,1,1,1,8,2,3,1,1,I,561,3,1,3,5,5,8,5,5,21000,1,1,0,5,5,8,5,5,21000,1,1,0,5,5,8,5,5,21000,1,1,0,2024,4,8,6870000,9540000,1,3
202601,6,,사상역,26530,14,0,0,0,1,0,1,12,03,1,1,320,90,4,0,0,0,2,2,4,1,9,2,1,1,1,1,8,2,3,1,1,G,476,3,1,4,5,5,7,5,5,12200,1,1,0,5,5,7,5,5,12200,1,1,0,5,5,7,5,5,12200,1,1,0,2024,3,9,4420000,3650000,1,1
202601,6,,사상역,26530,14,0,0,0,1,0,1,12,03,1,1,320,90,4,0,0,0,2,2,4,1,9,2,1,1,1,1,8,2,3,2,2,0,999,2,1,3,1,1,1,4,3,8400,1,1,0,1,1,1,4,3,8400,1,1,0,1,1,1,4,3,8400,1,1,0,0,1,1,4420000,3650000,1,1
202601,6,,0.비상권,26530,15,0,0,0,1,0,5,21,04,6,2,700,100,4,0,0,0,1,1,2,1,10,1,1,1,1,1,8,1,3,1,6,0,999,2,1,2,1,1,1,5,4,23500,1,1,1,1,1,1,5,4,23500,1,1,1,1,1,1,5,4,23500,1,1,1,0,1,1,4340000,5520000,1,3
202601,6,,0.비상권,26530,15,0,0,0,1,0,5,21,04,6,2,700,100,4,0,0,0,1,1,2,1,10,1,1,1,1,1,8,1,3,2,6,0,999,1,1,2,1,1,1,3,3,6200,1,1,1,1,1,1,3,3,6200,1,1,1,1,1,1,3,3,6200,1,1,1,0,1,1,4340000,5520000,1,3
202601,6,,0.비상권,26530,16,0,0,0,1,0,1,12,04,5,1,100,150,8,0,0,0,2,1,3,1,10,1,1,1,1,1,8,2,3,1,1,I,561,2,1,2,5,3,7,5,3,12200,1,1,0,5,3,7,5,3,12200,1,1,0,5,3,7,5,3,12200,1,1,0,2025,3,9,3850000,4710000,1,1
202601,6,,0.비상권,26530,16,0,0,0,1,0,1,12,04,5,1,100,150,8,0,0,0,2,1,3,1,10,1,1,1,1,1,8,2,3,2,1,0,999,2,1,2,3,3,5,3,3,6700,1,1,0,3,3,5,3,3,6700,1,1,0,3,3,5,3,3,6700,1,1,0,2025,3,9,3850000,4710000,1,1
202601,6,,0.비상권,26530,16,0,0,0,1,0,5,12,04,6,1,210,150,4,0,0,0,1,1,2,1,10,1,1,1,1,1,8,1,3,1,1,I,561,2,1,2,3,3,7,3,3,12600,1,1,0,3,3,7,3,3,12600,1,1,0,3,3,7,3,3,12600,1,1,0,2024,3,10,4460000,9080000,1,3
202601,6,,0.비상권,26530,14,0,0,0,1,0,2,12,04,1,1,480,40,6,0,0,0,2,2,4,1,10,1,1,1,1,1,8,2,3,1,1,I,562,3,1,3,6,4,7,6,4,12100,1,1,0,6,4,7,6,4,12100,1,1,0,6,4,7,6,4,12100,1,1,0,2025,3,10,2720000,2490000,1,1
202601,6,,0.비상권,26530,14,0,0,0,1,0,2,12,04,1,1,480,40,6,0,0,0,2,2,4,1,10,1,1,1,1,1,8,2,3,2,2,0,999,3,1,3,1,1,1,6,3,8600,1,1,0,1,1,1,6,3,8600,1,1,0,1,1,1,6,3,8600,1,1,0,0,1,1,2720000,2490000,1,1
202601,6,,0.비상권,26530,15,0,0,0,1,0,1,12,04,5,1,80,100,6,0,0,0,2,2,4,1,10,2,1,1,1,1,8,2,3,1,1,I,561,3,1,3,4,6,8,5,5,26700,1,1,0,4,6,8,5,5,26700,1,1,0,4,6,8,5,5,26700,1,1,0,2024,3,9,3360000,4640000,1,2
202601,6,,0.비상권,26530,15,0,0,0,1,0,1,12,04,5,1,80,100,6,0,0,0,2,2,4,1,10,2,1,1,1,1,8,2,3,2,1,0,999,2,1,2,4,3,6,4,3,9500,1,1,0,4,3,6,4,3,9500,1,1,0,4,3,6,4,3,9500,1,1,0,2024,3,10,3360000,4640000,1,2
202601,6,,0.비상권,26530,15,0,0,0,1,1,1,12,03,6,2,240,1,4,0,0,0,2,2,4,1,10,1,1,1,1,1,8,2,3,-1,6,0,999,3,1,3,1,1,1,4,3,4100,1,1,1,1,1,1,4,3,4100,1,1,1,1,1,1,4,3,4100,1,1,1,0,1,1,6870000,4230000,1,1
202601,6,,0.비상권,26530,15,0,0,0,1,1,1,12,03,6,2,240,1,4,0,0,0,2,2,4,1,10,1,1,1,1,1,8,2,3,1,1,I,561,3,1,3,5,5,8,5,5,22300,1,1,0,5,5,8,5,5,22300,1,1,0,5,5,8,5,5,22300,1,1,0,2025,3,10,6870000,4230000,1,1
202601,6,,0.비상권,26530,15,0,0,0,1,1,1,12,03,6,2,240,1,4,0,0,0,2,2,4,1,10,1,1,1,1,1,8,2,3,2,2,0,999,2,1,3,1,1,1,5,3,9000,1,1,0,1,1,1,5,3,9000,1,1,0,1,1,1,5,3,9000,1,1,0,0,1,1,6870000,4230000,1,1
202601,6,,0.비상권,26530,15,0,0,0,1,0,1,12,04,6,1,350,100,6,0,0,0,2,2,4,1,10,2,1,1,1,1,8,2,3,1,1,I,561,4,1,4,5,4,5,5,4,7500,1,1,0,5,4,5,5,4,7500,1,1,0,5,4,5,5,4,7500,1,1,0,2025,3,10,2980000,3030000,1,1
202601,6,,0.비상권,26530,15,0,0,0,1,0,1,12,04,6,1,350,100,6,0,0,0,2,2,4,1,10,2,1,1,1,1,8,2,3,2,1,0,999,2,1,3,3,3,4,3,3,4100,1,1,0,3,3,4,3,3,4100,1,1,0,3,3,4,3,3,4100,1,1,0,2026,3,10,2980000,3030000,1,1
202601,6,,0.비상권,26530,15,0,0,0,1,1,3,21,03,6,2,230,175,6,0,0,0,1,2,4,1,10,1,1,1,1,1,8,1,3,-1,6,0,999,2,1,3,1,1,1,3,3,3200,1,1,1,1,1,1,3,3,3200,1,1,1,1,1,1,3,3,3200,1,1,1,0,1,1,4880000,2730000,1,1
202601,6,,0.비상권,26530,15,0,0,0,1,1,3,21,03,6,2,230,175,6,0,0,0,1,2,4,1,10,1,1,1,1,1,8,1,3,1,1,I,561,2,1,2,5,4,8,5,4,20000,1,1,0,5,4,8,5,4,20000,1,1,0,5,4,8,5,4,20000,1,1,0,2024,5,9,4880000,2730000,1,1
202601,6,,0.비상권,26530,15,0,0,0,1,1,3,21,03,6,2,230,175,6,0,0,0,1,2,4,1,10,1,1,1,1,1,8,1,3,2,2,0,999,2,1,2,1,1,1,4,3,8900,1,1,0,1,1,1,4,3,8900,1,1,0,1,1,1,4,3,8900,1,1,0,0,1,1,4880000,2730000,1,1
202601,6,,0.비상권,26530,14,0,0,0,1,0,4,19,03,6,1,없음,50,2,0,0,0,2,2,4,1,9,2,1,1,1,1,8,2,3,1,1,I,561,3,1,3,6,5,7,6,5,17400,1,1,0,6,5,7,6,5,17400,1,1,0,6,5,7,6,5,17400,1,1,0,2024,3,10,5100000,8790000,1,2
202601,6,,0.비상권,26530,14,0,0,0,1,0,4,19,03,6,1,없음,50,2,0,0,0,2,2,4,1,9,2,1,1,1,1,8,2,3,1,1,G,472,2,1,3,6,5,9,6,5,29500,1,1,0,6,5,9,6,5,29500,1,1,0,6,5,9,6,5,29500,1,1,0,2024,3,9,5100000,8790000,1,2
202601,6,,0.비상권,26710,15,0,0,0,1,0,3,21,03,6,1,623,140,7,0,0,0,2,2,3,1,9,2,1,1,1,1,8,2,3,1,1,I,561,3,1,4,6,4,7,6,4,10200,1,1,0,6,4,7,6,4,10200,1,1,0,6,4,7,6,4,10200,1,1,0,2023,6,10,3310000,6250000,1,1
202601,6,,0.비상권,26710,15,0,0,0,1,0,4,32,04,6,1,없음,20,6,0,0,0,2,1,3,1,10,1,1,1,1,1,8,2,3,1,1,I,561,3,1,3,5,5,7,5,5,14900,1,1,0,5,5,7,5,5,14900,1,1,0,5,5,7,5,5,14900,1,1,0,2024,3,10,3090000,5160000,1,2
202601,6,,0.비상권,26710,15,0,0,0,1,0,7,21,03,5,1,없음,110,6,0,0,0,2,1,3,1,10,1,1,1,1,1,8,2,3,1,1,I,561,3,1,3,6,5,7,6,5,16200,1,1,0,6,5,7,6,5,16200,1,1,0,6,5,7,6,5,16200,1,1,0,2025,3,10,2670000,5380000,1,1
202601,6,,0.비상권,26710,15,0,0,0,1,0,1,21,03,1,1,200,200,4,0,0,0,2,2,4,1,10,2,1,1,1,1,8,2,2,1,1,I,561,3,1,4,6,5,7,6,5,19800,1,1,0,6,5,7,6,5,19800,1,1,0,6,5,7,6,5,19800,1,1,0,2024,3,10,5280000,3430000,1,1
202601,6,,0.비상권,26710,15,0,0,0,1,0,1,21,03,1,1,200,200,4,0,0,0,2,2,4,1,10,2,1,1,1,1,8,2,2,2,1,S,969,3,1,3,4,4,5,4,4,8000,1,1,0,4,4,5,4,4,8000,1,1,0,4,4,5,4,4,8000,1,1,0,2026,3,10,5280000,3430000,1,1
202601,6,,0.비상권,26710,22,0,0,0,1,0,3,10,16,6,1,500,200,6,0,0,0,3,2,4,1,10,2,1,1,1,1,8,3,2,1,1,R,912,4,1,4,6,5,7,6,5,10000,1,1,0,6,5,7,6,5,10000,1,1,0,6,5,7,6,5,10000,1,1,0,2025,3,6,5350000,9440000,1,1
202601,6,,0.비상권,26710,22,0,0,0,1,0,3,10,16,6,1,500,200,6,0,0,0,3,2,4,1,10,2,1,1,1,1,8,3,2,1,1,I,561,3,1,3,5,4,7,5,4,10300,1,1,0,5,4,7,5,4,10300,1,1,0,5,4,7,5,4,10300,1,1,0,2024,3,10,5350000,9440000,1,1
202601,6,,0.비상권,26710,14,0,0,0,1,0,5,21,03,6,1,없음,200,7,0,0,0,1,1,2,1,10,1,1,1,1,1,8,1,2,1,1,I,561,2,1,2,4,4,7,4,4,18800,1,1,0,4,4,7,4,4,18800,1,1,0,4,4,7,4,4,18800,1,1,0,2024,3,10,2600000,4370000,1,1
202601,6,,0.비상권,26710,15,0,0,0,1,0,6,31,04,5,1,168,188,2,0,1,0,3,2,4,1,10,2,1,1,1,1,8,3,3,1,1,G,452,4,1,4,4,6,7,4,6,14400,1,1,0,4,6,7,4,6,14400,1,1,0,4,6,7,4,6,14400,1,1,0,2026,2,10,4720000,8100000,1,1
202601,6,,0.비상권,26710,15,0,0,0,1,0,6,31,04,5,1,168,188,2,0,1,0,3,2,4,1,10,2,1,1,1,1,8,3,3,2,1,G,452,1,1,2,3,3,5,3,3,6500,1,1,0,3,3,5,3,3,6500,1,1,0,3,3,5,3,3,6500,1,1,0,2025,3,10,4720000,8100000,1,1
202601,6,,0.비상권,26710,14,0,0,0,1,0,8,21,03,6,2,없음,280,5,0,1,0,2,2,4,1,10,1,1,1,1,1,8,2,3,1,1,M,716,3,1,3,4,3,5,4,3,6200,1,1,0,4,3,5,4,3,6200,1,1,0,4,3,5,4,3,6200,1,1,0,2024,3,10,2930000,2620000,1,1
202601,6,,0.비상권,26710,14,0,0,0,1,0,8,21,03,6,2,없음,280,5,0,1,0,2,2,4,1,10,1,1,1,1,1,8,2,3,2,2,0,999,3,1,3,1,1,1,3,3,4900,1,1,0,1,1,1,3,3,4900,1,1,0,1,1,1,3,3,4900,1,1,0,0,1,1,2930000,2620000,1,1
202601,6,,0.비상권,26710,22,0,300,0,1,0,7,31,03,9,2,700,150,2,0,1,0,2,2,4,1,9,2,1,1,1,1,8,3,2,1,1,I,561,4,1,4,5,6,8,5,6,25100,1,1,0,5,6,8,5,6,25100,1,1,0,5,6,8,5,6,25100,1,1,0,2025,3,10,5490000,6620000,1,1
202601,6,,0.비상권,26710,22,0,300,0,1,0,7,31,03,9,2,700,150,2,0,1,0,2,2,4,1,9,2,1,1,1,1,8,3,2,2,1,I,561,4,1,4,5,5,6,5,5,8600,1,1,0,5,5,6,5,5,8600,1,1,0,5,5,6,5,5,8600,1,1,0,2025,3,10,5490000,6620000,1,1
202601,6,,0.비상권,26710,44,43,0,0,1,0,8,31,03,6,1,없음,50,6,0,1,0,2,2,4,1,10,2,1,1,1,1,8,2,3,1,1,I,562,4,1,4,6,5,6,6,5,8500,1,1,0,6,5,6,6,5,8500,1,1,0,6,5,6,6,5,8500,1,1,0,2025,3,10,1760000,2950000,1,1
202601,6,,0.비상권,26710,14,0,0,0,1,0,8,21,03,5,1,178,26,7,0,0,0,2,2,4,1,9,2,1,1,1,1,8,2,3,1,1,I,562,2,1,3,6,6,9,6,6,42100,1,1,0,6,6,9,6,6,42100,1,1,0,6,6,9,6,6,42100,1,1,0,2020,6,9,5830000,5840000,1,1
202601,6,,0.비상권,26710,14,0,0,0,1,0,8,21,03,5,1,178,26,7,0,0,0,2,2,4,1,9,2,1,1,1,1,8,2,3,2,1,R,912,2,1,3,5,4,7,5,4,16800,1,1,0,5,4,7,5,4,16800,1,1,0,5,4,7,5,4,16800,1,1,0,2024,3,10,5830000,5840000,1,1
202601,6,,0.비상권,26710,16,0,0,0,1,0,5,32,04,4,1,700,150,4,0,0,0,2,1,3,1,9,1,1,1,1,1,8,2,3,1,1,I,561,3,1,3,6,5,7,6,5,18400,1,1,0,6,5,7,6,5,18400,1,1,0,6,5,7,6,5,18400,1,1,0,2026,3,10,6150000,16010000,1,1
202601,6,,0.비상권,26710,16,0,0,0,1,0,9,32,04,6,1,700,150,4,0,0,0,2,1,3,1,9,1,1,1,1,1,8,2,3,1,1,I,561,3,1,3,4,5,7,4,5,15500,1,1,0,4,5,7,4,5,15500,1,1,0,4,5,7,4,5,15500,1,1,0,2025,3,10,6340000,11380000,1,1
202601,6,,0.비상권,26710,14,0,0,0,1,0,4,32,04,6,2,900,300,4,0,1,0,2,2,4,4,6,2,1,1,1,1,8,2,3,1,1,I,561,4,4,4,6,6,6,6,6,8900,1,1,0,6,6,6,6,6,8900,1,1,0,6,6,6,6,6,8900,1,1,0,2026,3,9,6280000,4900000,1,1
202601,6,,0.비상권,26710,16,0,0,0,1,0,9,32,04,6,1,947,150,4,0,1,0,2,2,4,1,10,2,1,1,1,1,8,2,3,1,1,I,561,3,1,3,7,6,9,7,6,31100,1,1,0,7,6,9,7,6,31100,1,1,0,7,6,9,7,6,31100,1,1,0,2025,3,10,6530000,11130000,1,1
202601,6,,0.비상권,26710,16,0,0,0,1,0,9,32,04,6,1,947,150,4,0,1,0,2,2,4,1,10,2,1,1,1,1,8,2,3,1,1,I,562,3,1,3,7,6,9,7,6,31100,1,1,0,7,6,9,7,6,31100,1,1,0,7,6,9,7,6,31100,1,1,0,2025,3,10,6530000,11130000,1,1
202601,6,,0.비상권,26710,16,0,0,0,1,0,9,31,04,6,1,900,450,6,0,1,0,3,2,4,1,10,2,1,1,1,1,8,3,3,1,1,I,561,3,1,3,6,6,9,6,6,28300,1,1,0,6,6,9,6,6,28300,1,1,0,6,6,9,6,6,28300,1,1,0,2025,3,10,5970000,11160000,1,2
202601,6,,0.비상권,26710,16,0,0,0,1,0,9,31,04,6,1,900,450,6,0,1,0,3,2,4,1,10,2,1,1,1,1,8,3,3,1,1,I,561,3,1,3,6,6,9,6,6,28300,1,1,0,6,6,9,6,6,28300,1,1,0,6,6,9,6,6,28300,1,1,0,2024,3,10,5970000,11160000,1,2
202601,6,,0.비상권,26710,16,0,0,0,1,0,9,31,04,6,1,500,50,4,0,1,0,3,2,4,1,9,2,1,1,1,1,8,3,3,1,1,I,561,3,1,4,6,6,9,6,6,28500,1,1,0,6,6,9,6,6,28500,1,1,0,6,6,9,6,6,28500,1,1,0,2024,3,10,7570000,12680000,1,1
202601,6,,0.비상권,26710,16,0,0,0,1,0,9,31,04,6,1,500,50,4,0,1,0,3,2,4,1,9,2,1,1,1,1,8,3,3,1,1,I,561,3,1,4,6,6,9,6,6,28500,1,1,0,6,6,9,6,6,28500,1,1,0,6,6,9,6,6,28500,1,1,0,2024,3,10,7570000,12680000,1,1
202601,6,,동성로중심,27110,21,0,300,0,1,0,1,11,04,6,1,200,200,8,0,0,0,2,1,2,1,9,1,1,1,1,1,8,2,2,1,1,S,961,1,1,2,5,5,10,5,5,49200,1,1,0,5,5,10,5,5,49200,1,1,0,5,5,10,5,5,49200,1,1,0,2025,3,9,10450000,17570000,1,1
202601,6,,동성로중심,27110,21,0,300,0,1,0,1,11,04,6,1,200,200,8,0,0,0,2,1,2,1,9,1,1,1,1,1,8,2,2,1,1,S,961,1,1,2,5,5,10,5,5,49200,1,1,0,5,5,10,5,5,49200,1,1,0,5,5,10,5,5,49200,1,1,0,2026,3,9,10450000,17570000,1,1
202601,6,,동성로중심,27110,21,0,300,0,1,0,1,51,04,7,1,350,150,7,0,0,0,2,2,4,1,10,2,1,1,1,1,8,2,2,1,1,I,561,2,1,2,5,5,8,5,5,23200,1,1,0,5,5,8,5,5,23200,1,1,0,5,5,8,5,5,23200,1,1,0,2024,3,10,5670000,8300000,1,2
202601,6,,동성로중심,27110,21,0,300,0,1,0,1,51,04,7,1,350,150,7,0,0,0,2,2,4,1,10,2,1,1,1,1,8,2,2,1,1,I,562,2,1,2,5,5,9,5,5,35700,1,1,0,5,5,9,5,5,35700,1,1,0,5,5,9,5,5,35700,1,1,0,2025,3,10,5670000,8300000,1,2
202601,6,,동성로중심,27110,21,0,300,0,1,0,1,51,04,7,1,350,150,7,0,0,0,2,2,4,1,10,2,1,1,1,1,8,2,2,1,1,I,561,3,1,3,6,5,8,6,5,25900,1,1,0,6,5,8,6,5,25900,1,1,0,6,5,8,6,5,25900,1,1,0,2024,3,10,5670000,8300000,1,2
202601,6,,동성로중심,27110,21,0,300,0,1,0,8,31,03,8,1,260,80,8,0,0,0,2,1,3,1,10,1,1,1,1,1,8,2,2,1,1,S,969,3,1,3,6,5,8,6,5,23000,1,1,0,6,5,8,6,5,23000,1,1,0,6,5,8,6,5,23000,1,1,0,2025,3,9,4930000,6410000,1,1
202601,6,,동성로중심,27110,21,0,300,0,1,0,7,21,03,7,2,280,140,8,0,1,0,2,2,4,1,10,2,2,1,1,1,8,2,2,1,1,I,561,2,1,2,6,5,8,6,5,25500,1,1,0,6,5,8,6,5,25500,1,1,0,6,5,8,6,5,25500,1,1,0,2024,3,10,5620000,4530000,1,1
202601,6,,동성로중심,27110,21,0,300,0,1,0,7,21,03,7,2,280,140,8,0,1,0,2,2,4,1,10,2,2,1,1,1,8,2,2,1,1,I,561,2,1,2,6,5,8,6,5,25500,1,1,0,6,5,8,6,5,25500,1,1,0,6,5,8,6,5,25500,1,1,0,2025,3,10,5620000,4530000,1,1
202601,6,,동성로중심,27110,21,0,300,0,1,0,7,21,03,7,2,280,140,8,0,1,0,2,2,4,1,10,2,2,1,1,1,8,2,2,2,6,0,999,4,1,4,1,1,1,6,5,12700,1,1,1,1,1,1,6,5,12700,1,1,1,1,1,1,6,5,12700,1,1,1,0,1,1,5620000,4530000,1,1
202601,6,,동성로중심,27110,21,0,300,0,1,0,1,51,04,5,1,450,100,6,0,0,0,2,1,2,1,10,1,1,1,1,1,8,2,2,1,1,I,561,2,1,2,6,5,9,6,6,43100,1,1,0,6,5,9,6,6,43100,1,1,0,6,5,9,6,6,43100,1,1,0,2025,3,10,8960000,20230000,1,3
202601,6,,동성로중심,27110,21,0,300,0,1,0,1,51,04,6,1,620,120,6,0,0,0,1,1,2,1,10,1,1,1,1,1,8,1,2,1,1,I,561,2,1,2,6,5,9,6,6,52800,1,1,0,6,5,9,6,6,52800,1,1,0,6,5,9,6,6,52800,1,1,0,2024,3,10,6450000,11560000,1,3
202601,6,,삼덕/대봉,27110,21,0,120,300,1,0,1,51,03,6,1,170,50,2,0,0,0,1,1,2,1,10,1,1,1,1,1,8,1,3,1,1,I,562,2,1,2,6,5,9,6,5,42200,1,1,0,6,5,9,6,5,42200,1,1,0,6,5,9,6,5,42200,1,1,0,2024,3,9,8180000,14450000,1,2
202601,6,,삼덕/대봉,27110,14,0,0,0,1,0,6,32,04,6,1,643,271,6,0,0,0,1,1,2,1,10,1,1,1,1,1,8,1,2,1,1,I,562,2,1,2,3,4,8,3,4,20000,1,1,0,3,4,8,3,4,20000,1,1,0,3,4,8,3,4,20000,1,1,0,2024,4,9,3150000,5310000,1,1
202601,6,,동성로중심,27110,21,0,300,0,1,0,1,12,16,9,1,180,180,8,0,0,0,1,1,3,1,10,1,1,1,1,1,8,1,2,1,6,0,999,1,1,1,1,1,1,5,4,44000,1,1,1,1,1,1,5,4,44000,1,1,1,1,1,1,5,4,44000,1,1,1,0,1,1,9810000,11020000,1,1
202601,6,,동성로중심,27110,21,0,300,0,1,0,1,12,16,9,1,180,180,8,0,0,0,1,1,3,1,10,1,1,1,1,1,8,1,2,1,1,G,474,1,1,1,5,5,9,5,5,43400,1,1,0,5,5,9,5,5,43400,1,1,0,5,5,9,5,5,43400,1,1,0,2025,2,9,9810000,11020000,1,1
202601,6,,동성로중심,27110,21,0,300,0,1,0,1,12,16,9,1,180,180,8,0,0,0,1,1,3,1,10,1,1,1,1,1,8,1,2,1,1,I,561,1,1,1,5,5,9,5,5,42700,1,1,0,5,5,9,5,5,42700,1,1,0,5,5,9,5,5,42700,1,1,0,2025,2,10,9810000,11020000,1,1
202601,6,,동성로중심,27110,21,0,300,0,1,0,1,51,04,7,1,195,235,8,0,0,0,2,1,3,1,10,1,1,1,1,1,8,2,2,1,1,G,474,2,1,2,5,5,9,5,5,44800,1,1,0,5,5,9,5,5,44800,1,1,0,5,5,9,5,5,44800,1,1,0,2025,3,10,10040000,16270000,1,1
202601,6,,동성로중심,27110,21,0,300,0,1,0,1,51,04,7,1,195,235,8,0,0,0,2,1,3,1,10,1,1,1,1,1,8,2,2,1,1,G,474,2,1,2,5,5,9,5,5,46800,1,1,0,5,5,9,5,5,46800,1,1,0,5,5,9,5,5,46800,1,1,0,2024,3,10,10040000,16270000,1,1
202601,6,,동성로중심,27110,21,0,300,0,1,0,8,31,03,8,2,200,300,10,0,0,0,2,2,4,1,10,2,1,1,1,1,8,2,2,1,1,I,561,3,1,3,6,6,9,6,6,41700,1,1,0,6,6,9,6,6,41700,1,1,0,6,6,9,6,6,41700,1,1,0,2024,3,9,9480000,6490000,1,1
202601,6,,동성로중심,27110,21,0,300,0,1,0,8,31,03,8,2,200,300,10,0,0,0,2,2,4,1,10,2,1,1,1,1,8,2,2,2,1,N,762,3,1,3,5,4,7,4,4,12700,1,1,0,5,4,7,4,4,12700,1,1,0,5,4,7,4,4,12700,1,1,0,2025,3,10,9480000,6490000,1,1
202601,6,,동성로중심,27110,21,0,300,0,1,0,3,11,03,5,1,170,170,8,0,0,0,2,2,3,1,10,2,1,1,1,1,8,2,2,1,1,I,561,1,1,2,6,5,10,6,5,55000,1,1,0,6,5,10,6,5,55000,1,1,0,6,5,10,6,5,55000,1,1,0,2025,2,9,8520000,17760000,1,2
202601,6,,동성로중심,27110,21,0,300,0,1,0,3,11,03,5,1,170,170,8,0,0,0,2,2,3,1,10,2,1,1,1,1,8,2,2,1,1,R,901,1,1,2,6,5,10,6,5,55000,1,1,0,6,5,10,6,5,55000,1,1,0,6,5,10,6,5,55000,1,1,0,2025,3,10,8520000,17760000,1,2
202601,6,,동성로중심,27110,21,0,300,0,1,0,3,11,03,5,1,170,170,8,0,0,0,2,2,3,1,10,2,1,1,1,1,8,2,2,1,1,G,474,1,1,2,6,5,10,6,5,55000,1,1,0,6,5,10,6,5,55000,1,1,0,6,5,10,6,5,55000,1,1,0,2024,3,10,8520000,17760000,1,2
202601,6,,동성로중심,27110,21,0,300,0,1,0,1,11,03,9,2,67,88,4,0,0,0,1,1,3,1,10,1,1,1,1,1,8,1,2,1,1,G,473,2,1,2,6,5,9,6,5,36600,1,1,0,6,5,9,6,5,36600,1,1,0,6,5,9,6,5,36600,1,1,0,2024,3,10,15950000,9910000,1,1
202601,6,,동성로중심,27110,21,0,300,0,1,0,1,11,03,9,2,67,88,4,0,0,0,1,1,3,1,10,1,1,1,1,1,8,1,2,2,1,G,465,2,1,2,3,3,6,3,3,11100,1,1,0,3,3,6,3,3,11100,1,1,0,3,3,6,3,3,11100,1,1,0,2024,3,10,15950000,9910000,1,1
202601,6,,삼덕/대봉,27110,16,0,0,0,1,0,9,31,03,6,2,220,250,6,0,0,0,1,2,3,1,9,2,1,1,1,1,8,1,2,1,1,I,562,2,1,2,6,5,9,6,5,34500,1,1,0,6,5,9,6,5,34500,1,1,0,6,5,9,6,5,34500,1,1,0,2025,3,10,6760000,5870000,1,1
202601,6,,삼덕/대봉,27110,16,0,0,0,1,0,9,31,03,6,2,220,250,6,0,0,0,1,2,3,1,9,2,1,1,1,1,8,1,2,2,1,S,961,2,1,2,5,4,7,4,4,18400,1,1,0,5,4,7,4,4,18400,1,1,0,5,4,7,4,4,18400,1,1,0,2025,3,10,6760000,5870000,1,1
202601,6,,삼덕/대봉,27110,16,0,0,0,1,0,1,51,04,6,1,300,120,6,0,0,0,1,1,2,1,10,1,1,1,1,1,8,1,2,1,1,I,561,2,1,2,6,5,9,6,5,38600,1,1,0,6,5,9,6,5,38600,1,1,0,6,5,9,6,5,38600,1,1,0,2024,3,9,5570000,11730000,1,1
202601,6,,삼덕/대봉,27110,16,0,0,0,1,0,1,51,03,8,1,450,150,6,0,0,0,2,1,3,1,10,1,1,1,1,1,8,2,2,1,1,I,561,3,1,3,4,5,7,4,5,14700,1,1,0,4,5,7,4,5,14700,1,1,0,4,5,7,4,5,14700,1,1,0,2025,3,10,5160000,7360000,1,1
202601,6,,삼덕/대봉,27110,16,0,0,0,1,0,5,11,03,6,1,500,100,6,0,0,0,2,1,3,1,10,1,1,1,1,1,8,2,3,1,1,I,562,2,1,2,6,5,9,6,5,34500,1,1,0,6,5,9,6,5,34500,1,1,0,6,5,9,6,5,34500,1,1,0,2025,3,10,6010000,10140000,1,1
202601,6,,삼덕/대봉,27110,16,0,0,0,1,0,5,11,03,6,1,500,100,6,0,0,0,2,1,3,1,10,1,1,1,1,1,8,2,3,1,1,I,561,2,1,2,5,4,8,5,4,27000,1,1,0,5,4,8,5,4,27000,1,1,0,5,4,8,5,4,26900,1,1,0,2025,3,10,6010000,10140000,1,1
202601,6,,삼덕/대봉,27110,16,0,0,0,1,0,1,21,03,5,1,270,300,6,0,0,0,2,1,3,1,10,1,1,1,1,1,8,2,2,1,1,I,562,2,1,2,6,5,9,6,6,37200,1,1,0,6,5,9,6,6,37200,1,1,0,6,5,9,6,6,37200,1,1,0,2025,3,10,5500000,7900000,1,2
202601,6,,삼덕/대봉,27110,16,0,0,0,1,0,1,21,03,5,1,270,300,6,0,0,0,2,1,3,1,10,1,1,1,1,1,8,2,2,2,1,I,562,1,1,1,4,3,8,4,3,20800,1,1,0,4,3,8,4,3,20800,1,1,0,4,3,8,4,3,20800,1,1,0,2025,3,10,5500000,7900000,1,2
202601,6,,삼덕/대봉,27110,16,0,0,0,1,0,6,21,03,6,1,350,350,6,0,1,0,2,1,3,1,10,1,1,1,1,1,8,2,2,1,1,M,733,3,1,3,5,5,7,5,5,15100,2,1,0,5,5,7,5,5,15100,2,1,0,5,5,7,5,5,15000,2,1,0,2025,3,8,5570000,9920000,1,1
202601,6,,동성로중심,27110,21,0,300,0,1,0,1,51,04,7,1,410,320,6,0,0,0,2,2,4,1,10,2,1,1,1,1,8,2,2,1,1,I,561,4,1,4,5,4,6,5,5,11100,1,1,0,5,4,6,5,5,11100,1,1,0,5,4,6,5,5,11100,1,1,0,2025,3,8,5360000,9070000,1,1
202601,6,,동성로중심,27110,21,0,300,0,1,0,1,51,03,5,1,550,300,11,0,0,0,2,1,2,1,10,1,1,1,1,1,8,2,2,1,1,C,105,2,1,2,3,3,7,3,3,11700,1,1,0,3,3,7,3,3,11700,1,1,0,3,3,7,3,3,11700,1,1,0,2024,3,8,2100000,4850000,1,1
202601,6,,동성로중심,27110,21,0,300,0,1,0,1,51,03,5,1,550,300,11,0,0,0,2,1,2,1,10,1,1,1,1,1,8,2,2,1,1,S,969,1,1,1,3,3,7,3,3,11500,1,1,0,3,3,7,3,3,11500,1,1,0,3,3,7,3,3,11500,1,1,0,2025,3,8,2100000,4850000,1,1
202601,6,,동성로중심,27110,21,0,300,0,1,0,1,51,03,9,1,300,250,4,0,0,0,1,1,2,1,10,1,1,1,1,1,8,1,2,1,1,I,561,2,1,2,4,5,8,4,5,25600,1,1,0,4,5,8,4,5,25600,1,1,0,4,5,8,4,5,25600,1,1,0,2024,3,10,5720000,6640000,1,3
202601,6,,동성로중심,27110,21,0,300,0,1,0,1,11,04,10,3,230,120,5,0,0,0,2,2,4,1,10,2,1,1,1,1,8,2,2,1,1,I,562,3,1,3,6,6,9,6,6,29500,1,1,0,6,6,9,6,6,29500,1,1,0,6,6,9,6,6,29500,1,1,0,2025,3,10,11310000,7150000,1,1
202601,6,,동성로중심,27110,21,0,300,0,1,0,1,11,04,10,3,230,120,5,0,0,0,2,2,4,1,10,2,1,1,1,1,8,2,2,2,1,S,961,3,1,3,4,4,7,4,4,11100,1,1,0,4,4,7,4,4,11100,1,1,0,4,4,7,4,4,11100,1,1,0,2024,3,8,11310000,7150000,1,1
202601,6,,동성로중심,27110,21,0,300,0,1,0,1,51,04,3,1,200,120,8,0,0,0,2,1,3,1,10,1,1,1,1,1,8,2,2,1,1,I,561,3,1,3,5,4,7,5,4,12200,1,1,0,5,4,7,5,4,12200,1,1,0,5,4,7,5,4,12200,1,1,0,2025,4,7,2990000,10540000,1,1
202601,6,,동성로중심,27110,21,0,300,0,1,0,1,51,03,6,1,50,50,8,0,0,0,1,1,1,1,10,1,1,1,1,1,8,1,2,1,1,I,561,1,1,1,4,4,9,4,4,29700,1,1,0,4,4,9,4,4,29700,1,1,0,4,4,9,4,4,29700,1,1,0,2024,3,10,6680000,12620000,1,3
202601,6,,동성로중심,27110,21,0,120,300,1,0,1,51,03,9,2,200,50,4,0,0,0,2,2,4,1,9,2,1,1,1,1,8,2,2,1,1,I,562,2,1,2,6,5,9,6,5,40900,1,1,0,6,5,9,6,5,40900,1,1,0,6,5,9,6,5,40900,1,1,0,2024,3,9,15610000,9720000,1,1
202601,6,,동성로중심,27110,21,0,120,300,1,0,1,51,03,9,2,200,50,4,0,0,0,2,2,4,1,9,2,1,1,1,1,8,2,2,1,1,I,561,2,1,2,6,5,9,6,5,40400,1,1,0,6,5,9,6,5,40400,1,1,0,6,5,9,6,5,40400,1,1,0,2025,3,10,15610000,9720000,1,1
202601,6,,동성로중심,27110,21,0,120,300,1,0,1,51,03,9,2,200,50,4,0,0,0,2,2,4,1,9,2,1,1,1,1,8,2,2,2,1,G,478,3,1,4,7,5,7,7,5,16600,1,1,0,7,5,7,7,5,16600,1,1,0,7,5,7,7,5,16600,1,1,0,2024,3,7,15610000,9720000,1,1
202601,6,,동성로중심,27110,21,0,300,0,1,0,1,51,03,8,1,150,120,4,0,0,0,1,1,2,1,10,1,1,1,1,1,8,1,2,1,1,G,478,1,1,1,4,4,10,5,4,64100,1,1,0,4,4,10,5,4,64100,1,1,0,4,4,10,5,4,64100,1,1,0,2025,5,7,10090000,13900000,1,1
202601,6,,동성로중심,27110,21,0,300,0,1,0,1,51,03,8,1,150,120,4,0,0,0,1,1,2,1,10,1,1,1,1,1,8,1,2,1,1,I,561,1,1,1,5,5,10,5,5,63300,1,1,0,5,5,10,5,5,63300,1,1,0,5,5,10,5,5,63300,1,1,0,2025,3,10,10090000,13900000,1,1
202601,6,,동성로중심,27110,21,0,300,0,1,0,1,51,04,10,1,70,300,4,0,0,0,1,1,1,1,10,1,1,1,1,1,8,1,2,1,1,I,551,1,1,1,5,5,11,5,5,72300,1,1,0,5,5,11,5,5,72300,1,1,0,5,5,11,5,5,72300,1,1,0,2025,3,10,13360000,14040000,1,4
202601,6,,동성로중심,27110,21,0,0,0,1,0,1,51,03,7,1,520,150,4,0,0,0,1,1,2,1,10,1,1,1,1,1,8,1,2,1,1,I,561,2,1,2,5,5,8,5,5,28200,1,1,0,5,5,8,5,5,28200,1,1,0,5,5,8,5,5,28200,1,1,0,2025,3,10,4710000,7140000,1,1
202601,6,,동성로중심,27110,21,0,300,0,1,0,1,51,04,9,1,500,120,8,0,0,0,1,1,2,1,10,1,1,1,1,1,8,1,2,1,6,0,999,2,1,3,1,1,1,5,4,16400,1,1,1,1,1,1,5,4,16400,1,1,1,1,1,1,5,4,16400,1,1,1,0,1,1,6130000,7580000,1,2
202601,6,,동성로중심,27110,21,0,120,300,1,0,1,51,04,7,1,550,100,1,0,0,0,1,1,2,1,10,1,1,1,1,1,8,1,2,1,1,S,961,1,1,1,5,4,9,5,4,36700,1,1,0,5,4,9,5,4,36700,1,1,0,5,4,9,5,4,36700,1,1,0,2024,3,10,10870000,16260000,1,1
202601,6,,동성로중심,27110,21,0,120,300,1,0,1,51,04,7,1,550,100,1,0,0,0,1,1,2,1,10,1,1,1,1,1,8,1,2,1,1,S,961,1,1,1,5,4,9,5,4,36700,1,1,0,5,4,9,5,4,36700,1,1,0,5,4,9,5,4,36700,1,1,0,2025,3,10,10870000,16260000,1,1
202601,6,,동성로중심,27110,21,0,300,0,1,0,1,21,03,9,2,400,50,6,0,0,0,1,1,3,1,10,1,1,1,1,1,8,1,2,1,1,I,562,2,1,2,3,3,7,3,3,13600,1,1,0,3,3,7,3,3,13600,1,1,0,3,3,7,3,3,13600,1,1,0,2025,3,10,4280000,2520000,1,2
202601,6,,동성로중심,27110,21,0,300,0,1,0,1,21,03,9,2,400,50,6,0,0,0,1,1,3,1,10,1,1,1,1,1,8,1,2,2,1,I,562,2,1,2,3,3,6,3,3,8400,1,1,0,3,3,6,3,3,8400,1,1,0,3,3,6,3,3,8400,1,1,0,2025,3,10,4280000,2520000,1,2
202601,6,,동성로중심,27110,21,0,300,0,1,0,1,21,03,9,1,450,150,8,0,0,0,1,1,1,1,10,1,1,1,1,1,8,1,2,1,1,G,473,1,1,1,3,3,7,3,3,17800,1,1,0,3,3,7,3,3,17800,1,1,0,3,3,7,3,3,17800,1,1,0,2024,3,4,5180000,5870000,1,3
202601,6,,동성로중심,27110,21,0,300,0,1,0,1,51,03,9,1,350,210,8,0,0,0,1,1,2,1,9,1,1,1,1,1,8,1,2,1,6,0,999,1,1,1,1,1,1,3,3,20200,1,1,1,1,1,1,3,3,20200,1,1,1,1,1,1,3,3,20200,1,1,1,0,1,1,4910000,5640000,1,3
202601,6,,동성로중심,27110,21,0,300,0,1,0,1,51,03,9,1,350,210,8,0,0,0,1,1,2,1,9,1,1,1,1,1,8,1,2,1,2,G,478,1,1,1,1,1,1,3,3,20200,1,1,0,1,1,1,3,3,20200,1,1,0,1,1,1,3,3,20200,1,1,0,0,1,1,4910000,5640000,1,3
202601,6,,서문시장/청라언덕,27110,21,0,120,300,1,0,1,11,03,5,1,506,20,1,0,0,0,1,1,1,1,8,1,1,1,1,1,8,1,3,1,1,G,452,1,1,1,3,3,10,3,3,50700,1,1,0,3,3,10,3,3,50700,1,1,0,3,3,10,3,3,50700,1,1,0,2024,3,9,4540000,5030000,1,3
202601,6,,서문시장/청라언덕,27110,21,0,120,300,1,0,1,11,03,5,1,506,20,1,0,0,0,1,1,1,1,8,1,1,1,1,1,8,1,3,1,1,G,452,1,1,1,3,3,10,3,3,50700,1,1,0,3,3,10,3,3,50700,1,1,0,3,3,10,3,3,50700,1,1,0,2023,4,3,4540000,5030000,1,3
202601,6,,서문시장/청라언덕,27110,21,0,120,300,1,0,1,11,03,5,1,506,20,1,0,0,0,1,1,1,1,8,1,1,1,1,1,8,1,3,2,1,G,452,1,1,1,2,2,4,2,2,4800,1,1,0,2,2,4,2,2,4800,1,1,0,2,2,4,2,2,4800,1,1,0,2023,4,3,4540000,5030000,1,3
202601,6,,서문시장/청라언덕,27110,16,0,0,0,1,0,1,51,03,9,1,300,250,6,0,0,0,1,1,1,1,10,1,1,1,1,1,8,1,3,1,1,G,465,1,1,1,2,3,7,2,3,11500,1,1,0,2,3,7,2,3,11500,1,1,0,2,3,7,2,3,11500,1,1,0,2025,3,7,2370000,2850000,1,1
202601,6,,서문시장/청라언덕,27110,21,0,300,0,1,0,1,51,03,10,4,300,250,4,0,0,0,1,1,2,1,10,1,1,1,1,1,8,1,3,1,1,G,465,1,1,1,1,4,8,3,4,23000,1,1,0,1,4,8,3,4,23000,1,1,0,1,4,8,3,4,23000,1,1,0,2025,3,6,3840000,6350000,1,2
202601,6,,서문시장/청라언덕,27110,21,0,300,0,1,0,1,51,03,10,4,300,250,4,0,0,0,1,1,2,1,10,1,1,1,1,1,8,1,3,1,2,G,465,1,1,1,1,1,1,3,3,22100,1,1,0,1,1,1,3,3,22100,1,1,0,1,1,1,3,3,22100,1,1,0,0,1,1,3840000,6350000,1,2
202601,6,,서문시장/청라언덕,27110,21,0,300,0,1,0,1,51,03,10,4,300,250,4,0,0,0,1,1,2,1,10,1,1,1,1,1,8,1,3,1,1,G,465,1,1,1,2,3,8,3,3,22600,1,1,0,2,3,8,3,3,22600,1,1,0,2,3,8,3,3,22600,1,1,0,2024,3,5,3840000,6350000,1,2
202601,6,,서문시장/청라언덕,27110,21,0,300,0,1,0,1,21,03,8,2,300,250,4,0,0,0,1,1,2,1,10,1,1,1,1,1,8,1,3,1,6,0,999,1,1,1,1,1,1,3,4,18500,1,1,1,1,1,1,3,4,18500,1,1,1,1,1,1,3,4,18500,1,1,1,0,1,1,3970000,2520000,1,1
202601,6,,서문시장/청라언덕,27110,21,0,300,0,1,0,1,21,03,8,2,300,250,4,0,0,0,1,1,2,1,10,1,1,1,1,1,8,1,3,2,6,0,999,1,1,1,1,1,1,3,3,5500,1,1,1,1,1,1,3,3,5500,1,1,1,1,1,1,3,3,5500,1,1,1,0,1,1,3970000,2520000,1,1
202601,6,,서문시장/청라언덕,27110,21,0,300,0,1,0,1,51,03,8,2,없음,150,4,0,0,0,1,1,2,1,9,1,1,1,1,1,8,1,3,1,1,G,478,1,1,1,4,4,8,5,4,25100,1,1,0,4,4,8,5,4,25100,1,1,0,4,4,8,5,4,25100,1,1,0,2024,3,10,4320000,2430000,1,1
202601,6,,서문시장/청라언덕,27110,21,0,300,0,1,0,1,51,03,8,2,없음,150,4,0,0,0,1,1,2,1,9,1,1,1,1,1,8,1,3,2,6,0,999,1,1,1,1,1,1,3,3,9800,1,1,1,1,1,1,3,3,9800,1,1,1,1,1,1,3,3,9800,1,1,1,0,1,1,4320000,2430000,1,1
202601,6,,동성로중심,27110,21,0,300,0,1,0,1,51,03,10,2,700,70,8,0,0,0,1,1,2,1,10,1,1,1,1,1,8,1,2,1,1,G,466,2,1,2,4,3,6,3,3,8700,1,1,0,4,3,6,3,3,8700,1,1,0,4,3,6,3,3,8700,1,1,0,2024,3,9,3240000,3800000,1,1
202601,6,,서문시장/청라언덕,27110,21,0,120,300,1,0,1,51,03,9,1,700,140,1,0,0,0,1,1,3,1,10,1,1,1,1,1,8,1,3,1,1,G,466,3,1,3,4,5,8,4,5,20400,1,1,0,4,5,8,4,5,20400,1,1,0,4,5,8,4,5,20400,1,1,0,2024,3,10,4720000,5830000,1,1
202601,6,,동성로중심,27110,21,0,300,0,1,0,1,51,03,1,1,600,200,6,0,0,0,1,1,2,1,9,1,1,1,1,1,8,1,2,1,1,G,478,2,1,2,4,4,7,4,4,16900,1,1,0,4,4,7,4,4,16900,1,1,0,4,4,7,4,4,16900,1,1,0,2024,3,8,6590000,9290000,1,2
202601,6,,동성로중심,27110,21,0,300,0,1,0,8,31,04,8,1,257,212,6,0,0,0,2,2,4,1,10,1,1,1,1,1,8,2,2,1,2,G,478,3,1,3,1,1,1,6,5,31800,1,1,0,1,1,1,6,5,31800,1,1,0,1,1,1,6,5,31800,1,1,0,0,1,1,10240000,13950000,1,1
202601,6,,동성로중심,27110,21,0,300,0,1,0,8,31,04,8,1,257,212,6,0,0,0,2,2,4,1,10,1,1,1,1,1,8,2,2,1,1,S,961,3,1,3,6,6,9,6,6,31400,1,1,0,6,6,9,6,6,31400,1,1,0,6,6,9,6,6,31400,1,1,0,2024,3,10,10240000,13950000,1,1
202601,6,,동성로중심,27110,21,0,300,0,1,0,1,51,03,1,1,200,130,9,0,0,0,1,1,2,1,10,1,1,1,1,1,8,1,2,1,1,I,562,2,1,2,6,6,10,6,6,57500,1,1,0,6,6,10,6,6,57500,1,1,0,6,6,10,6,6,57500,1,1,0,2025,3,10,11180000,13140000,1,2
202601,6,,서문시장/청라언덕,27110,21,0,300,0,1,0,1,51,03,6,1,없음,100,7,0,0,0,2,1,2,1,10,1,1,1,1,1,8,2,3,1,1,0,999,1,1,1,3,2,7,3,2,11800,1,1,0,3,2,7,3,2,11800,1,1,0,3,2,7,3,2,11800,1,1,0,2024,3,7,3700000,6320000,1,2
202601,6,,서문시장/청라언덕,27110,21,0,300,0,1,0,1,51,03,6,1,없음,100,7,0,0,0,2,1,2,1,10,1,1,1,1,1,8,2,3,1,1,S,961,1,1,1,3,3,7,3,3,12600,1,1,0,3,3,7,3,3,12600,1,1,0,3,3,7,3,3,12600,1,1,0,2025,3,10,3700000,6320000,1,2
202601,6,,서문시장/청라언덕,27110,21,0,300,0,1,0,1,51,03,6,1,없음,100,7,0,0,0,2,1,2,1,10,1,1,1,1,1,8,2,3,1,1,S,961,1,1,1,3,3,7,3,3,11700,1,1,0,3,3,7,3,3,11700,1,1,0,3,3,7,3,3,11700,1,1,0,2024,5,7,3700000,6320000,1,2
202601,6,,서문시장/청라언덕,27110,21,0,120,300,1,0,1,51,04,6,1,600,40,3,0,0,0,3,2,4,3,8,2,1,1,1,1,8,3,3,1,1,I,561,4,3,4,5,6,7,5,6,11400,1,1,0,5,6,7,5,6,11400,1,1,0,5,6,7,5,6,11400,1,1,0,2025,3,7,5090000,8680000,1,1
202601,6,,동성로중심,27110,21,0,300,0,1,0,1,51,04,5,1,650,100,8,0,0,0,2,1,2,1,10,1,1,1,1,1,8,2,2,1,1,I,562,2,1,2,6,5,8,6,5,21800,1,1,0,6,5,8,6,5,21800,1,1,0,6,5,8,6,5,21800,1,1,0,2024,3,10,3530000,8380000,1,2
202601,6,,동성로중심,27110,21,0,300,0,1,0,1,21,03,1,1,350,250,8,0,0,0,1,1,3,1,10,1,1,1,1,1,8,1,2,1,1,L,682,2,1,2,4,4,8,4,4,20500,1,1,0,4,4,8,4,4,20500,1,1,0,4,4,8,4,4,20500,1,1,0,2025,3,9,4020000,3180000,1,1
202601,6,,동성로중심,27110,21,0,300,0,1,0,1,21,03,1,1,350,250,8,0,0,0,1,1,3,1,10,1,1,1,1,1,8,1,2,2,6,0,999,2,1,2,1,1,1,3,3,8000,1,1,1,1,1,1,3,3,8000,1,1,1,1,1,1,3,3,8000,1,1,1,0,1,1,4020000,3180000,1,1
202601,6,,동성로중심,27110,21,0,300,0,1,0,1,51,03,10,2,380,150,8,0,0,0,1,1,2,1,10,1,1,1,1,1,8,1,2,1,6,0,999,2,1,2,1,1,1,5,3,17700,1,1,1,1,1,1,5,3,17700,1,1,1,1,1,1,5,3,17700,1,1,1,0,1,1,3570000,3300000,1,1
202601,6,,동성로중심,27110,21,0,120,300,1,0,1,32,03,8,2,175,50,3,0,0,0,1,1,3,1,10,1,1,1,1,1,8,1,2,1,6,0,999,2,1,2,1,1,1,6,6,71400,1,1,1,1,1,1,6,6,71400,1,1,1,1,1,1,6,6,71400,1,1,1,0,1,1,15870000,10910000,1,1
202601,6,,동성로중심,27110,21,0,120,300,1,0,1,32,03,8,2,175,50,3,0,0,0,1,1,3,1,10,1,1,1,1,1,8,1,2,2,6,0,999,2,1,2,1,1,1,3,4,18300,1,1,1,1,1,1,3,4,18300,1,1,1,1,1,1,3,4,18300,1,1,1,0,1,1,15870000,10910000,1,1
202601,6,,서문시장/청라언덕,27110,16,0,0,0,1,0,1,51,04,5,1,없음,82,10,0,0,0,2,1,3,1,10,1,1,1,1,1,8,2,3,1,1,G,478,3,1,3,6,5,7,5,4,12400,1,1,0,6,5,7,5,4,12400,1,1,0,6,5,7,5,4,12400,1,1,0,2023,4,10,2710000,6230000,1,1
202601,6,,서문시장/청라언덕,27110,16,0,0,0,1,0,1,51,03,5,1,330,60,11,0,0,0,2,1,2,1,10,1,1,1,1,1,8,2,3,1,1,I,561,2,1,2,4,4,7,4,4,12600,1,1,0,4,4,7,4,4,12600,1,1,0,4,4,7,4,4,12600,1,1,0,2023,4,3,2910000,6250000,1,2
202601,6,,동성로중심,27110,21,0,300,0,1,0,1,51,03,10,2,580,193,4,0,0,0,1,1,2,1,10,1,1,1,1,1,8,1,2,1,1,I,561,2,1,2,4,3,6,4,4,10700,1,1,0,4,3,6,4,4,10700,1,1,0,4,3,6,4,4,10700,1,1,0,2024,3,9,4310000,4270000,1,1
202601,6,,동성로중심,27110,21,0,300,0,1,0,1,51,04,6,1,400,200,4,0,0,0,1,1,2,1,10,1,1,1,1,1,8,1,2,1,1,G,475,1,1,1,5,4,9,5,4,45700,1,1,0,5,4,9,5,4,45700,1,1,0,5,4,9,5,4,45700,1,1,0,2024,4,9,5090000,9110000,1,2
202601,6,,동성로중심,27110,21,0,300,0,1,0,1,51,04,6,1,400,200,4,0,0,0,1,1,2,1,10,1,1,1,1,1,8,1,2,1,6,0,999,1,1,1,1,1,1,5,4,45900,1,1,1,1,1,1,5,4,45900,1,1,1,1,1,1,5,4,45900,1,1,1,0,1,1,5090000,9110000,1,2
202601,6,,동성로중심,27110,21,0,300,0,1,0,1,51,03,9,1,700,700,8,0,0,0,1,1,2,1,10,1,1,1,1,1,8,1,2,1,6,0,999,2,1,2,1,1,1,3,3,8300,1,1,1,1,1,1,3,3,8300,1,1,1,1,1,1,3,3,8300,1,1,1,0,1,1,3450000,3890000,1,1
202601,6,,동성로중심,27110,21,0,300,0,1,0,1,51,03,10,2,720,180,4,0,0,0,2,2,4,1,9,1,2,1,1,1,8,2,2,1,6,0,999,3,1,4,1,1,1,5,5,20600,1,1,1,1,1,1,5,5,20600,1,1,1,1,1,1,5,5,20600,1,1,1,0,1,1,5940000,6770000,1,1
202601,6,,동성로중심,27110,21,0,300,0,1,0,1,51,03,10,2,720,180,4,0,0,0,2,2,4,1,9,1,2,1,1,1,8,2,2,1,6,0,999,3,1,4,1,1,1,5,5,20600,1,1,1,1,1,1,5,5,20600,1,1,1,1,1,1,5,5,20600,1,1,1,0,1,1,5940000,6770000,1,1
202601,6,,동성로중심,27110,21,0,300,0,1,0,1,51,03,6,2,500,450,4,0,0,0,1,1,2,1,8,1,1,1,1,1,8,1,2,1,1,I,561,1,1,1,4,4,8,4,4,25200,1,1,0,4,4,8,4,4,25200,1,1,0,4,4,8,4,4,25200,1,1,0,2024,3,10,6000000,5080000,1,1
202601,6,,동성로중심,27110,21,0,300,0,1,0,1,51,03,6,2,500,450,4,0,0,0,1,1,2,1,8,1,1,1,1,1,8,1,2,2,6,0,999,1,1,1,1,1,1,3,3,8700,1,1,1,1,1,1,3,3,8700,1,1,1,1,1,1,3,3,8700,1,1,1,0,1,1,6000000,5080000,1,1
202601,6,,동성로중심,27110,21,0,300,0,1,0,1,51,03,7,1,600,330,4,0,0,0,1,1,2,1,9,1,1,1,1,1,8,1,2,1,1,G,466,1,1,2,4,3,6,3,3,8300,1,1,0,4,3,6,3,3,8300,1,1,0,4,3,6,3,3,8300,1,1,0,2025,3,10,4830000,5280000,1,1
202601,6,,동성로중심,27110,21,0,300,0,1,0,1,51,03,7,1,600,330,4,0,0,0,1,1,2,1,9,1,1,1,1,1,8,1,2,2,1,G,466,1,1,1,2,2,3,3,2,3400,1,1,0,2,2,3,3,2,3400,1,1,0,2,2,3,3,2,3400,1,1,0,2025,3,10,4830000,5280000,1,1
202601,6,,동성로중심,27110,21,0,120,300,1,0,1,51,03,10,2,80,65,4,0,0,0,2,2,3,1,10,2,1,1,1,1,8,2,2,1,1,G,474,2,1,2,5,4,8,5,4,28000,1,1,0,5,4,8,5,4,28000,1,1,0,5,4,8,5,4,28000,1,1,0,2025,3,9,7120000,9150000,1,1
202601,6,,동성로중심,27110,21,0,120,300,1,0,1,51,03,10,2,80,65,4,0,0,0,2,2,3,1,10,2,1,1,1,1,8,2,2,1,1,G,474,2,1,2,5,4,8,5,4,28100,1,1,0,5,4,8,5,4,28100,1,1,0,5,4,8,5,4,28100,1,1,0,2024,3,9,7120000,9150000,1,1
202601,6,,동성로중심,27110,21,0,120,300,1,0,1,51,03,10,2,80,65,4,0,0,0,2,2,3,1,10,2,1,1,1,1,8,2,2,2,1,G,474,1,1,1,3,3,5,3,3,6400,1,1,0,3,3,5,3,3,6400,1,1,0,3,3,5,3,3,6400,1,1,0,2025,3,8,7120000,9150000,1,1
202601,6,,동성로중심,27110,21,0,300,0,1,0,1,21,03,10,3,352,140,8,0,0,0,1,2,4,1,10,1,1,1,1,1,8,1,2,1,1,I,561,1,1,2,3,3,7,3,3,10000,1,1,0,3,3,7,3,3,10000,1,1,0,3,3,7,3,3,10000,1,1,0,2025,3,5,3530000,2240000,1,1
202601,6,,동성로중심,27110,21,0,300,0,1,0,1,21,03,10,3,352,140,8,0,0,0,1,2,4,1,10,1,1,1,1,1,8,1,2,1,1,I,561,1,1,2,3,3,7,3,3,9900,1,1,0,3,3,7,3,3,9900,1,1,0,3,3,7,3,3,9900,1,1,0,2024,3,9,3530000,2240000,1,1
202601,6,,동성로중심,27110,21,0,300,0,1,0,1,21,03,10,3,352,140,8,0,0,0,1,2,4,1,10,1,1,1,1,1,8,1,2,2,6,0,999,2,1,3,1,1,1,3,2,1500,1,1,1,1,1,1,3,2,1500,1,1,1,1,1,1,3,2,1500,1,1,1,0,1,1,3530000,2240000,1,1
202601,6,,동성로중심,27110,21,0,300,0,1,0,1,51,04,7,2,140,88,8,0,0,0,1,1,3,1,10,1,1,1,1,1,8,1,2,1,1,I,561,2,1,2,4,4,7,4,4,16600,1,1,0,4,4,7,4,4,16600,1,1,0,4,4,7,4,4,16600,1,1,0,2024,3,9,5280000,4640000,1,1
202601,6,,동성로중심,27110,21,0,300,0,1,0,1,51,04,7,2,140,88,8,0,0,0,1,1,3,1,10,1,1,1,1,1,8,1,2,2,1,I,561,1,1,1,3,2,3,3,2,3800,1,1,0,3,2,3,3,2,3800,1,1,0,3,2,3,3,2,3800,1,1,0,2024,3,9,5280000,4640000,1,1
202601,6,,동성로중심,27110,21,0,300,0,1,0,1,51,03,9,2,140,88,8,0,0,0,1,1,3,1,10,1,1,1,1,1,8,1,2,1,1,G,474,2,1,2,4,4,7,4,4,14200,1,1,0,4,4,7,4,4,14200,1,1,0,4,4,7,4,4,14200,1,1,0,2024,3,8,5470000,3280000,1,1
202601,6,,동성로중심,27110,21,0,300,0,1,0,1,51,03,9,2,140,88,8,0,0,0,1,1,3,1,10,1,1,1,1,1,8,1,2,2,1,G,474,2,1,2,3,2,3,3,2,2700,1,1,0,3,2,3,3,2,2700,1,1,0,3,2,3,3,2,2700,1,1,0,2024,3,8,5470000,3280000,1,1
202601,6,,동성로중심,27110,21,0,300,0,1,0,1,51,03,9,2,140,90,8,0,0,0,1,1,3,1,10,1,1,1,1,1,8,1,2,1,1,G,474,2,1,2,3,4,7,3,4,14800,1,1,0,3,4,7,3,4,14800,1,1,0,3,4,7,3,4,14800,1,1,0,2024,3,7,5380000,4160000,1,1
202601,6,,동성로중심,27110,21,0,300,0,1,0,1,51,03,9,2,140,90,8,0,0,0,1,1,3,1,10,1,1,1,1,1,8,1,2,2,1,G,474,1,1,1,2,2,4,2,2,4200,1,1,0,2,2,4,2,2,4200,1,1,0,2,2,4,2,2,4200,1,1,0,2024,3,7,5380000,4160000,1,1
202601,6,,동성로중심,27110,21,0,300,0,1,0,1,51,03,10,2,145,92,8,0,0,0,1,1,3,1,10,1,1,1,1,1,8,1,2,1,1,S,969,2,1,2,3,4,7,3,4,14500,1,1,0,3,4,7,3,4,14500,1,1,0,3,4,7,3,4,14500,1,1,0,2025,3,10,5570000,3360000,1,1
202601,6,,동성로중심,27110,21,0,300,0,1,0,1,51,03,10,2,145,92,8,0,0,0,1,1,3,1,10,1,1,1,1,1,8,1,2,2,1,S,969,1,1,1,2,2,3,2,2,3500,1,1,0,2,2,3,2,2,3500,1,1,0,2,2,3,2,2,3500,1,1,0,2025,3,10,5570000,3360000,1,1
202601,6,,동성로중심,27110,21,0,300,0,1,0,1,51,03,10,1,140,88,9,0,0,0,1,1,3,1,10,1,1,1,1,1,8,1,2,1,1,R,901,2,1,2,4,4,7,4,4,10400,1,1,0,4,4,7,4,4,10400,1,1,0,4,4,7,4,4,10400,1,1,0,2025,3,10,5470000,5710000,1,1
202601,6,,동성로중심,27110,21,0,300,0,1,0,1,51,03,10,1,140,88,9,0,0,0,1,1,3,1,10,1,1,1,1,1,8,1,2,1,1,I,561,1,1,1,3,3,8,3,3,21000,1,1,0,3,3,8,3,3,21000,1,1,0,3,3,8,3,3,21000,1,1,0,2024,3,7,5470000,5710000,1,1
202601,6,,서문시장/청라언덕,27110,13,0,0,0,1,0,1,21,03,6,2,248,186,7,0,0,0,2,2,3,3,5,1,1,2,1,1,8,2,3,1,1,G,476,1,1,1,1,3,7,3,3,13600,1,1,0,1,3,7,3,3,13600,1,1,0,1,3,7,3,3,13600,1,1,0,2024,3,3,3250000,3200000,1,1
202601,6,,서문시장/청라언덕,27110,13,0,0,0,1,0,1,21,03,6,2,248,186,7,0,0,0,2,2,3,3,5,1,1,2,1,1,8,2,3,1,1,G,478,1,1,1,1,2,3,3,3,12200,1,1,0,1,2,3,3,3,12200,1,1,0,1,2,3,3,3,12200,1,1,0,2025,3,2,3250000,3200000,1,1
202601,6,,서문시장/청라언덕,27110,13,0,0,0,1,0,1,21,03,6,2,248,186,7,0,0,0,2,2,3,3,5,1,1,2,1,1,8,2,3,1,2,0,999,1,1,1,1,1,1,2,3,14400,1,1,0,1,1,1,2,3,14400,1,1,0,1,1,1,2,3,14400,1,1,0,0,1,1,3250000,3200000,1,1
202601,6,,서문시장/청라언덕,27110,13,0,0,0,1,0,1,21,03,6,2,248,186,7,0,0,0,2,2,3,3,5,1,1,2,1,1,8,2,3,1,6,0,999,1,1,1,1,1,1,3,3,14400,1,1,1,1,1,1,3,3,14400,1,1,1,1,1,1,3,3,14400,1,1,1,0,1,1,3250000,3200000,1,1
202601,6,,서문시장/청라언덕,27110,13,0,0,0,1,0,1,21,03,6,2,248,186,7,0,0,0,2,2,3,3,5,1,1,2,1,1,8,2,3,2,2,0,999,1,3,3,1,1,1,2,3,2900,1,1,0,1,1,1,2,3,2900,1,1,0,1,1,1,2,3,2900,1,1,0,0,1,1,3250000,3200000,1,1
202601,6,,서문시장/청라언덕,27110,14,0,0,0,1,0,1,11,03,8,1,200,없음,6,0,0,0,1,1,2,1,10,1,1,1,1,1,8,1,3,1,1,G,475,2,1,2,3,3,5,4,3,14900,1,1,0,3,3,5,4,3,14900,1,1,0,3,3,5,4,3,14900,1,1,0,2026,4,7,2820000,3710000,1,2
202601,6,,서문시장/청라언덕,27110,14,0,0,0,1,0,1,11,03,8,1,200,없음,6,0,0,0,1,1,2,1,10,1,1,1,1,1,8,1,3,1,6,0,999,1,1,1,1,1,1,3,3,16400,1,1,1,1,1,1,3,3,16400,1,1,1,1,1,1,3,3,16400,1,1,1,0,1,1,2820000,3710000,1,2
202601,6,,서문시장/청라언덕,27110,21,0,120,300,1,0,1,51,03,1,1,97,116,3,0,0,0,2,1,2,1,10,1,1,1,1,1,8,2,3,1,2,G,474,1,1,1,1,1,1,5,4,66900,1,1,0,1,1,1,5,4,66900,1,1,0,1,1,1,5,4,66900,1,1,0,0,1,1,6480000,15440000,1,2
202601,6,,서문시장/청라언덕,27110,21,0,120,300,1,0,1,51,03,1,1,97,116,3,0,0,0,2,1,2,1,10,1,1,1,1,1,8,2,3,1,6,0,999,1,1,1,1,1,1,6,5,67600,1,1,1,1,1,1,6,5,67600,1,1,1,1,1,1,6,5,67600,1,1,1,0,1,1,6480000,15440000,1,2
202601,6,,서문시장/청라언덕,27110,21,0,120,300,1,0,1,51,03,1,1,97,116,3,0,0,0,2,1,2,1,10,1,1,1,1,1,8,2,3,1,2,G,464,1,1,1,1,1,1,4,4,67800,1,1,0,1,1,1,4,4,67800,1,1,0,1,1,1,4,4,67800,1,1,0,0,1,1,6480000,15440000,1,2
202601,6,,서문시장/청라언덕,27110,21,0,120,300,1,0,1,21,03,1,1,231,65,1,0,0,0,1,1,2,1,9,1,1,1,1,1,8,1,3,1,1,G,472,1,1,1,4,3,9,4,3,30800,1,1,0,4,3,9,4,3,30800,1,1,0,4,3,9,4,3,30800,1,1,0,2024,3,9,6520000,4570000,1,2
202601,6,,서문시장/청라언덕,27110,21,0,120,300,1,0,1,21,03,1,1,231,65,1,0,0,0,1,1,2,1,9,1,1,1,1,1,8,1,3,1,1,I,561,1,1,1,4,3,9,4,3,30800,1,1,0,4,3,9,4,3,30800,1,1,0,4,3,9,4,3,30800,1,1,0,2025,3,9,6520000,4570000,1,2
202601,6,,서문시장/청라언덕,27110,21,0,120,300,1,0,1,21,03,1,1,231,65,1,0,0,0,1,1,2,1,9,1,1,1,1,1,8,1,3,2,6,0,999,1,1,2,1,1,1,3,3,12500,1,1,1,1,1,1,3,3,12500,1,1,1,1,1,1,3,3,12500,1,1,1,0,1,1,6520000,4570000,1,2
202601,6,,서문시장/청라언덕,27110,21,0,120,300,1,0,1,51,03,10,1,160,90,1,0,0,0,1,1,3,1,10,1,1,1,1,1,8,1,3,1,1,S,953,2,1,2,3,3,7,3,3,14600,1,1,0,3,3,7,3,3,14600,1,1,0,3,3,7,3,3,14500,1,1,0,2025,4,8,4130000,4300000,1,1
202601,6,,서문시장/청라언덕,27110,21,0,120,300,1,0,1,51,03,10,1,160,90,1,0,0,0,1,1,3,1,10,1,1,1,1,1,8,1,3,1,1,S,953,2,1,2,3,3,7,3,3,14600,1,1,0,3,3,7,3,3,14600,1,1,0,3,3,7,3,3,14500,1,1,0,2023,4,9,4130000,4300000,1,1
202601,6,,서문시장/청라언덕,27110,15,0,0,0,1,0,1,21,04,8,2,300,250,4,0,0,0,1,1,3,1,10,1,1,1,1,1,8,1,3,1,1,L,682,2,1,2,4,4,7,4,4,13000,1,1,0,4,4,7,4,4,13000,1,1,0,4,4,7,4,4,13000,1,1,0,2026,3,9,4820000,3180000,1,2
202601,6,,서문시장/청라언덕,27110,15,0,0,0,1,0,1,21,04,8,2,300,250,4,0,0,0,1,1,3,1,10,1,1,1,1,1,8,1,3,2,1,P,855,2,1,2,3,3,6,3,3,8500,1,1,0,3,3,6,3,3,8500,1,1,0,3,3,6,3,3,8500,1,1,0,2024,3,10,4820000,3180000,1,2
202601,6,,동성로중심,27110,16,21,300,0,1,0,7,32,04,6,1,60,250,6,0,0,0,1,1,2,1,10,1,1,1,1,1,8,1,2,1,1,I,561,2,1,2,5,4,8,5,4,23800,1,1,0,5,4,8,5,4,23800,1,1,0,5,4,8,5,4,23800,1,1,0,2024,3,10,3800000,6990000,1,1
202601,6,,삼덕/대봉,27110,15,0,0,0,1,0,1,12,03,1,1,129,48,7,0,0,0,1,1,3,1,9,1,1,1,1,1,8,1,2,1,1,S,961,2,1,2,3,3,6,3,3,9500,1,1,0,3,3,6,3,3,9500,1,1,0,3,3,6,3,3,9500,1,1,0,2024,3,9,3620000,2160000,1,1
202601,6,,삼덕/대봉,27110,15,0,0,0,1,0,1,12,03,1,1,129,48,7,0,0,0,1,1,3,1,9,1,1,1,1,1,8,1,2,2,2,0,999,1,1,2,1,1,1,3,3,6000,1,1,0,1,1,1,3,3,6000,1,1,0,1,1,1,3,3,6000,1,1,0,0,1,1,3620000,2160000,1,1
202601,6,,서문시장/청라언덕,27110,23,0,120,0,1,0,6,31,04,3,1,170,35,2,0,0,0,2,1,2,1,10,1,1,1,1,1,8,2,2,1,1,H,494,2,1,2,5,5,9,5,5,30900,1,1,0,5,5,9,5,5,30900,1,1,0,5,5,9,5,5,30900,1,1,0,2024,3,8,6370000,28120000,1,1
202601,6,,삼덕/대봉,27110,14,0,0,0,1,0,8,32,03,5,1,500,180,8,0,0,0,1,1,2,1,10,1,1,1,1,1,8,1,2,1,1,I,561,1,1,1,4,4,9,5,3,25500,1,1,0,4,4,9,5,3,25500,1,1,0,4,4,9,5,3,25500,1,1,0,2025,3,10,7010000,7980000,1,1
202601,6,,삼덕/대봉,27110,14,0,0,0,1,0,8,32,03,5,1,500,180,8,0,0,0,1,1,2,1,10,1,1,1,1,1,8,1,2,2,1,I,561,1,1,1,3,3,7,3,3,12600,1,1,0,3,3,7,3,3,12600,1,1,0,3,3,7,3,3,12600,1,1,0,2025,3,10,7010000,7980000,1,1
202601,6,,삼덕/대봉,27110,14,0,0,0,1,0,7,31,03,6,2,500,200,7,0,1,0,2,2,4,1,10,2,1,1,1,1,8,2,2,1,1,I,561,2,1,2,5,4,7,5,4,18100,1,1,0,5,4,7,5,4,18100,1,1,0,5,4,7,5,4,18100,1,1,0,2026,2,10,8340000,6980000,1,1
202601,6,,삼덕/대봉,27110,14,0,0,0,1,0,7,31,03,6,2,500,200,7,0,1,0,2,2,4,1,10,2,1,1,1,1,8,2,2,1,1,M,733,2,1,2,6,5,9,6,5,30900,1,1,0,6,5,9,6,5,30900,1,1,0,6,5,9,6,5,30900,1,1,0,2025,3,9,8340000,6980000,1,1
202601,6,,삼덕/대봉,27110,14,0,0,0,1,0,7,31,03,6,2,500,200,7,0,1,0,2,2,4,1,10,2,1,1,1,1,8,2,2,2,1,M,733,4,1,4,5,5,7,5,5,12200,1,1,0,5,5,7,5,5,12200,1,1,0,5,5,7,5,5,12200,1,1,0,2025,3,9,8340000,6980000,1,1
202601,6,,삼덕/대봉,27110,14,0,0,0,1,1,2,11,03,6,2,490,170,7,0,0,0,2,2,4,1,10,2,1,2,1,1,8,2,2,-1,5,0,999,1,1,1,1,1,1,1,1,0,1,1,0,1,1,1,1,1,0,1,1,0,1,1,1,1,1,0,1,1,0,0,1,1,7510000,6270000,1,2
202601,6,,삼덕/대봉,27110,14,0,0,0,1,1,2,11,03,6,2,490,170,7,0,0,0,2,2,4,1,10,2,1,2,1,1,8,2,2,1,1,I,561,1,1,1,4,4,8,5,3,19000,1,1,0,4,4,8,5,3,19000,1,1,0,4,4,8,5,3,19000,1,1,0,2024,3,10,7510000,6270000,1,2
202601,6,,삼덕/대봉,27110,14,0,0,0,1,1,2,11,03,6,2,490,170,7,0,0,0,2,2,4,1,10,2,1,2,1,1,8,2,2,1,1,N,752,2,1,2,4,4,7,3,3,11900,1,1,0,4,4,7,3,3,11900,1,1,0,4,4,7,3,3,11900,1,1,0,2025,3,10,7510000,6270000,1,2
202601,6,,삼덕/대봉,27110,14,0,0,0,1,1,2,11,03,6,2,490,170,7,0,0,0,2,2,4,1,10,2,1,2,1,1,8,2,2,1,1,I,561,2,1,2,4,5,8,6,5,28200,1,1,0,4,5,8,6,5,28200,1,1,0,4,5,8,6,5,28200,1,1,0,2024,3,10,7510000,6270000,1,2
202601,6,,삼덕/대봉,27110,14,0,0,0,1,1,2,11,03,6,2,490,170,7,0,0,0,2,2,4,1,10,2,1,2,1,1,8,2,2,2,2,0,999,4,1,4,1,1,1,6,4,8700,1,1,0,1,1,1,6,4,8700,1,1,0,1,1,1,6,4,8700,1,1,0,0,1,1,7510000,6270000,1,2
202601,6,,삼덕/대봉,27110,14,0,120,0,1,0,1,21,03,8,2,580,270,7,0,0,0,1,1,1,1,10,1,1,1,1,1,8,1,2,1,1,G,474,1,1,1,5,4,11,4,4,75400,1,1,0,5,4,11,4,4,75400,1,1,0,5,4,11,4,4,75400,1,1,0,2024,3,10,9470000,7350000,1,3
202601,6,,삼덕/대봉,27110,14,0,120,0,1,0,1,21,03,8,2,580,270,7,0,0,0,1,1,1,1,10,1,1,1,1,1,8,1,2,2,1,G,474,1,1,1,3,3,7,2,3,18300,1,1,0,3,3,7,2,3,18300,1,1,0,3,3,7,2,3,18300,1,1,0,2024,3,10,9470000,7350000,1,3
202601,6,,삼덕/대봉,27110,14,0,0,0,1,0,1,11,03,6,1,550,230,7,0,0,0,2,2,4,1,10,1,1,1,1,1,8,2,2,1,6,0,999,3,1,3,1,1,1,5,5,27300,1,1,1,1,1,1,5,5,27300,1,1,1,1,1,1,5,5,27300,1,1,1,0,1,1,7310000,12440000,1,1
202601,6,,삼덕/대봉,27110,14,0,0,0,1,0,1,11,03,6,1,550,230,7,0,0,0,2,2,4,1,10,1,1,1,1,1,8,2,2,1,1,I,561,3,1,3,5,6,9,5,6,34700,1,1,0,5,6,9,5,6,34700,1,1,0,5,6,9,5,6,34700,1,1,0,2025,3,9,7310000,12440000,1,1
202601,6,,삼덕/대봉,27110,14,0,0,0,1,0,7,21,03,6,2,500,200,7,0,0,0,2,2,4,1,10,2,1,1,1,1,8,2,2,1,1,I,561,2,1,2,5,5,8,6,5,29900,1,1,0,5,5,8,6,5,29900,1,1,0,5,5,8,6,5,29900,1,1,0,2025,3,10,8430000,8350000,1,3
202601,6,,삼덕/대봉,27110,14,0,0,0,1,0,7,21,03,6,2,500,200,7,0,0,0,2,2,4,1,10,2,1,1,1,1,8,2,2,2,1,I,561,2,1,2,4,3,7,4,3,10500,1,1,0,4,3,7,4,3,10500,1,1,0,4,3,7,4,3,10500,1,1,0,2025,3,10,8430000,8350000,1,3
202601,6,,삼덕/대봉,27110,14,0,0,0,1,0,1,51,04,6,1,500,200,8,0,0,0,1,1,2,1,10,1,1,1,1,1,8,1,2,1,1,I,562,2,1,2,5,5,8,5,5,31200,1,1,0,5,5,8,5,5,31200,1,1,0,5,5,8,5,5,31200,1,1,0,2024,3,10,2680000,5160000,1,2
202601,6,,삼덕/대봉,27110,14,0,0,0,1,0,3,11,03,6,1,500,300,7,0,0,0,2,1,3,1,10,1,1,1,1,1,8,2,2,1,1,I,561,3,1,3,5,5,8,5,5,25400,1,1,0,5,5,8,5,5,25400,1,1,0,5,5,8,5,5,25400,1,1,0,2025,3,10,7480000,12880000,1,1
202601,6,,삼덕/대봉,27110,14,0,0,0,1,0,3,11,03,6,1,400,300,8,0,0,0,2,1,2,1,10,1,1,1,1,1,8,2,2,1,1,I,561,2,1,2,5,4,7,4,4,16000,1,1,0,5,4,7,4,4,16000,1,1,0,5,4,7,4,4,16000,1,1,0,2024,3,9,2960000,5410000,1,1
202601,6,,삼덕/대봉,27110,23,0,120,0,1,0,1,51,03,1,1,300,30,2,0,0,0,1,1,2,1,9,1,1,1,1,1,8,1,2,1,6,0,999,2,1,2,1,1,1,4,4,19100,1,1,1,1,1,1,4,4,19100,1,1,1,1,1,1,4,4,19100,1,1,1,0,1,1,12520000,9920000,1,1
202601,6,,삼덕/대봉,27110,23,0,120,0,1,0,1,51,03,1,1,300,30,2,0,0,0,1,1,2,1,9,1,1,1,1,1,8,1,2,1,6,0,999,1,1,1,1,1,1,4,4,73300,1,1,1,1,1,1,4,4,73300,1,1,1,1,1,1,4,4,73300,1,1,1,0,1,1,12520000,9920000,1,1
202601,6,,삼덕/대봉,27110,14,0,0,0,1,0,7,32,04,6,1,380,없음,8,0,0,0,2,1,3,1,10,1,1,1,1,1,8,2,2,1,1,G,462,3,1,3,5,5,7,5,5,19700,1,1,0,5,5,7,5,5,19700,1,1,0,5,5,7,5,5,19700,1,1,0,2025,3,10,4110000,6930000,1,1
202601,6,,삼덕/대봉,27110,14,0,0,0,1,0,6,21,03,6,2,380,없음,9,0,0,0,1,1,2,1,10,1,1,1,1,1,8,1,2,1,1,R,901,1,1,1,4,4,8,4,4,21900,1,1,0,4,4,8,4,4,21900,1,1,0,4,4,8,4,4,21900,1,1,0,2026,2,9,4950000,4700000,1,2
202601,6,,삼덕/대봉,27110,14,0,0,0,1,0,6,21,03,6,2,380,없음,9,0,0,0,1,1,2,1,10,1,1,1,1,1,8,1,2,2,1,R,901,1,1,1,3,3,7,3,3,11500,1,1,0,3,3,7,3,3,11500,1,1,0,3,3,7,3,3,11500,1,1,0,2024,3,9,4950000,4700000,1,2
202601,6,,삼덕/대봉,27110,14,0,0,0,1,0,7,32,03,6,1,380,없음,8,0,0,0,2,2,4,1,10,2,1,1,1,1,8,2,2,1,1,S,961,4,1,4,7,6,9,7,6,30900,1,1,0,7,6,9,7,6,30900,1,1,0,7,6,9,7,6,30900,1,1,0,2025,3,10,4100000,7240000,1,1
202601,6,,삼덕/대봉,27110,14,0,0,0,1,1,1,11,03,5,1,422,130,9,0,0,0,2,2,4,1,10,2,1,1,1,1,8,2,2,-1,1,I,561,3,1,3,5,3,6,5,3,8200,1,1,0,5,3,6,5,3,8200,1,1,0,5,3,6,5,3,8200,1,1,0,2024,3,10,4370000,3750000,1,1
202601,6,,삼덕/대봉,27110,14,0,0,0,1,1,1,11,03,5,1,422,130,9,0,0,0,2,2,4,1,10,2,1,1,1,1,8,2,2,1,1,I,561,3,1,3,6,5,8,6,6,23200,1,1,0,6,5,8,6,6,23200,1,1,0,6,5,8,6,6,23200,1,1,0,2024,3,10,4370000,3750000,1,1
202601,6,,삼덕/대봉,27110,14,0,0,0,1,1,1,11,03,5,1,422,130,9,0,0,0,2,2,4,1,10,2,1,1,1,1,8,2,2,2,1,0,999,2,1,2,5,3,6,5,3,9300,1,1,0,5,3,6,5,3,9300,1,1,0,5,3,6,5,3,9300,1,1,0,2025,3,9,4370000,3750000,1,1
202601,6,,삼덕/대봉,27110,14,0,0,0,1,0,7,32,04,6,1,400,300,8,0,0,0,1,1,2,1,10,1,1,1,1,1,8,1,2,1,2,L,682,1,1,1,1,1,1,2,3,17700,1,1,0,1,1,1,2,3,17700,1,1,0,1,1,1,2,3,17700,1,1,0,0,1,1,3270000,5590000,1,3
202601,6,,삼덕/대봉,27110,14,0,0,0,1,0,7,32,04,6,1,400,300,8,0,0,0,1,1,2,1,10,1,1,1,1,1,8,1,2,1,1,I,561,1,1,1,3,3,7,3,3,17300,1,1,0,3,3,7,3,3,17300,1,1,0,3,3,7,3,3,17300,1,1,0,2025,3,10,3270000,5590000,1,3
202601,6,,삼덕/대봉,27110,15,0,0,0,1,0,5,32,04,6,1,620,100,4,0,0,0,2,1,3,1,10,1,1,1,1,1,8,2,2,1,1,I,561,3,1,3,5,6,9,6,6,37000,1,1,0,5,6,9,6,6,37000,1,1,0,5,6,9,6,6,37000,1,1,0,2024,3,9,6470000,10990000,1,1
202601,6,,삼덕/대봉,27110,15,0,0,0,1,0,4,52,04,5,1,없음,150,5,0,1,0,2,2,4,1,10,2,1,1,1,1,8,2,2,1,1,I,561,3,1,3,6,5,8,6,5,24900,1,1,0,6,5,8,6,5,24900,1,1,0,6,5,8,6,5,24900,1,1,0,2025,3,10,6190000,7320000,1,1
202601,6,,삼덕/대봉,27110,15,0,0,0,1,0,4,52,04,5,1,없음,150,5,0,1,0,2,2,4,1,10,2,1,1,1,1,8,2,2,2,1,I,561,3,1,3,5,4,7,5,4,12300,1,1,0,5,4,7,5,4,12300,1,1,0,5,4,7,5,4,12100,1,1,0,2025,3,10,6190000,7320000,1,1
202601,6,,삼덕/대봉,27110,15,0,0,0,1,0,1,51,03,5,1,250,230,8,0,0,0,3,2,4,1,10,2,1,1,1,1,8,3,2,1,1,I,562,4,1,4,6,6,8,6,6,22900,1,1,0,6,6,8,6,6,22900,1,1,0,6,6,8,6,6,22900,1,1,0,2025,3,9,2150000,5230000,1,1
202601,6,,삼덕/대봉,27110,15,0,0,0,1,0,2,11,04,6,2,410,40,4,0,0,0,2,2,4,1,9,2,1,1,1,1,8,2,2,1,1,I,561,2,1,2,5,5,9,5,5,32700,1,1,0,5,5,9,5,5,32700,1,1,0,5,5,9,5,5,32700,1,1,0,2025,3,10,6290000,5510000,1,1
202601,6,,삼덕/대봉,27110,15,0,0,0,1,0,2,11,04,6,2,410,40,4,0,0,0,2,2,4,1,9,2,1,1,1,1,8,2,2,2,1,I,561,2,1,2,4,4,7,4,4,12300,1,1,0,4,4,7,4,4,12300,1,1,0,4,4,7,4,4,12300,1,1,0,2025,3,10,6290000,5510000,1,1
202601,6,,삼덕/대봉,27110,15,0,0,0,1,0,2,51,03,1,1,450,20,4,0,0,0,2,1,3,1,10,1,1,1,1,1,8,2,2,1,1,I,561,3,1,3,6,6,9,6,6,42700,1,1,0,6,6,9,6,6,42700,1,1,0,6,6,9,6,6,42600,1,1,0,2024,3,10,5880000,9960000,1,1
202601,6,,삼덕/대봉,27110,15,0,0,0,1,0,8,31,03,5,1,250,110,4,0,1,0,2,2,4,1,10,2,1,1,1,1,8,2,3,1,1,I,561,4,1,4,6,6,8,6,6,28000,1,1,0,6,6,8,6,6,28000,1,1,0,6,6,8,6,6,27900,1,1,0,2025,3,10,7400000,8680000,1,1
202601,6,,삼덕/대봉,27110,15,0,0,0,1,0,8,31,03,5,1,250,110,4,0,1,0,2,2,4,1,10,2,1,1,1,1,8,2,3,2,1,I,562,4,1,4,5,5,7,5,5,12200,1,1,0,5,5,7,5,5,12200,1,1,0,5,5,7,5,5,12200,1,1,0,2025,3,10,7400000,8680000,1,1
202601,6,,삼덕/대봉,27110,23,0,120,0,1,0,1,51,03,9,1,220,150,2,0,0,0,1,1,3,1,10,1,1,1,1,1,8,1,2,1,1,I,561,3,1,3,6,5,8,6,6,27000,1,1,0,6,5,8,6,6,27000,1,1,0,6,5,8,6,6,26900,1,1,0,2025,3,8,4770000,5870000,1,1
202601,6,,삼덕/대봉,27110,15,0,0,0,1,0,6,32,04,5,1,없음,90,8,0,0,0,2,1,2,1,10,1,1,1,1,1,8,2,2,1,1,I,561,2,1,2,5,5,8,5,5,28600,1,1,0,5,5,8,5,5,28600,1,1,0,5,5,8,5,5,28500,1,1,0,2025,3,8,3830000,7830000,1,2
202601,6,,삼덕/대봉,27110,23,0,120,0,1,0,1,12,03,8,1,322,147,2,0,0,0,1,1,2,1,10,1,1,1,1,1,8,1,2,1,1,Q,869,1,1,1,3,3,9,3,3,37500,1,1,0,3,3,9,3,3,37500,1,1,0,3,3,9,3,3,37500,1,1,0,2025,3,10,7150000,7460000,1,3
202601,6,,삼덕/대봉,27110,23,0,120,0,1,0,1,12,03,8,1,322,147,2,0,0,0,1,1,2,1,10,1,1,1,1,1,8,1,2,1,1,Q,869,2,1,2,5,5,9,5,5,38600,1,1,0,5,5,9,5,5,38600,1,1,0,5,5,9,5,5,38300,1,1,0,2025,3,10,7150000,7460000,1,3
202601,6,,삼덕/대봉,27110,23,0,120,0,1,0,1,12,03,8,1,322,147,2,0,0,0,1,1,2,1,10,1,1,1,1,1,8,1,2,2,1,Q,869,1,1,1,4,3,7,4,3,17000,1,1,0,4,3,7,4,3,17000,1,1,0,4,3,7,4,3,17000,1,1,0,2025,3,10,7150000,7460000,1,3
202601,6,,동대구,27140,15,0,0,0,1,0,1,11,03,1,1,850,50,4,0,0,0,2,2,4,1,9,2,1,1,1,1,8,2,2,1,1,S,961,2,1,2,4,3,7,4,3,10600,1,1,0,4,3,7,4,3,10600,1,1,0,4,3,7,4,3,10600,1,1,0,2024,3,8,3710000,3790000,1,1
202601,6,,동대구,27140,15,0,0,0,1,0,1,11,03,1,1,850,50,4,0,0,0,2,2,4,1,9,2,1,1,1,1,8,2,2,1,1,S,969,2,1,2,4,3,7,4,3,10600,1,1,0,4,3,7,4,3,10600,1,1,0,4,3,7,4,3,10600,1,1,0,2024,3,3,3710000,3790000,1,1
202601,6,,동대구,27140,15,0,0,0,1,0,1,11,03,1,1,850,50,4,0,0,0,2,2,4,1,9,2,1,1,1,1,8,2,2,2,1,0,999,2,1,3,3,3,3,3,3,5000,1,1,0,3,3,3,3,3,5000,1,1,0,3,3,3,3,3,5000,1,1,0,2024,3,8,3710000,3790000,1,1
202601,6,,동대구,27140,21,0,300,0,1,0,1,11,04,1,1,없음,300,6,0,0,0,2,2,4,1,10,2,1,1,1,1,8,2,2,1,1,I,562,4,1,4,5,4,4,5,4,5700,1,1,0,5,4,4,5,4,5700,1,1,0,5,4,4,5,4,5700,1,1,0,2023,5,9,3770000,4580000,1,1
202601,6,,동대구,27140,21,0,120,300,1,0,1,12,03,1,1,820,20,1,0,0,0,2,1,3,1,10,1,1,1,1,1,8,2,2,1,1,G,472,3,1,3,7,6,8,7,6,29000,1,1,0,7,6,8,7,6,29000,1,1,0,7,6,8,7,6,29000,1,1,0,2025,3,8,5750000,7800000,1,1
202601,6,,동대구,27140,21,0,120,300,1,0,1,12,03,9,1,740,10,1,0,0,0,2,2,4,1,10,2,1,1,1,1,8,2,3,1,1,I,561,4,1,4,6,5,7,6,5,14400,1,1,0,6,5,7,6,5,14400,1,1,0,6,5,7,6,5,14400,1,1,0,2024,3,10,5840000,6740000,1,1
202601,6,,동대구,27140,15,0,0,0,1,0,4,11,04,6,2,600,200,7,0,0,0,2,2,4,1,10,2,1,1,1,1,8,2,2,1,1,S,961,3,1,3,5,4,7,5,4,15400,1,1,0,5,4,7,5,4,15400,1,1,0,5,4,7,5,4,15400,1,1,0,2025,3,10,3320000,2870000,1,1
202601,6,,동대구,27140,15,0,0,0,1,0,4,11,04,6,2,600,200,7,0,0,0,2,2,4,1,10,2,1,1,1,1,8,2,2,2,1,S,969,3,1,3,4,3,5,4,4,9000,1,1,0,4,3,5,4,4,9000,1,1,0,4,3,5,4,4,9000,1,1,0,2026,3,10,3320000,2870000,1,1
202601,6,,동대구,27140,15,0,0,0,1,0,1,11,03,6,2,640,200,6,0,0,0,2,2,4,1,10,1,1,1,1,1,8,2,2,1,1,I,562,2,1,3,4,3,5,4,3,7400,1,1,0,4,3,5,4,3,7400,1,1,0,4,3,5,4,3,7400,1,1,0,2024,3,10,2850000,2670000,1,1
202601,6,,동대구,27140,15,0,0,0,1,0,1,11,03,6,2,640,200,6,0,0,0,2,2,4,1,10,1,1,1,1,1,8,2,2,2,2,0,999,2,1,2,1,1,1,3,3,6000,1,1,0,1,1,1,3,3,6000,1,1,0,1,1,1,3,3,6000,1,1,0,0,1,1,2850000,2670000,1,1
202601,6,,동대구,27140,15,0,0,0,1,0,1,11,03,1,1,700,160,6,0,0,0,1,2,4,1,10,1,1,1,1,1,8,1,2,1,1,S,969,2,1,2,3,3,6,3,3,8300,1,1,0,3,3,6,3,3,8300,1,1,0,3,3,6,3,3,8300,1,1,0,2025,3,8,2810000,2640000,1,1
202601,6,,동대구,27140,15,0,0,0,1,0,1,11,03,1,1,700,160,6,0,0,0,1,2,4,1,10,1,1,1,1,1,8,1,2,1,1,S,969,1,1,1,3,3,7,3,3,9900,1,1,0,3,3,7,3,3,9900,1,1,0,3,3,7,3,3,9900,1,1,0,2026,3,10,2810000,2640000,1,1
202601,6,,동대구,27140,15,0,0,0,1,0,1,11,03,1,1,700,160,6,0,0,0,1,2,4,1,10,1,1,1,1,1,8,1,2,2,2,0,999,2,1,2,1,1,1,3,3,5800,1,1,0,1,1,1,3,3,5800,1,1,0,1,1,1,3,3,5800,1,1,0,0,1,1,2810000,2640000,1,1
202601,6,,동대구,27140,15,0,0,0,1,0,1,11,03,6,2,700,160,6,0,0,0,2,2,4,1,10,2,1,1,1,1,8,2,2,1,1,S,961,2,1,2,4,3,5,4,3,6300,1,1,0,4,3,5,4,3,6300,1,1,0,4,3,5,4,3,6300,1,1,0,2024,3,8,2740000,2380000,1,1
202601,6,,동대구,27140,15,0,0,0,1,0,1,11,03,6,2,700,160,6,0,0,0,2,2,4,1,10,2,1,1,1,1,8,2,2,2,1,0,999,2,1,2,3,3,4,3,3,5000,1,1,0,3,3,4,3,3,5000,1,1,0,3,3,4,3,3,5000,1,1,0,2024,3,9,2740000,2380000,1,1
202601,6,,동대구,27140,15,0,0,0,1,0,2,11,03,6,2,700,150,4,0,0,0,2,2,4,1,10,1,1,1,1,1,8,2,2,1,6,0,999,2,1,3,1,1,1,6,3,8200,1,1,1,1,1,1,6,3,8200,1,1,1,1,1,1,6,3,8200,1,1,1,0,1,1,4880000,4380000,1,1
202601,6,,동대구,27140,15,0,0,0,1,0,2,11,03,6,2,700,150,4,0,0,0,2,2,4,1,10,1,1,1,1,1,8,2,2,2,2,0,999,3,1,3,1,1,1,3,3,6400,1,1,0,1,1,1,3,3,6400,1,1,0,1,1,1,3,3,6400,1,1,0,0,1,1,4880000,4380000,1,1
202601,6,,동대구,27140,21,0,120,300,1,0,1,21,03,3,1,350,70,1,0,0,0,2,1,2,1,10,1,1,1,1,1,8,2,2,1,1,S,952,2,1,2,5,4,7,5,4,12000,1,1,0,5,4,7,5,4,12000,1,1,0,5,4,7,5,4,12000,1,1,0,2024,3,8,3820000,13880000,1,1
202601,6,,0.비상권,27140,15,0,0,0,1,0,3,11,03,6,2,450,없음,6,0,0,0,2,2,4,1,10,1,1,1,1,1,8,2,2,1,1,I,561,3,1,3,6,5,7,6,5,15500,1,1,0,6,5,7,6,5,15500,1,1,0,6,5,7,6,5,15500,1,1,0,2026,3,7,3500000,3100000,1,1
202601,6,,0.비상권,27140,15,0,0,0,1,0,3,11,03,6,2,450,없음,6,0,0,0,2,2,4,1,10,1,1,1,1,1,8,2,2,2,6,0,999,3,1,3,1,1,1,5,3,7300,1,1,1,1,1,1,5,3,7300,1,1,1,1,1,1,5,3,7300,1,1,1,0,1,1,3500000,3100000,1,1
202601,6,,동대구,27140,21,0,523,300,1,0,1,21,04,1,1,없음,100,6,0,0,0,2,2,3,1,9,1,1,1,1,1,8,2,2,1,6,0,999,2,1,2,1,1,1,6,2,5900,1,1,1,1,1,1,6,2,5900,1,1,1,1,1,1,6,2,5900,1,1,1,0,1,1,3910000,7140000,1,1
202601,6,,동대구,27140,21,0,523,300,1,0,1,21,04,1,1,없음,100,6,0,0,0,2,2,3,1,9,1,1,1,1,1,8,2,2,1,1,I,562,2,1,3,4,4,7,4,4,10800,1,1,0,4,4,7,4,4,10800,1,1,0,4,4,7,4,4,10800,1,1,0,2024,3,10,3910000,7140000,1,1
202601,6,,0.비상권,27140,15,0,0,0,1,0,5,32,04,6,1,400,400,4,0,0,0,2,1,3,1,10,1,1,1,1,1,8,2,2,1,1,I,561,3,1,3,4,5,7,4,5,11800,1,1,0,4,5,7,4,5,11800,1,1,0,4,5,7,4,5,11800,1,1,0,2024,3,10,2920000,5380000,1,2
202601,6,,0.비상권,27140,16,0,0,0,1,0,3,21,03,3,1,400,400,2,0,1,0,3,2,4,1,9,2,1,1,1,1,8,3,2,1,1,I,561,4,1,4,7,5,7,7,5,13400,1,1,0,7,5,7,7,5,13400,1,1,0,7,5,7,7,5,13400,1,1,0,2025,5,8,3910000,9680000,1,1
202601,6,,0.비상권,27140,16,0,0,0,1,0,3,21,03,3,1,400,400,2,0,1,0,3,2,4,1,9,2,1,1,1,1,8,3,2,2,6,0,999,2,1,2,1,1,1,3,4,8900,1,1,1,1,1,1,3,4,8900,1,1,1,1,1,1,3,4,8900,1,1,1,0,1,1,3910000,9680000,1,1
202601,6,,두류감삼역,27170,14,0,0,0,1,0,2,11,03,6,2,460,280,6,0,0,0,2,2,4,1,10,1,1,1,1,1,8,2,2,1,1,G,474,1,1,1,3,3,7,3,3,12000,1,1,0,3,3,7,3,3,12000,1,1,0,3,3,7,3,3,12000,1,1,0,2025,3,10,2870000,2650000,1,2
202601,6,,두류감삼역,27170,14,0,0,0,1,0,2,11,03,6,2,460,280,6,0,0,0,2,2,4,1,10,1,1,1,1,1,8,2,2,1,1,S,969,1,1,1,3,3,7,3,3,11600,1,1,0,3,3,7,3,3,11600,1,1,0,3,3,7,3,3,11600,1,1,0,2022,5,9,2870000,2650000,1,2
202601,6,,두류감삼역,27170,14,0,0,0,1,0,2,11,03,6,2,460,280,6,0,0,0,2,2,4,1,10,1,1,1,1,1,8,2,2,1,1,S,961,1,1,1,3,3,7,3,3,12000,1,1,0,3,3,7,3,3,12000,1,1,0,3,3,7,3,3,12000,1,1,0,2023,5,9,2870000,2650000,1,2
202601,6,,두류감삼역,27170,14,0,0,0,1,0,2,11,03,6,2,460,280,6,0,0,0,2,2,4,1,10,1,1,1,1,1,8,2,2,2,2,0,999,3,1,3,1,1,1,6,3,7600,1,1,0,1,1,1,6,3,7600,1,1,0,1,1,1,6,3,7600,1,1,0,0,1,1,2870000,2650000,1,2
202601,6,,두류감삼역,27170,14,0,0,0,1,0,2,11,04,6,2,273,120,6,0,0,0,2,2,4,1,10,1,1,1,1,1,8,2,3,1,1,I,561,3,1,3,5,4,7,5,5,14600,1,1,0,5,4,7,5,5,14600,1,1,0,5,4,7,5,5,14600,1,1,0,2023,4,10,3000000,2730000,1,1
202601,6,,두류감삼역,27170,14,0,0,0,1,0,2,11,04,6,2,273,120,6,0,0,0,2,2,4,1,10,1,1,1,1,1,8,2,3,2,2,0,999,3,1,3,1,1,1,4,4,9100,1,1,0,1,1,1,4,4,9100,1,1,0,1,1,1,4,4,9100,1,1,0,0,1,1,3000000,2730000,1,1
202601,6,,두류감삼역,27170,14,0,0,0,1,0,2,11,04,6,1,200,150,6,0,0,0,2,2,4,1,10,2,1,1,1,1,8,2,2,1,1,L,682,2,1,2,5,4,7,5,4,15100,1,1,0,5,4,7,5,4,15100,1,1,0,5,4,7,5,4,15100,1,1,0,2023,5,8,3020000,3110000,1,2
202601,6,,두류감삼역,27170,14,0,0,0,1,0,2,11,04,6,1,200,150,6,0,0,0,2,2,4,1,10,2,1,1,1,1,8,2,2,1,1,G,478,3,1,3,5,4,7,5,4,14900,1,1,0,5,4,7,5,4,14900,1,1,0,5,4,7,5,4,14900,1,1,0,2023,5,10,3020000,3110000,1,2
202601,6,,두류감삼역,27170,14,0,0,0,1,0,2,11,04,6,1,200,150,6,0,0,0,2,2,4,1,10,2,1,1,1,1,8,2,2,2,2,0,999,3,1,3,1,1,1,4,3,6300,1,1,0,1,1,1,4,3,6300,1,1,0,1,1,1,4,3,6300,1,1,0,0,1,1,3020000,3110000,1,2
202601,6,,두류감삼역,27170,23,14,120,0,1,0,1,21,03,7,1,110,10,1,0,0,0,3,2,4,1,10,2,1,1,1,1,8,3,3,1,1,G,474,4,1,4,6,6,7,6,6,17100,1,1,0,6,6,7,6,6,17100,1,1,0,6,6,7,6,6,17000,1,1,0,2024,3,8,7160000,8140000,1,1
202601,6,,두류감삼역,27170,23,14,120,0,1,0,1,21,03,7,1,110,10,1,0,0,0,3,2,4,1,10,2,1,1,1,1,8,3,3,2,1,G,474,3,1,3,4,3,5,4,3,7500,1,1,0,4,3,5,4,3,7500,1,1,0,4,3,5,4,3,7500,1,1,0,2024,3,10,7160000,8140000,1,1
202601,6,,두류감삼역,27170,14,0,0,0,1,0,3,11,04,4,1,230,150,7,0,1,0,3,2,4,1,10,2,1,1,1,1,8,3,3,1,1,I,561,4,1,4,6,6,8,6,6,25800,1,1,0,6,6,8,6,6,25800,1,1,0,6,6,8,6,6,25800,1,1,0,2024,3,10,2390000,6410000,1,3
202601,6,,두류감삼역,27170,23,0,120,0,1,0,1,21,04,4,1,5,85,3,0,0,0,3,2,4,1,10,2,1,1,1,1,8,3,3,1,1,I,561,2,1,3,8,6,10,8,6,54400,1,1,0,8,6,10,8,6,54400,1,1,0,8,6,10,8,6,54400,1,1,0,2023,5,7,9520000,10300000,1,1
202601,6,,두류감삼역,27170,23,0,120,0,1,0,1,21,04,4,1,5,85,3,0,0,0,3,2,4,1,10,2,1,1,1,1,8,3,3,1,6,0,999,1,1,1,1,1,1,3,3,27400,1,1,1,1,1,1,3,3,27400,1,1,1,1,1,1,3,3,27400,1,1,1,0,1,1,9520000,10300000,1,1
202601,6,,두류감삼역,27170,23,0,120,0,1,0,1,21,04,4,1,5,85,3,0,0,0,3,2,4,1,10,2,1,1,1,1,8,3,3,1,1,I,562,2,1,2,7,5,9,7,5,38700,1,1,0,7,5,9,7,5,38700,1,1,0,7,5,9,7,5,38700,1,1,0,2022,5,9,9520000,10300000,1,1
202601,6,,두류감삼역,27170,23,0,120,0,1,0,1,21,04,4,1,5,85,3,0,0,0,3,2,4,1,10,2,1,1,1,1,8,3,3,1,1,I,561,2,1,2,7,5,9,7,5,37500,1,1,0,7,5,9,7,5,37500,1,1,0,7,5,9,7,5,37500,1,1,0,2023,5,8,9520000,10300000,1,1
202601,6,,두류감삼역,27170,23,0,120,0,1,0,1,21,04,4,1,5,85,3,0,0,0,3,2,4,1,10,2,1,1,1,1,8,3,3,2,1,L,681,4,1,4,6,4,7,6,5,12900,1,1,0,6,4,7,6,5,12900,1,1,0,6,4,7,6,5,12900,1,1,0,2024,5,4,9520000,10300000,1,1
202601,6,,0.비상권,27170,23,0,120,0,1,0,1,11,03,8,2,750,250,2,0,0,0,1,1,3,1,10,1,1,1,1,1,8,1,2,1,1,G,473,2,1,2,4,4,7,4,4,13200,1,1,0,4,4,7,4,4,13200,1,1,0,4,4,7,4,4,13200,1,1,0,2024,5,9,3560000,2270000,1,1
202601,6,,0.비상권,27170,23,0,120,0,1,0,1,11,03,8,2,750,250,2,0,0,0,1,1,3,1,10,1,1,1,1,1,8,1,2,2,2,0,999,2,1,2,1,1,1,4,3,7700,1,1,0,1,1,1,4,3,7700,1,1,0,1,1,1,4,3,7700,1,1,0,0,1,1,3560000,2270000,1,1
202601,6,,0.비상권,27170,23,0,120,0,1,0,1,11,03,10,1,800,5,1,0,0,0,1,1,3,1,10,1,1,1,1,1,8,1,2,1,1,S,952,2,1,2,3,3,7,3,3,10300,1,1,0,3,3,7,3,3,10300,1,1,0,3,3,7,3,3,10300,1,1,0,2026,3,10,3330000,3190000,1,1
202601,6,,0.비상권,27170,23,0,120,0,1,0,1,11,03,10,1,800,5,1,0,0,0,1,1,3,1,10,1,1,1,1,1,8,1,2,2,1,S,952,1,1,1,3,3,5,3,3,6000,1,1,0,3,3,5,3,3,6000,1,1,0,3,3,5,3,3,6000,1,1,0,2026,3,10,3330000,3190000,1,1
202601,6,,0.비상권,27170,14,0,0,0,1,0,2,11,04,6,1,980,50,6,0,0,0,1,1,2,1,10,1,1,1,1,1,8,1,2,1,1,I,561,1,1,1,3,3,6,3,3,9100,1,1,0,3,3,6,3,3,9100,1,1,0,3,3,6,3,3,9100,1,1,0,2025,3,10,2550000,2310000,1,2
202601,6,,0.비상권,27170,14,0,0,0,1,0,2,11,04,6,1,980,50,6,0,0,0,1,1,2,1,10,1,1,1,1,1,8,1,2,2,2,0,999,1,1,1,1,1,1,3,3,7500,1,1,0,1,1,1,3,3,7500,1,1,0,1,1,1,3,3,7500,1,1,0,0,1,1,2550000,2310000,1,2
202601,6,,0.비상권,27170,14,0,0,0,1,0,2,11,03,7,2,없음,130,6,0,0,0,1,1,2,1,7,1,1,1,1,1,8,1,2,1,1,S,961,1,1,2,3,3,6,3,3,8500,1,1,0,3,3,6,3,3,8500,1,1,0,3,3,6,3,3,8500,1,1,0,2025,3,8,2690000,1470000,1,2
202601,6,,0.비상권,27170,14,0,0,0,1,0,2,11,03,7,2,없음,130,6,0,0,0,1,1,2,1,7,1,1,1,1,1,8,1,2,2,2,0,999,1,1,2,1,1,1,3,3,6800,1,1,0,1,1,1,3,3,6800,1,1,0,1,1,1,3,3,6800,1,1,0,0,1,1,2690000,1470000,1,2
202601,6,,0.비상권,27170,14,0,0,0,1,0,2,11,03,6,2,없음,70,7,0,0,0,1,1,3,1,10,1,1,1,1,1,8,1,2,1,1,I,561,2,1,2,3,3,6,3,3,9200,1,1,0,3,3,6,3,3,9200,1,1,0,3,3,6,3,3,9200,1,1,0,2025,3,8,2480000,3000000,1,1
202601,6,,0.비상권,27170,14,0,0,0,1,0,2,11,03,6,2,없음,70,7,0,0,0,1,1,3,1,10,1,1,1,1,1,8,1,2,2,2,0,999,2,1,2,1,1,1,3,3,7400,1,1,0,1,1,1,3,3,7400,1,1,0,1,1,1,3,3,7400,1,1,0,0,1,1,2480000,3000000,1,1
202601,6,,0.비상권,27170,23,0,120,0,1,0,1,12,04,8,1,없음,14,1,0,0,0,1,1,3,1,10,1,1,1,1,1,8,1,2,1,1,I,562,3,1,3,5,5,7,5,5,17800,1,1,0,5,5,7,5,5,17800,1,1,0,5,5,7,5,5,17800,1,1,0,2025,3,9,3830000,5030000,1,1
202601,6,,0.비상권,27170,14,0,0,0,1,0,1,21,04,5,1,없음,150,6,0,0,0,2,2,4,1,10,1,1,1,1,1,8,2,2,1,1,M,721,1,1,2,3,3,7,3,3,11600,1,1,0,3,3,7,3,3,11600,1,1,0,3,3,7,3,3,11600,1,1,0,2026,3,10,2450000,3270000,1,1
202601,6,,0.비상권,27170,14,0,0,0,1,0,1,21,04,5,1,없음,150,6,0,0,0,2,2,4,1,10,1,1,1,1,1,8,2,2,1,1,I,562,1,1,2,3,3,6,3,3,11900,1,1,0,3,3,6,3,3,11900,1,1,0,3,3,6,3,3,11900,1,1,0,2024,3,7,2450000,3270000,1,1
202601,6,,0.비상권,27170,14,0,0,0,1,0,1,21,04,5,1,없음,150,6,0,0,0,2,2,4,1,10,1,1,1,1,1,8,2,2,2,2,0,999,2,1,2,1,1,1,3,3,7800,1,1,0,1,1,1,3,3,7800,1,1,0,1,1,1,3,3,7800,1,1,0,0,1,1,2450000,3270000,1,1
202601,6,,월촌/안지랑,27200,13,0,0,0,1,0,2,21,04,5,1,333,84,6,0,0,0,2,2,4,1,10,1,1,1,1,1,8,2,3,1,1,I,561,3,1,3,4,4,6,4,4,9700,1,1,0,4,4,6,4,4,9700,1,1,0,4,4,6,4,4,9700,1,1,0,2025,3,9,2920000,3710000,1,1
202601,6,,월촌/안지랑,27200,13,0,0,0,1,0,2,21,04,5,1,333,84,6,0,0,0,2,2,4,1,10,1,1,1,1,1,8,2,3,2,2,S,949,3,1,3,1,1,1,4,4,7400,1,1,0,1,1,1,4,4,7400,1,1,0,1,1,1,4,4,7400,1,1,0,0,1,1,2920000,3710000,1,1
202601,6,,월촌/안지랑,27200,13,0,0,0,1,0,1,11,03,5,1,342,221,6,0,0,0,2,2,4,1,10,1,1,1,1,1,8,2,2,1,1,G,478,1,1,1,3,3,7,3,3,16200,1,1,0,3,3,7,3,3,16200,1,1,0,3,3,7,3,3,16200,1,1,0,2025,3,10,1900000,2840000,1,2
202601,6,,월촌/안지랑,27200,13,0,0,0,1,0,1,11,03,5,1,342,221,6,0,0,0,2,2,4,1,10,1,1,1,1,1,8,2,2,1,1,L,682,2,1,2,3,3,6,3,3,8100,1,1,0,3,3,6,3,3,8100,1,1,0,3,3,6,3,3,8100,1,1,0,2024,3,8,1900000,2840000,1,2
202601,6,,월촌/안지랑,27200,13,0,0,0,1,0,1,11,03,5,1,342,221,6,0,0,0,2,2,4,1,10,1,1,1,1,1,8,2,2,1,1,S,961,1,1,1,3,3,7,3,3,16700,1,1,0,3,3,7,3,3,16700,1,1,0,3,3,7,3,3,16700,1,1,0,2024,3,10,1900000,2840000,1,2
202601,6,,월촌/안지랑,27200,13,0,0,0,1,0,1,11,03,5,1,342,221,6,0,0,0,2,2,4,1,10,1,1,1,1,1,8,2,2,2,2,0,999,2,1,3,1,1,1,3,3,7400,1,1,0,1,1,1,3,3,7400,1,1,0,1,1,1,3,3,7400,1,1,0,0,1,1,1900000,2840000,1,2
202601,6,,월촌/안지랑,27200,13,0,0,0,1,0,3,21,04,5,1,307,없음,7,0,0,0,2,2,4,1,9,1,1,1,1,1,8,2,3,1,1,I,561,3,1,3,6,5,7,6,5,19000,1,1,0,6,5,7,6,5,19000,1,1,0,6,5,7,6,5,19000,1,1,0,2026,3,10,2970000,3260000,1,3
202601,6,,월촌/안지랑,27200,13,0,0,0,1,0,3,21,04,5,1,307,없음,7,0,0,0,2,2,4,1,9,1,1,1,1,1,8,2,3,2,2,0,999,3,1,3,1,1,1,6,4,10400,1,1,0,1,1,1,6,4,10400,1,1,0,1,1,1,6,4,10400,1,1,0,0,1,1,2970000,3260000,1,3
202601,6,,월촌/안지랑,27200,13,0,0,0,1,0,1,21,03,1,1,492,없음,5,0,0,0,2,1,3,1,10,1,1,1,1,1,8,2,3,1,1,I,561,3,1,3,5,4,7,5,4,16000,1,1,0,5,4,7,5,4,16000,1,1,0,5,4,7,5,4,16000,1,1,0,2024,3,9,2510000,3710000,1,3
202601,6,,월촌/안지랑,27200,13,0,0,0,1,0,3,11,04,6,2,371,없음,6,0,0,0,1,1,2,1,8,1,1,1,1,1,8,1,3,1,1,I,561,1,1,2,5,4,7,5,4,14700,1,1,0,5,4,7,5,4,14700,1,1,0,5,4,7,5,4,14700,1,1,0,2024,3,9,2400000,2320000,1,3
202601,6,,월촌/안지랑,27200,13,0,0,0,1,0,3,11,04,6,2,371,없음,6,0,0,0,1,1,2,1,8,1,1,1,1,1,8,1,3,2,1,I,561,1,1,2,3,3,5,3,3,7800,1,1,0,3,3,5,3,3,7800,1,1,0,3,3,5,3,3,7800,1,1,0,2024,3,9,2400000,2320000,1,3
202601,6,,월촌/안지랑,27200,22,0,120,0,1,0,1,11,03,1,1,60,160,1,0,0,0,1,1,2,1,10,1,1,1,1,1,8,1,2,1,1,G,473,2,1,2,6,5,9,6,5,43700,1,1,0,6,5,9,6,5,43700,1,1,0,6,5,9,6,5,43700,1,1,0,2024,3,5,5140000,7360000,1,3
202601,6,,월촌/안지랑,27200,22,0,300,0,1,0,1,11,03,8,1,63,37,8,0,0,0,1,1,1,1,10,1,1,1,1,1,8,1,2,1,1,I,561,1,1,1,4,3,8,4,3,27300,1,1,0,4,3,8,4,3,27300,1,1,0,4,3,8,4,3,27300,1,1,0,2024,3,5,3720000,5220000,1,3
202601,6,,월촌/안지랑,27200,22,0,300,0,1,0,1,11,03,1,1,116,없음,8,0,0,0,1,1,2,1,10,1,1,1,1,1,8,1,2,1,1,G,462,2,1,2,4,4,8,4,4,24600,1,1,0,4,4,8,4,4,24600,1,1,0,4,4,8,4,4,24600,1,1,0,2026,3,10,3810000,4880000,1,3
202601,6,,월촌/안지랑,27200,14,23,0,0,1,0,1,11,04,5,1,349,70,4,0,0,0,2,2,4,1,10,2,1,2,1,1,8,2,2,1,1,I,562,2,1,2,4,3,7,4,3,10000,1,1,0,4,3,7,4,3,10000,1,1,0,4,3,7,4,3,10000,1,1,0,2025,3,9,2920000,3000000,1,1
202601,6,,월촌/안지랑,27200,14,23,0,0,1,0,1,11,04,5,1,349,70,4,0,0,0,2,2,4,1,10,2,1,2,1,1,8,2,2,1,1,I,561,4,1,4,6,5,7,6,5,12400,1,1,0,6,5,7,6,5,12400,1,1,0,6,5,7,6,5,12400,1,1,0,2024,3,8,2920000,3000000,1,1
202601,6,,월촌/안지랑,27200,14,23,0,0,1,0,1,11,04,5,1,349,70,4,0,0,0,2,2,4,1,10,2,1,2,1,1,8,2,2,2,2,0,999,4,1,4,1,1,1,5,3,4200,1,1,0,1,1,1,5,3,4200,1,1,0,1,1,1,5,3,4200,1,1,0,0,1,1,2920000,3000000,1,1
202601,6,,월촌/안지랑,27200,14,0,0,0,1,0,2,11,03,6,2,306,134,6,0,0,0,2,2,4,1,9,1,1,1,1,1,8,2,2,1,1,L,682,2,1,2,4,3,7,4,3,10300,1,1,0,4,3,7,4,3,10300,1,1,0,4,3,7,4,3,10300,1,1,0,2025,3,10,2610000,2530000,1,1
202601,6,,월촌/안지랑,27200,14,0,0,0,1,0,2,11,03,6,2,306,134,6,0,0,0,2,2,4,1,9,1,1,1,1,1,8,2,2,1,1,S,961,1,1,1,4,3,7,4,3,17100,1,1,0,4,3,7,4,3,17100,1,1,0,4,3,7,4,3,17100,1,1,0,2025,3,9,2610000,2530000,1,1
202601,6,,월촌/안지랑,27200,14,0,0,0,1,0,2,11,03,6,2,306,134,6,0,0,0,2,2,4,1,9,1,1,1,1,1,8,2,2,1,1,S,969,1,1,1,3,2,5,3,2,6900,1,1,0,3,2,5,3,2,6900,1,1,0,3,2,5,3,2,6900,1,1,0,2024,3,7,2610000,2530000,1,1
202601,6,,월촌/안지랑,27200,14,0,0,0,1,0,2,11,03,6,2,306,134,6,0,0,0,2,2,4,1,9,1,1,1,1,1,8,2,2,1,1,S,969,1,1,1,3,2,5,3,2,6300,1,1,0,3,2,5,3,2,6300,1,1,0,3,2,5,3,2,6300,1,1,0,2025,3,7,2610000,2530000,1,1
202601,6,,월촌/안지랑,27200,14,0,0,0,1,0,2,11,03,6,2,306,134,6,0,0,0,2,2,4,1,9,1,1,1,1,1,8,2,2,2,2,0,999,2,1,3,1,1,1,4,3,4100,1,1,0,1,1,1,4,3,4100,1,1,0,1,1,1,4,3,4100,1,1,0,0,1,1,2610000,2530000,1,1
202601,6,,0.비상권,27200,14,0,0,0,1,0,2,11,04,6,1,760,없음,6,0,0,0,1,1,1,1,10,1,1,1,1,1,8,1,3,1,1,L,682,1,1,1,3,3,7,3,3,13500,1,1,0,3,3,7,3,3,13500,1,1,0,3,3,7,3,3,13500,1,1,0,2025,3,9,2240000,3750000,1,2
202601,6,,동성로중심,27230,21,0,300,0,1,0,1,51,03,8,1,없음,160,4,0,0,0,1,1,2,1,10,1,1,1,1,1,8,1,2,1,1,G,478,2,1,2,4,4,7,4,4,10800,1,1,0,4,4,7,4,4,10800,1,1,0,4,4,7,4,4,10800,1,1,0,2025,3,10,5730000,7720000,1,1
202601,6,,동성로중심,27230,21,0,300,0,1,0,1,51,03,1,1,200,50,4,0,0,0,2,1,3,1,10,1,1,1,1,1,8,2,2,1,1,G,476,3,1,3,6,6,9,6,6,32400,1,1,0,6,6,9,6,6,32400,1,1,0,6,6,9,6,6,32400,1,1,0,2026,2,8,5220000,10330000,1,1
202601,6,,동성로중심,27230,21,0,300,0,1,0,1,12,04,1,1,900,50,4,0,0,0,1,1,3,1,10,1,1,1,1,1,8,1,2,1,1,G,462,3,1,3,4,4,7,4,4,11100,1,1,0,4,4,7,4,4,11100,1,1,0,4,4,7,4,4,11100,1,1,0,2025,2,8,3290000,3220000,1,1
202601,6,,동성로중심,27230,21,0,300,0,1,0,4,12,04,8,1,158,129,5,0,0,0,2,2,4,1,10,2,1,1,1,1,8,2,2,1,1,G,471,4,1,4,6,6,7,6,6,18100,1,1,0,6,6,7,6,6,18100,1,1,0,6,6,7,6,6,18100,1,1,0,2025,5,8,4080000,5650000,1,1
202601,6,,동성로중심,27230,15,0,120,300,1,0,8,31,04,4,1,280,70,2,0,1,0,3,2,4,1,10,2,1,1,1,1,8,3,2,1,1,I,561,4,1,4,7,6,8,7,6,22900,1,1,0,7,6,8,7,6,22900,1,1,0,7,6,8,7,6,22900,1,1,0,2024,3,9,3520000,9410000,1,1
202601,6,,서문시장/청라언덕,27230,16,0,0,0,1,0,1,11,03,6,2,900,100,4,0,0,0,2,2,4,1,10,2,1,1,1,1,8,2,2,1,1,G,476,2,1,2,6,4,7,6,4,12900,1,1,0,6,4,7,6,4,12900,1,1,0,6,4,7,6,4,12900,1,1,0,2023,4,9,3190000,2730000,1,1
202601,6,,서문시장/청라언덕,27230,16,0,0,0,1,0,1,11,03,6,2,900,100,4,0,0,0,2,2,4,1,10,2,1,1,1,1,8,2,2,2,1,G,476,2,1,2,4,3,4,4,3,5600,1,1,0,4,3,4,4,3,5600,1,1,0,4,3,4,4,3,5600,1,1,0,2023,4,9,3190000,2730000,1,1
202601,6,,서문시장/청라언덕,27230,16,0,0,0,1,0,5,21,03,7,2,900,100,6,0,0,0,2,2,4,1,10,2,1,1,1,1,8,2,2,1,1,G,465,2,1,2,3,3,5,3,3,7200,1,1,0,3,3,5,3,3,7200,1,1,0,3,3,5,3,3,7200,1,1,0,2024,3,10,3510000,3040000,1,1
202601,6,,서문시장/청라언덕,27230,16,0,0,0,1,0,5,21,03,7,2,900,100,6,0,0,0,2,2,4,1,10,2,1,1,1,1,8,2,2,2,1,G,465,2,1,2,3,3,4,3,3,5200,1,1,0,3,3,4,3,3,5200,1,1,0,3,3,4,3,3,5200,1,1,0,2025,3,10,3510000,3040000,1,1
202601,6,,서문시장/청라언덕,27230,16,0,0,0,1,0,1,21,04,6,2,513,129,4,0,0,0,2,2,4,1,10,2,1,1,1,1,8,2,2,1,1,G,476,2,1,2,3,4,7,6,4,11500,1,1,0,3,4,7,6,4,11500,1,1,0,3,4,7,6,4,11500,1,1,0,2024,3,9,3190000,2940000,1,1
202601,6,,서문시장/청라언덕,27230,16,0,0,0,1,0,1,21,04,6,2,513,129,4,0,0,0,2,2,4,1,10,2,1,1,1,1,8,2,2,2,1,R,911,3,1,3,3,3,4,3,3,6300,1,1,0,3,3,4,3,3,6300,1,1,0,3,3,4,3,3,6300,1,1,0,2024,3,10,3190000,2940000,1,1
202601,6,,0.비상권,27230,15,0,0,0,1,0,4,21,04,6,1,400,150,1,0,0,0,2,2,4,1,10,2,1,1,1,1,8,2,2,1,1,I,561,4,1,4,6,6,9,6,6,37400,1,1,0,6,6,9,6,6,37400,1,1,0,6,6,9,6,6,37400,1,1,0,2024,3,10,4420000,8340000,1,1
202601,6,,0.비상권,27230,14,0,0,0,1,0,4,12,03,6,2,없음,100,4,0,0,0,1,2,4,1,10,2,1,1,1,1,8,1,2,1,1,S,961,1,1,1,3,3,6,3,3,8400,1,1,0,3,3,6,3,3,8400,1,1,0,3,3,6,3,3,8400,1,1,0,2025,3,10,2560000,2150000,1,1
202601,6,,0.비상권,27230,14,0,0,0,1,0,4,12,03,6,2,없음,100,4,0,0,0,1,2,4,1,10,2,1,1,1,1,8,1,2,1,1,K,649,1,1,1,3,3,6,3,3,8600,1,1,0,3,3,6,3,3,8600,1,1,0,3,3,6,3,3,8600,1,1,0,2025,3,10,2560000,2150000,1,1
202601,6,,0.비상권,27230,14,0,0,0,1,0,4,12,03,6,2,없음,100,4,0,0,0,1,2,4,1,10,2,1,1,1,1,8,1,2,2,1,0,999,2,1,2,3,3,4,3,3,5500,1,1,0,3,3,4,3,3,5500,1,1,0,3,3,4,3,3,5500,1,1,0,2024,3,9,2560000,2150000,1,1
202601,6,,0.비상권,27230,13,0,0,0,1,0,1,21,03,1,1,없음,10,1,0,0,0,2,2,4,1,10,1,1,1,1,1,8,2,2,1,1,F,422,3,1,3,5,4,7,4,4,8400,1,1,0,5,4,7,4,4,8400,1,1,0,5,4,7,4,4,8400,1,1,0,2025,3,4,2620000,2890000,1,1
202601,6,,0.비상권,27230,13,0,0,0,1,0,1,21,03,1,1,없음,10,1,0,0,0,2,2,4,1,10,1,1,1,1,1,8,2,2,2,6,0,999,2,1,2,1,1,1,3,3,6100,1,1,1,1,1,1,3,3,6100,1,1,1,1,1,1,3,3,6100,1,1,1,0,1,1,2620000,2890000,1,1
202601,6,,0.비상권,27230,13,0,0,0,1,0,7,31,04,6,2,없음,170,1,0,0,0,1,1,3,1,10,1,1,1,1,1,8,2,2,1,6,0,999,2,1,2,1,1,1,5,4,12700,1,1,1,1,1,1,5,4,12700,1,1,1,1,1,1,5,4,12700,1,1,1,0,1,1,3130000,3580000,1,1
202601,6,,0.비상권,27230,13,0,0,0,1,0,7,31,04,6,2,없음,170,1,0,0,0,1,1,3,1,10,1,1,1,1,1,8,2,2,2,6,0,999,2,1,2,1,1,1,3,3,4900,1,1,1,1,1,1,3,3,4900,1,1,1,1,1,1,3,3,4900,1,1,1,0,1,1,3130000,3580000,1,1
202601,6,,0.비상권,27230,13,0,0,0,1,0,8,32,04,6,1,없음,250,5,0,0,0,2,1,3,1,10,1,1,1,1,1,8,2,2,1,1,I,561,3,1,3,5,5,7,5,5,16500,1,1,0,5,5,7,5,5,16500,1,1,0,5,5,7,5,5,16500,1,1,0,2025,3,10,2710000,5400000,1,1
202601,6,,0.비상권,27230,13,0,0,0,1,0,4,11,04,6,2,없음,60,2,0,0,0,1,1,1,1,8,1,1,1,1,1,1,1,2,1,1,I,562,1,1,1,4,3,7,4,3,17900,1,1,0,4,3,7,4,3,17900,1,1,0,4,3,7,4,3,17900,1,1,0,2025,3,10,4290000,6790000,3,1
202601,6,,0.비상권,27230,13,0,0,0,1,0,4,11,04,6,2,없음,60,2,0,0,0,1,1,1,1,8,1,1,1,1,1,1,1,2,2,1,I,562,1,1,1,3,3,6,3,3,9000,1,1,0,3,3,6,3,3,9000,1,1,0,3,3,6,3,3,9000,1,1,0,2025,3,10,4290000,6790000,3,1
202601,6,,경북대북문,27230,14,0,0,0,1,0,1,11,04,1,1,없음,151,5,0,0,0,2,2,4,1,10,1,1,1,1,1,8,2,2,1,1,G,472,2,1,2,4,4,7,4,4,10500,1,1,0,4,4,7,4,4,10500,1,1,0,4,4,7,4,4,10500,1,1,0,2025,3,10,3410000,3270000,1,1
202601,6,,경북대북문,27230,14,0,0,0,1,0,1,11,04,1,1,없음,151,5,0,0,0,2,2,4,1,10,1,1,1,1,1,8,2,2,1,1,S,961,1,1,1,3,3,7,3,3,10000,1,1,0,3,3,7,3,3,10000,1,1,0,3,3,7,3,3,10000,1,1,0,2025,3,10,3410000,3270000,1,1
202601,6,,경북대북문,27230,14,0,0,0,1,0,1,11,04,1,1,없음,151,5,0,0,0,2,2,4,1,10,1,1,1,1,1,8,2,2,2,2,0,999,3,1,3,1,1,1,3,3,6200,1,1,0,1,1,1,3,3,6200,1,1,0,1,1,1,3,3,6200,1,1,0,0,1,1,3410000,3270000,1,1
202601,6,,경북대북문,27230,14,0,0,0,1,0,1,31,04,6,2,없음,400,8,0,0,0,2,2,4,1,10,2,1,1,1,1,8,2,2,1,1,I,561,3,1,3,6,5,8,6,5,24300,1,1,0,6,5,8,6,5,24300,1,1,0,6,5,8,6,5,24300,1,1,0,2024,3,8,4350000,4310000,1,1
202601,6,,경북대북문,27230,14,0,0,0,1,0,1,31,04,6,2,없음,400,8,0,0,0,2,2,4,1,10,2,1,1,1,1,8,2,2,2,1,I,561,2,1,3,4,4,7,4,4,11900,1,1,0,4,4,7,4,4,11900,1,1,0,4,4,7,4,4,11900,1,1,0,2024,3,8,4350000,4310000,1,1
202601,6,,경북대북문,27230,14,0,0,0,1,0,1,11,04,3,1,없음,152,10,0,0,0,2,1,2,1,10,1,1,1,1,1,8,2,2,1,1,I,561,2,1,2,5,5,8,5,5,24700,1,1,0,5,5,8,5,5,24700,1,1,0,5,5,8,5,5,24700,1,1,0,2024,3,9,2680000,10230000,1,1
202601,6,,경북대북문,27230,14,0,0,0,1,0,1,12,04,6,1,없음,150,10,0,0,0,1,1,2,1,10,1,1,1,1,1,8,1,2,1,1,I,561,2,1,2,5,4,8,5,4,25600,1,1,0,5,4,8,5,4,25600,1,1,0,5,4,8,5,4,25600,1,1,0,2025,3,10,3120000,6070000,1,1
202601,6,,경북대북문,27230,14,0,0,0,1,0,8,31,03,6,1,없음,400,8,0,0,0,2,1,3,1,9,1,1,1,1,1,8,2,2,1,1,I,561,2,1,2,5,5,8,5,5,23800,1,1,0,5,5,8,5,5,23800,1,1,0,5,5,8,5,5,23800,1,1,0,2025,3,10,4920000,5170000,1,3
202601,6,,경북대북문,27230,14,0,0,0,1,0,8,31,03,6,1,없음,400,8,0,0,0,2,1,3,1,9,1,1,1,1,1,8,2,2,2,1,I,562,1,1,2,5,3,7,5,3,16000,1,1,0,5,3,7,5,3,16000,1,1,0,5,3,7,5,3,16000,1,1,0,2023,4,9,4920000,5170000,1,3
202601,6,,경북대북문,27230,14,0,0,0,1,0,1,11,04,1,1,없음,320,8,0,0,0,2,2,4,1,10,1,1,1,1,1,8,2,2,1,1,I,561,3,1,3,6,5,8,6,5,23900,1,1,0,6,5,8,6,5,23900,1,1,0,6,5,8,6,5,23900,1,1,0,2024,3,9,4560000,4480000,1,1
202601,6,,경북대북문,27230,14,0,0,0,1,0,1,11,04,1,1,없음,320,8,0,0,0,2,2,4,1,10,1,1,1,1,1,8,2,2,2,2,0,999,3,1,3,1,1,1,4,3,7200,1,1,0,1,1,1,4,3,7200,1,1,0,1,1,1,4,3,7200,1,1,0,0,1,1,4560000,4480000,1,1
202601,6,,경북대북문,27230,14,0,0,0,1,0,1,11,03,6,2,없음,324,9,0,0,0,2,2,4,1,10,1,1,1,1,1,8,2,2,1,1,G,471,2,1,2,4,4,7,4,4,10200,1,1,0,4,4,7,4,4,10200,1,1,0,4,4,7,4,4,10200,1,1,0,2025,3,7,2410000,2180000,1,1
202601,6,,경북대북문,27230,14,0,0,0,1,0,1,11,03,6,2,없음,324,9,0,0,0,2,2,4,1,10,1,1,1,1,1,8,2,2,2,2,0,999,2,1,2,1,1,1,3,3,5600,1,1,0,1,1,1,3,3,5600,1,1,0,1,1,1,3,3,5600,1,1,0,0,1,1,2410000,2180000,1,1
202601,6,,경북대북문,27230,14,0,0,0,1,0,3,11,03,6,2,없음,400,8,0,0,0,2,2,4,1,9,1,1,1,1,1,8,2,2,1,1,I,561,2,1,2,3,3,5,3,3,6400,1,1,0,3,3,5,3,3,6400,1,1,0,3,3,5,3,3,6400,1,1,0,2025,3,10,2640000,2460000,1,1
202601,6,,경북대북문,27230,14,0,0,0,1,0,3,11,03,6,2,없음,400,8,0,0,0,2,2,4,1,9,1,1,1,1,1,8,2,2,2,2,0,999,2,1,2,1,1,1,3,3,5200,1,1,0,1,1,1,3,3,5200,1,1,0,1,1,1,3,3,5200,1,1,0,0,1,1,2640000,2460000,1,1
202601,6,,경북대북문,27230,14,0,0,0,1,0,1,11,04,1,1,없음,200,8,0,0,0,2,2,4,1,9,2,1,1,1,1,8,2,2,1,1,I,562,1,1,2,5,4,9,5,4,32400,1,1,0,5,4,9,5,4,32400,1,1,0,5,4,9,5,4,32400,1,1,0,2024,3,8,8890000,8110000,1,1
202601,6,,경북대북문,27230,14,0,0,0,1,0,1,11,04,1,1,없음,200,8,0,0,0,2,2,4,1,9,2,1,1,1,1,8,2,2,1,1,G,474,1,1,2,5,4,9,5,4,32300,1,1,0,5,4,9,5,4,32300,1,1,0,5,4,9,5,4,32300,1,1,0,2025,3,9,8890000,8110000,1,1
202601,6,,경북대북문,27230,14,0,0,0,1,0,1,11,04,1,1,없음,200,8,0,0,0,2,2,4,1,9,2,1,1,1,1,8,2,2,2,1,I,561,2,1,3,5,4,7,5,4,16500,1,1,0,5,4,7,5,4,16500,1,1,0,5,4,7,5,4,16500,1,1,0,2025,3,10,8890000,8110000,1,1
202601,6,,경북대북문,27230,14,0,0,0,1,0,1,11,04,6,2,없음,45,10,0,0,0,2,2,4,1,9,2,1,1,1,1,8,2,2,1,1,R,902,2,1,3,5,5,7,5,5,19300,1,1,0,5,5,7,5,5,19300,1,1,0,5,5,7,5,5,19300,1,1,0,2024,3,9,3430000,3220000,1,1
202601,6,,경북대북문,27230,14,0,0,0,1,0,1,11,04,6,2,없음,45,10,0,0,0,2,2,4,1,9,2,1,1,1,1,8,2,2,2,1,R,902,2,1,3,4,3,5,4,3,6800,1,1,0,4,3,5,4,3,6800,1,1,0,4,3,5,4,3,6800,1,1,0,2024,3,9,3430000,3220000,1,1
202601,6,,경북대북문,27230,14,0,0,0,1,0,1,11,04,6,2,없음,35,10,0,0,0,2,2,4,1,9,2,1,1,1,1,8,2,2,1,1,I,561,3,1,3,6,5,7,6,5,15200,1,1,0,6,5,7,6,5,15200,1,1,0,6,5,7,6,5,15200,1,1,0,2024,3,10,3140000,2940000,1,1
202601,6,,경북대북문,27230,14,0,0,0,1,0,1,11,04,6,2,없음,35,10,0,0,0,2,2,4,1,9,2,1,1,1,1,8,2,2,2,1,I,562,2,1,3,3,3,5,4,3,6500,1,1,0,3,3,5,4,3,6500,1,1,0,3,3,5,4,3,6500,1,1,0,2025,3,10,3140000,2940000,1,1
202601,6,,경북대북문,27230,14,0,0,0,1,0,3,11,04,6,2,없음,170,10,0,0,0,2,2,4,1,9,1,1,1,1,1,8,2,2,1,1,I,561,3,1,3,5,4,7,4,4,11800,1,1,0,5,4,7,4,4,11800,1,1,0,5,4,7,4,4,11800,1,1,0,2024,3,10,3270000,3290000,1,1
202601,6,,경북대북문,27230,14,0,0,0,1,0,3,11,04,6,2,없음,170,10,0,0,0,2,2,4,1,9,1,1,1,1,1,8,2,2,2,2,0,999,2,1,2,1,1,1,3,3,7700,1,1,0,1,1,1,3,3,7700,1,1,0,1,1,1,3,3,7700,1,1,0,0,1,1,3270000,3290000,1,1
202601,6,,경북대북문,27230,14,0,0,0,1,0,8,21,04,6,1,없음,169,8,0,0,0,2,2,4,1,9,1,2,1,1,1,8,2,2,1,6,0,999,3,1,4,1,1,1,6,5,19400,1,1,1,1,1,1,6,5,19400,1,1,1,1,1,1,6,5,19400,1,1,1,0,1,1,3700000,4770000,1,1
202601,6,,경북대북문,27230,14,0,0,0,1,0,8,21,04,6,1,없음,169,8,0,0,0,2,2,4,1,9,1,2,1,1,1,8,2,2,2,6,0,999,2,1,2,1,1,1,4,3,8200,1,1,1,1,1,1,4,3,8200,1,1,1,1,1,1,4,3,8200,1,1,1,0,1,1,3700000,4770000,1,1
202601,6,,경북대북문,27230,14,0,0,0,1,0,5,32,04,6,1,없음,25,4,0,0,0,2,1,3,1,10,1,1,1,1,1,8,2,2,1,1,S,969,3,1,3,6,4,7,6,4,13600,1,1,0,6,4,7,6,4,13600,1,1,0,6,4,7,6,4,13600,1,1,0,2026,3,9,3310000,6540000,1,1
202601,6,,경북대북문,27230,14,0,0,0,1,0,3,21,04,6,2,없음,50,4,0,0,0,2,2,4,1,9,1,1,1,1,1,8,2,2,1,1,S,961,2,1,3,4,4,6,4,4,8300,1,1,0,4,4,6,4,4,8300,1,1,0,4,4,6,4,4,8300,1,1,0,2025,3,8,3680000,3760000,1,1
202601,6,,경북대북문,27230,14,0,0,0,1,0,3,21,04,6,2,없음,50,4,0,0,0,2,2,4,1,9,1,1,1,1,1,8,2,2,2,2,0,999,2,1,3,1,1,1,3,3,6500,1,1,0,1,1,1,3,3,6500,1,1,0,1,1,1,3,3,6500,1,1,0,0,1,1,3680000,3760000,1,1
202601,6,,0.비상권,27230,14,0,0,0,1,0,1,21,03,6,2,없음,55,9,0,0,0,2,2,4,1,10,1,1,1,1,1,8,2,2,1,1,I,561,3,1,3,4,4,7,4,4,10200,1,1,0,4,4,7,4,4,10200,1,1,0,4,4,7,4,4,10200,1,1,0,2025,3,9,2830000,2360000,1,1
202601,6,,0.비상권,27230,14,0,0,0,1,0,1,21,03,6,2,없음,55,9,0,0,0,2,2,4,1,10,1,1,1,1,1,8,2,2,2,2,0,999,3,1,3,1,1,1,3,3,5300,1,1,0,1,1,1,3,3,5300,1,1,0,1,1,1,3,3,5300,1,1,0,0,1,1,2830000,2360000,1,1
202601,6,,0.비상권,27230,22,0,120,0,1,0,6,31,04,4,1,없음,100,2,0,0,0,3,2,4,1,10,2,1,1,1,1,8,3,3,1,1,S,952,4,1,4,6,5,7,6,5,13400,1,1,0,6,5,7,6,5,13400,1,1,0,6,5,7,6,5,13400,1,1,0,2025,3,7,3160000,8530000,1,1
202601,6,,칠곡,27230,14,0,0,0,1,0,4,32,04,2,1,511,189,3,0,0,0,3,2,4,1,10,2,1,1,1,1,28,3,2,1,1,S,969,2,1,2,4,5,8,5,5,21600,1,1,0,4,5,8,5,5,21600,1,1,0,4,5,8,5,5,21600,1,1,0,2025,5,5,4080000,17780000,1,1
202601,6,,칠곡,27230,14,0,0,0,1,0,4,32,04,2,1,511,189,3,0,0,0,3,2,4,1,10,2,1,1,1,1,28,3,2,1,1,S,952,2,1,2,5,5,8,5,5,21700,1,1,0,5,5,8,5,5,21700,1,1,0,5,5,8,5,5,21700,1,1,0,2025,3,9,4080000,17780000,1,1
202601,6,,칠곡,27230,14,0,120,0,1,0,1,32,04,6,1,662,39,1,0,0,0,2,1,3,1,10,1,1,1,1,1,8,2,2,1,1,S,961,1,1,1,4,4,8,4,4,27000,1,1,0,4,4,8,4,4,27000,1,1,0,4,4,8,4,4,27000,1,1,0,2025,3,10,4130000,6930000,1,3
202601,6,,칠곡,27230,14,0,120,0,1,0,1,32,04,6,1,662,39,1,0,0,0,2,1,3,1,10,1,1,1,1,1,8,2,2,1,1,I,561,2,1,2,5,5,8,5,5,25900,1,1,0,5,5,8,5,5,25900,1,1,0,5,5,8,5,5,25900,1,1,0,2025,3,10,4130000,6930000,1,3
202601,6,,칠곡,27230,14,0,120,0,1,0,1,12,04,5,1,882,79,6,0,0,0,2,2,3,1,10,2,1,1,1,1,8,2,2,1,1,I,561,2,1,2,4,4,7,4,4,12400,1,1,0,4,4,7,4,4,12400,1,1,0,4,4,7,4,4,12400,1,1,0,2024,3,8,2880000,4850000,1,1
202601,6,,칠곡,27230,14,0,120,0,1,0,1,12,04,5,1,882,79,6,0,0,0,2,2,3,1,10,2,1,1,1,1,8,2,2,1,1,C,231,2,1,2,3,3,7,4,3,12500,1,1,0,3,3,7,4,3,12500,1,1,0,3,3,7,4,3,12500,1,1,0,2025,3,10,2880000,4850000,1,1
202601,6,,칠곡,27230,14,0,120,0,1,0,4,21,03,6,2,700,10,1,0,0,0,2,2,4,1,10,2,1,1,1,1,8,2,2,1,1,I,561,3,1,3,6,5,8,6,5,25900,1,1,0,6,5,8,6,5,25900,1,1,0,6,5,8,6,5,25900,1,1,0,2025,3,10,5300000,4750000,1,2
202601,6,,칠곡,27230,14,0,120,0,1,0,4,21,03,6,2,700,10,1,0,0,0,2,2,4,1,10,2,1,1,1,1,8,2,2,2,1,N,751,3,1,3,4,3,5,4,3,7200,1,1,0,4,3,5,4,3,7200,1,1,0,4,3,5,4,3,7200,1,1,0,2025,3,10,5300000,4750000,1,2
202601,6,,칠곡,27230,14,0,0,0,1,0,5,32,04,6,1,없음,50,3,0,0,0,2,1,3,1,10,1,1,1,1,1,8,2,2,1,1,I,561,2,1,2,5,4,8,5,4,25700,1,1,0,5,4,8,5,4,25700,1,1,0,5,4,8,5,4,25700,1,1,0,2024,3,7,4260000,7270000,1,1
202601,6,,칠곡,27230,14,0,0,0,1,0,5,32,04,6,1,없음,50,3,0,0,0,2,1,3,1,10,1,1,1,1,1,8,2,2,1,1,I,562,2,1,2,5,4,8,5,4,24700,1,1,0,5,4,8,5,4,24700,1,1,0,5,4,8,5,4,24700,1,1,0,2025,3,8,4260000,7270000,1,1
202601,6,,0.비상권,27230,13,0,0,0,1,0,5,33,04,6,1,300,300,6,0,0,0,2,2,4,1,10,2,1,1,1,1,8,2,2,1,1,I,561,4,1,4,5,5,7,5,5,11900,1,1,0,5,5,7,5,5,11900,1,1,0,5,5,7,5,5,11900,1,1,0,2025,3,10,1980000,4380000,1,1
202601,6,,칠곡,27230,14,0,0,0,1,0,4,11,04,3,1,580,5,6,0,0,0,2,1,2,1,10,1,1,1,1,1,8,2,2,1,1,S,952,2,1,2,3,5,9,3,5,26700,1,1,0,3,5,9,3,5,26700,1,1,0,3,5,9,3,5,26700,1,1,0,2026,2,9,2300000,11150000,1,1
202601,6,,0.비상권,27230,14,0,200,0,1,0,6,31,04,3,1,930,200,5,0,0,0,3,2,4,1,10,2,1,1,1,1,8,3,2,1,1,S,952,4,1,4,6,5,7,6,5,15700,1,1,0,6,5,7,6,5,15700,1,1,0,6,5,7,6,5,15700,1,1,0,2025,3,10,2370000,8160000,1,1
202601,6,,0.비상권,27230,14,0,200,0,1,0,8,31,03,6,1,862,119,2,0,1,0,3,2,4,1,10,2,1,1,1,1,8,3,2,1,1,I,561,4,1,4,6,6,7,6,6,16400,1,1,0,6,6,7,6,6,16400,1,1,0,6,6,7,6,6,16400,1,1,0,2025,3,10,3130000,5260000,1,1
202601,6,,0.비상권,27230,13,0,0,0,1,0,8,21,03,6,1,없음,348,8,0,1,0,2,2,4,1,10,2,1,1,1,1,8,2,2,1,1,P,856,4,1,4,5,5,6,5,5,8200,1,1,0,5,5,6,5,5,8200,1,1,0,5,5,6,5,5,8200,1,1,0,2025,3,10,1930000,3270000,1,1
202601,6,,0.비상권,27230,13,0,0,0,1,0,7,31,04,5,1,없음,55,4,0,1,0,2,2,4,1,10,1,1,1,1,1,8,2,2,1,6,0,999,3,1,3,1,1,1,5,5,22300,1,1,1,1,1,1,5,5,22300,1,1,1,1,1,1,5,5,22300,1,1,1,0,1,1,3450000,3700000,1,1
202601,6,,0.비상권,27230,13,0,0,0,1,0,7,31,04,5,1,없음,55,4,0,1,0,2,2,4,1,10,1,1,1,1,1,8,2,2,2,1,I,561,3,1,3,4,4,6,4,4,8200,1,1,0,4,4,6,4,4,8200,1,1,0,4,4,6,4,4,8200,1,1,0,2025,3,10,3450000,3700000,1,1
202601,6,,0.비상권,27230,14,0,0,0,1,0,3,22,04,10,1,500,300,5,0,0,0,2,2,4,1,10,2,1,1,1,1,8,2,2,1,1,I,561,4,1,4,6,6,8,6,6,20300,1,1,0,6,6,8,6,6,20300,1,1,0,6,6,8,6,6,20300,1,1,0,2025,3,10,3190000,5350000,1,1
202601,6,,0.비상권,27230,13,0,0,0,1,0,1,11,03,7,2,514,190,9,0,0,0,2,2,4,1,10,1,1,1,1,1,8,2,2,1,1,I,561,3,1,3,5,4,7,5,4,15200,1,1,0,5,4,7,5,4,15200,1,1,0,5,4,7,5,4,15200,1,1,0,2025,3,10,2970000,2390000,1,1
202601,6,,0.비상권,27230,13,0,0,0,1,0,1,11,03,7,2,514,190,9,0,0,0,2,2,4,1,10,1,1,1,1,1,8,2,2,2,2,0,999,2,1,2,1,1,1,3,3,8700,1,1,0,1,1,1,3,3,8700,1,1,0,1,1,1,3,3,8700,1,1,0,0,1,1,2970000,2390000,1,1
202601,6,,0.비상권,27230,14,0,0,0,1,0,5,32,04,3,1,900,10,3,0,0,0,2,1,3,1,10,1,1,1,1,1,2,3,2,1,1,S,952,3,1,3,5,5,8,5,5,22000,1,1,0,5,5,8,5,5,22000,1,1,0,5,5,8,5,5,22000,1,1,0,2025,3,8,2150000,8980000,1,1
202601,6,,0.비상권,27230,14,0,0,0,1,0,7,21,04,6,2,764,126,8,0,0,0,1,1,3,1,9,1,1,1,1,1,18,1,2,1,1,G,472,2,1,2,4,4,7,4,3,10700,1,1,0,4,4,7,4,3,10700,1,1,0,4,4,7,4,3,10700,1,1,0,2025,3,10,2430000,2110000,1,1
202601,6,,0.비상권,27230,14,0,0,0,1,0,7,21,04,6,2,764,126,8,0,0,0,1,1,3,1,9,1,1,1,1,1,18,1,2,2,3,S,961,2,1,2,1,1,1,3,3,6600,1,1,0,1,1,1,3,3,6600,1,1,0,1,1,1,3,3,6600,1,1,0,2021,5,8,2430000,2110000,1,1
202601,6,,수성범어,27260,21,0,300,0,1,1,1,11,04,5,1,500,250,6,0,0,0,2,2,4,1,10,2,1,1,1,1,8,2,2,-1,1,I,561,1,1,1,3,3,6,3,3,8700,1,1,0,3,3,6,3,3,8700,1,1,0,3,3,6,3,3,8700,1,1,0,2024,3,10,5370000,7050000,1,3
202601,6,,수성범어,27260,21,0,300,0,1,1,1,11,04,5,1,500,250,6,0,0,0,2,2,4,1,10,2,1,1,1,1,8,2,2,1,1,I,561,3,1,3,6,5,7,6,5,17900,1,1,0,6,5,7,6,5,17900,1,1,0,6,5,7,6,5,17900,1,1,0,2024,3,10,5370000,7050000,1,3
202601,6,,수성범어,27260,21,0,300,0,1,1,1,11,04,5,1,500,250,6,0,0,0,2,2,4,1,10,2,1,1,1,1,8,2,2,2,1,I,561,2,1,2,4,4,7,4,4,10800,1,1,0,4,4,7,4,4,10800,1,1,0,4,4,7,4,4,10800,1,1,0,2024,3,10,5370000,7050000,1,3
202601,6,,수성범어,27260,14,0,120,0,1,0,4,21,03,6,2,200,100,3,0,0,0,1,2,4,1,10,2,1,1,1,1,8,1,2,1,1,G,475,1,1,1,4,3,7,4,3,15400,1,1,0,4,3,7,4,3,15400,1,1,0,4,3,7,4,3,15300,1,1,0,2025,3,7,8280000,7740000,1,1
202601,6,,수성범어,27260,14,0,120,0,1,0,4,21,03,6,2,200,100,3,0,0,0,1,2,4,1,10,2,1,1,1,1,8,1,2,1,1,S,969,1,1,1,5,3,7,5,3,15900,1,1,0,5,3,7,5,3,15900,1,1,0,5,3,7,5,3,15900,1,1,0,2025,3,8,8280000,7740000,1,1
202601,6,,수성범어,27260,14,0,120,0,1,0,4,21,03,6,2,200,100,3,0,0,0,1,2,4,1,10,2,1,1,1,1,8,1,2,2,1,0,999,2,1,2,4,3,5,4,3,6800,1,1,0,4,3,5,4,3,6800,1,1,0,4,3,5,4,3,6800,1,1,0,2025,3,9,8280000,7740000,1,1
202601,6,,수성범어,27260,14,0,0,0,1,0,1,11,04,6,1,280,90,6,0,0,0,2,2,4,1,10,2,1,1,1,1,8,2,2,1,1,I,561,2,1,2,4,4,8,4,4,20700,1,1,0,4,4,8,4,4,20700,1,1,0,4,4,8,4,4,20700,1,1,0,2026,4,10,6990000,7330000,1,2
202601,6,,수성범어,27260,14,0,0,0,1,0,1,11,04,6,1,280,90,6,0,0,0,2,2,4,1,10,2,1,1,1,1,8,2,2,1,1,I,561,2,1,2,4,4,7,4,4,18400,1,1,0,4,4,7,4,4,18400,1,1,0,4,4,7,4,4,18400,1,1,0,2025,3,9,6990000,7330000,1,2
202601,6,,수성범어,27260,14,0,0,0,1,0,1,11,04,6,1,280,90,6,0,0,0,2,2,4,1,10,2,1,1,1,1,8,2,2,2,1,M,733,2,1,2,5,3,6,5,3,8200,1,1,0,5,3,6,5,3,8200,1,1,0,5,3,6,5,3,8200,1,1,0,2025,3,7,6990000,7330000,1,2
202601,6,,수성범어,27260,14,0,0,0,1,0,4,32,04,6,1,190,150,5,0,0,0,2,1,3,1,10,1,1,1,1,1,8,2,2,1,1,I,561,3,1,3,6,6,9,6,6,34200,1,1,0,6,6,9,6,6,34200,1,1,0,6,6,9,6,6,34200,1,1,0,2025,3,10,10340000,17430000,1,3
202601,6,,수성범어,27260,14,0,0,0,1,0,1,11,03,6,2,120,280,6,0,0,0,2,2,4,1,10,2,1,1,1,1,8,2,2,1,1,I,561,2,1,2,4,3,6,4,4,9600,1,1,0,4,3,6,4,4,9600,1,1,0,4,3,6,4,4,9600,1,1,0,2025,3,3,6560000,5850000,1,1
202601,6,,수성범어,27260,14,0,0,0,1,0,1,11,03,6,2,120,280,6,0,0,0,2,2,4,1,10,2,1,1,1,1,8,2,2,1,1,G,463,1,1,1,4,5,9,4,5,37500,1,1,0,4,5,9,4,5,37500,1,1,0,4,5,9,4,5,37500,1,1,0,2025,3,7,6560000,5850000,1,1
202601,6,,수성범어,27260,14,0,0,0,1,0,1,11,03,6,2,120,280,6,0,0,0,2,2,4,1,10,2,1,1,1,1,8,2,2,2,1,S,969,3,1,4,3,3,3,3,3,3300,1,1,0,3,3,3,3,3,3300,1,1,0,3,3,3,3,3,3300,1,1,0,2024,3,8,6560000,5850000,1,1
202601,6,,수성범어,27260,14,0,0,0,1,0,1,11,04,6,2,300,400,4,0,0,0,2,2,4,1,10,1,1,1,1,1,8,2,2,1,1,L,682,2,1,2,5,5,9,6,5,31900,1,1,0,5,5,9,6,5,31900,1,1,0,5,5,9,6,5,31900,1,1,0,2025,3,9,7720000,8430000,1,1
202601,6,,수성범어,27260,14,0,0,0,1,0,1,11,04,6,2,300,400,4,0,0,0,2,2,4,1,10,1,1,1,1,1,8,2,2,1,6,0,999,1,1,1,1,1,1,5,5,42400,1,1,1,1,1,1,5,5,42400,1,1,1,1,1,1,5,5,42400,1,1,1,0,1,1,7720000,8430000,1,1
202601,6,,수성범어,27260,14,0,0,0,1,0,1,11,04,6,2,300,400,4,0,0,0,2,2,4,1,10,1,1,1,1,1,8,2,2,2,2,0,999,2,1,2,1,1,1,4,3,7600,1,1,0,1,1,1,4,3,7600,1,1,0,1,1,1,4,3,7600,1,1,0,0,1,1,7720000,8430000,1,1
202601,6,,수성범어,27260,14,0,0,0,1,0,1,11,03,6,2,290,160,6,0,0,0,2,2,4,1,10,1,1,1,1,1,8,2,3,1,1,I,561,3,1,3,5,4,7,5,5,15600,1,1,0,5,4,7,5,5,15600,1,1,0,5,4,7,5,5,15600,1,1,0,2024,3,8,7500000,6670000,1,1
202601,6,,수성범어,27260,14,0,0,0,1,0,1,11,03,6,2,290,160,6,0,0,0,2,2,4,1,10,1,1,1,1,1,8,2,3,2,2,0,999,3,1,3,1,1,1,4,4,9400,1,1,0,1,1,1,4,4,9400,1,1,0,1,1,1,4,4,9400,1,1,0,0,1,1,7500000,6670000,1,1
202601,6,,수성범어,27260,14,0,0,0,1,0,1,11,03,6,2,390,230,6,0,0,0,2,2,4,1,10,1,1,1,1,1,8,2,3,1,1,L,682,2,1,2,3,3,7,3,3,14400,1,1,0,3,3,7,3,3,14400,1,1,0,3,3,7,3,3,14400,1,1,0,2025,3,9,7530000,7060000,1,1
202601,6,,수성범어,27260,14,0,0,0,1,0,1,11,03,6,2,390,230,6,0,0,0,2,2,4,1,10,1,1,1,1,1,8,2,3,1,1,S,961,2,1,2,3,3,7,3,4,14400,1,1,0,3,3,7,3,4,14400,1,1,0,3,3,7,3,4,14400,1,1,0,2026,3,10,7530000,7060000,1,1
202601,6,,수성범어,27260,14,0,0,0,1,0,1,11,03,6,2,390,230,6,0,0,0,2,2,4,1,10,1,1,1,1,1,8,2,3,2,2,0,999,2,1,3,1,1,1,5,3,6100,1,1,0,1,1,1,5,3,6100,1,1,0,1,1,1,5,3,6100,1,1,0,0,1,1,7530000,7060000,1,1
202601,6,,수성범어,27260,14,0,0,0,1,0,2,11,04,6,2,400,200,6,0,0,0,2,2,4,1,10,1,1,1,1,1,8,2,3,1,1,P,855,2,1,2,4,4,7,4,4,20800,1,1,0,4,4,7,4,4,20800,1,1,0,4,4,7,4,4,20800,1,1,0,2026,3,8,8960000,7800000,1,1
202601,6,,수성범어,27260,14,0,0,0,1,0,2,11,04,6,2,400,200,6,0,0,0,2,2,4,1,10,1,1,1,1,1,8,2,3,1,1,S,961,2,1,2,7,4,8,7,4,25900,1,1,0,7,4,8,7,4,25900,1,1,0,7,4,8,7,4,25900,1,1,0,2025,3,10,8960000,7800000,1,1
202601,6,,수성범어,27260,14,0,0,0,1,0,2,11,04,6,2,400,200,6,0,0,0,2,2,4,1,10,1,1,1,1,1,8,2,3,2,6,0,999,3,1,3,1,1,1,3,4,5600,1,1,1,1,1,1,3,4,5600,1,1,1,1,1,1,3,4,5600,1,1,1,0,1,1,8960000,7800000,1,1
202601,6,,수성범어,27260,14,0,0,0,1,0,2,11,04,6,2,400,200,6,0,0,0,2,2,4,1,10,1,1,1,1,1,8,2,2,1,1,I,561,3,1,3,4,4,7,4,5,15100,1,1,0,4,4,7,4,5,15100,1,1,0,4,4,7,4,5,15100,1,1,0,2026,3,10,7430000,6450000,1,1
202601,6,,수성범어,27260,14,0,0,0,1,0,2,11,04,6,2,400,200,6,0,0,0,2,2,4,1,10,1,1,1,1,1,8,2,2,2,6,0,999,3,1,3,1,1,1,4,4,11900,1,1,1,1,1,1,4,4,11900,1,1,1,1,1,1,4,4,11900,1,1,1,0,1,1,7430000,6450000,1,1
202601,6,,수성범어,27260,21,0,300,0,1,0,1,21,04,6,2,200,100,6,0,0,0,2,2,4,1,10,1,1,1,1,1,8,2,3,1,1,I,561,2,1,2,5,5,9,5,5,38400,1,1,0,5,5,9,5,5,38400,1,1,0,5,5,9,5,5,38400,1,1,0,2025,3,10,12990000,11420000,1,1
202601,6,,수성범어,27260,21,0,300,0,1,0,1,21,04,6,2,200,100,6,0,0,0,2,2,4,1,10,1,1,1,1,1,8,2,3,1,1,I,561,1,1,1,4,4,9,4,4,40900,1,1,0,4,4,9,4,4,40900,1,1,0,4,4,9,4,4,40900,1,1,0,2025,2,9,12990000,11420000,1,1
202601,6,,수성범어,27260,21,0,300,0,1,0,1,21,04,6,2,200,100,6,0,0,0,2,2,4,1,10,1,1,1,1,1,8,2,3,2,6,0,999,3,1,3,1,1,1,5,4,14800,1,1,1,1,1,1,5,4,14800,1,1,1,1,1,1,5,4,14800,1,1,1,0,1,1,12990000,11420000,1,1
202601,6,,수성범어,27260,21,0,300,0,1,0,1,21,04,6,2,100,200,6,0,0,0,2,2,4,1,10,1,1,1,1,1,8,2,2,1,1,I,561,2,1,2,5,5,9,5,5,35500,1,1,0,5,5,9,5,5,35500,1,1,0,5,5,9,5,5,35500,1,1,0,2025,3,10,13500000,11770000,1,1
202601,6,,수성범어,27260,21,0,300,0,1,0,1,21,04,6,2,100,200,6,0,0,0,2,2,4,1,10,1,1,1,1,1,8,2,2,1,1,I,561,2,1,2,5,5,9,5,5,40800,1,1,0,5,5,9,5,5,40800,1,1,0,5,5,9,5,5,40800,1,1,0,2024,3,8,13500000,11770000,1,1
202601,6,,수성범어,27260,21,0,300,0,1,0,1,21,04,6,2,100,200,6,0,0,0,2,2,4,1,10,1,1,1,1,1,8,2,2,2,2,I,561,3,1,3,1,1,1,5,5,14300,1,1,0,1,1,1,5,5,14300,1,1,0,1,1,1,5,5,14300,1,1,0,0,1,1,13500000,11770000,1,1
202601,6,,수성범어,27260,15,0,0,0,1,0,1,11,04,6,1,292,68,8,0,0,0,2,1,3,1,10,1,1,1,1,1,8,2,2,1,1,I,561,3,1,3,5,4,6,5,4,14800,1,1,0,5,4,6,5,4,14800,1,1,0,5,4,6,5,4,14800,1,1,0,2022,5,9,3940000,7950000,1,1
202601,6,,수성범어,27260,21,0,300,0,1,0,1,11,04,6,2,220,100,9,0,0,0,2,2,4,1,10,2,1,1,1,1,8,2,2,1,1,I,561,2,1,2,6,5,9,6,5,26800,1,1,0,6,5,9,6,5,26800,1,1,0,6,5,9,6,5,26800,1,1,0,2024,3,9,8550000,7110000,1,2
202601,6,,수성범어,27260,21,0,300,0,1,0,1,11,04,6,2,220,100,9,0,0,0,2,2,4,1,10,2,1,1,1,1,8,2,2,2,1,P,851,2,1,2,5,4,7,5,4,13800,1,1,0,5,4,7,5,4,13800,1,1,0,5,4,7,5,4,13800,1,1,0,2024,3,9,8550000,7110000,1,2
202601,6,,수성범어,27260,21,0,300,0,1,0,1,51,03,7,1,200,250,6,0,0,0,1,1,2,1,10,1,1,1,1,1,8,1,3,1,1,I,561,2,1,2,4,4,8,4,4,23800,1,1,0,4,4,8,4,4,23800,1,1,0,4,4,8,4,4,23800,1,1,0,2024,3,8,11160000,17790000,1,1
202601,6,,수성범어,27260,15,0,0,0,1,0,4,11,04,5,1,421,60,1,0,0,0,2,1,2,1,10,1,1,1,1,1,8,2,2,1,1,I,561,2,1,2,7,6,10,7,6,55800,1,1,0,7,6,10,7,6,55800,1,1,0,7,6,10,7,6,55800,1,1,0,2025,3,9,8080000,16730000,1,2
202601,6,,수성범어,27260,22,0,120,0,1,1,1,21,03,6,2,50,100,1,0,0,0,2,2,4,1,10,1,2,1,1,1,8,2,3,-1,6,0,999,3,1,3,1,1,1,3,3,6900,1,1,1,1,1,1,3,3,6900,1,1,1,1,1,1,3,3,6900,1,1,1,0,1,1,11530000,7290000,1,1
202601,6,,수성범어,27260,22,0,120,0,1,1,1,21,03,6,2,50,100,1,0,0,0,2,2,4,1,10,1,2,1,1,1,8,2,3,1,1,I,561,2,1,2,4,5,8,4,5,28700,1,1,0,4,5,8,4,5,28700,1,1,0,4,5,8,4,5,28700,1,1,0,2025,3,10,11530000,7290000,1,1
202601,6,,수성범어,27260,22,0,120,0,1,1,1,21,03,6,2,50,100,1,0,0,0,2,2,4,1,10,1,2,1,1,1,8,2,3,1,1,I,561,2,1,2,4,5,9,4,5,32900,1,1,0,4,5,9,4,5,32900,1,1,0,4,5,9,4,5,32900,1,1,0,2025,3,10,11530000,7290000,1,1
202601,6,,수성범어,27260,22,0,120,0,1,1,1,21,03,6,2,50,100,1,0,0,0,2,2,4,1,10,1,2,1,1,1,8,2,3,2,6,0,999,3,1,3,1,1,1,5,5,18700,1,1,1,1,1,1,5,5,18700,1,1,1,1,1,1,5,5,18700,1,1,1,0,1,1,11530000,7290000,1,1
202601,6,,수성범어,27260,13,0,0,0,1,0,2,11,03,6,2,250,170,8,0,0,0,2,2,4,1,10,2,1,1,1,1,8,2,2,1,1,G,462,1,1,1,4,3,7,4,3,17400,1,1,0,4,3,7,4,3,17400,1,1,0,4,3,7,4,3,17400,1,1,0,2024,3,9,5200000,4470000,1,1
202601,6,,수성범어,27260,13,0,0,0,1,0,2,11,03,6,2,250,170,8,0,0,0,2,2,4,1,10,2,1,1,1,1,8,2,2,1,6,0,999,1,1,1,1,1,1,4,3,17400,1,1,1,1,1,1,4,3,17400,1,1,1,1,1,1,4,3,17400,1,1,1,0,1,1,5200000,4470000,1,1
202601,6,,수성범어,27260,13,0,0,0,1,0,2,11,03,6,2,250,170,8,0,0,0,2,2,4,1,10,2,1,1,1,1,8,2,2,1,1,S,961,1,1,1,4,3,7,4,3,17400,1,1,0,4,3,7,4,3,17400,1,1,0,4,3,7,4,3,17400,1,1,0,2024,3,9,5200000,4470000,1,1
202601,6,,수성범어,27260,13,0,0,0,1,0,2,11,03,6,2,250,170,8,0,0,0,2,2,4,1,10,2,1,1,1,1,8,2,2,2,1,0,999,3,1,3,6,3,5,6,3,8600,1,1,0,6,3,5,6,3,8600,1,1,0,6,3,5,6,3,8600,1,1,0,2025,3,10,5200000,4470000,1,1
202601,6,,수성범어,27260,23,15,0,0,1,0,1,12,04,1,1,600,100,7,0,0,0,2,2,4,1,10,1,1,1,1,1,8,2,2,1,1,I,561,2,1,2,3,4,7,3,4,12100,1,1,0,3,4,7,3,4,12100,1,1,0,3,4,7,3,4,12100,1,1,0,2025,3,10,7210000,6880000,1,2
202601,6,,수성범어,27260,23,15,0,0,1,0,1,12,04,1,1,600,100,7,0,0,0,2,2,4,1,10,1,1,1,1,1,8,2,2,1,1,I,561,2,1,2,4,4,7,3,4,17000,1,1,0,4,4,7,3,4,17000,1,1,0,4,4,7,3,4,17000,1,1,0,2024,3,9,7210000,6880000,1,2
202601,6,,수성범어,27260,23,15,0,0,1,0,1,12,04,1,1,600,100,7,0,0,0,2,2,4,1,10,1,1,1,1,1,8,2,2,2,6,0,999,2,1,2,1,1,1,4,3,4700,1,1,1,1,1,1,4,3,4700,1,1,1,1,1,1,4,3,4700,1,1,1,0,1,1,7210000,6880000,1,2
202601,6,,수성범어,27260,23,0,120,0,1,0,1,51,03,1,1,350,40,2,0,0,0,1,1,1,1,10,1,1,1,1,1,8,1,2,1,1,G,478,1,1,1,4,4,10,4,4,47400,1,1,0,4,4,10,4,4,47400,1,1,0,4,4,10,4,4,47400,1,1,0,2025,3,6,12690000,16960000,1,2
202601,6,,들안길,27260,13,0,0,0,1,0,3,21,04,3,1,없음,150,7,0,0,0,3,1,3,1,10,1,1,1,1,1,8,3,2,1,1,S,952,3,1,3,5,4,7,5,4,13100,1,1,0,5,4,7,5,4,13100,1,1,0,5,4,7,5,4,13100,1,1,0,2025,3,9,3180000,13640000,1,1
202601,6,,들안길,27260,13,0,0,0,1,0,3,11,04,4,1,700,100,1,0,1,0,3,2,4,1,10,2,1,1,1,1,8,3,2,1,1,I,559,4,1,4,6,6,8,6,6,29400,1,1,0,6,6,8,6,6,29400,1,1,0,6,6,8,6,6,29400,1,1,0,2024,3,10,5570000,16920000,1,3
202601,6,,들안길,27260,13,0,0,0,1,0,3,11,04,5,1,769,67,2,0,0,0,3,2,4,1,10,2,1,1,1,1,8,3,2,1,1,I,561,4,1,4,7,6,8,7,6,20800,1,1,0,7,6,8,7,6,20800,1,1,0,7,6,8,7,6,20800,1,1,0,2024,3,10,5510000,12420000,1,2
202601,6,,들안길,27260,13,0,0,0,1,0,3,11,04,1,1,없음,150,1,0,1,0,2,2,4,1,10,2,1,1,1,1,8,2,2,1,1,I,561,4,1,4,6,6,8,6,6,21200,1,1,0,6,6,8,6,6,21200,1,1,0,6,6,8,6,6,21100,1,1,0,2024,5,8,6450000,14150000,1,1
202601,6,,들안길,27260,13,0,0,0,1,0,4,32,04,6,1,없음,200,1,0,1,0,2,2,4,1,10,2,1,1,1,1,8,2,2,1,1,I,561,4,1,4,6,6,7,6,6,17900,1,1,0,6,6,7,6,6,17900,1,1,0,6,6,7,6,6,17900,1,1,0,2024,3,9,6130000,11870000,1,1
202601,6,,들안길,27260,23,13,120,0,1,0,5,21,04,6,1,304,64,3,0,1,0,3,2,4,1,10,2,1,1,1,1,8,3,2,1,1,I,561,4,1,4,6,6,7,6,6,15900,1,1,0,6,6,7,6,6,15900,1,1,0,6,6,7,6,6,15900,1,1,0,2024,3,10,8050000,14340000,1,1
202601,6,,들안길,27260,13,0,0,0,1,0,3,11,04,6,1,700,50,2,0,1,0,3,2,4,1,10,2,1,1,1,1,8,3,2,1,1,G,472,4,1,4,5,5,7,5,5,14900,1,1,0,5,5,7,5,5,14900,1,1,0,5,5,7,5,5,14900,1,1,0,2026,3,10,5630000,7240000,1,2
202601,6,,들안길,27260,13,0,0,0,1,0,3,11,04,6,1,700,50,2,0,1,0,3,2,4,1,10,2,1,1,1,1,8,3,2,1,1,I,561,2,1,2,4,4,7,4,4,14700,1,1,0,4,4,7,4,4,14700,1,1,0,4,4,7,4,4,14700,1,1,0,2026,3,10,5630000,7240000,1,2
202601,6,,들안길,27260,13,0,0,0,1,0,3,11,04,6,1,700,50,2,0,1,0,3,2,4,1,10,2,1,1,1,1,8,3,2,1,1,I,562,2,1,2,4,4,7,4,4,14700,1,1,0,4,4,7,4,4,14700,1,1,0,4,4,7,4,4,14700,1,1,0,2026,3,10,5630000,7240000,1,2
202601,6,,들안길,27260,13,0,0,0,1,0,3,11,04,6,1,700,50,2,0,1,0,3,2,4,1,10,2,1,1,1,1,8,3,2,2,6,0,999,2,1,3,1,1,1,5,4,11300,1,1,1,1,1,1,5,4,11300,1,1,1,1,1,1,5,4,11300,1,1,1,0,1,1,5630000,7240000,1,2
202601,6,,들안길,27260,13,0,0,0,1,1,3,11,04,5,1,600,100,4,0,0,0,2,2,4,1,10,2,1,1,1,1,8,2,2,-1,6,0,999,1,1,1,1,1,1,3,2,5500,1,1,1,1,1,1,3,2,5500,1,1,1,1,1,1,3,2,5500,1,1,1,0,1,1,4600000,4500000,1,1
202601,6,,들안길,27260,13,0,0,0,1,1,3,11,04,5,1,600,100,4,0,0,0,2,2,4,1,10,2,1,1,1,1,8,2,2,1,1,I,561,3,1,3,4,5,7,4,5,15200,1,1,0,4,5,7,4,5,15200,1,1,0,4,5,7,4,5,15200,1,1,0,2026,3,8,4600000,4500000,1,1
202601,6,,들안길,27260,13,0,0,0,1,1,3,11,04,5,1,600,100,4,0,0,0,2,2,4,1,10,2,1,1,1,1,8,2,2,1,1,G,472,1,1,1,4,4,8,4,4,24200,1,1,0,4,4,8,4,4,24200,1,1,0,4,4,8,4,4,24200,1,1,0,2024,3,6,4600000,4500000,1,1
202601,6,,들안길,27260,13,0,0,0,1,1,3,11,04,5,1,600,100,4,0,0,0,2,2,4,1,10,2,1,1,1,1,8,2,2,2,1,0,999,4,1,4,4,4,4,4,4,6700,1,1,0,4,4,4,4,4,6700,1,1,0,4,4,4,4,4,6700,1,1,0,2026,3,9,4600000,4500000,1,1
202601,6,,들안길,27260,13,0,0,0,1,0,2,11,04,5,1,400,250,7,0,0,0,2,2,4,1,10,2,1,1,1,1,8,2,2,1,1,S,961,1,1,1,4,4,8,4,4,24700,1,1,0,4,4,8,4,4,24700,1,1,0,4,4,8,4,4,24700,1,1,0,2024,3,10,4400000,4970000,1,1
202601,6,,들안길,27260,13,0,0,0,1,0,2,11,04,5,1,400,250,7,0,0,0,2,2,4,1,10,2,1,1,1,1,8,2,2,1,1,I,562,3,1,3,5,5,7,5,5,21200,1,1,0,5,5,7,5,5,21200,1,1,0,5,5,7,5,5,21200,1,1,0,2025,3,10,4400000,4970000,1,1
202601,6,,들안길,27260,13,0,0,0,1,0,2,11,04,5,1,400,250,7,0,0,0,2,2,4,1,10,2,1,1,1,1,8,2,2,2,6,0,999,3,1,3,1,1,1,4,4,9600,1,1,1,1,1,1,4,4,9600,1,1,1,1,1,1,4,4,9600,1,1,1,0,1,1,4400000,4970000,1,1
202601,6,,들안길,27260,13,0,0,0,1,0,3,11,04,3,1,900,40,4,0,1,0,3,2,4,1,10,2,1,1,1,1,8,3,2,1,1,R,911,4,1,4,6,6,7,6,6,15900,1,1,0,6,6,7,6,6,15900,1,1,0,6,6,7,6,6,15900,1,1,0,2024,3,7,4390000,15630000,1,1
202601,6,,들안길,27260,13,0,0,0,1,0,3,11,04,4,1,250,80,7,0,1,0,3,2,4,1,10,2,1,1,1,1,8,3,2,1,1,I,561,4,1,4,7,6,8,7,6,20100,1,1,0,7,6,8,7,6,20100,1,1,0,7,6,8,7,6,20000,1,1,0,2024,3,10,3920000,10600000,1,1
202601,6,,들안길,27260,13,0,0,0,1,0,3,21,04,5,1,350,170,3,0,1,0,3,2,4,1,10,2,1,1,1,1,8,3,2,1,1,I,561,4,1,4,7,6,8,7,6,20800,1,1,0,7,6,8,7,6,20800,1,1,0,7,6,8,7,6,20800,1,1,0,2026,3,8,6430000,14150000,1,1
202601,6,,들안길,27260,13,0,0,0,1,0,3,11,03,5,1,200,150,6,0,0,0,2,2,4,1,10,2,1,1,1,1,8,2,2,1,1,I,561,3,1,4,5,4,7,5,4,10500,1,1,0,5,4,7,5,4,10500,1,1,0,5,4,7,5,4,10500,1,1,0,2026,3,9,3560000,3790000,1,1
202601,6,,들안길,27260,13,0,0,0,1,0,3,11,03,5,1,200,150,6,0,0,0,2,2,4,1,10,2,1,1,1,1,8,2,2,2,1,0,999,3,1,3,7,3,4,4,3,5200,1,1,0,7,3,4,4,3,5200,1,1,0,7,3,4,4,3,5200,1,1,0,2025,3,8,3560000,3790000,1,1
202601,6,,0.비상권,27260,13,0,0,0,1,0,2,11,03,5,1,700,200,6,0,0,0,2,2,4,1,10,1,1,1,1,1,8,2,2,1,6,0,999,3,1,3,1,1,1,6,4,16700,1,1,1,1,1,1,6,4,16700,1,1,1,1,1,1,6,4,16700,1,1,1,0,1,1,3140000,4720000,1,1
202601,6,,0.비상권,27260,13,0,0,0,1,0,2,11,03,5,1,700,200,6,0,0,0,2,2,4,1,10,1,1,1,1,1,8,2,2,1,1,S,961,2,1,2,5,4,7,5,4,17100,1,1,0,5,4,7,5,4,17100,1,1,0,5,4,7,5,4,17100,1,1,0,2024,3,10,3140000,4720000,1,1
202601,6,,0.비상권,27260,13,0,0,0,1,0,2,11,03,5,1,700,200,6,0,0,0,2,2,4,1,10,1,1,1,1,1,8,2,2,2,2,0,999,3,1,3,1,1,1,3,3,7000,1,1,0,1,1,1,3,3,7000,1,1,0,1,1,1,3,3,7000,1,1,0,0,1,1,3140000,4720000,1,1
202601,6,,0.비상권,27260,14,0,0,0,1,0,3,11,04,3,1,500,100,8,0,0,0,4,2,4,1,10,2,1,1,1,1,8,4,2,1,1,I,561,4,1,4,5,5,6,5,5,7800,1,1,0,5,5,6,5,5,7800,1,1,0,5,5,6,5,5,7800,1,1,0,2024,3,10,2000000,7070000,1,1
202601,6,,0.비상권,27260,14,0,0,0,1,0,4,32,04,5,1,700,50,4,0,1,0,3,2,4,1,10,2,1,1,1,1,8,3,2,1,1,I,561,4,1,4,7,6,7,7,6,21700,1,1,0,7,6,7,7,6,21700,1,1,0,7,6,7,7,6,21700,1,1,0,2025,3,10,4710000,11830000,1,1
202601,6,,0.비상권,27260,14,0,0,0,1,0,3,11,03,6,1,340,200,4,0,0,0,2,2,4,1,10,2,1,1,1,1,8,2,2,1,1,I,561,3,1,3,5,5,7,5,5,16400,1,1,0,5,5,7,5,5,16400,1,1,0,5,5,7,5,5,16400,1,1,0,2024,3,9,3760000,6510000,1,1
202601,6,,0.비상권,27260,14,0,0,0,1,0,3,11,03,6,1,340,200,4,0,0,0,2,2,4,1,10,2,1,1,1,1,8,2,2,1,1,I,562,3,1,3,6,5,7,6,5,16200,1,1,0,6,5,7,6,5,16200,1,1,0,6,5,7,6,5,16200,1,1,0,2024,3,8,3760000,6510000,1,1
202601,6,,0.비상권,27260,14,0,0,0,1,0,9,21,03,6,2,300,100,4,0,1,0,2,2,4,1,9,2,1,1,1,1,8,2,2,1,1,I,562,3,1,3,5,5,7,6,5,15900,1,1,0,5,5,7,6,5,15900,1,1,0,5,5,7,6,5,15900,1,1,0,2025,3,10,4710000,4230000,1,1
202601,6,,0.비상권,27260,14,0,0,0,1,0,9,21,03,6,2,300,100,4,0,1,0,2,2,4,1,9,2,1,1,1,1,8,2,2,2,1,P,855,3,1,3,5,3,4,5,3,5300,1,1,0,5,3,4,5,3,5300,1,1,0,5,3,4,5,3,5300,1,1,0,2025,3,10,4710000,4230000,1,1
202601,6,,0.비상권,27260,14,0,0,0,1,0,6,32,03,6,1,380,230,6,0,0,0,2,1,3,1,10,1,1,1,1,1,8,2,2,1,1,I,561,3,1,3,5,5,7,5,5,12900,1,1,0,5,5,7,5,5,12900,1,1,0,5,5,7,5,5,12900,1,1,0,2024,3,10,3070000,5350000,1,1
202601,6,,0.비상권,27260,14,0,0,0,1,0,5,31,03,6,1,550,300,8,0,1,0,2,2,4,1,10,2,1,1,1,1,8,3,2,1,1,I,561,4,1,4,6,5,7,6,5,11800,1,1,0,6,5,7,6,5,11800,1,1,0,6,5,7,6,5,11800,1,1,0,2024,3,10,2240000,3040000,1,2
202601,6,,0.비상권,27260,14,0,0,0,1,0,5,31,03,6,1,550,300,8,0,1,0,2,2,4,1,10,2,1,1,1,1,8,3,2,2,1,0,999,3,1,3,4,3,4,4,3,4100,1,1,0,4,3,4,4,3,4100,1,1,0,4,3,4,4,3,4100,1,1,0,2024,4,10,2240000,3040000,1,2
202601,6,,0.비상권,27260,14,0,0,0,1,0,4,21,04,5,1,100,100,6,0,1,0,3,2,4,1,10,2,1,1,1,1,8,3,2,1,1,I,561,4,1,4,6,5,7,6,5,13000,1,1,0,6,5,7,6,5,13000,1,1,0,6,5,7,6,5,13000,1,1,0,2025,3,8,2760000,5880000,1,1
202601,6,,시지지구,27260,14,0,120,0,1,0,1,11,03,5,1,100,50,3,0,0,0,2,1,3,1,10,1,1,1,1,1,8,2,2,1,2,G,471,1,1,1,1,1,1,4,3,11500,1,1,0,1,1,1,4,3,11500,1,1,0,1,1,1,4,3,11500,1,1,0,0,1,1,8490000,9280000,1,2
202601,6,,시지지구,27260,14,0,120,0,1,0,1,11,03,5,1,100,50,3,0,0,0,2,1,3,1,10,1,1,1,1,1,8,2,2,1,1,S,949,1,1,1,3,3,7,4,3,10800,1,1,0,3,3,7,4,3,10800,1,1,0,3,3,7,4,3,10800,1,1,0,2024,3,9,8490000,9280000,1,2
202601,6,,시지지구,27260,14,0,120,0,1,0,1,11,03,5,1,100,50,3,0,0,0,2,1,3,1,10,1,1,1,1,1,8,2,2,1,1,G,478,1,1,1,4,3,8,4,3,22300,1,1,0,4,3,8,4,3,22300,1,1,0,4,3,8,4,3,22300,1,1,0,2024,3,9,8490000,9280000,1,2
202601,6,,시지지구,27260,14,0,120,0,1,0,1,11,03,5,1,100,50,3,0,0,0,2,1,3,1,10,1,1,1,1,1,8,2,2,2,1,N,743,2,1,2,4,3,6,4,3,8800,1,1,0,4,3,6,4,3,8800,1,1,0,4,3,6,4,3,8800,1,1,0,2025,3,10,8490000,9280000,1,2
202601,6,,시지지구,27260,14,0,0,0,1,0,5,21,03,6,1,400,100,4,0,0,0,1,1,2,1,10,1,1,1,1,1,8,1,2,1,1,R,912,1,1,1,5,4,8,4,3,19900,1,1,0,5,4,8,4,3,19900,1,1,0,5,4,8,4,3,19900,1,1,0,2026,3,10,3950000,6990000,1,3
202601,6,,시지지구,27260,14,0,0,0,1,0,5,21,03,6,1,400,100,4,0,0,0,1,1,2,1,10,1,1,1,1,1,8,1,2,1,2,S,961,1,1,1,1,1,1,4,3,17800,1,1,0,1,1,1,4,3,17800,1,1,0,1,1,1,4,3,17800,1,1,0,0,1,1,3950000,6990000,1,3
202601,6,,시지지구,27260,14,0,120,0,1,0,3,21,04,6,1,300,50,2,0,0,0,3,2,4,1,10,2,1,1,1,1,8,3,2,1,1,I,561,4,1,4,7,6,7,7,6,13500,1,1,0,7,6,7,7,6,13500,1,1,0,7,6,7,7,6,13500,1,1,0,2024,5,9,7640000,13840000,1,1
202601,6,,시지지구,27260,14,0,120,0,1,0,3,11,04,6,2,320,90,2,0,0,0,2,2,4,1,10,2,2,1,1,1,8,2,2,1,1,I,561,2,1,2,5,4,8,5,4,28900,1,1,0,5,4,8,5,4,28900,1,1,0,5,4,8,5,4,28900,1,1,0,2024,4,10,8160000,8000000,1,1
202601,6,,시지지구,27260,14,0,120,0,1,0,3,11,04,6,2,320,90,2,0,0,0,2,2,4,1,10,2,2,1,1,1,8,2,2,1,1,I,561,2,1,2,5,4,8,5,5,24000,1,1,0,5,4,8,5,5,24000,1,1,0,5,4,8,5,5,24000,1,1,0,2025,4,8,8160000,8000000,1,1
202601,6,,시지지구,27260,14,0,120,0,1,0,3,11,04,6,2,320,90,2,0,0,0,2,2,4,1,10,2,2,1,1,1,8,2,2,1,1,Q,869,4,1,4,6,6,8,6,6,22400,1,1,0,6,6,8,6,6,22400,1,1,0,6,6,8,6,6,22400,1,1,0,2024,5,8,8160000,8000000,1,1
202601,6,,시지지구,27260,14,0,120,0,1,0,3,11,04,6,2,320,90,2,0,0,0,2,2,4,1,10,2,2,1,1,1,8,2,2,2,6,0,999,4,1,4,1,1,1,4,4,6700,1,1,1,1,1,1,4,4,6700,1,1,1,1,1,1,4,4,6700,1,1,1,0,1,1,8160000,8000000,1,1
202601,6,,시지지구,27260,14,0,0,0,1,0,5,11,04,6,1,538,62,4,0,0,0,2,1,3,1,10,1,1,1,1,1,8,2,2,1,1,G,474,1,1,1,4,4,9,4,4,29300,1,1,0,4,4,9,4,4,29300,1,1,0,4,4,9,4,4,29300,1,1,0,2024,3,10,4720000,7890000,1,3
202601,6,,시지지구,27260,14,0,0,0,1,0,5,11,04,6,1,538,62,4,0,0,0,2,1,3,1,10,1,1,1,1,1,8,2,2,1,1,I,561,1,1,1,3,4,9,4,4,28600,1,1,0,3,4,9,4,4,28600,1,1,0,3,4,9,4,4,28600,1,1,0,2025,3,10,4720000,7890000,1,3
202601,6,,시지지구,27260,14,0,0,0,1,0,5,11,04,6,1,538,62,4,0,0,0,2,1,3,1,10,1,1,1,1,1,8,2,2,1,1,G,475,1,1,1,4,4,9,4,4,29800,1,1,0,4,4,9,4,4,29800,1,1,0,4,4,9,4,4,29800,1,1,0,2025,3,10,4720000,7890000,1,3
202601,6,,시지지구,27260,14,0,0,0,1,0,4,32,04,6,1,500,300,4,0,0,0,2,2,3,1,10,1,1,1,1,1,8,2,2,1,6,0,999,2,1,2,1,1,1,5,5,23200,1,1,1,1,1,1,5,5,23200,1,1,1,1,1,1,5,5,23200,1,1,1,0,1,1,4640000,7810000,1,3
202601,6,,시지지구,27260,14,0,0,0,1,0,4,32,04,6,1,500,300,4,0,0,0,2,2,3,1,10,1,1,1,1,1,8,2,2,1,2,S,952,2,1,2,1,1,1,5,5,22900,1,1,0,1,1,1,5,5,22900,1,1,0,1,1,1,5,5,22900,1,1,0,0,1,1,4640000,7810000,1,3
202601,6,,시지지구,27260,22,0,999,0,1,0,4,32,04,7,1,130,180,6,0,0,0,2,2,4,1,10,2,1,1,1,1,8,2,2,1,1,I,562,4,1,4,6,6,7,6,6,17500,1,1,0,6,6,7,6,6,17500,1,1,0,6,6,7,6,6,17500,1,1,0,2025,2,10,7360000,11150000,1,3
202601,6,,시지지구,27260,22,0,120,0,1,0,4,21,03,7,1,307,83,1,0,1,0,3,2,4,1,10,2,1,1,1,1,8,3,2,1,1,G,478,4,1,4,7,7,9,7,7,39200,1,1,0,7,7,9,7,7,39200,1,1,0,7,7,9,7,7,39200,1,1,0,2025,3,9,12090000,14400000,1,1
202601,6,,시지지구,27260,22,0,120,0,1,0,4,21,03,7,1,307,83,1,0,1,0,3,2,4,1,10,2,1,1,1,1,8,3,2,2,1,G,478,2,1,2,4,4,7,6,4,18800,1,1,0,4,4,7,6,4,18800,1,1,0,4,4,7,6,4,18800,1,1,0,2025,3,9,12090000,14400000,1,1
202601,6,,시지지구,27260,22,0,0,0,1,0,6,32,04,4,1,120,160,6,0,1,0,3,2,4,1,10,2,1,1,1,1,8,3,2,1,1,I,562,4,1,4,6,6,8,6,6,23000,1,1,0,6,6,8,6,6,23000,1,1,0,6,6,8,6,6,23000,1,1,0,2024,3,8,7280000,18350000,1,1
202601,6,,시지지구,27260,14,0,0,0,1,0,5,32,04,6,1,250,없음,5,0,1,0,2,2,4,1,10,2,1,1,1,1,8,2,2,1,1,I,561,4,1,4,6,6,7,6,6,14600,1,1,0,6,6,7,6,6,14600,1,1,0,6,6,7,6,6,14600,1,1,0,2024,3,10,4610000,8290000,1,3
202601,6,,두류감삼역,27290,13,0,0,0,1,0,4,11,04,7,1,없음,100,5,0,0,0,1,1,2,1,10,1,1,1,1,1,8,1,2,1,1,R,912,2,1,2,4,4,7,4,4,15900,1,1,0,4,4,7,4,4,15900,1,1,0,4,4,7,4,4,15900,1,1,0,2023,5,10,3120000,5410000,1,1
202601,6,,두류감삼역,27290,23,13,120,0,1,0,5,32,04,5,1,213,12,3,0,1,0,3,2,4,1,10,2,1,1,1,1,8,3,2,1,1,I,561,4,1,4,7,6,7,7,6,14800,1,1,0,7,6,7,7,6,14800,1,1,0,7,6,7,7,6,14800,1,1,0,2024,3,9,7250000,15130000,1,1
202601,6,,두류감삼역,27290,22,0,120,300,1,0,1,11,04,7,2,159,7,1,0,0,0,2,2,4,1,10,2,1,1,1,1,8,2,2,1,1,I,561,2,1,2,6,4,8,6,4,23300,1,1,0,6,4,8,6,4,23300,1,1,0,6,4,8,6,4,23300,1,1,0,2025,3,8,6640000,5780000,1,2
202601,6,,두류감삼역,27290,22,0,120,300,1,0,1,11,04,7,2,159,7,1,0,0,0,2,2,4,1,10,2,1,1,1,1,8,2,2,1,1,I,561,2,1,2,5,4,8,5,4,19800,1,1,0,5,4,8,5,4,19800,1,1,0,5,4,8,5,4,19800,1,1,0,2025,3,10,6640000,5780000,1,2
202601,6,,두류감삼역,27290,22,0,120,300,1,0,1,11,04,7,2,159,7,1,0,0,0,2,2,4,1,10,2,1,1,1,1,8,2,2,2,1,S,961,2,1,2,5,4,7,5,4,11000,1,1,0,5,4,7,5,4,11000,1,1,0,5,4,7,5,4,11000,1,1,0,2025,3,10,6640000,5780000,1,2
202601,6,,두류감삼역,27290,22,0,120,300,1,0,1,11,04,1,1,90,10,1,0,0,0,2,2,4,1,9,1,1,1,1,1,8,2,2,1,1,I,561,2,1,3,6,5,8,6,5,22600,1,1,0,6,5,8,6,5,22600,1,1,0,6,5,8,6,5,22400,1,1,0,2025,3,10,6630000,6480000,1,2
202601,6,,두류감삼역,27290,22,0,120,300,1,0,1,11,04,1,1,90,10,1,0,0,0,2,2,4,1,9,1,1,1,1,1,8,2,2,2,2,0,999,2,1,2,1,1,1,3,3,10200,1,1,0,1,1,1,3,3,10200,1,1,0,1,1,1,3,3,10200,1,1,0,0,1,1,6630000,6480000,1,2
202601,6,,두류감삼역,27290,22,0,300,0,1,0,1,12,04,4,1,40,45,8,0,0,0,2,1,2,1,10,1,1,1,1,1,8,2,2,1,1,I,561,2,1,2,4,4,8,4,4,19600,1,1,0,4,4,8,4,4,19600,1,1,0,4,4,8,4,4,19600,1,1,0,2024,3,6,2680000,7890000,1,1
202601,6,,두류감삼역,27290,14,23,0,0,1,0,1,12,04,1,1,150,50,6,0,0,0,2,1,3,1,10,1,1,1,1,1,8,2,2,1,1,I,561,3,1,3,6,6,8,6,6,28300,1,1,0,6,6,8,6,6,28300,1,1,0,6,6,8,6,6,28200,1,1,0,2024,3,9,5280000,6110000,1,2
202601,6,,두류감삼역,27290,14,0,0,0,1,0,1,12,03,1,1,108,120,6,0,0,0,2,1,2,1,10,1,1,1,1,1,8,2,2,1,1,I,561,2,1,2,5,4,7,5,4,16300,1,1,0,5,4,7,5,4,16300,1,1,0,5,4,7,5,4,16200,1,1,0,2025,3,10,3570000,9260000,1,1
202601,6,,0.비상권,27290,14,0,0,0,1,0,2,11,03,6,2,200,250,6,0,0,0,2,2,4,1,10,1,1,1,1,1,8,2,2,1,1,I,561,3,1,3,6,4,5,6,4,7100,1,1,0,6,4,5,6,4,7100,1,1,0,6,4,5,6,4,7100,1,1,0,2025,4,10,2130000,1960000,1,1
202601,6,,0.비상권,27290,14,0,0,0,1,0,2,11,03,6,2,200,250,6,0,0,0,2,2,4,1,10,1,1,1,1,1,8,2,2,2,2,0,999,3,1,3,1,1,1,4,3,4100,1,1,0,1,1,1,4,3,4100,1,1,0,1,1,1,4,3,4100,1,1,0,0,1,1,2130000,1960000,1,1
202601,6,,0.비상권,27290,14,0,120,0,1,0,1,19,03,1,1,150,70,2,0,0,0,2,2,4,1,10,2,2,1,1,1,8,2,2,1,1,G,478,4,1,4,6,4,6,6,5,10600,1,1,0,6,4,6,6,5,10600,1,1,0,6,4,6,6,5,10600,1,1,0,2026,3,7,5140000,3710000,1,1
202601,6,,0.비상권,27290,14,0,120,0,1,0,1,19,03,1,1,150,70,2,0,0,0,2,2,4,1,10,2,2,1,1,1,8,2,2,2,6,0,999,4,1,4,1,1,1,5,4,5700,1,1,1,1,1,1,5,4,5700,1,1,1,1,1,1,5,4,5700,1,1,1,0,1,1,5140000,3710000,1,1
202601,6,,죽전역,27290,15,0,0,0,1,0,3,11,04,6,2,642,70,6,0,0,0,2,2,4,1,9,1,1,1,1,1,8,2,3,1,1,S,969,2,1,3,3,4,7,3,4,9700,1,1,0,3,4,7,3,4,9700,1,1,0,3,4,7,3,4,9600,1,1,0,2024,3,10,3240000,2860000,1,1
202601,6,,죽전역,27290,15,0,0,0,1,0,3,11,04,6,2,642,70,6,0,0,0,2,2,4,1,9,1,1,1,1,1,8,2,3,2,2,0,999,2,1,3,1,1,1,4,3,5200,1,1,0,1,1,1,4,3,5200,1,1,0,1,1,1,4,3,5200,1,1,0,0,1,1,3240000,2860000,1,1
202601,6,,죽전역,27290,14,0,0,0,1,0,7,21,04,6,2,450,250,7,0,1,0,2,2,4,1,10,1,1,1,1,1,8,2,2,1,1,S,961,3,1,3,4,4,6,4,4,8900,1,1,0,4,4,6,4,4,8900,1,1,0,4,4,6,4,4,8900,1,1,0,2025,3,10,3320000,3010000,1,1
202601,6,,죽전역,27290,14,0,0,0,1,0,7,21,04,6,2,450,250,7,0,1,0,2,2,4,1,10,1,1,1,1,1,8,2,2,2,2,0,999,3,1,3,1,1,1,5,3,6800,1,1,0,1,1,1,5,3,6800,1,1,0,1,1,1,5,3,6800,1,1,0,0,1,1,3320000,3010000,1,1
202601,6,,죽전역,27290,14,0,0,0,1,0,3,21,03,6,1,350,250,6,0,0,0,2,1,3,1,10,1,1,1,1,1,8,2,2,1,1,I,561,3,1,3,5,3,5,5,3,7800,1,1,0,5,3,5,5,3,7800,1,1,0,5,3,5,5,3,7600,1,1,0,2025,3,9,2650000,4680000,1,1
202601,6,,두류감삼역,27290,14,0,0,0,1,0,6,32,03,1,1,430,280,6,0,0,0,2,1,3,1,10,1,1,1,1,1,8,2,2,1,1,I,561,2,1,2,6,5,9,5,4,16700,1,1,0,6,5,9,5,4,16700,1,1,0,6,5,9,5,4,16700,1,1,0,2025,3,10,4600000,7670000,1,3
202601,6,,두류감삼역,27290,14,0,0,0,1,0,6,32,03,1,1,430,280,6,0,0,0,2,1,3,1,10,1,1,1,1,1,8,2,2,1,1,G,472,2,1,2,6,5,9,5,4,16500,1,1,0,6,5,9,5,4,16500,1,1,0,6,5,9,5,4,16500,1,1,0,2025,3,10,4600000,7670000,1,3
202601,6,,두류감삼역,27290,14,0,0,0,1,0,1,11,03,6,1,450,150,6,0,0,0,2,2,4,1,10,1,1,1,1,1,8,2,2,1,1,L,682,1,1,1,3,3,7,4,3,12400,1,1,0,3,3,7,4,3,12400,1,1,0,3,3,7,4,3,12400,1,1,0,2025,3,10,4340000,4470000,1,1
202601,6,,두류감삼역,27290,14,0,0,0,1,0,1,11,03,6,1,450,150,6,0,0,0,2,2,4,1,10,1,1,1,1,1,8,2,2,1,1,S,961,2,1,2,1,1,1,4,3,7600,1,1,1,3,3,6,4,3,7500,1,1,0,3,3,6,4,3,7500,1,1,0,2026,3,10,4340000,4470000,1,1
202601,6,,두류감삼역,27290,14,0,0,0,1,0,1,11,03,6,1,450,150,6,0,0,0,2,2,4,1,10,1,1,1,1,1,8,2,2,2,2,0,999,3,1,3,1,1,1,4,3,7100,1,1,0,1,1,1,4,3,7100,1,1,0,1,1,1,4,3,7100,1,1,0,0,1,1,4340000,4470000,1,1
202601,6,,두류감삼역,27290,14,0,0,0,1,0,1,21,03,6,2,295,62,6,0,0,0,2,2,4,1,10,1,1,1,1,1,8,2,2,1,1,G,472,1,1,1,3,3,7,3,3,16300,1,1,0,3,3,7,3,3,16300,1,1,0,3,3,7,3,3,16300,1,1,0,2022,5,9,4620000,4300000,1,1
202601,6,,두류감삼역,27290,14,0,0,0,1,0,1,21,03,6,2,295,62,6,0,0,0,2,2,4,1,10,1,1,1,1,1,8,2,2,1,1,S,961,1,1,1,3,3,7,3,3,16000,1,1,0,3,3,7,3,3,16000,1,1,0,3,3,7,3,3,16000,1,1,0,2022,5,9,4620000,4300000,1,1
202601,6,,두류감삼역,27290,14,0,0,0,1,0,1,21,03,6,2,295,62,6,0,0,0,2,2,4,1,10,1,1,1,1,1,8,2,2,1,1,G,472,1,1,1,3,3,7,3,3,16300,1,1,0,3,3,7,3,3,16300,1,1,0,3,3,7,3,3,16300,1,1,0,2021,5,8,4620000,4300000,1,1
202601,6,,두류감삼역,27290,14,0,0,0,1,0,1,21,03,6,2,295,62,6,0,0,0,2,2,4,1,10,1,1,1,1,1,8,2,2,2,2,0,999,3,1,3,1,1,1,2,3,4400,1,1,0,1,1,1,2,3,4400,1,1,0,1,1,1,2,3,4400,1,1,0,0,1,1,4620000,4300000,1,1
202601,6,,두류감삼역,27290,14,0,0,0,1,0,3,21,04,6,2,100,100,6,0,0,0,2,2,4,1,10,1,1,2,1,1,8,2,2,1,3,G,472,1,1,1,1,1,1,4,4,22300,1,1,0,1,1,1,4,4,22300,1,1,0,1,1,1,4,4,22300,1,1,0,2025,2,10,4830000,4270000,1,1
202601,6,,두류감삼역,27290,14,0,0,0,1,0,3,21,04,6,2,100,100,6,0,0,0,2,2,4,1,10,1,1,2,1,1,8,2,2,1,1,I,561,1,1,1,3,3,7,4,4,21200,1,1,0,3,3,7,4,4,21200,1,1,0,3,3,7,4,4,21200,1,1,0,2025,3,10,4830000,4270000,1,1
202601,6,,두류감삼역,27290,14,0,0,0,1,0,3,21,04,6,2,100,100,6,0,0,0,2,2,4,1,10,1,1,2,1,1,8,2,2,1,1,G,472,1,1,1,4,4,8,4,4,21700,1,1,0,4,4,8,4,4,21700,1,1,0,4,4,8,4,4,21700,1,1,0,2024,3,7,4830000,4270000,1,1
202601,6,,두류감삼역,27290,14,0,0,0,1,0,3,21,04,6,2,100,100,6,0,0,0,2,2,4,1,10,1,1,2,1,1,8,2,2,2,2,0,999,3,1,3,1,1,1,4,3,5200,1,1,0,1,1,1,4,3,5200,1,1,0,1,1,1,4,3,5200,1,1,0,0,1,1,4830000,4270000,1,1
202601,6,,죽전역,27290,23,0,120,0,1,0,3,21,03,5,1,400,20,1,0,1,0,3,2,4,1,10,2,2,1,1,1,8,3,2,1,1,G,474,4,1,4,6,6,8,6,6,21300,1,1,0,6,6,8,6,6,21300,1,1,0,6,6,8,6,6,21300,1,1,0,2025,3,9,7500000,8800000,1,1
202601,6,,죽전역,27290,23,0,120,0,1,0,3,21,03,5,1,400,20,1,0,1,0,3,2,4,1,10,2,2,1,1,1,8,3,2,2,6,0,999,4,1,4,1,1,1,5,5,7200,1,1,1,1,1,1,5,5,7200,1,1,1,1,1,1,5,5,7200,1,1,1,0,1,1,7500000,8800000,1,1
202601,6,,죽전역,27290,23,0,120,0,1,0,1,11,03,1,1,370,50,1,0,0,0,2,2,4,1,10,1,1,1,1,1,8,2,2,1,1,I,561,3,1,3,6,5,7,6,5,17200,1,1,0,6,5,7,6,5,17200,1,1,0,6,5,7,6,5,17200,1,1,0,2025,3,10,9220000,12390000,1,1
202601,6,,죽전역,27290,23,0,120,0,1,0,1,11,03,1,1,370,50,1,0,0,0,2,2,4,1,10,1,1,1,1,1,8,2,2,2,2,0,999,2,1,2,1,1,1,4,3,8600,1,1,0,1,1,1,4,3,8600,1,1,0,1,1,1,4,3,8600,1,1,0,0,1,1,9220000,12390000,1,1
202601,6,,두류감삼역,27290,14,0,0,0,1,0,2,11,03,6,2,320,180,7,0,0,0,2,2,4,1,10,1,1,1,1,1,8,2,2,1,1,S,961,2,1,2,3,4,7,4,4,11400,1,1,0,3,4,7,4,4,11400,1,1,0,3,4,7,4,4,11400,1,1,0,2025,3,10,3360000,3020000,1,1
202601,6,,두류감삼역,27290,14,0,0,0,1,0,2,11,03,6,2,320,180,7,0,0,0,2,2,4,1,10,1,1,1,1,1,8,2,2,1,1,G,472,2,1,2,4,3,7,4,3,11000,1,1,0,4,3,7,4,3,11000,1,1,0,4,3,7,4,3,11000,1,1,0,2025,3,8,3360000,3020000,1,1
202601,6,,두류감삼역,27290,14,0,0,0,1,0,2,11,03,6,2,320,180,7,0,0,0,2,2,4,1,10,1,1,1,1,1,8,2,2,2,2,0,999,3,1,3,1,1,1,5,3,6300,1,1,0,1,1,1,5,3,6300,1,1,0,1,1,1,5,3,6300,1,1,0,0,1,1,3360000,3020000,1,1
202601,6,,두류감삼역,27290,14,0,0,0,1,0,1,11,04,6,2,500,300,6,0,0,0,2,2,4,1,10,1,1,1,1,1,8,2,2,1,6,0,999,1,1,1,1,1,1,3,3,10100,1,1,1,1,1,1,3,3,10100,1,1,1,1,1,1,3,3,10100,1,1,1,0,1,1,3050000,2770000,1,1
202601,6,,두류감삼역,27290,14,0,0,0,1,0,1,11,04,6,2,500,300,6,0,0,0,2,2,4,1,10,1,1,1,1,1,8,2,2,1,6,0,999,1,1,1,1,1,1,3,3,10400,1,1,1,1,1,1,3,3,10400,1,1,1,1,1,1,3,3,10400,1,1,1,0,1,1,3050000,2770000,1,1
202601,6,,두류감삼역,27290,14,0,0,0,1,0,1,11,04,6,2,500,300,6,0,0,0,2,2,4,1,10,1,1,1,1,1,8,2,2,2,2,0,999,2,1,2,1,1,1,3,3,6900,1,1,0,1,1,1,3,3,6900,1,1,0,1,1,1,3,3,6900,1,1,0,0,1,1,3050000,2770000,1,1
202601,6,,죽전역,27290,14,0,0,0,1,0,2,21,03,6,2,없음,400,6,0,0,0,2,2,4,1,10,2,1,1,1,1,8,2,2,1,1,N,741,1,1,1,3,3,7,3,3,17800,1,1,0,3,3,7,3,3,17800,1,1,0,3,3,7,3,3,17800,1,1,0,2023,5,7,2170000,1960000,1,1
202601,6,,죽전역,27290,14,0,0,0,1,0,2,21,03,6,2,없음,400,6,0,0,0,2,2,4,1,10,2,1,1,1,1,8,2,2,1,1,S,961,2,1,2,4,4,7,4,4,17200,1,1,0,4,4,7,4,4,17200,1,1,0,4,4,7,4,4,16900,1,1,0,2025,3,10,2170000,1960000,1,1
202601,6,,죽전역,27290,14,0,0,0,1,0,2,21,03,6,2,없음,400,6,0,0,0,2,2,4,1,10,2,1,1,1,1,8,2,2,1,1,I,561,2,1,2,4,4,7,4,4,17200,1,1,0,4,4,7,4,4,17200,1,1,0,4,4,7,4,4,16900,1,1,0,2022,5,10,2170000,1960000,1,1
202601,6,,죽전역,27290,14,0,0,0,1,0,2,21,03,6,2,없음,400,6,0,0,0,2,2,4,1,10,2,1,1,1,1,8,2,2,2,1,0,999,3,1,3,8,1,6,7,3,9900,1,1,0,8,1,6,7,3,9900,1,1,0,8,1,6,7,3,9900,1,1,0,2025,3,10,2170000,1960000,1,1
202601,6,,죽전역,27290,21,0,300,0,1,0,1,12,04,3,1,364,283,1,0,1,0,3,1,3,1,10,1,1,1,1,1,8,3,3,1,1,I,562,2,1,2,5,5,9,5,5,39600,1,1,0,5,5,9,5,5,39600,1,1,0,5,5,9,5,5,39600,1,1,0,2024,3,10,4050000,17300000,1,1
202601,6,,죽전역,27290,21,0,300,0,1,0,1,12,04,3,1,364,283,1,0,1,0,3,1,3,1,10,1,1,1,1,1,8,3,3,1,1,I,561,2,1,2,6,6,9,6,6,39800,1,1,0,6,6,9,6,6,39800,1,1,0,6,6,9,6,6,39800,1,1,0,2024,3,10,4050000,17300000,1,1
202601,6,,상인/월배,27290,16,0,0,0,1,0,6,32,03,6,1,394,344,5,0,0,0,1,1,1,1,10,1,1,1,1,1,8,1,2,1,1,I,561,1,1,1,6,4,10,5,5,94400,1,1,0,6,4,10,5,5,94400,1,1,0,6,4,10,5,5,94400,1,1,0,2023,5,10,5970000,10160000,1,3
202601,6,,상인/월배,27290,16,0,0,0,1,0,2,12,03,4,1,253,52,8,0,0,0,2,1,1,1,10,1,1,1,1,1,8,2,2,1,1,S,969,1,1,1,3,3,7,3,3,12700,1,1,0,3,3,7,3,3,12700,1,1,0,3,3,7,3,3,12700,1,1,0,2023,5,10,3120000,10080000,1,1
202601,6,,상인/월배,27290,16,0,0,0,1,0,6,32,04,5,1,283,91,5,0,0,0,2,1,3,1,10,1,1,1,1,1,8,2,2,1,1,S,952,3,1,3,6,6,8,6,6,28600,1,1,0,6,6,8,6,6,28600,1,1,0,6,6,8,6,6,28600,1,1,0,2023,4,9,3170000,7110000,1,1
202601,6,,상인/월배,27290,16,0,0,0,1,0,6,32,04,5,1,283,91,5,0,0,0,2,1,3,1,10,1,1,1,1,1,8,2,2,1,6,0,999,1,1,1,1,1,1,3,3,31700,1,1,1,1,1,1,3,3,31700,1,1,1,1,1,1,3,3,31700,1,1,1,0,1,1,3170000,7110000,1,1
202601,6,,상인/월배,27290,16,0,0,0,1,0,8,21,04,6,2,194,255,8,0,1,0,2,2,4,1,9,2,1,1,1,1,8,2,2,1,6,0,999,3,1,3,1,1,1,6,6,25200,1,1,1,1,1,1,6,6,25200,1,1,1,1,1,1,6,6,25200,1,1,1,0,1,1,5040000,4490000,1,3
202601,6,,상인/월배,27290,16,0,0,0,1,0,8,21,04,6,2,194,255,8,0,1,0,2,2,4,1,9,2,1,1,1,1,8,2,2,2,1,I,562,3,1,4,5,5,7,5,5,12200,1,1,0,5,5,7,5,5,12200,1,1,0,5,5,7,5,5,12200,1,1,0,2024,3,9,5040000,4490000,1,3
202601,6,,상인/월배,27290,16,0,0,0,1,0,7,31,04,6,2,171,240,8,1,0,0,2,2,4,1,10,2,1,1,1,1,8,2,2,1,1,I,561,3,1,3,6,6,8,6,6,26400,1,1,0,6,6,8,6,6,26400,1,1,0,6,6,8,6,6,26400,1,1,0,2025,3,10,6040000,5520000,1,3
202601,6,,상인/월배,27290,16,0,0,0,1,0,7,31,04,6,2,171,240,8,1,0,0,2,2,4,1,10,2,1,1,1,1,8,2,2,2,1,I,561,4,1,4,5,5,7,5,5,11900,1,1,0,5,5,7,5,5,11900,1,1,0,5,5,7,5,5,11900,1,1,0,2025,3,10,6040000,5520000,1,3
202601,6,,상인/월배,27290,16,0,0,0,1,0,6,32,03,6,1,388,347,4,0,0,0,1,1,1,1,10,1,1,1,1,1,8,1,2,1,1,S,949,1,1,1,5,5,9,5,4,43000,1,1,0,5,5,9,5,4,43000,1,1,0,5,5,9,5,4,43000,1,1,0,2021,5,7,4230000,7170000,1,3
202601,6,,상인/월배,27290,22,0,300,0,1,0,4,21,03,8,2,429,545,7,0,0,0,1,2,4,1,10,2,1,1,1,1,8,1,2,1,1,G,472,2,1,2,6,4,8,6,5,21000,1,1,0,6,4,8,6,5,21000,1,1,0,6,4,8,6,5,21000,1,1,0,2023,4,8,4680000,3590000,1,1
202601,6,,상인/월배,27290,22,0,300,0,1,0,4,21,03,8,2,429,545,7,0,0,0,1,2,4,1,10,2,1,1,1,1,8,1,2,2,1,0,999,2,1,2,3,3,5,3,3,6500,1,1,0,3,3,5,3,3,6500,1,1,0,3,3,5,3,3,6500,1,1,0,2023,5,9,4680000,3590000,1,1
202601,6,,상인/월배,27290,16,0,0,0,1,0,1,12,04,1,1,없음,370,6,0,0,0,1,1,2,1,10,1,1,1,1,1,8,1,2,1,1,I,561,2,1,2,3,3,6,3,3,10000,1,1,0,3,3,6,3,3,10000,1,1,0,3,3,6,3,3,10000,1,1,0,2023,4,8,2860000,4750000,1,2
202601,6,,상인/월배,27290,15,0,0,0,1,0,7,21,04,5,1,없음,170,7,0,1,0,3,2,4,2,9,2,1,1,1,1,8,3,2,1,1,I,561,4,1,4,7,7,9,7,7,35400,1,1,0,7,7,9,7,7,35400,1,1,0,7,7,9,7,7,35400,1,1,0,2023,5,10,4780000,4850000,1,3
202601,6,,상인/월배,27290,15,0,0,0,1,0,7,21,04,5,1,없음,170,7,0,1,0,3,2,4,2,9,2,1,1,1,1,8,3,2,2,1,I,561,4,1,4,6,6,7,6,6,16000,1,1,0,6,6,7,6,6,16000,1,1,0,6,6,7,6,6,16000,1,1,0,2025,4,10,4780000,4850000,1,3
202601,6,,상인/월배,27290,15,0,0,0,1,0,7,32,04,3,1,없음,170,8,0,0,0,3,1,3,1,10,1,1,1,1,1,2,3,2,1,1,I,561,3,1,3,6,6,9,6,6,34100,1,1,0,6,6,9,6,6,34100,1,1,0,6,6,9,6,6,34100,1,1,0,2023,4,10,2700000,11190000,1,3
202601,6,,상인/월배,27290,15,0,0,0,1,0,6,32,03,5,1,없음,914,1,0,1,0,3,2,4,1,10,2,1,1,1,1,8,3,2,1,1,S,961,4,1,4,6,6,7,6,6,21700,1,1,0,6,6,7,6,6,21700,1,1,0,6,6,7,6,6,21700,1,1,0,2020,6,7,5220000,10920000,1,1
202601,6,,상인/월배,27290,15,0,0,0,1,0,6,32,03,5,1,없음,914,1,0,1,0,3,2,4,1,10,2,1,1,1,1,8,3,2,1,1,I,561,3,1,3,3,5,8,6,5,21400,1,1,0,3,5,8,6,5,21400,1,1,0,3,5,8,6,5,21400,1,1,0,2022,5,9,5220000,10920000,1,1
202601,6,,상인/월배,27290,15,0,0,0,1,0,6,32,04,5,1,972,없음,2,0,0,0,2,2,4,1,10,2,1,1,1,1,8,2,2,1,1,S,952,4,1,4,6,6,9,6,6,38200,1,1,0,6,6,9,6,6,38200,1,1,0,6,6,9,6,6,38200,1,1,0,2021,5,9,5630000,11580000,1,2
202601,6,,상인/월배,27290,15,0,0,0,1,0,8,33,04,5,1,없음,440,3,0,0,0,2,2,4,1,10,2,1,1,1,1,8,2,2,1,1,G,476,2,1,2,4,5,8,6,5,26600,1,1,0,4,5,8,6,5,26600,1,1,0,4,5,8,6,5,26600,1,1,0,2022,5,9,5460000,12050000,1,3
202601,6,,상인/월배,27290,15,0,0,0,1,0,8,33,04,5,1,없음,440,3,0,0,0,2,2,4,1,10,2,1,1,1,1,8,2,2,1,1,I,561,3,1,3,6,5,8,6,5,25900,1,1,0,6,5,8,6,5,25900,1,1,0,6,5,8,6,5,25900,1,1,0,2024,3,10,5460000,12050000,1,3
202601,6,,0.비상권,27290,14,0,0,0,1,0,2,11,04,6,1,750,230,6,0,0,0,2,2,4,1,9,2,1,2,1,1,8,2,2,1,1,L,681,2,1,2,3,4,7,3,4,11700,1,1,0,3,4,7,3,4,11700,1,1,0,3,4,7,3,4,11700,1,1,0,2026,3,7,2920000,2190000,1,1
202601,6,,0.비상권,27290,14,0,0,0,1,0,2,11,04,6,1,750,230,6,0,0,0,2,2,4,1,9,2,1,2,1,1,8,2,2,1,1,I,561,2,1,2,4,4,7,4,4,12800,1,1,0,4,4,7,4,4,12800,1,1,0,4,4,7,4,4,12800,1,1,0,2025,3,6,2920000,2190000,1,1
202601,6,,0.비상권,27290,14,0,0,0,1,0,2,11,04,6,1,750,230,6,0,0,0,2,2,4,1,9,2,1,2,1,1,8,2,2,2,2,0,999,3,1,4,1,1,1,4,3,4200,1,1,0,1,1,1,4,3,4200,1,1,0,1,1,1,4,3,4200,1,1,0,0,1,1,2920000,2190000,1,1
202601,6,,월촌/안지랑,27290,14,0,0,0,1,0,1,11,03,6,2,250,200,6,0,0,0,2,2,4,1,10,2,1,1,1,1,8,2,3,1,1,I,561,1,1,1,4,3,7,4,3,14200,1,1,0,4,3,7,4,3,14200,1,1,0,4,3,7,4,3,14200,1,1,0,2025,3,4,3130000,2740000,1,1
202601,6,,월촌/안지랑,27290,14,0,0,0,1,0,1,11,03,6,2,250,200,6,0,0,0,2,2,4,1,10,2,1,1,1,1,8,2,3,1,1,R,912,1,1,1,4,3,7,4,3,14000,1,1,0,4,3,7,4,3,14000,1,1,0,4,3,7,4,3,14000,1,1,0,2025,3,10,3130000,2740000,1,1
202601,6,,월촌/안지랑,27290,14,0,0,0,1,0,1,11,03,6,2,250,200,6,0,0,0,2,2,4,1,10,2,1,1,1,1,8,2,3,2,1,0,999,2,1,2,4,3,4,4,3,4900,1,1,0,4,3,4,4,3,4900,1,1,0,4,3,4,4,3,4900,1,1,0,2025,3,8,3130000,2740000,1,1
202601,6,,월촌/안지랑,27290,23,0,120,0,1,0,1,11,07,5,1,400,100,1,0,0,0,2,2,4,1,10,2,2,1,1,1,8,2,3,1,6,0,999,4,1,4,1,1,1,6,6,33900,1,1,1,1,1,1,6,6,33900,1,1,1,1,1,1,6,6,33900,1,1,1,0,1,1,6030000,6510000,1,3
202601,6,,월촌/안지랑,27290,23,0,120,0,1,0,1,11,07,5,1,400,100,1,0,0,0,2,2,4,1,10,2,2,1,1,1,8,2,3,2,1,R,912,4,1,4,5,5,7,5,5,10400,1,1,0,5,5,7,5,5,10400,1,1,0,5,5,7,5,5,10400,1,1,0,2024,3,10,6030000,6510000,1,3
202601,6,,월촌/안지랑,27290,23,0,120,0,1,0,1,11,04,3,1,436,32,1,0,0,0,3,1,3,1,10,1,1,1,1,1,8,3,2,1,1,I,561,3,1,3,6,5,7,6,5,19900,1,1,0,6,5,7,6,5,19900,1,1,0,6,5,7,6,5,19900,1,1,0,2024,3,10,4740000,19000000,1,2
202601,6,,월촌/안지랑,27290,23,0,120,0,1,0,1,11,04,1,1,472,22,1,0,0,0,2,1,3,1,10,1,1,1,1,1,8,2,2,1,6,0,999,3,1,3,1,1,1,7,4,18300,1,1,1,1,1,1,7,5,18500,1,1,1,1,1,1,7,5,18500,1,1,1,0,1,1,4740000,13990000,1,1
202601,6,,월촌/안지랑,27290,23,0,120,0,1,0,1,11,04,1,1,377,없음,1,0,0,0,3,2,4,1,10,2,1,1,1,1,8,3,3,1,1,S,969,1,1,1,5,4,8,5,4,23300,1,1,0,5,4,8,5,4,23300,1,1,0,5,4,8,5,4,23300,1,1,0,2024,3,10,4720000,5640000,1,1
202601,6,,월촌/안지랑,27290,23,0,120,0,1,0,1,11,04,1,1,377,없음,1,0,0,0,3,2,4,1,10,2,1,1,1,1,8,3,3,1,6,0,999,1,1,1,1,1,1,5,4,21700,1,1,1,1,1,1,5,4,21700,1,1,1,1,1,1,5,4,21700,1,1,1,0,1,1,4720000,5640000,1,1
202601,6,,월촌/안지랑,27290,23,0,120,0,1,0,1,11,04,1,1,377,없음,1,0,0,0,3,2,4,1,10,2,1,1,1,1,8,3,3,1,2,0,999,3,1,3,1,1,1,4,4,7900,1,1,0,1,1,1,4,4,7900,1,1,0,1,1,1,4,4,7900,1,1,0,0,1,1,4720000,5640000,1,1
202601,6,,월촌/안지랑,27290,23,0,120,0,1,0,1,11,04,1,1,377,없음,1,0,0,0,3,2,4,1,10,2,1,1,1,1,8,3,3,1,1,R,912,1,1,1,5,4,8,5,4,22600,1,1,0,5,4,8,5,4,22600,1,1,0,5,4,8,5,4,22600,1,1,0,2024,3,9,4720000,5640000,1,1
202601,6,,월촌/안지랑,27290,23,0,120,0,1,0,1,11,04,1,1,377,없음,1,0,0,0,3,2,4,1,10,2,1,1,1,1,8,3,3,2,1,S,969,3,1,3,5,4,5,5,4,7600,1,1,0,5,4,5,5,4,7600,1,1,0,5,4,5,5,4,7600,1,1,0,2024,3,9,4720000,5640000,1,1
202601,6,,월촌/안지랑,27290,23,14,0,0,1,0,1,11,04,4,1,123,40,6,0,0,0,2,2,4,1,10,2,1,1,1,1,8,2,3,1,1,I,561,3,1,3,6,5,7,6,5,18400,1,1,0,6,5,7,6,5,18400,1,1,0,6,5,7,6,5,18400,1,1,0,2025,3,7,2220000,2890000,1,1
202601,6,,월촌/안지랑,27290,23,14,0,0,1,0,1,11,04,4,1,123,40,6,0,0,0,2,2,4,1,10,2,1,1,1,1,8,2,3,2,1,0,999,3,1,3,4,3,4,4,3,5000,1,1,0,4,3,4,4,3,5000,1,1,0,4,3,4,4,3,5000,1,1,0,2024,3,9,2220000,2890000,1,1
202601,6,,월촌/안지랑,27290,23,14,120,0,1,0,3,11,04,4,1,180,70,1,0,1,0,3,2,4,1,10,2,2,1,1,1,8,3,3,1,1,Q,862,4,1,4,7,6,8,7,6,20900,1,1,0,7,6,8,7,6,20900,1,1,0,7,6,8,7,6,20900,1,1,0,2024,3,9,5050000,8320000,1,1
202601,6,,월촌/안지랑,27290,23,14,120,0,1,0,3,11,04,4,1,180,70,1,0,1,0,3,2,4,1,10,2,2,1,1,1,8,3,3,2,6,0,999,4,1,4,1,1,1,6,5,11800,1,1,1,1,1,1,6,5,11800,1,1,1,1,1,1,6,5,11800,1,1,1,0,1,1,5050000,8320000,1,1
202601,6,,월촌/안지랑,27290,14,0,0,0,1,0,1,11,03,6,2,200,150,6,0,0,0,2,2,4,1,10,1,1,1,1,1,8,2,2,1,1,S,961,1,1,2,3,3,6,3,3,9300,1,1,0,3,3,6,3,3,9300,1,1,0,3,3,6,3,3,9300,1,1,0,2025,3,10,2670000,2390000,1,1
202601,6,,월촌/안지랑,27290,14,0,0,0,1,0,1,11,03,6,2,200,150,6,0,0,0,2,2,4,1,10,1,1,1,1,1,8,2,2,1,1,G,475,1,1,1,3,3,7,3,3,10600,1,1,0,3,3,7,3,3,10600,1,1,0,3,3,7,3,3,10600,1,1,0,2026,3,8,2670000,2390000,1,1
202601,6,,월촌/안지랑,27290,14,0,0,0,1,0,1,11,03,6,2,200,150,6,0,0,0,2,2,4,1,10,1,1,1,1,1,8,2,2,2,2,0,999,2,1,2,1,1,1,4,3,7700,1,1,0,1,1,1,4,3,7700,1,1,0,1,1,1,4,3,7700,1,1,0,0,1,1,2670000,2390000,1,1
202601,6,,월촌/안지랑,27290,23,0,0,0,1,0,8,31,04,6,1,240,200,8,0,0,0,2,1,3,1,10,1,1,1,1,1,8,2,2,1,1,I,561,3,1,3,4,4,7,4,4,12600,1,1,0,4,4,7,4,4,12600,1,1,0,4,4,7,4,4,12600,1,1,0,2025,3,10,2850000,5690000,1,3
202601,6,,월촌/안지랑,27290,23,0,0,0,1,0,8,31,04,6,1,240,200,8,0,0,0,2,1,3,1,10,1,1,1,1,1,8,2,2,1,1,I,561,2,1,2,4,3,7,4,3,13500,1,1,0,4,3,7,4,3,13500,1,1,0,4,3,7,4,3,13500,1,1,0,2025,3,10,2850000,5690000,1,3
202601,6,,월촌/안지랑,27290,23,14,0,0,1,0,7,32,04,6,1,240,200,8,0,0,0,2,2,4,1,10,2,1,1,1,1,8,2,2,1,1,I,561,4,1,4,6,5,7,6,5,15200,1,1,0,6,5,7,6,5,15200,1,1,0,6,5,7,6,5,15200,1,1,0,2024,3,8,2470000,4440000,1,1
202601,6,,월촌/안지랑,27290,14,0,0,0,1,0,1,11,04,6,2,210,160,6,0,0,0,2,2,4,1,10,2,1,1,1,1,8,2,2,1,1,I,561,1,1,1,3,3,6,3,3,8500,1,1,0,3,3,6,3,3,8500,1,1,0,3,3,6,3,3,8500,1,1,0,2024,3,7,2650000,2320000,1,1
202601,6,,월촌/안지랑,27290,14,0,0,0,1,0,1,11,04,6,2,210,160,6,0,0,0,2,2,4,1,10,2,1,1,1,1,8,2,2,1,1,I,561,2,1,2,3,3,6,3,3,8700,1,1,0,3,3,6,3,3,8700,1,1,0,3,3,6,3,3,8700,1,1,0,2024,3,8,2650000,2320000,1,1
202601,6,,월촌/안지랑,27290,14,0,0,0,1,0,1,11,04,6,2,210,160,6,0,0,0,2,2,4,1,10,2,1,1,1,1,8,2,2,2,1,0,999,3,1,3,4,3,3,4,3,4300,1,1,0,4,3,3,4,3,4300,1,1,0,4,3,3,4,3,4300,1,1,0,2026,3,8,2650000,2320000,1,1
202601,6,,월촌/안지랑,27290,14,0,0,0,1,0,3,11,03,6,1,295,111,7,0,0,0,2,1,3,1,10,1,1,1,1,1,8,2,2,1,1,S,961,2,1,2,4,3,5,5,3,8400,1,1,0,4,3,5,5,3,8400,1,1,0,4,3,5,5,3,8400,1,1,0,2024,3,9,2300000,4090000,1,1
202601,6,,월촌/안지랑,27290,14,0,0,0,1,0,3,11,03,6,1,295,111,7,0,0,0,2,1,3,1,10,1,1,1,1,1,8,2,2,1,1,I,561,2,1,2,5,3,6,5,3,9800,1,1,0,5,3,6,5,3,9800,1,1,0,5,3,6,5,3,9800,1,1,0,2025,3,9,2300000,4090000,1,1
202601,6,,월촌/안지랑,27290,14,0,0,0,1,0,2,11,03,5,1,20,100,4,0,0,0,3,2,4,1,10,1,1,1,1,1,8,3,2,1,1,I,561,2,1,2,4,4,7,4,4,15700,1,1,0,4,4,7,4,4,15700,1,1,0,4,4,7,4,4,15700,1,1,0,2025,3,10,4430000,11500000,1,3
202601,6,,월촌/안지랑,27290,14,0,0,0,1,0,2,11,03,5,1,20,100,4,0,0,0,3,2,4,1,10,1,1,1,1,1,8,3,2,1,6,0,999,2,1,2,1,1,1,4,4,14900,1,1,1,1,1,1,4,4,14900,1,1,1,1,1,1,4,4,14900,1,1,1,0,1,1,4430000,11500000,1,3
202601,6,,월촌/안지랑,27290,14,0,0,0,1,0,2,11,03,5,1,20,100,4,0,0,0,3,2,4,1,10,1,1,1,1,1,8,3,2,1,1,G,474,2,1,2,4,4,7,4,4,15400,1,1,0,4,4,7,4,4,15400,1,1,0,4,4,7,4,4,15400,1,1,0,2024,3,8,4430000,11500000,1,3
202601,6,,신포동,28110,22,0,130,300,1,0,1,51,03,10,2,410,155,5,0,0,0,1,1,2,1,10,1,1,1,1,1,8,1,3,1,1,I,562,1,1,1,3,3,7,3,3,16300,1,1,0,3,3,7,3,3,16300,1,1,0,3,3,7,3,3,16300,1,1,0,2023,5,6,3180000,1680000,1,3
202601,6,,신포동,28110,22,0,130,300,1,0,1,51,03,10,2,410,155,5,0,0,0,1,1,2,1,10,1,1,1,1,1,8,1,3,2,1,I,562,1,1,1,2,3,6,2,3,8200,1,1,0,2,3,6,2,3,8200,1,1,0,2,3,6,2,3,8200,1,1,0,2023,5,6,3180000,1680000,1,3
202601,6,,신포동,28110,22,0,130,300,1,0,1,21,16,1,1,450,250,4,0,0,0,2,2,4,1,10,2,1,1,1,1,8,2,3,1,1,I,562,3,1,3,5,4,5,5,4,10400,1,1,0,5,4,5,5,4,10400,1,1,0,5,4,5,5,4,10400,1,1,0,2024,3,8,3420000,2090000,1,1
202601,6,,신포동,28110,22,0,130,300,1,0,1,21,16,1,1,450,250,4,0,0,0,2,2,4,1,10,2,1,1,1,1,8,2,3,2,1,I,562,3,1,3,4,3,4,4,4,6900,1,1,0,4,3,4,4,4,6900,1,1,0,4,3,4,4,4,6900,1,1,0,2024,3,7,3420000,2090000,1,1
202601,6,,신포동,28110,22,0,130,300,1,0,1,51,03,8,2,500,140,6,0,0,0,1,1,3,1,10,1,1,1,1,1,8,1,3,1,6,0,999,2,1,2,1,1,1,3,4,10000,1,1,1,1,1,1,3,4,10000,1,1,1,1,1,1,3,4,9800,1,1,1,0,1,1,2160000,1670000,1,1
202601,6,,신포동,28110,22,0,130,300,1,0,1,51,03,8,2,500,140,6,0,0,0,1,1,3,1,10,1,1,1,1,1,8,1,3,2,6,0,999,2,1,2,1,1,1,3,3,7400,1,1,1,1,1,1,3,3,7400,1,1,1,1,1,1,3,3,7400,1,1,1,0,1,1,2160000,1670000,1,1
202601,6,,신포동,28110,22,0,130,300,1,0,1,51,04,8,2,500,150,6,0,0,0,2,2,4,1,10,1,1,1,1,1,8,2,3,1,6,0,999,3,1,3,1,1,1,5,4,10000,1,1,1,1,1,1,5,4,10000,1,1,1,1,1,1,5,4,9900,1,1,1,0,1,1,2120000,1360000,1,2
202601,6,,신포동,28110,22,0,130,300,1,0,1,51,04,8,2,500,150,6,0,0,0,2,2,4,1,10,1,1,1,1,1,8,2,3,2,2,0,999,3,1,3,1,1,1,5,4,7800,1,1,0,1,1,1,5,4,7800,1,1,0,1,1,1,5,4,7800,1,1,0,0,1,1,2120000,1360000,1,2
202601,6,,신포동,28110,22,0,130,300,1,0,1,51,03,1,1,329,155,5,0,0,0,1,2,4,1,10,2,1,1,1,1,8,1,3,1,1,I,562,1,1,1,4,3,7,4,4,27600,1,1,0,4,3,7,4,4,27600,1,1,0,4,3,7,4,4,28000,1,1,0,2025,3,9,5440000,3830000,1,3
202601,6,,신포동,28110,22,0,130,300,1,0,1,51,03,1,1,329,155,5,0,0,0,1,2,4,1,10,2,1,1,1,1,8,1,3,1,1,G,478,2,1,2,6,4,8,6,5,37700,1,1,0,6,4,8,6,5,37700,1,1,0,6,4,8,6,5,38300,1,1,0,2024,3,7,5440000,3830000,1,3
202601,6,,신포동,28110,22,0,130,300,1,0,1,51,03,1,1,329,155,5,0,0,0,1,2,4,1,10,2,1,1,1,1,8,1,3,2,1,I,562,2,1,2,4,4,7,4,4,13500,1,1,0,4,4,7,4,4,13500,1,1,0,4,4,7,4,4,13500,1,1,0,2026,3,10,5440000,3830000,1,3
202601,6,,신포동,28110,22,0,130,300,1,0,1,11,03,9,2,430,270,4,0,0,0,1,2,4,1,10,2,1,1,1,1,8,1,3,1,1,I,561,3,1,3,5,4,7,5,5,17100,1,1,0,5,4,7,5,5,17100,1,1,0,5,4,7,5,5,17100,1,1,0,2026,3,8,4360000,2440000,1,1
202601,6,,신포동,28110,22,0,130,300,1,0,1,11,03,9,2,430,270,4,0,0,0,1,2,4,1,10,2,1,1,1,1,8,1,3,2,1,I,562,3,1,3,5,4,6,5,4,11500,1,1,0,5,4,6,5,4,11500,1,1,0,5,4,6,5,4,11400,1,1,0,2025,3,8,4360000,2440000,1,1
202601,6,,신포동,28110,22,0,130,300,1,0,1,51,03,1,1,433,170,6,0,0,0,1,2,4,1,10,2,1,1,1,1,8,1,3,1,1,I,561,2,1,2,4,4,7,4,4,14100,1,1,0,4,4,7,4,4,14100,1,1,0,4,4,7,4,4,14200,1,1,0,2026,3,7,3040000,1760000,1,3
202601,6,,신포동,28110,22,0,130,300,1,0,1,51,03,1,1,433,170,6,0,0,0,1,2,4,1,10,2,1,1,1,1,8,1,3,2,1,R,901,2,1,2,4,3,5,4,3,6300,1,1,0,4,3,5,4,3,6300,1,1,0,4,3,5,4,3,6300,1,1,0,2026,3,10,3040000,1760000,1,3
202601,6,,신포동,28110,22,0,130,300,1,0,2,21,03,8,2,350,200,4,0,0,0,1,2,4,1,9,2,1,1,1,1,8,1,3,1,1,I,561,2,1,2,4,4,7,4,4,14800,1,1,0,4,4,7,4,4,14800,1,1,0,4,4,7,4,4,15100,1,1,0,2023,4,7,3960000,2500000,1,2
202601,6,,신포동,28110,22,0,130,300,1,0,2,21,03,8,2,350,200,4,0,0,0,1,2,4,1,9,2,1,1,1,1,8,1,3,2,1,S,961,2,1,2,3,4,6,3,4,10500,1,1,0,3,4,6,3,4,10500,1,1,0,3,4,6,3,4,10500,1,1,0,2025,3,8,3960000,2500000,1,2
202601,6,,신포동,28110,22,0,130,300,1,0,7,11,03,9,1,335,90,10,0,0,0,1,1,2,1,10,1,1,1,1,1,8,1,3,1,1,I,562,2,1,2,4,3,6,4,3,10000,1,1,0,4,3,6,4,3,10000,1,1,0,4,3,6,4,3,10200,1,1,0,2025,3,10,2730000,3330000,1,3
202601,6,,신포동,28110,22,0,130,300,1,0,2,21,03,8,2,370,180,5,0,0,0,1,1,2,1,9,1,1,1,1,1,8,1,3,1,1,I,562,1,1,2,5,4,7,5,4,19600,1,1,0,5,4,7,5,4,19600,1,1,0,5,4,7,5,4,19800,1,1,0,2025,3,7,4390000,3060000,1,2
202601,6,,신포동,28110,22,0,130,300,1,0,2,21,03,8,2,370,180,5,0,0,0,1,1,2,1,9,1,1,1,1,1,8,1,3,2,6,0,999,1,1,2,1,1,1,3,3,11900,1,1,1,1,1,1,3,3,11900,1,1,1,1,1,1,3,3,11900,1,1,1,0,1,1,4390000,3060000,1,2
202601,6,,신포동,28110,22,0,200,130,1,0,1,51,03,1,1,500,400,4,0,0,0,1,1,3,1,10,1,1,1,1,1,8,1,3,1,1,I,561,2,1,2,4,4,7,4,4,16100,1,1,0,4,4,7,4,4,16100,1,1,0,4,4,7,4,4,15900,1,1,0,2025,3,6,2150000,1480000,1,3
202601,6,,신포동,28110,22,0,200,130,1,0,1,51,03,1,1,500,400,4,0,0,0,1,1,3,1,10,1,1,1,1,1,8,1,3,2,1,I,561,2,1,2,3,3,6,3,3,9000,1,1,0,3,3,6,3,3,9000,1,1,0,3,3,6,3,3,9000,1,1,0,2025,3,5,2150000,1480000,1,3
202601,6,,신포동,28110,22,0,130,300,1,0,1,51,03,8,2,380,200,6,0,0,0,1,1,3,1,10,1,1,1,1,1,8,1,3,1,1,G,474,2,1,2,4,3,7,4,4,14000,1,1,0,4,3,7,4,4,14000,1,1,0,4,4,7,4,4,13400,1,1,0,2026,2,10,2160000,1740000,1,3
202601,6,,신포동,28110,22,0,130,300,1,0,1,51,03,8,2,380,200,6,0,0,0,1,1,3,1,10,1,1,1,1,1,8,1,3,2,6,0,999,1,1,2,1,1,1,3,3,6700,1,1,1,1,1,1,3,3,6700,1,1,1,1,1,1,3,3,6700,1,1,1,0,1,1,2160000,1740000,1,3
202601,6,,신포동,28110,22,0,130,300,1,1,2,21,03,8,3,500,300,6,0,0,0,2,2,4,1,10,2,2,1,1,1,8,2,3,-1,1,I,562,3,1,3,3,4,5,3,4,6500,1,1,0,3,4,5,3,4,6500,1,1,0,3,4,5,3,4,6500,1,1,0,2025,3,9,4350000,1890000,1,2
202601,6,,신포동,28110,22,0,130,300,1,1,2,21,03,8,3,500,300,6,0,0,0,2,2,4,1,10,2,2,1,1,1,8,2,3,1,1,I,562,3,1,4,5,5,7,5,5,13700,1,1,0,5,5,7,5,5,13700,1,1,0,5,5,7,5,5,13700,1,1,0,2024,3,9,4350000,1890000,1,2
202601,6,,신포동,28110,22,0,130,300,1,1,2,21,03,8,3,500,300,6,0,0,0,2,2,4,1,10,2,2,1,1,1,8,2,3,2,6,0,999,3,1,4,1,1,1,5,4,8000,1,1,1,1,1,1,5,4,8000,1,1,1,1,1,1,5,4,8000,1,1,1,0,1,1,4350000,1890000,1,2
202601,6,,신포동,28110,22,0,130,300,1,1,1,51,03,9,2,400,220,6,0,0,0,1,2,4,1,10,1,2,1,1,1,8,1,3,-1,6,0,999,2,1,3,1,1,1,3,3,6300,1,1,1,1,1,1,3,3,6300,1,1,1,1,1,1,3,3,6300,1,1,1,0,1,1,3390000,1380000,1,2
202601,6,,신포동,28110,22,0,130,300,1,1,1,51,03,9,2,400,220,6,0,0,0,1,2,4,1,10,1,2,1,1,1,8,1,3,1,1,I,562,3,1,3,5,5,7,5,5,19500,1,1,0,5,5,7,5,5,19500,1,1,0,5,5,7,5,5,19200,1,1,0,2024,3,10,3390000,1380000,1,2
202601,6,,신포동,28110,22,0,130,300,1,1,1,51,03,9,2,400,220,6,0,0,0,1,2,4,1,10,1,2,1,1,1,8,1,3,2,6,0,999,3,1,3,1,1,1,3,4,8900,1,1,1,1,1,1,3,4,8900,1,1,1,1,1,1,3,4,8900,1,1,1,0,1,1,3390000,1380000,1,2
202601,6,,신포동,28110,22,0,130,300,1,0,1,51,03,8,2,450,300,6,0,0,0,1,1,3,1,10,1,1,1,1,1,8,1,3,1,6,0,999,2,1,2,1,1,1,4,4,14100,1,1,1,1,1,1,4,4,14100,1,1,1,1,1,1,4,4,14100,1,1,1,0,1,1,2740000,2170000,1,2
202601,6,,신포동,28110,22,0,130,300,1,0,1,51,03,8,2,450,300,6,0,0,0,1,1,3,1,10,1,1,1,1,1,8,1,3,2,6,0,999,1,1,2,1,1,1,3,3,7600,1,1,1,1,1,1,3,3,7600,1,1,1,1,1,1,3,3,7600,1,1,1,0,1,1,2740000,2170000,1,2
202601,6,,신포동,28110,22,0,300,0,1,0,1,31,04,8,2,233,33,6,0,0,0,1,1,3,1,9,1,1,1,1,1,8,1,2,1,1,G,472,2,1,2,5,4,7,5,4,19300,1,1,0,5,4,7,5,4,19300,1,1,0,5,4,7,5,4,19300,1,1,0,2024,3,10,4470000,3120000,1,3
202601,6,,신포동,28110,22,0,300,0,1,0,1,31,04,8,2,233,33,6,0,0,0,1,1,3,1,9,1,1,1,1,1,8,1,2,2,1,I,551,2,1,2,3,3,7,4,3,13600,1,1,0,3,3,7,4,3,13600,1,1,0,3,3,7,4,3,13600,1,1,0,2025,2,10,4470000,3120000,1,3
202601,6,,신포동,28110,22,0,300,0,1,0,1,11,03,1,1,260,50,6,0,0,0,1,2,3,1,9,1,1,1,1,1,8,1,2,1,1,G,474,2,1,2,4,4,7,5,4,16500,1,1,0,4,4,7,5,4,16500,1,1,0,4,4,7,5,4,16700,1,1,0,2025,3,8,4280000,2700000,1,3
202601,6,,신포동,28110,22,0,300,0,1,0,1,11,03,1,1,260,50,6,0,0,0,1,2,3,1,9,1,1,1,1,1,8,1,2,2,2,0,999,2,1,2,1,1,1,3,3,7400,1,1,0,1,1,1,3,3,7400,1,1,0,1,1,1,3,3,7400,1,1,0,0,1,1,4280000,2700000,1,3
202601,6,,신포동,28110,22,0,300,0,1,0,1,51,03,10,2,270,100,6,0,0,0,2,2,4,1,10,2,1,1,1,1,8,2,3,1,1,I,561,4,1,4,6,5,7,6,5,15400,1,1,0,6,5,7,6,5,15400,1,1,0,6,5,7,6,5,15500,1,1,0,2026,3,9,3270000,2010000,1,2
202601,6,,신포동,28110,22,0,300,0,1,0,1,51,03,10,2,270,100,6,0,0,0,2,2,4,1,10,2,1,1,1,1,8,2,3,2,1,I,562,3,1,3,4,4,5,4,4,7400,1,1,0,4,4,5,4,4,7400,1,1,0,4,4,5,4,4,7400,1,1,0,2025,3,9,3270000,2010000,1,2
202601,6,,신포동,28110,22,0,300,0,1,0,1,51,03,9,2,380,200,4,0,0,0,1,2,3,1,9,2,1,1,1,1,8,1,3,1,1,G,478,2,1,2,6,5,9,6,5,34300,1,1,0,6,5,9,6,5,34300,1,1,0,6,5,9,6,5,34500,1,1,0,2024,3,7,7910000,4450000,1,3
202601,6,,신포동,28110,22,0,300,0,1,0,1,51,03,9,2,380,200,4,0,0,0,1,2,3,1,9,2,1,1,1,1,8,1,3,2,1,G,478,2,1,2,4,3,6,5,3,9100,1,1,0,4,3,6,5,3,9100,1,1,0,4,3,6,5,3,9100,1,1,0,2024,3,7,7910000,4450000,1,3
202601,6,,신포동,28110,22,0,300,0,1,0,4,11,03,9,2,350,210,4,0,0,0,1,1,3,1,10,1,1,1,1,1,8,1,3,1,1,I,562,2,1,2,5,5,9,5,5,35600,1,1,0,5,5,9,5,5,35600,1,1,0,5,5,9,5,5,35500,1,1,0,2025,3,10,8070000,8080000,1,3
202601,6,,신포동,28110,22,0,300,0,1,0,4,11,03,9,2,350,210,4,0,0,0,1,1,3,1,10,1,1,1,1,1,8,1,3,2,1,I,562,2,1,2,4,3,5,4,3,8700,1,1,0,4,3,5,4,3,8700,1,1,0,4,3,5,4,3,8700,1,1,0,2025,3,10,8070000,8080000,1,3
202601,6,,0.비상권,28110,22,0,120,300,1,0,5,21,04,5,1,500,80,6,0,0,0,2,2,4,1,9,2,1,1,1,1,8,2,3,1,1,S,961,3,1,3,5,4,7,5,4,14200,1,1,0,5,4,7,5,4,14200,1,1,0,5,4,7,5,4,14200,1,1,0,2024,3,10,2330000,2430000,1,1
202601,6,,0.비상권,28110,22,0,120,300,1,0,5,21,04,5,1,500,80,6,0,0,0,2,2,4,1,9,2,1,1,1,1,8,2,3,2,1,G,478,3,1,3,3,3,5,3,3,6600,1,1,0,3,3,5,3,3,6600,1,1,0,3,3,5,3,3,6600,1,1,0,2024,3,10,2330000,2430000,1,1
202601,6,,0.비상권,28110,22,0,300,0,1,0,5,21,03,8,2,500,80,6,0,0,0,1,2,3,1,10,2,1,1,1,1,8,1,3,1,1,I,561,2,1,2,4,4,7,4,4,10800,1,1,0,4,4,7,4,4,10800,1,1,0,4,4,7,4,4,10800,1,1,0,2024,3,9,2060000,1440000,1,2
202601,6,,0.비상권,28110,22,0,300,0,1,0,5,21,03,8,2,500,80,6,0,0,0,1,2,3,1,10,2,1,1,1,1,8,1,3,2,1,0,999,2,1,2,3,3,5,3,3,6700,1,1,0,3,3,5,3,3,6700,1,1,0,3,3,5,3,3,6700,1,1,0,2024,3,9,2060000,1440000,1,2
202601,6,,0.비상권,28110,22,0,300,0,1,0,5,21,04,8,2,400,70,6,0,0,0,1,2,4,1,10,2,1,1,1,1,8,1,3,1,1,I,561,2,1,2,3,4,7,4,4,10800,1,1,0,3,4,7,4,4,10800,1,1,0,3,4,7,4,4,10800,1,1,0,2024,3,9,2580000,1750000,1,2
202601,6,,0.비상권,28110,22,0,300,0,1,0,5,21,04,8,2,400,70,6,0,0,0,1,2,4,1,10,2,1,1,1,1,8,1,3,2,1,0,999,2,1,2,3,3,5,3,3,6300,1,1,0,3,3,5,3,3,6300,1,1,0,3,3,5,3,3,6300,1,1,0,2024,3,9,2580000,1750000,1,2
202601,6,,0.비상권,28110,22,0,300,0,1,0,1,51,03,1,1,650,200,8,0,0,0,1,1,2,1,10,1,1,1,1,1,8,1,3,1,1,I,561,2,1,2,4,4,8,4,4,18100,1,1,0,4,4,8,4,4,18100,1,1,0,4,4,8,4,4,18100,1,1,0,2024,3,8,1910000,4030000,1,3
202601,6,,0.비상권,28110,22,0,300,0,1,0,1,51,03,4,1,600,250,8,0,0,0,1,1,1,1,10,1,1,1,1,1,8,1,3,1,6,0,999,1,1,1,1,1,1,4,3,16100,1,1,1,1,1,1,4,3,16100,1,1,1,1,1,1,4,3,16100,1,1,1,0,1,1,1810000,4680000,2,1
202601,6,,0.비상권,28110,22,0,300,0,1,0,1,51,03,1,1,450,200,8,0,0,0,1,1,2,1,10,1,1,1,1,1,8,1,3,1,1,G,463,2,1,2,6,3,7,6,3,16900,1,1,0,6,3,7,6,3,16900,1,1,0,6,3,7,6,3,16900,1,1,0,2025,3,10,1970000,1750000,1,2
202601,6,,0.비상권,28110,22,0,300,0,1,0,1,51,03,1,1,450,200,8,0,0,0,1,1,2,1,10,1,1,1,1,1,8,1,3,2,2,0,999,1,1,2,1,1,1,3,3,6500,1,1,0,1,1,1,3,3,6500,1,1,0,1,1,1,3,3,6500,1,1,0,0,1,1,1970000,1750000,1,2
202601,6,,0.비상권,28110,22,0,300,0,1,0,1,51,03,9,1,650,290,8,0,0,0,1,2,4,1,9,2,1,1,1,1,8,1,3,1,1,G,461,2,1,3,3,3,5,3,3,7400,1,1,0,3,3,5,3,3,7400,1,1,0,3,3,5,3,3,7400,1,1,0,2024,3,8,1820000,1040000,1,2
202601,6,,0.비상권,28110,22,0,300,0,1,0,1,51,03,9,1,650,290,8,0,0,0,1,2,4,1,9,2,1,1,1,1,8,1,3,2,1,0,999,2,1,3,3,3,4,3,3,4500,1,1,0,3,3,4,3,3,4500,1,1,0,3,3,4,3,3,4500,1,1,0,2026,3,9,1820000,1040000,1,2
202601,6,,0.비상권,28110,14,0,0,0,1,0,1,11,03,8,2,430,80,6,0,0,0,2,2,4,1,10,1,2,1,1,1,8,2,3,1,6,0,999,2,1,2,1,1,1,3,3,8400,1,1,1,1,1,1,3,3,8400,1,1,1,1,1,1,3,3,8400,1,1,1,0,1,1,1970000,1320000,1,1
202601,6,,0.비상권,28110,14,0,0,0,1,0,1,11,03,8,2,430,80,6,0,0,0,2,2,4,1,10,1,2,1,1,1,8,2,3,1,1,I,561,2,1,2,4,4,7,3,3,8400,1,1,0,4,4,7,3,3,8400,1,1,0,4,4,7,3,3,8400,1,1,0,2025,3,8,1970000,1320000,1,1
202601,6,,0.비상권,28110,14,0,0,0,1,0,1,11,03,8,2,430,80,6,0,0,0,2,2,4,1,10,1,2,1,1,1,8,2,3,2,2,0,999,2,1,2,1,1,1,3,3,6100,1,1,0,1,1,1,3,3,6100,1,1,0,1,1,1,3,3,6100,1,1,0,0,1,1,1970000,1320000,1,1
202601,6,,0.비상권,28110,14,0,0,0,1,0,1,11,03,8,2,430,80,6,0,0,0,2,2,4,1,10,1,2,1,1,1,8,2,3,2,6,0,999,2,1,2,1,1,1,3,3,6200,1,1,1,1,1,1,3,3,6200,1,1,1,1,1,1,3,3,6200,1,1,1,0,1,1,1970000,1320000,1,1
202601,6,,신포동,28110,22,0,300,0,1,0,1,11,03,6,2,300,130,4,0,0,0,1,2,4,1,10,2,1,1,1,1,8,1,3,1,1,G,474,2,1,3,6,5,9,6,5,32700,1,1,0,6,5,9,6,5,32700,1,1,0,6,5,9,6,5,32700,1,1,0,2022,5,8,7540000,5560000,1,3
202601,6,,신포동,28110,22,0,300,0,1,0,1,11,03,6,2,300,130,4,0,0,0,1,2,4,1,10,2,1,1,1,1,8,1,3,2,1,G,474,2,1,2,5,3,6,4,3,9300,1,1,0,5,3,6,4,3,9300,1,1,0,5,3,6,4,3,9300,1,1,0,2022,5,8,7540000,5560000,1,3
202601,6,,신포동,28110,22,0,300,0,1,0,1,51,03,9,2,600,240,5,0,0,0,1,2,4,1,10,2,1,1,1,1,8,1,3,1,1,G,474,2,1,2,6,5,9,6,5,31400,1,1,0,6,5,9,6,5,31400,1,1,0,6,5,9,6,5,31400,1,1,0,2025,3,8,8030000,4960000,1,1
202601,6,,신포동,28110,22,0,300,0,1,0,1,51,03,9,2,600,240,5,0,0,0,1,2,4,1,10,2,1,1,1,1,8,1,3,2,1,G,474,2,1,2,4,3,6,4,3,9000,1,1,0,4,3,6,4,3,9000,1,1,0,4,3,6,4,3,9000,1,1,0,2025,3,8,8030000,4960000,1,1
202601,6,,신포동,28110,22,0,300,0,1,0,5,51,03,6,1,156,49,1,0,0,0,1,1,2,1,10,1,1,1,1,1,8,1,3,1,1,I,561,2,1,2,6,5,8,6,5,25900,1,1,0,6,5,8,6,5,25900,1,1,0,6,5,8,6,5,25900,1,1,0,2025,3,9,4350000,7800000,1,2
202601,6,,신포동,28110,22,0,300,0,1,0,1,11,03,9,2,200,5,1,0,0,0,1,1,3,1,9,1,1,1,1,1,8,1,3,1,1,G,473,2,1,2,6,5,8,6,5,27800,1,1,0,6,5,8,6,5,27800,1,1,0,6,5,8,6,5,27800,1,1,0,2024,3,7,6840000,4130000,1,2
202601,6,,신포동,28110,22,0,300,0,1,0,1,11,03,9,2,200,5,1,0,0,0,1,1,3,1,9,1,1,1,1,1,8,1,3,2,1,S,961,2,1,2,4,4,7,4,4,15700,1,1,0,4,4,7,4,4,15700,1,1,0,4,4,7,4,4,15700,1,1,0,2025,3,8,6840000,4130000,1,2
202601,6,,신포동,28110,22,0,300,0,1,0,2,11,03,1,1,300,300,8,0,0,0,2,2,4,1,9,2,1,1,1,1,8,2,3,1,1,I,562,4,1,4,6,5,7,6,5,16200,1,1,0,6,5,7,6,5,16200,1,1,0,6,5,7,6,5,16200,1,1,0,2025,3,9,3660000,1980000,1,2
202601,6,,신포동,28110,22,0,300,0,1,0,2,11,03,1,1,300,300,8,0,0,0,2,2,4,1,9,2,1,1,1,1,8,2,3,2,1,I,562,4,1,4,6,4,6,6,4,8100,1,1,0,6,4,6,6,4,8100,1,1,0,6,4,6,6,4,8100,1,1,0,2025,3,9,3660000,1980000,1,2
202601,6,,신포동,28110,22,0,300,0,1,0,4,21,03,8,2,500,500,6,0,0,0,1,2,3,1,10,1,1,1,1,1,8,1,3,1,1,M,721,2,1,2,5,3,5,5,3,5900,1,1,0,5,3,5,5,3,5900,1,1,0,5,3,5,5,3,5900,1,1,0,2025,3,9,2610000,1720000,1,1
202601,6,,신포동,28110,22,0,300,0,1,0,4,21,03,8,2,500,500,6,0,0,0,1,2,3,1,10,1,1,1,1,1,8,1,3,2,2,0,999,2,1,2,1,1,1,4,3,3800,1,1,0,1,1,1,4,3,3800,1,1,0,1,1,1,4,3,3800,1,1,0,0,1,1,2610000,1720000,1,1
202601,6,,0.비상권,28110,14,0,200,0,1,0,3,11,03,1,1,300,300,4,0,0,0,2,2,4,1,10,2,1,1,1,1,8,2,3,1,1,I,561,4,1,4,8,5,8,8,5,21800,1,1,0,8,5,8,8,5,21800,1,1,0,8,5,8,8,5,21800,1,1,0,2025,3,8,4600000,3510000,1,1
202601,6,,0.비상권,28110,14,0,200,0,1,0,3,11,03,1,1,300,300,4,0,0,0,2,2,4,1,10,2,1,1,1,1,8,2,3,2,1,I,561,4,1,4,7,4,7,7,4,12300,1,1,0,7,4,7,7,4,12300,1,1,0,7,4,7,7,4,12300,1,1,0,2025,3,8,4600000,3510000,1,1
202601,6,,0.비상권,28110,14,0,200,0,1,0,4,21,04,8,2,400,400,5,0,0,0,2,2,4,1,10,2,1,1,1,1,8,2,3,1,1,R,912,3,1,4,5,5,7,5,5,18800,1,1,0,5,5,7,5,5,18800,1,1,0,5,5,7,5,5,18800,1,1,0,2024,3,10,5020000,3500000,1,2
202601,6,,0.비상권,28110,14,0,200,0,1,0,4,21,04,8,2,400,400,5,0,0,0,2,2,4,1,10,2,1,1,1,1,8,2,3,2,1,R,912,3,1,4,4,5,7,4,5,11300,1,1,0,4,5,7,4,5,11300,1,1,0,4,5,7,4,5,11300,1,1,0,2024,3,10,5020000,3500000,1,2
202601,6,,0.비상권,28110,14,0,200,0,1,0,1,11,04,6,2,300,300,4,0,0,0,1,1,3,1,10,1,1,1,1,1,8,1,3,1,1,I,561,2,1,2,7,4,8,6,4,21000,1,1,0,7,4,8,6,4,21000,1,1,0,7,4,8,6,4,21000,1,1,0,2025,3,8,4760000,4630000,1,2
202601,6,,0.비상권,28110,14,0,200,0,1,0,1,11,04,6,2,300,300,4,0,0,0,1,1,3,1,10,1,1,1,1,1,8,1,3,2,1,I,561,2,1,2,6,3,7,5,3,13600,1,1,0,6,3,7,5,3,13600,1,1,0,6,3,7,5,3,13600,1,1,0,2025,3,8,4760000,4630000,1,2
202601,6,,0.비상권,28110,14,0,200,0,1,0,7,32,03,6,1,300,없음,4,0,0,0,1,1,1,1,10,1,1,1,1,1,8,1,3,1,1,I,561,1,1,1,4,3,7,4,3,16800,1,1,0,4,3,7,4,3,16800,1,1,0,4,3,7,4,3,16800,1,1,0,2025,3,8,3860000,7270000,1,3
202601,6,,0.비상권,28110,22,0,200,130,1,0,1,11,04,1,1,300,300,6,0,0,0,1,2,4,1,9,1,1,1,1,1,8,1,3,1,1,R,901,2,1,2,4,5,7,5,5,20200,1,1,0,4,5,7,5,5,20200,1,1,0,4,5,7,5,5,20200,1,1,0,2026,3,10,4230000,2580000,1,2
202601,6,,0.비상권,28110,22,0,200,130,1,0,1,11,04,1,1,300,300,6,0,0,0,1,2,4,1,9,1,1,1,1,1,8,1,3,2,2,0,999,2,1,2,1,1,1,5,4,11200,1,1,0,1,1,1,5,4,11200,1,1,0,1,1,1,5,4,11200,1,1,0,0,1,1,4230000,2580000,1,2
202601,6,,0.비상권,28110,22,0,130,300,1,0,1,51,03,1,1,200,200,8,0,0,0,2,2,4,1,9,2,1,1,1,1,8,2,3,1,1,I,561,3,1,3,6,5,7,6,5,15800,1,1,0,6,5,7,6,5,15800,1,1,0,6,5,7,6,5,15800,1,1,0,2025,3,8,3470000,2510000,1,1
202601,6,,0.비상권,28110,22,0,130,300,1,0,1,51,03,1,1,200,200,8,0,0,0,2,2,4,1,9,2,1,1,1,1,8,2,3,2,1,I,561,2,1,3,6,3,6,6,3,8100,1,1,0,6,3,6,6,3,8100,1,1,0,6,3,6,6,3,8100,1,1,0,2025,3,8,3470000,2510000,1,1
202601,6,,0.비상권,28110,22,0,130,300,1,0,1,21,03,1,1,200,200,6,0,0,0,2,2,4,1,10,1,1,1,1,1,8,2,3,1,1,R,911,2,1,2,7,4,7,7,4,18400,1,1,0,7,4,7,7,4,18400,1,1,0,7,4,7,7,4,18400,1,1,0,2025,3,10,3230000,3450000,1,1
202601,6,,0.비상권,28110,22,0,130,300,1,0,1,21,03,1,1,200,200,6,0,0,0,2,2,4,1,10,1,1,1,1,1,8,2,3,2,6,0,999,2,1,2,1,1,1,5,3,10100,1,1,1,1,1,1,5,3,10100,1,1,1,1,1,1,5,3,10100,1,1,1,0,1,1,3230000,3450000,1,1
202601,6,,0.비상권,28110,13,0,130,200,1,0,1,11,03,8,2,350,350,8,0,0,0,1,1,3,1,9,1,1,1,1,1,8,1,3,1,1,I,562,2,1,2,4,4,7,4,4,12900,1,1,0,4,4,7,4,4,12900,1,1,0,4,4,7,4,4,12900,1,1,0,2024,3,9,2420000,1800000,1,2
202601,6,,0.비상권,28110,13,0,130,200,1,0,1,11,03,8,2,350,350,8,0,0,0,1,1,3,1,9,1,1,1,1,1,8,1,3,2,1,I,562,1,1,2,4,3,5,4,3,6800,1,1,0,4,3,5,4,3,6800,1,1,0,4,3,5,4,3,6800,1,1,0,2024,3,9,2420000,1800000,1,2
202601,6,,0.비상권,28110,22,0,130,200,1,0,1,11,03,1,1,300,300,6,0,0,0,2,2,4,1,10,1,1,1,1,1,8,2,3,1,1,I,561,3,1,3,6,5,8,6,5,20500,1,1,0,6,5,8,6,5,20500,1,1,0,6,5,8,6,5,20500,1,1,0,2025,3,8,3670000,3140000,1,1
202601,6,,0.비상권,28110,22,0,130,200,1,0,1,11,03,1,1,300,300,6,0,0,0,2,2,4,1,10,1,1,1,1,1,8,2,3,2,2,0,999,3,1,3,1,1,1,5,4,10500,1,1,0,1,1,1,5,4,10500,1,1,0,1,1,1,5,4,10500,1,1,0,0,1,1,3670000,3140000,1,1
202601,6,,0.비상권,28110,22,0,200,130,1,0,1,21,04,1,1,300,300,6,0,0,0,2,2,4,1,10,2,1,1,1,1,8,2,3,1,1,I,561,3,1,4,8,5,8,8,5,21500,1,1,0,8,5,8,8,5,21500,1,1,0,8,5,8,8,5,21500,1,1,0,2025,3,8,6080000,3420000,1,2
202601,6,,0.비상권,28110,22,0,200,130,1,0,1,21,04,1,1,300,300,6,0,0,0,2,2,4,1,10,2,1,1,1,1,8,2,3,2,1,I,561,3,1,3,7,4,7,7,4,13300,1,1,0,7,4,7,7,4,13300,1,1,0,7,4,7,7,4,13300,1,1,0,2025,3,8,6080000,3420000,1,2
202601,6,,0.비상권,28110,22,0,130,200,1,0,4,11,03,1,1,300,300,7,0,0,0,1,2,4,1,10,2,1,1,1,1,8,1,3,1,1,I,561,3,1,3,7,4,7,4,5,15400,1,1,0,7,4,7,4,5,15400,1,1,0,7,4,7,4,5,15400,1,1,0,2025,3,8,4280000,2490000,1,1
202601,6,,0.비상권,28110,22,0,130,200,1,0,4,11,03,1,1,300,300,7,0,0,0,1,2,4,1,10,2,1,1,1,1,8,1,3,2,1,I,561,3,1,3,6,3,6,4,4,9100,1,1,0,6,3,6,4,4,9100,1,1,0,6,3,6,4,4,9100,1,1,0,2025,3,8,4280000,2490000,1,1
202601,6,,0.비상권,28110,22,0,200,130,1,0,4,11,03,1,1,300,300,6,0,0,0,1,1,3,1,10,1,1,1,1,1,8,1,3,1,1,S,969,2,1,2,4,4,7,4,4,16400,1,1,0,4,4,7,4,4,16400,1,1,0,4,4,7,4,4,16400,1,1,0,2024,3,7,3740000,3440000,1,2
202601,6,,0.비상권,28110,22,0,200,130,1,0,4,11,03,1,1,300,300,6,0,0,0,1,1,3,1,10,1,1,1,1,1,8,1,3,2,1,S,969,2,1,2,4,3,6,4,3,9800,1,1,0,4,3,6,4,3,9800,1,1,0,4,3,6,4,3,9800,1,1,0,2024,3,7,3740000,3440000,1,2
202601,6,,0.비상권,28110,22,0,130,300,1,0,4,21,03,9,2,300,300,7,0,0,0,1,2,4,1,10,1,1,1,1,1,8,1,3,1,1,I,561,3,1,3,5,4,7,5,4,16200,1,1,0,5,4,7,5,4,16200,1,1,0,5,4,7,5,4,16200,1,1,0,2024,3,9,4020000,2440000,1,1
202601,6,,0.비상권,28110,22,0,130,300,1,0,4,21,03,9,2,300,300,7,0,0,0,1,2,4,1,10,1,1,1,1,1,8,1,3,2,2,0,999,3,1,3,1,1,1,4,3,8200,1,1,0,1,1,1,4,3,8200,1,1,0,1,1,1,4,3,8200,1,1,0,0,1,1,4020000,2440000,1,1
202601,6,,0.비상권,28110,14,0,200,0,1,0,1,51,04,9,1,480,210,4,0,0,0,1,1,2,1,9,1,1,1,1,1,8,1,3,1,1,G,472,1,1,1,3,3,7,3,3,17400,1,1,0,3,3,7,3,3,17400,1,1,0,3,3,7,3,3,17400,1,1,0,2025,3,10,3040000,3410000,1,3
202601,6,,0.비상권,28110,14,0,200,0,1,0,1,51,04,9,1,480,210,4,0,0,0,1,1,2,1,9,1,1,1,1,1,8,1,3,1,1,G,472,1,1,2,3,3,7,3,4,14900,1,1,0,3,3,7,3,4,14900,1,1,0,3,3,7,3,4,14900,1,1,0,2025,3,9,3040000,3410000,1,3
202601,6,,0.비상권,28140,14,0,0,0,1,0,1,11,03,10,2,100,80,5,0,0,0,1,2,3,1,10,2,1,1,1,1,8,1,3,1,1,G,473,2,1,2,5,5,8,5,5,23800,1,1,0,5,5,8,5,5,23800,1,1,0,5,5,8,5,5,23800,1,1,0,2024,3,10,4700000,2490000,1,3
202601,6,,0.비상권,28140,14,0,0,0,1,0,1,11,03,10,2,100,80,5,0,0,0,1,2,3,1,10,2,1,1,1,1,8,1,3,2,1,G,473,2,1,2,5,3,7,5,3,11500,1,1,0,5,3,7,5,3,11500,1,1,0,5,3,7,5,3,11500,1,1,0,2024,3,10,4700000,2490000,1,3
202601,6,,신포동,28140,22,0,300,0,1,0,1,11,03,1,1,500,500,7,0,0,0,1,2,4,1,10,2,1,1,1,1,8,1,3,1,1,G,474,3,1,3,6,3,7,6,3,10200,1,1,0,6,3,7,6,3,10200,1,1,0,6,3,7,6,3,10200,1,1,0,2025,3,9,4080000,2270000,1,1
202601,6,,신포동,28140,22,0,300,0,1,0,1,11,03,1,1,500,500,7,0,0,0,1,2,4,1,10,2,1,1,1,1,8,1,3,2,1,G,474,3,1,3,6,3,4,6,3,4900,1,1,0,6,3,4,6,3,4900,1,1,0,6,3,4,6,3,4900,1,1,0,2025,3,9,4080000,2270000,1,1
202601,6,,0.비상권,28140,16,0,0,0,1,0,1,11,04,6,2,없음,50,1,0,0,0,2,2,4,1,10,1,1,1,1,1,8,2,3,1,1,I,561,1,1,1,4,3,8,4,3,21200,1,1,0,4,3,8,4,3,21200,1,1,0,4,3,8,4,3,21200,1,1,0,2024,3,10,2300000,2300000,1,2
202601,6,,0.비상권,28140,16,0,0,0,1,0,1,11,04,6,2,없음,50,1,0,0,0,2,2,4,1,10,1,1,1,1,1,8,2,3,1,1,I,561,1,1,1,4,4,8,4,4,24500,1,1,0,4,4,8,4,4,24500,1,1,0,4,4,8,4,4,24500,1,1,0,2024,3,10,2300000,2300000,1,2
202601,6,,0.비상권,28140,16,0,0,0,1,0,1,11,04,6,2,없음,50,1,0,0,0,2,2,4,1,10,1,1,1,1,1,8,2,3,2,2,0,999,2,1,2,1,1,1,3,3,6200,1,1,0,1,1,1,3,3,6200,1,1,0,1,1,1,3,3,6200,1,1,0,0,1,1,2300000,2300000,1,2
202601,6,,0.비상권,28140,22,0,0,0,1,0,1,21,04,8,2,없음,200,3,0,0,0,2,2,4,1,10,1,1,1,1,1,8,2,3,1,1,I,561,3,1,3,4,4,7,4,4,9800,1,1,0,4,4,7,4,4,9800,1,1,0,4,4,7,4,4,9800,1,1,0,2025,3,10,3310000,2390000,1,1
202601,6,,0.비상권,28140,22,0,0,0,1,0,1,21,04,8,2,없음,200,3,0,0,0,2,2,4,1,10,1,1,1,1,1,8,2,3,2,2,0,999,3,1,3,1,1,1,4,3,8000,1,1,0,1,1,1,4,3,8000,1,1,0,1,1,1,4,3,8000,1,1,0,0,1,1,3310000,2390000,1,1
202601,6,,0.비상권,28177,16,0,0,0,1,0,1,21,03,2,1,없음,100,3,0,0,0,2,1,2,1,10,1,1,1,1,1,8,1,3,1,1,S,961,1,1,1,4,3,7,4,3,15300,1,1,0,4,3,7,4,3,15300,1,1,0,4,3,7,4,3,15300,1,1,0,2024,3,10,4230000,4570000,1,2
202601,6,,0.비상권,28177,16,0,0,0,1,0,1,21,03,2,1,없음,100,3,0,0,0,2,1,2,1,10,1,1,1,1,1,8,1,3,2,1,S,961,1,1,1,3,3,5,3,3,6700,1,1,0,3,3,5,3,3,6700,1,1,0,3,3,5,3,3,6700,1,1,0,2024,3,10,4230000,4570000,1,2
202601,6,,주안,28177,22,0,0,0,1,0,5,32,04,6,1,100,150,4,0,0,0,2,2,4,1,10,2,1,1,1,1,8,2,3,1,1,I,561,4,1,4,6,6,8,6,6,26900,2,1,0,6,6,8,6,6,26900,2,1,0,6,6,8,6,6,26900,2,1,0,2024,3,8,3430000,5710000,1,3
202601,6,,주안,28177,14,0,0,0,1,0,1,21,03,4,1,400,150,6,0,0,0,2,2,4,1,10,2,1,1,1,1,8,2,3,1,1,G,475,2,1,2,4,3,7,4,3,12900,1,1,0,4,3,7,4,3,12900,1,1,0,4,3,7,4,3,12900,1,1,0,2026,4,8,1870000,3200000,1,1
202601,6,,주안,28177,14,0,0,0,1,0,1,21,03,4,1,400,150,6,0,0,0,2,2,4,1,10,2,1,1,1,1,8,2,3,1,1,S,961,2,1,2,4,3,7,4,3,13200,1,1,0,4,3,7,4,3,13200,1,1,0,4,3,7,4,3,13200,1,1,0,2026,3,9,1870000,3200000,1,1
202601,6,,주안,28177,14,0,0,0,1,0,1,21,03,4,1,400,150,6,0,0,0,2,2,4,1,10,2,1,1,1,1,8,2,3,2,1,0,999,2,1,2,4,3,5,4,3,6600,1,1,0,4,3,5,4,3,6600,1,1,0,4,3,5,4,3,6600,1,1,0,2026,3,8,1870000,3200000,1,1
202601,6,,주안,28177,22,0,300,0,1,0,3,11,16,8,1,500,250,6,0,0,0,2,2,4,1,10,2,1,1,1,1,8,2,3,1,1,I,562,4,1,4,4,5,7,4,5,11800,1,1,0,4,5,7,4,5,11800,1,1,0,4,5,7,4,5,11800,1,1,0,2026,3,9,3650000,5090000,1,1
202601,6,,주안,28177,22,0,300,0,1,0,1,11,03,5,1,340,300,4,0,0,0,2,2,4,1,10,1,1,1,1,1,8,2,3,1,1,R,912,1,1,1,3,3,7,3,3,17100,1,1,0,3,3,7,3,3,17100,1,1,0,3,3,7,3,3,17100,1,1,0,2025,3,10,3460000,4120000,1,2
202601,6,,주안,28177,22,0,300,0,1,0,1,11,03,5,1,340,300,4,0,0,0,2,2,4,1,10,1,1,1,1,1,8,2,3,1,1,G,478,1,1,2,4,4,7,4,4,18200,1,1,0,4,4,7,4,4,18200,1,1,0,4,4,7,4,4,18200,1,1,0,2025,3,9,3460000,4120000,1,2
202601,6,,주안,28177,22,0,300,0,1,0,1,11,03,5,1,340,300,4,0,0,0,2,2,4,1,10,1,1,1,1,1,8,2,3,2,2,0,999,2,1,2,1,1,1,3,3,6600,1,1,0,1,1,1,3,3,6600,1,1,0,1,1,1,3,3,6600,1,1,0,0,1,1,3460000,4120000,1,2
202601,6,,주안,28177,22,0,300,0,1,0,1,21,04,8,2,480,350,4,0,0,0,2,2,4,1,10,1,1,1,1,1,8,2,3,1,1,I,561,3,1,3,4,4,7,4,4,9900,1,1,0,4,4,7,4,4,9900,1,1,0,4,4,7,4,4,9900,1,1,0,2024,3,10,4140000,2750000,1,2
202601,6,,주안,28177,22,0,300,0,1,0,1,21,04,8,2,480,350,4,0,0,0,2,2,4,1,10,1,1,1,1,1,8,2,3,2,2,0,999,3,1,3,1,1,1,5,3,6900,1,1,0,1,1,1,5,3,6900,1,1,0,1,1,1,5,3,6900,1,1,0,0,1,1,4140000,2750000,1,2
202601,6,,주안,28177,22,0,300,0,1,1,1,21,04,8,1,300,150,6,0,0,0,2,2,4,1,10,2,1,1,1,1,8,2,3,-1,1,I,562,1,1,1,1,3,7,1,3,17600,1,1,0,1,3,7,1,3,17600,1,1,0,1,3,7,1,3,17600,1,1,0,2025,3,8,7100000,9010000,1,3
202601,6,,주안,28177,22,0,300,0,1,1,1,21,04,8,1,300,150,6,0,0,0,2,2,4,1,10,2,1,1,1,1,8,2,3,1,1,I,562,4,1,4,7,6,9,7,6,36900,1,1,0,7,6,9,7,6,36900,1,1,0,7,6,9,7,6,36900,1,1,0,2025,3,8,7100000,9010000,1,3
202601,6,,주안,28177,22,0,300,0,1,0,1,11,04,1,1,400,150,5,0,0,0,2,1,3,1,10,1,1,1,1,1,8,2,3,1,1,I,561,3,1,3,6,6,9,6,6,30700,1,1,0,6,6,9,6,6,30700,1,1,0,6,6,9,6,6,30700,1,1,0,2024,3,8,8400000,15400000,1,3
202601,6,,주안,28177,22,0,300,0,1,0,1,11,03,1,1,150,100,4,0,0,0,2,2,4,1,10,2,1,1,1,1,8,2,3,1,1,I,561,2,1,2,4,4,7,4,4,13800,1,1,0,4,4,7,4,4,13800,1,1,0,4,4,7,4,4,13800,1,1,0,2026,4,9,4880000,4020000,1,1
202601,6,,주안,28177,22,0,300,0,1,0,1,11,03,1,1,150,100,4,0,0,0,2,2,4,1,10,2,1,1,1,1,8,2,3,2,1,0,999,2,1,3,3,3,4,4,3,5700,1,1,0,3,3,4,4,3,5700,1,1,0,3,3,4,4,3,5700,1,1,0,2026,3,8,4880000,4020000,1,1
202601,6,,주안,28177,22,0,300,0,1,0,1,11,04,5,1,250,50,8,0,0,0,2,1,3,1,10,1,1,1,1,1,8,2,3,1,1,N,759,3,1,3,4,4,7,4,4,12800,1,1,0,4,4,7,4,4,12800,1,1,0,4,4,7,4,4,12800,1,1,0,2025,3,10,3440000,7880000,1,2
202601,6,,0.비상권,28177,14,0,0,0,1,0,1,11,03,6,2,400,220,7,0,0,0,2,2,4,1,10,1,1,1,1,1,8,2,3,1,1,L,682,1,1,1,4,4,8,4,4,27300,1,1,0,4,4,8,4,4,27300,1,1,0,4,4,8,4,4,27300,1,1,0,2025,3,9,2630000,2320000,1,3
202601,6,,0.비상권,28177,14,0,0,0,1,0,1,11,03,6,2,400,220,7,0,0,0,2,2,4,1,10,1,1,1,1,1,8,2,3,1,1,G,472,2,1,2,4,4,7,4,4,20000,1,1,0,4,4,7,4,4,20000,1,1,0,4,4,7,4,4,20000,1,1,0,2025,3,10,2630000,2320000,1,3
202601,6,,0.비상권,28177,14,0,0,0,1,0,1,11,03,6,2,400,220,7,0,0,0,2,2,4,1,10,1,1,1,1,1,8,2,3,1,1,I,561,1,1,1,3,3,8,3,3,27400,1,1,0,3,3,8,3,3,27400,1,1,0,3,3,8,3,3,27400,1,1,0,2024,3,9,2630000,2320000,1,3
202601,6,,0.비상권,28177,14,0,0,0,1,0,1,11,03,6,2,400,220,7,0,0,0,2,2,4,1,10,1,1,1,1,1,8,2,3,2,2,0,999,3,1,3,1,1,1,5,3,6600,1,1,0,1,1,1,5,3,6600,1,1,0,1,1,1,5,3,6600,1,1,0,0,1,1,2630000,2320000,1,3
202601,6,,주안,28177,22,0,300,0,1,0,1,21,04,8,2,250,40,8,0,0,0,2,2,4,1,10,2,1,1,1,1,8,2,3,1,1,I,561,4,1,4,5,5,7,5,5,11300,1,1,0,5,5,7,5,5,11300,1,1,0,5,5,7,5,5,11300,1,1,0,2022,5,9,4780000,4000000,1,2
202601,6,,주안,28177,22,0,300,0,1,0,1,21,04,8,2,250,40,8,0,0,0,2,2,4,1,10,2,1,1,1,1,8,2,3,2,6,0,999,2,1,2,1,1,1,4,3,6100,1,1,1,1,1,1,4,3,6100,1,1,1,1,1,1,4,3,6100,1,1,1,0,1,1,4780000,4000000,1,2
202601,6,,주안,28177,22,0,120,300,1,0,5,31,04,7,1,400,50,4,0,0,0,2,2,4,1,10,2,1,1,1,1,8,2,3,1,1,I,562,4,1,4,5,5,7,5,5,14200,1,1,0,5,5,7,5,5,14200,1,1,0,5,5,7,5,5,14200,1,1,0,2025,3,9,5580000,9080000,1,2
202601,6,,주안,28177,22,0,120,300,1,0,1,21,03,1,1,250,50,1,0,0,0,1,2,4,1,10,2,1,1,1,1,8,1,3,1,1,G,474,3,1,3,6,6,9,6,6,32900,1,1,0,6,6,9,6,6,32900,1,1,0,6,6,9,6,6,32900,1,1,0,2024,3,9,9400000,5930000,1,3
202601,6,,주안,28177,22,0,120,300,1,0,1,21,03,1,1,250,50,1,0,0,0,1,2,4,1,10,2,1,1,1,1,8,1,3,2,1,S,961,3,1,3,4,4,7,4,4,10100,1,1,0,4,4,7,4,4,10100,1,1,0,4,4,7,4,4,10100,1,1,0,2024,3,10,9400000,5930000,1,3
202601,6,,0.비상권,28177,16,0,0,0,1,1,4,41,03,7,2,없음,300,4,0,0,0,2,2,4,2,9,2,1,1,1,1,8,2,3,-1,6,0,999,1,1,1,1,1,1,3,2,5600,1,1,1,1,1,1,3,2,5600,1,1,1,1,1,1,3,2,5600,1,1,1,0,1,1,4460000,3170000,1,3
202601,6,,0.비상권,28177,16,0,0,0,1,1,4,41,03,7,2,없음,300,4,0,0,0,2,2,4,2,9,2,1,1,1,1,8,2,3,1,1,G,474,3,1,4,7,6,9,7,6,35300,1,1,0,7,6,9,7,6,35300,1,1,0,7,6,9,7,6,35300,1,1,0,2025,3,5,4460000,3170000,1,3
202601,6,,0.비상권,28177,16,0,0,0,1,1,4,41,03,7,2,없음,300,4,0,0,0,2,2,4,2,9,2,1,1,1,1,8,2,3,2,1,S,949,4,1,4,6,5,6,6,5,8000,1,1,0,6,5,6,6,5,8000,1,1,0,6,5,6,6,5,8000,1,1,0,2024,3,10,4460000,3170000,1,3
202601,6,,0.비상권,28177,16,0,0,0,1,1,1,11,04,8,2,없음,300,5,0,0,0,2,2,4,1,10,2,1,1,1,1,8,2,3,-1,3,F,424,1,1,1,1,1,1,3,2,4400,1,1,0,1,1,1,3,2,4400,1,1,0,1,1,1,3,2,4400,1,1,0,2026,3,9,3240000,2670000,1,3
202601,6,,0.비상권,28177,16,0,0,0,1,1,1,11,04,8,2,없음,300,5,0,0,0,2,2,4,1,10,2,1,1,1,1,8,2,3,1,1,G,472,1,1,1,4,4,8,4,4,29300,1,1,0,4,4,8,4,4,29300,1,1,0,4,4,8,4,4,29300,1,1,0,2024,3,9,3240000,2670000,1,3
202601,6,,0.비상권,28177,16,0,0,0,1,1,1,11,04,8,2,없음,300,5,0,0,0,2,2,4,1,10,2,1,1,1,1,8,2,3,1,1,S,961,1,1,1,3,4,8,3,4,24600,1,1,0,3,4,8,3,4,24600,1,1,0,3,4,8,3,4,24600,1,1,0,2024,3,7,3240000,2670000,1,3
202601,6,,0.비상권,28177,16,0,0,0,1,1,1,11,04,8,2,없음,300,5,0,0,0,2,2,4,1,10,2,1,1,1,1,8,2,3,1,1,I,562,3,1,3,5,5,7,5,5,16200,1,1,0,5,5,7,5,5,16200,1,1,0,5,5,7,5,5,16200,1,1,0,2024,3,10,3240000,2670000,1,3
202601,6,,0.비상권,28177,16,0,0,0,1,1,1,11,04,8,2,없음,300,5,0,0,0,2,2,4,1,10,2,1,1,1,1,8,2,3,2,1,0,999,3,1,3,3,3,4,3,3,5100,1,1,0,3,3,4,3,3,5100,1,1,0,3,3,4,3,3,5100,1,1,0,2025,3,10,3240000,2670000,1,3
202601,6,,0.비상권,28177,16,0,0,0,1,1,1,11,04,1,1,없음,350,8,0,0,0,2,2,4,1,10,2,1,1,1,1,8,2,3,-1,1,I,561,1,1,1,3,2,4,3,2,5300,1,1,0,3,2,4,3,2,5300,1,1,0,3,2,4,3,2,5300,1,1,0,2024,3,6,2490000,2940000,1,1
202601,6,,0.비상권,28177,16,0,0,0,1,1,1,11,04,1,1,없음,350,8,0,0,0,2,2,4,1,10,2,1,1,1,1,8,2,3,1,1,I,561,3,1,3,5,5,7,5,5,18100,1,1,0,5,5,7,5,5,18100,1,1,0,5,5,7,5,5,18100,1,1,0,2024,3,6,2490000,2940000,1,1
202601,6,,0.비상권,28177,16,0,0,0,1,1,1,11,04,1,1,없음,350,8,0,0,0,2,2,4,1,10,2,1,1,1,1,8,2,3,2,1,0,999,2,1,2,6,3,5,3,3,7300,1,1,0,6,3,5,3,3,7300,1,1,0,6,3,5,3,3,7300,1,1,0,2026,3,9,2490000,2940000,1,1
202601,6,,0.비상권,28177,16,0,0,0,1,0,1,32,03,7,1,없음,14,3,0,0,0,2,2,4,1,9,2,1,1,1,1,8,2,3,1,1,I,561,4,1,4,6,6,7,6,6,19100,1,1,0,6,6,7,6,6,19100,1,1,0,6,6,7,6,6,19100,1,1,0,2025,3,8,3880000,4910000,1,1
202601,6,,0.비상권,28177,16,0,0,0,1,0,1,32,03,7,1,없음,14,3,0,0,0,2,2,4,1,9,2,1,1,1,1,8,2,3,2,1,I,561,1,1,1,3,3,6,3,3,9200,1,1,0,3,3,6,3,3,9200,1,1,0,3,3,6,3,3,9200,1,1,0,2025,3,8,3880000,4910000,1,1
202601,6,,0.비상권,28177,16,0,0,0,1,0,1,11,04,1,1,없음,450,8,0,0,0,2,1,3,1,10,1,1,1,1,1,8,2,3,1,1,I,561,3,1,3,5,5,7,5,5,17800,1,1,0,5,5,7,5,5,17800,1,1,0,5,5,7,5,5,17800,1,1,0,2025,3,10,2260000,3780000,1,3
202601,6,,0.비상권,28177,22,0,300,0,1,0,3,11,03,6,1,900,200,7,0,0,0,2,2,4,1,10,2,1,1,1,1,8,2,3,1,1,I,559,2,1,2,4,4,7,4,4,16800,1,1,0,4,4,7,4,4,16800,1,1,0,4,4,7,4,4,16800,1,1,0,2024,3,9,2440000,4180000,1,3
202601,6,,0.비상권,28177,22,0,300,0,1,0,3,11,03,6,1,900,200,7,0,0,0,2,2,4,1,10,2,1,1,1,1,8,2,3,1,1,I,561,1,1,1,4,4,8,4,4,20400,1,1,0,4,4,8,4,4,20400,1,1,0,4,4,8,4,4,20400,1,1,0,2024,3,10,2440000,4180000,1,3
202601,6,,0.비상권,28177,22,0,300,0,1,0,3,11,03,6,1,900,200,7,0,0,0,2,2,4,1,10,2,1,1,1,1,8,2,3,1,1,I,561,1,1,1,4,4,8,4,4,21800,1,1,0,4,4,8,4,4,21800,1,1,0,4,4,8,4,4,21800,1,1,0,2024,3,9,2440000,4180000,1,3
202601,6,,0.비상권,28177,22,0,300,0,1,0,3,11,03,6,1,900,200,7,0,0,0,2,2,4,1,10,2,1,1,1,1,8,2,3,1,1,I,561,1,1,1,4,4,8,4,4,21800,1,1,0,4,4,8,4,4,21800,1,1,0,4,4,8,4,4,21800,1,1,0,2026,3,9,2440000,4180000,1,3
202601,6,,0.비상권,28177,22,0,300,0,1,0,5,32,04,4,1,없음,150,7,0,0,0,3,2,4,1,10,2,1,1,1,1,13,3,3,1,1,I,561,4,1,4,6,6,7,6,6,17700,1,1,0,6,6,7,6,6,17700,1,1,0,6,6,7,6,6,17700,1,1,0,2024,3,9,2460000,7030000,1,2
202601,6,,0.비상권,28177,16,0,0,0,1,0,1,11,04,5,1,없음,200,6,0,0,0,2,1,3,1,10,1,1,1,1,1,8,2,3,1,1,I,561,3,1,3,4,4,7,4,4,12200,1,1,0,4,4,7,4,4,12200,1,1,0,4,4,7,4,4,12200,1,1,0,2026,3,10,2650000,5320000,1,1
202601,6,,주안,28177,22,0,120,300,1,0,8,21,04,7,2,580,330,3,0,1,0,2,2,4,2,9,2,1,1,1,1,8,2,3,1,1,L,682,1,1,1,5,4,9,5,4,33300,1,1,0,5,4,9,5,4,33300,1,1,0,5,4,9,5,4,33300,1,1,0,2025,3,10,6420000,5500000,1,2
202601,6,,주안,28177,22,0,120,300,1,0,8,21,04,7,2,580,330,3,0,1,0,2,2,4,2,9,2,1,1,1,1,8,2,3,1,1,G,473,2,1,2,6,5,9,6,5,33800,1,1,0,6,5,9,6,5,33800,1,1,0,6,5,9,6,5,33800,1,1,0,2023,4,10,6420000,5500000,1,2
202601,6,,주안,28177,22,0,120,300,1,0,8,21,04,7,2,580,330,3,0,1,0,2,2,4,2,9,2,1,1,1,1,8,2,3,2,1,S,961,3,1,4,4,5,7,5,5,12300,1,1,0,4,5,7,5,5,12300,1,1,0,4,5,7,5,5,12300,1,1,0,2026,3,10,6420000,5500000,1,2
202601,6,,주안,28177,22,0,120,300,1,0,8,21,03,6,2,470,100,2,0,0,0,2,2,4,1,10,2,1,1,1,1,8,2,3,1,1,G,478,2,1,3,5,5,8,5,5,26700,1,1,0,5,5,8,5,5,26700,1,1,0,5,5,8,5,5,26700,1,1,0,2025,3,10,5370000,6060000,1,2
202601,6,,주안,28177,22,0,120,300,1,0,8,21,03,6,2,470,100,2,0,0,0,2,2,4,1,10,2,1,1,1,1,8,2,3,2,1,G,478,2,1,3,4,4,7,4,4,14400,1,1,0,4,4,7,4,4,14400,1,1,0,4,4,7,4,4,14400,1,1,0,2025,3,10,5370000,6060000,1,2
202601,6,,주안,28177,22,0,300,0,1,0,7,31,04,8,2,500,100,6,0,1,0,2,2,4,1,10,1,2,1,1,1,8,2,3,1,6,0,999,4,1,4,1,1,1,5,5,10400,1,1,1,1,1,1,5,5,10400,1,1,1,1,1,1,5,5,10400,1,1,1,0,1,1,4480000,3160000,1,1
202601,6,,주안,28177,22,0,300,0,1,0,7,31,04,8,2,500,100,6,0,1,0,2,2,4,1,10,1,2,1,1,1,8,2,3,2,6,0,999,4,1,4,1,1,1,4,3,3400,1,1,1,1,1,1,4,3,3400,1,1,1,1,1,1,4,3,3400,1,1,1,0,1,1,4480000,3160000,1,1
202601,6,,주안,28177,22,0,300,0,1,0,1,11,04,1,1,390,100,8,0,0,0,2,1,3,1,10,1,1,1,1,1,8,2,3,1,1,I,561,3,1,3,4,4,7,4,4,13500,1,1,0,4,4,7,4,4,13500,1,1,0,4,4,7,4,4,13500,1,1,0,2025,3,8,3030000,7240000,1,2
202601,6,,주안,28177,22,0,120,300,1,0,6,21,04,7,2,371,11,3,0,0,0,2,2,4,1,10,2,1,1,1,1,8,2,3,1,1,F,423,2,1,2,4,4,8,4,4,19700,1,1,0,4,4,8,4,4,19700,1,1,0,4,4,8,4,4,19700,1,1,0,2025,3,8,4290000,3540000,1,3
202601,6,,주안,28177,22,0,120,300,1,0,6,21,04,7,2,371,11,3,0,0,0,2,2,4,1,10,2,1,1,1,1,8,2,3,1,1,G,478,3,1,3,6,5,8,6,5,23500,1,1,0,6,5,8,6,5,23500,1,1,0,6,5,8,6,5,23500,1,1,0,2025,3,8,4290000,3540000,1,3
202601,6,,주안,28177,22,0,120,300,1,0,6,21,04,7,2,371,11,3,0,0,0,2,2,4,1,10,2,1,1,1,1,8,2,3,2,1,S,969,4,1,4,4,4,5,5,4,7400,1,1,0,4,4,5,5,4,7400,1,1,0,4,4,5,5,4,7400,1,1,0,2025,3,10,4290000,3540000,1,3
202601,6,,주안,28177,22,0,300,0,1,0,1,21,04,8,2,310,150,8,0,0,0,2,2,4,2,8,2,1,1,1,1,8,2,3,1,1,I,561,2,1,2,5,4,7,5,4,12500,1,1,0,5,4,7,5,4,12500,1,1,0,5,4,7,5,4,12500,1,1,0,2023,4,9,3880000,2720000,1,1
202601,6,,주안,28177,22,0,300,0,1,0,1,21,04,8,2,310,150,8,0,0,0,2,2,4,2,8,2,1,1,1,1,8,2,3,1,1,I,561,2,1,2,5,4,7,5,4,12700,1,1,0,5,4,7,5,4,12700,1,1,0,5,4,7,5,4,12700,1,1,0,2023,4,8,3880000,2720000,1,1
202601,6,,주안,28177,22,0,300,0,1,0,1,21,04,8,2,310,150,8,0,0,0,2,2,4,2,8,2,1,1,1,1,8,2,3,2,1,I,562,3,1,4,4,4,5,4,4,6000,1,1,0,4,4,5,4,4,6000,1,1,0,4,4,5,4,4,6000,1,1,0,2023,4,9,3880000,2720000,1,1
202601,6,,주안,28177,14,0,0,0,1,0,1,11,03,1,1,490,330,7,0,0,0,1,2,3,1,8,2,1,1,1,1,8,1,3,1,1,I,561,1,1,1,3,3,7,3,3,10600,1,1,0,3,3,7,3,3,10600,1,1,0,3,3,7,3,3,10600,1,1,0,2025,3,10,3170000,2660000,1,3
202601,6,,주안,28177,14,0,0,0,1,0,1,11,03,1,1,490,330,7,0,0,0,1,2,3,1,8,2,1,1,1,1,8,1,3,1,1,S,961,1,1,2,3,3,7,3,3,10500,1,1,0,3,3,7,3,3,10500,1,1,0,3,3,7,3,3,10500,1,1,0,2024,3,9,3170000,2660000,1,3
202601,6,,주안,28177,14,0,0,0,1,0,1,11,03,1,1,490,330,7,0,0,0,1,2,3,1,8,2,1,1,1,1,8,1,3,2,1,0,999,2,1,2,3,3,4,3,3,4900,1,1,0,3,3,4,3,3,4900,1,1,0,3,3,4,3,3,4900,1,1,0,2024,3,8,3170000,2660000,1,3
202601,6,,주안,28177,22,0,300,0,1,0,1,21,03,6,2,500,150,8,0,0,0,2,2,4,1,8,2,1,1,1,1,8,2,3,1,1,I,562,1,1,2,4,3,7,4,3,12100,1,1,0,4,3,7,4,3,12100,1,1,0,4,3,7,4,3,12100,1,1,0,2026,4,8,3520000,2720000,1,2
202601,6,,주안,28177,22,0,300,0,1,0,1,21,03,6,2,500,150,8,0,0,0,2,2,4,1,8,2,1,1,1,1,8,2,3,1,1,I,561,1,1,2,4,3,7,4,3,12100,1,1,0,4,3,7,4,3,12100,1,1,0,4,3,7,4,3,12100,1,1,0,2025,3,9,3520000,2720000,1,2
202601,6,,주안,28177,22,0,300,0,1,0,1,21,03,6,2,500,150,8,0,0,0,2,2,4,1,8,2,1,1,1,1,8,2,3,2,1,0,999,2,1,2,3,3,5,3,3,6200,1,1,0,3,3,5,3,3,6200,1,1,0,3,3,5,3,3,6200,1,1,0,2025,3,9,3520000,2720000,1,2
202601,6,,주안,28177,22,14,300,0,1,1,1,21,03,8,2,355,128,7,0,0,0,2,2,4,1,10,2,1,1,1,1,8,2,3,-1,6,0,999,1,1,1,1,1,1,2,2,3600,1,1,1,1,1,1,2,2,3600,1,1,1,1,1,1,2,2,3600,1,1,1,0,1,1,4070000,2790000,1,2
202601,6,,주안,28177,22,14,300,0,1,1,1,21,03,8,2,355,128,7,0,0,0,2,2,4,1,10,2,1,1,1,1,8,2,3,1,1,S,951,2,1,3,4,4,6,4,4,12800,1,1,0,4,4,6,4,4,12800,1,1,0,4,4,6,4,4,12800,1,1,0,2025,3,10,4070000,2790000,1,2
202601,6,,주안,28177,22,14,300,0,1,1,1,21,03,8,2,355,128,7,0,0,0,2,2,4,1,10,2,1,1,1,1,8,2,3,1,1,S,949,2,1,2,4,4,7,4,4,13900,1,1,0,4,4,7,4,4,13900,1,1,0,4,4,7,4,4,13900,1,1,0,2025,3,9,4070000,2790000,1,2
202601,6,,주안,28177,22,14,300,0,1,1,1,21,03,8,2,355,128,7,0,0,0,2,2,4,1,10,2,1,1,1,1,8,2,3,2,2,0,999,3,1,3,1,1,1,5,3,5900,1,1,0,1,1,1,5,3,5900,1,1,0,1,1,1,5,3,5900,1,1,0,0,1,1,4070000,2790000,1,2
202601,6,,주안,28177,14,0,0,0,1,0,1,11,03,6,2,355,128,7,0,0,0,2,2,4,1,10,1,1,1,1,1,8,2,3,1,1,G,472,2,1,2,3,3,7,3,3,13300,1,1,0,3,3,7,3,3,13300,1,1,0,3,3,7,3,3,13300,1,1,0,2025,3,6,3980000,3790000,1,2
202601,6,,주안,28177,14,0,0,0,1,0,1,11,03,6,2,355,128,7,0,0,0,2,2,4,1,10,1,1,1,1,1,8,2,3,1,1,S,969,1,1,1,3,3,7,3,3,14100,1,1,0,3,3,7,3,3,14100,1,1,0,3,3,7,3,3,14100,1,1,0,2025,3,6,3980000,3790000,1,2
202601,6,,주안,28177,14,0,0,0,1,0,1,11,03,6,2,355,128,7,0,0,0,2,2,4,1,10,1,1,1,1,1,8,2,3,1,1,I,561,1,1,1,3,3,7,3,3,14000,1,1,0,3,3,7,3,3,14000,1,1,0,3,3,7,3,3,14000,1,1,0,2025,3,8,3980000,3790000,1,2
202601,6,,주안,28177,14,0,0,0,1,0,1,11,03,6,2,355,128,7,0,0,0,2,2,4,1,10,1,1,1,1,1,8,2,3,2,2,0,999,2,1,3,1,1,1,4,3,7800,1,1,0,1,1,1,4,3,7800,1,1,0,1,1,1,4,3,7800,1,1,0,0,1,1,3980000,3790000,1,2
202601,6,,주안,28177,14,0,0,0,1,0,1,21,03,1,1,250,200,9,0,0,0,2,2,4,1,10,1,1,1,1,1,8,2,3,1,1,I,561,3,1,3,4,5,7,4,5,14800,1,1,0,4,5,7,4,5,14800,1,1,0,4,5,7,4,5,14800,1,1,0,2025,3,9,2880000,2790000,1,2
202601,6,,주안,28177,14,0,0,0,1,0,1,21,03,1,1,250,200,9,0,0,0,2,2,4,1,10,1,1,1,1,1,8,2,3,2,2,0,999,2,1,2,1,1,1,4,3,9200,1,1,0,1,1,1,4,3,9200,1,1,0,1,1,1,4,3,9200,1,1,0,0,1,1,2880000,2790000,1,2
202601,6,,주안,28177,22,0,300,0,1,0,1,21,03,1,1,160,5,1,0,0,0,2,2,4,2,8,2,1,1,1,1,8,2,3,1,1,S,961,1,1,2,3,3,7,3,3,13500,1,1,0,3,3,7,3,3,13500,1,1,0,3,3,7,3,3,13500,1,1,0,2024,3,9,6870000,5160000,1,2
202601,6,,주안,28177,22,0,300,0,1,0,1,21,03,1,1,160,5,1,0,0,0,2,2,4,2,8,2,1,1,1,1,8,2,3,1,1,G,463,2,1,2,4,4,7,4,4,13300,1,1,0,4,4,7,4,4,13300,1,1,0,4,4,7,4,4,13300,1,1,0,2025,3,8,6870000,5160000,1,2
202601,6,,주안,28177,22,0,300,0,1,0,1,21,03,1,1,160,5,1,0,0,0,2,2,4,2,8,2,1,1,1,1,8,2,3,2,1,G,452,3,1,3,3,3,4,3,3,5300,1,1,0,3,3,4,3,3,5300,1,1,0,3,3,4,3,3,5300,1,1,0,2026,3,9,6870000,5160000,1,2
202601,6,,주안,28177,22,0,300,0,1,0,2,21,04,9,1,220,100,5,0,0,0,2,2,4,2,9,2,1,1,1,1,8,2,3,1,1,I,561,4,2,4,7,6,7,7,6,14900,1,1,0,7,6,7,7,6,14900,1,1,0,7,6,7,7,6,14900,1,1,0,2025,3,4,5730000,5770000,1,2
202601,6,,주안,28177,22,0,120,300,1,1,1,21,03,6,2,209,118,1,0,0,0,2,2,4,2,9,1,2,1,1,1,8,2,3,-1,6,0,999,3,1,4,1,1,1,3,3,3300,1,1,1,1,1,1,3,3,3300,1,1,1,1,1,1,3,3,3300,1,1,1,0,1,1,7240000,4000000,1,1
202601,6,,주안,28177,22,0,120,300,1,1,1,21,03,6,2,209,118,1,0,0,0,2,2,4,2,9,1,2,1,1,1,8,2,3,1,1,I,561,3,1,3,5,5,7,5,5,14800,1,1,0,5,5,7,5,5,14800,1,1,0,5,5,7,5,5,14800,1,1,0,2024,3,8,7240000,4000000,1,1
202601,6,,주안,28177,22,0,120,300,1,1,1,21,03,6,2,209,118,1,0,0,0,2,2,4,2,9,1,2,1,1,1,8,2,3,2,2,0,999,3,1,3,1,1,1,5,4,8300,1,1,0,1,1,1,5,4,8300,1,1,0,1,1,1,5,4,8300,1,1,0,0,1,1,7240000,4000000,1,1
202601,6,,0.비상권,28200,14,0,0,0,1,1,2,11,03,5,1,359,201,6,0,0,0,2,2,4,2,9,2,1,1,1,1,8,2,3,-1,3,R,901,2,1,2,1,1,1,5,3,9300,1,1,0,1,1,1,5,3,9300,1,1,0,1,1,1,5,3,9300,1,1,0,2026,3,10,3470000,2910000,1,1
202601,6,,0.비상권,28200,14,0,0,0,1,1,2,11,03,5,1,359,201,6,0,0,0,2,2,4,2,9,2,1,1,1,1,8,2,3,1,1,I,562,3,1,3,6,5,7,6,5,19100,1,1,0,6,5,7,6,5,19100,1,1,0,6,5,7,6,5,19100,1,1,0,2026,3,10,3470000,2910000,1,1
202601,6,,0.비상권,28200,14,0,0,0,1,1,2,11,03,5,1,359,201,6,0,0,0,2,2,4,2,9,2,1,1,1,1,8,2,3,2,1,I,562,3,1,3,5,5,7,5,5,15400,1,1,0,5,5,7,5,5,15400,1,1,0,5,5,7,5,5,15400,1,1,0,2026,3,10,3470000,2910000,1,1
202601,6,,구월,28200,14,0,0,0,1,0,3,11,03,6,1,950,100,2,0,0,0,3,2,4,1,10,2,1,1,1,1,8,3,3,1,1,G,466,2,1,2,5,4,8,5,4,23100,1,1,0,5,4,8,5,4,23100,1,1,0,5,4,8,5,4,23100,1,1,0,2024,3,9,5850000,12000000,1,2
202601,6,,구월,28200,14,0,0,0,1,0,3,11,03,6,1,950,100,2,0,0,0,3,2,4,1,10,2,1,1,1,1,8,3,3,1,1,G,466,2,1,2,5,4,8,5,4,23100,1,1,0,5,4,8,5,4,23100,1,1,0,5,4,8,5,4,23100,1,1,0,2024,3,4,5850000,12000000,1,2
202601,6,,구월,28200,14,0,0,0,1,0,3,11,03,6,1,950,100,2,0,0,0,3,2,4,1,10,2,1,1,1,1,8,3,3,1,1,G,466,2,1,2,5,4,8,5,4,22900,1,1,0,5,4,8,5,4,22900,1,1,0,5,4,8,5,4,22900,1,1,0,2024,3,6,5850000,12000000,1,2
202601,6,,구월,28200,14,0,0,0,1,0,3,11,03,6,1,950,100,2,0,0,0,3,2,4,1,10,2,1,1,1,1,8,3,3,1,1,G,466,2,1,2,5,4,8,5,4,23300,1,1,0,5,4,8,5,4,23300,1,1,0,5,4,8,5,4,23300,1,1,0,2025,3,8,5850000,12000000,1,2
202601,6,,구월,28200,14,0,0,0,1,0,5,21,04,6,2,350,350,7,0,1,0,1,2,3,1,8,2,1,1,1,1,8,1,2,1,1,S,961,2,1,2,6,4,8,6,4,20400,1,1,0,6,4,8,6,4,20400,1,1,0,6,4,8,6,4,20400,1,1,0,2025,3,8,5570000,4750000,1,3
202601,6,,구월,28200,14,0,0,0,1,0,5,21,04,6,2,350,350,7,0,1,0,1,2,3,1,8,2,1,1,1,1,8,1,2,2,1,S,961,2,1,2,4,4,7,4,4,11600,1,1,0,4,4,7,4,4,11600,1,1,0,4,4,7,4,4,11600,1,1,0,2025,3,10,5570000,4750000,1,3
202601,6,,구월,28200,14,0,0,0,1,0,4,21,04,6,1,500,150,7,0,1,0,3,2,4,1,10,2,1,2,1,1,8,3,3,1,1,I,561,4,1,4,6,6,7,6,6,15900,1,1,0,6,6,7,6,6,15900,1,1,0,6,6,7,6,6,15900,1,1,0,2024,3,8,4400000,4610000,1,1
202601,6,,구월,28200,14,0,0,0,1,0,4,21,04,6,1,500,150,7,0,1,0,3,2,4,1,10,2,1,2,1,1,8,3,3,2,2,0,999,4,1,4,1,1,1,8,1,11200,1,1,0,1,1,1,8,1,11200,1,1,0,1,1,1,8,1,11200,1,1,0,0,1,1,4400000,4610000,1,1
202601,6,,구월,28200,14,0,0,0,1,0,8,21,03,6,2,520,없음,6,1,0,0,2,2,4,1,10,1,2,1,1,1,8,2,3,1,6,0,999,4,1,4,1,1,1,6,6,18600,1,1,1,1,1,1,6,6,18600,1,1,1,1,1,1,6,6,18600,1,1,1,0,1,1,4400000,3730000,1,3
202601,6,,구월,28200,14,0,0,0,1,0,8,21,03,6,2,520,없음,6,1,0,0,2,2,4,1,10,1,2,1,1,1,8,2,3,2,6,0,999,4,1,4,1,1,1,6,4,8700,1,1,1,1,1,1,6,4,8700,1,1,1,1,1,1,6,4,8700,1,1,1,0,1,1,4400000,3730000,1,3
202601,6,,구월,28200,14,0,0,0,1,0,3,11,03,6,1,538,159,7,0,0,0,2,1,3,1,10,1,1,1,1,1,8,2,3,1,1,I,561,2,1,2,6,4,7,6,4,17400,1,1,0,6,4,7,6,4,17400,1,1,0,6,4,7,6,4,17400,1,1,0,2024,3,10,3830000,6520000,1,3
202601,6,,구월,28200,14,0,0,0,1,0,3,11,03,6,1,538,159,7,0,0,0,2,1,3,1,10,1,1,1,1,1,8,2,3,1,1,I,562,2,1,2,4,4,7,4,4,17900,1,1,0,4,4,7,4,4,17900,1,1,0,4,4,7,4,4,17900,1,1,0,2024,3,10,3830000,6520000,1,3
202601,6,,구월,28200,14,0,0,0,1,0,3,32,03,6,1,680,270,5,0,1,0,3,2,4,1,10,2,1,1,1,1,8,3,2,1,1,I,562,4,1,4,6,5,7,5,5,14800,1,1,0,6,5,7,5,5,14800,1,1,0,6,5,7,5,5,14800,1,1,0,2025,3,10,5050000,8420000,1,2
202601,6,,구월,28200,14,0,0,0,1,0,3,32,03,6,1,680,270,5,0,1,0,3,2,4,1,10,2,1,1,1,1,8,3,2,1,1,I,561,3,1,3,6,5,7,5,4,14200,1,1,0,6,5,7,5,4,14200,1,1,0,6,5,7,5,4,14200,1,1,0,2024,3,9,5050000,8420000,1,2
202601,6,,구월,28200,14,0,0,0,1,0,3,32,03,6,1,680,270,5,0,1,0,3,2,4,1,10,2,1,1,1,1,8,3,2,1,1,L,682,2,1,2,4,4,8,4,4,20100,1,1,0,4,4,8,4,4,20100,1,1,0,4,4,8,4,4,20100,1,1,0,2025,3,7,5050000,8420000,1,2
202601,6,,구월,28200,14,0,0,0,1,1,3,21,03,5,1,500,100,6,0,1,0,2,2,4,2,9,2,1,1,1,1,8,2,3,-1,1,I,561,4,1,4,4,4,5,4,4,7100,1,1,0,4,4,5,4,4,7100,1,1,0,4,4,5,4,4,7100,1,1,0,2026,3,10,6000000,3630000,1,3
202601,6,,구월,28200,14,0,0,0,1,1,3,21,03,5,1,500,100,6,0,1,0,2,2,4,2,9,2,1,1,1,1,8,2,3,1,1,I,561,3,1,3,6,6,9,6,6,35400,1,1,0,6,6,9,6,6,35400,1,1,0,6,6,9,6,6,35400,1,1,0,2026,3,10,6000000,3630000,1,3
202601,6,,구월,28200,14,0,0,0,1,1,3,21,03,5,1,500,100,6,0,1,0,2,2,4,2,9,2,1,1,1,1,8,2,3,2,1,I,561,3,1,3,5,5,7,5,5,14800,1,1,0,5,5,7,5,5,14800,1,1,0,5,5,7,5,5,14800,1,1,0,2026,3,10,6000000,3630000,1,3
202601,6,,구월,28200,14,0,0,0,1,1,4,21,03,6,2,400,100,6,0,0,0,2,2,4,1,9,2,1,1,1,1,8,2,3,-1,1,I,562,3,1,3,4,4,7,4,4,9600,1,1,0,4,4,7,4,4,9600,1,1,0,4,4,7,4,4,9600,1,1,0,2025,3,10,6160000,3350000,1,3
202601,6,,구월,28200,14,0,0,0,1,1,4,21,03,6,2,400,100,6,0,0,0,2,2,4,1,9,2,1,1,1,1,8,2,3,1,1,I,562,2,1,3,6,5,8,6,5,26600,1,1,0,6,5,8,6,5,26600,1,1,0,6,5,8,6,5,26600,1,1,0,2025,3,10,6160000,3350000,1,3
202601,6,,구월,28200,14,0,0,0,1,1,4,21,03,6,2,400,100,6,0,0,0,2,2,4,1,9,2,1,1,1,1,8,2,3,2,1,S,961,2,1,2,5,4,7,5,4,14300,1,1,0,5,4,7,5,4,14300,1,1,0,5,4,7,5,4,14300,1,1,0,2025,3,10,6160000,3350000,1,3
202601,6,,0.비상권,28200,16,0,0,0,1,0,3,21,04,6,2,없음,100,4,0,0,0,2,2,4,1,10,2,1,1,1,1,8,2,3,1,1,I,561,3,1,3,5,5,7,5,5,17200,1,1,0,5,5,7,5,5,17200,1,1,0,5,5,7,5,5,17200,1,1,0,2024,3,10,4860000,4440000,1,3
202601,6,,0.비상권,28200,16,0,0,0,1,0,3,21,04,6,2,없음,100,4,0,0,0,2,2,4,1,10,2,1,1,1,1,8,2,3,2,1,I,562,3,1,3,5,4,6,5,4,9100,1,1,0,5,4,6,5,4,9100,1,1,0,5,4,6,5,4,9100,1,1,0,2024,3,10,4860000,4440000,1,3
202601,6,,0.비상권,28200,14,0,0,0,1,0,1,11,04,1,1,500,100,4,0,0,0,2,1,3,1,10,1,1,1,1,1,8,2,3,1,1,I,562,3,1,3,5,5,8,5,6,28300,1,1,0,5,5,8,5,6,28300,1,1,0,5,5,8,5,6,28300,1,1,0,2025,2,10,4200000,6670000,1,2
202601,6,,간석오거리,28200,22,0,300,0,1,0,1,21,07,1,1,800,50,6,0,0,0,1,1,2,1,10,1,1,1,1,1,8,1,3,1,1,G,472,1,1,1,5,4,9,5,4,40100,1,1,0,5,4,9,5,4,40100,1,1,0,5,4,9,5,4,40100,1,1,0,2026,3,9,5460000,2720000,1,3
202601,6,,간석오거리,28200,22,0,300,0,1,0,1,21,07,1,1,800,50,6,0,0,0,1,1,2,1,10,1,1,1,1,1,8,1,3,2,1,G,463,1,1,1,3,3,6,3,3,8800,1,1,0,3,3,6,3,3,8800,1,1,0,3,3,6,3,3,8800,1,1,0,2026,3,9,5460000,2720000,1,3
202601,6,,간석오거리,28200,22,0,300,999,1,0,1,21,07,1,1,700,10,1,0,0,0,1,1,2,1,9,1,1,1,1,1,8,1,3,1,1,L,682,1,1,1,4,4,9,4,4,39300,1,1,0,4,4,9,4,4,39300,1,1,0,4,4,9,4,4,39300,1,1,0,2025,3,7,6740000,3360000,1,3
202601,6,,간석오거리,28200,22,0,300,999,1,0,1,21,07,1,1,700,10,1,0,0,0,1,1,2,1,9,1,1,1,1,1,8,1,3,2,1,L,682,1,1,1,3,3,6,3,3,10200,1,1,0,3,3,6,3,3,10200,1,1,0,3,3,6,3,3,10200,1,1,0,2025,3,7,6740000,3360000,1,3
202601,6,,간석오거리,28200,22,0,120,300,1,0,1,21,07,10,1,600,50,8,0,0,0,1,1,2,1,10,1,1,1,1,1,8,1,3,1,6,0,999,1,1,1,1,1,1,4,3,15400,1,1,1,1,1,1,4,3,15400,1,1,1,1,1,1,4,3,15400,1,1,1,0,1,1,5690000,2850000,1,3
202601,6,,간석오거리,28200,22,0,120,300,1,0,1,21,07,10,1,600,50,8,0,0,0,1,1,2,1,10,1,1,1,1,1,8,1,3,2,6,0,999,1,1,1,1,1,1,3,3,7500,1,1,1,1,1,1,3,3,7500,1,1,1,1,1,1,3,3,7500,1,1,1,0,1,1,5690000,2850000,1,3
202601,6,,간석오거리,28200,22,0,300,0,1,1,1,21,04,8,2,620,160,4,0,0,0,2,2,4,1,10,2,1,2,1,1,8,2,3,-1,1,I,562,2,1,3,3,3,4,3,3,4600,1,1,0,3,3,4,3,3,4600,1,1,0,3,3,4,3,3,4600,1,1,0,2026,3,9,5130000,3390000,1,3
202601,6,,간석오거리,28200,22,0,300,0,1,1,1,21,04,8,2,620,160,4,0,0,0,2,2,4,1,10,2,1,2,1,1,8,2,3,1,1,I,561,2,1,3,5,5,8,5,5,21700,1,1,0,5,5,8,5,5,21700,1,1,0,5,5,8,5,5,21700,1,1,0,2026,5,10,5130000,3390000,1,3
202601,6,,간석오거리,28200,22,0,300,0,1,1,1,21,04,8,2,620,160,4,0,0,0,2,2,4,1,10,2,1,2,1,1,8,2,3,1,1,I,561,2,1,3,5,5,8,5,5,21800,1,1,0,5,5,8,5,5,21800,1,1,0,5,5,8,5,5,21800,1,1,0,2023,5,5,5130000,3390000,1,3
202601,6,,간석오거리,28200,22,0,300,0,1,1,1,21,04,8,2,620,160,4,0,0,0,2,2,4,1,10,2,1,2,1,1,8,2,3,2,2,0,999,3,1,4,1,1,1,5,4,9200,1,1,0,1,1,1,5,4,9200,1,1,0,1,1,1,5,4,9200,1,1,0,0,1,1,5130000,3390000,1,3
202601,6,,간석오거리,28200,22,0,300,0,1,0,3,19,03,7,1,560,340,4,0,1,0,2,2,4,1,10,2,1,1,1,1,8,2,3,1,1,P,855,2,1,2,4,4,8,4,4,22000,1,1,0,4,4,8,4,4,22000,1,1,0,4,4,8,4,4,22000,1,1,0,2024,3,10,4450000,7500000,1,3
202601,6,,간석오거리,28200,22,0,300,0,1,0,3,19,03,7,1,560,340,4,0,1,0,2,2,4,1,10,2,1,1,1,1,8,2,3,1,1,S,961,2,1,2,4,4,8,4,4,22000,1,1,0,4,4,8,4,4,22000,1,1,0,4,4,8,4,4,22000,1,1,0,2024,3,8,4450000,7500000,1,3
202601,6,,간석오거리,28200,22,0,300,0,1,0,3,19,03,7,1,560,340,4,0,1,0,2,2,4,1,10,2,1,1,1,1,8,2,3,1,1,I,562,2,1,2,4,4,8,4,4,22000,1,1,0,4,4,8,4,4,22000,1,1,0,4,4,8,4,4,22000,1,1,0,2025,3,9,4450000,7500000,1,3
202601,6,,간석오거리,28200,22,0,300,0,1,0,3,19,03,7,1,560,340,4,0,1,0,2,2,4,1,10,2,1,1,1,1,8,2,3,1,1,I,561,2,1,2,4,4,8,4,4,24300,1,1,0,4,4,8,4,4,24300,1,1,0,4,4,8,4,4,24300,1,1,0,2025,3,8,4450000,7500000,1,3
202601,6,,간석오거리,28200,22,0,120,300,1,0,3,11,04,5,1,100,250,2,0,0,0,3,2,4,1,10,2,1,1,1,1,8,3,2,1,1,G,466,2,1,2,6,5,8,6,5,29700,1,1,0,6,5,8,6,5,29700,1,1,0,6,5,8,6,5,29700,1,1,0,2022,5,9,4070000,10270000,1,3
202601,6,,간석오거리,28200,22,0,120,300,1,0,3,11,04,5,1,100,250,2,0,0,0,3,2,4,1,10,2,1,1,1,1,8,3,2,1,1,S,969,3,1,4,6,5,8,6,5,20100,2,1,0,6,5,8,6,5,20100,2,1,0,6,5,8,6,5,20100,2,1,0,2025,5,7,4070000,10270000,1,3
202601,6,,간석오거리,28200,22,0,120,300,1,0,3,21,03,8,1,500,50,1,0,0,0,2,2,4,1,10,2,1,1,1,1,8,2,2,1,1,I,561,4,1,4,6,5,7,6,5,10600,1,1,0,6,5,7,6,5,10600,1,1,0,6,5,7,6,5,10600,1,1,0,2026,3,9,7430000,10950000,1,3
202601,6,,간석오거리,28200,22,0,120,300,1,0,1,21,03,7,2,400,50,1,0,0,0,2,2,4,1,10,2,1,1,1,1,8,2,2,1,1,G,478,4,1,4,6,6,8,6,6,21100,1,1,0,6,6,8,6,6,21100,1,1,0,6,6,8,6,6,21100,1,1,0,2025,3,6,4410000,4190000,1,3
202601,6,,간석오거리,28200,22,0,120,300,1,0,1,21,03,7,2,400,50,1,0,0,0,2,2,4,1,10,2,1,1,1,1,8,2,2,2,1,R,912,3,1,3,4,4,7,4,4,10400,1,1,0,4,4,7,4,4,10400,1,1,0,4,4,7,4,4,10400,1,1,0,2025,3,8,4410000,4190000,1,3
202601,6,,간석오거리,28200,16,0,0,0,1,0,3,11,03,5,1,250,50,2,0,0,0,2,2,4,1,10,2,1,1,1,1,8,2,3,1,1,G,468,4,1,4,6,5,7,6,5,12500,1,1,0,6,5,7,6,5,12500,1,1,0,6,5,7,6,5,12400,1,1,0,2025,3,8,4380000,10360000,1,3
202601,6,,간석오거리,28200,22,0,120,300,1,1,3,11,03,6,1,82,103,2,0,1,0,3,2,4,1,10,2,1,1,1,1,8,3,3,-1,6,0,999,3,1,3,1,1,1,3,3,5200,1,1,1,1,1,1,3,3,5200,1,1,1,1,1,1,3,3,5200,1,1,1,0,1,1,4930000,7970000,1,3
202601,6,,간석오거리,28200,22,0,120,300,1,1,3,11,03,6,1,82,103,2,0,1,0,3,2,4,1,10,2,1,1,1,1,8,3,3,1,1,G,466,3,1,3,5,5,7,5,5,13400,1,1,0,5,5,7,5,5,13400,1,1,0,5,5,7,5,5,13400,1,1,0,2024,3,9,4930000,7970000,1,3
202601,6,,간석오거리,28200,22,0,120,300,1,1,3,11,03,6,1,82,103,2,0,1,0,3,2,4,1,10,2,1,1,1,1,8,3,3,1,1,I,561,4,1,4,6,5,7,6,5,13400,1,1,0,6,5,7,6,5,13400,1,1,0,6,5,7,6,5,13400,1,1,0,2025,3,10,4930000,7970000,1,3
202601,6,,0.비상권,28200,14,0,0,0,1,0,3,21,03,6,2,800,300,3,0,0,0,2,2,4,1,10,1,2,1,1,1,8,2,3,1,6,0,999,3,1,3,1,1,1,4,4,13100,1,1,1,1,1,1,4,4,13100,1,1,1,1,1,1,4,4,13100,1,1,1,0,1,1,3910000,3580000,1,2
202601,6,,0.비상권,28200,14,0,0,0,1,0,3,21,03,6,2,800,300,3,0,0,0,2,2,4,1,10,1,2,1,1,1,8,2,3,2,6,0,999,3,1,3,1,1,1,4,3,7900,1,1,1,1,1,1,4,3,7900,1,1,1,1,1,1,4,3,7900,1,1,1,0,1,1,3910000,3580000,1,2
202601,6,,0.비상권,28200,14,0,0,0,1,0,4,21,03,6,2,550,50,1,0,0,0,2,2,4,1,9,2,1,1,1,1,8,2,3,1,1,G,476,2,1,3,4,4,6,4,4,8700,1,1,0,4,4,6,4,4,8700,1,1,0,4,4,6,4,4,8700,1,1,0,2026,3,10,4400000,3690000,1,2
202601,6,,0.비상권,28200,14,0,0,0,1,0,4,21,03,6,2,550,50,1,0,0,0,2,2,4,1,9,2,1,1,1,1,8,2,3,2,1,I,562,2,1,3,3,3,4,3,3,5500,1,1,0,3,3,4,3,3,5500,1,1,0,3,3,4,3,3,5500,1,1,0,2025,3,9,4400000,3690000,1,2
202601,6,,간석오거리,28200,22,0,300,0,1,0,3,21,03,8,1,230,44,7,0,0,0,2,2,4,1,10,2,1,1,1,1,8,2,3,1,1,I,561,2,1,2,3,4,7,3,4,15300,1,1,0,3,4,7,3,4,15300,1,1,0,3,4,7,3,4,15300,1,1,0,2025,3,10,4690000,6030000,1,3
202601,6,,간석오거리,28200,22,0,300,0,1,0,3,21,03,8,1,230,44,7,0,0,0,2,2,4,1,10,2,1,1,1,1,8,2,3,1,1,I,562,2,1,2,3,4,7,3,4,17900,1,1,0,3,4,7,3,4,17900,1,1,0,3,4,7,3,4,17900,1,1,0,2025,3,10,4690000,6030000,1,3
202601,6,,간석오거리,28200,22,0,300,0,1,0,3,21,03,8,1,230,44,7,0,0,0,2,2,4,1,10,2,1,1,1,1,8,2,3,1,1,I,561,4,1,4,5,5,7,5,5,13400,1,1,0,5,5,7,5,5,13400,1,1,0,5,5,7,5,5,13400,1,1,0,2025,3,10,4690000,6030000,1,3
202601,6,,0.비상권,28200,14,0,0,0,1,0,7,21,04,7,1,없음,105,8,0,0,0,1,1,2,1,10,1,1,1,1,1,8,1,3,1,1,I,561,2,1,2,5,4,7,5,4,12000,1,1,0,5,4,7,5,4,12000,1,1,0,5,4,7,5,4,12000,1,1,0,2025,3,10,3750000,5400000,1,2
202601,6,,부평,28237,22,0,120,300,1,1,1,21,03,1,1,552,213,2,0,0,0,2,2,4,1,10,1,2,1,1,1,8,2,3,-1,6,0,999,1,1,1,1,1,1,2,2,7900,1,1,1,1,1,1,2,2,7900,1,1,1,1,1,1,2,2,7900,1,1,1,0,1,1,9150000,6620000,1,1
202601,6,,부평,28237,22,0,120,300,1,1,1,21,03,1,1,552,213,2,0,0,0,2,2,4,1,10,1,2,1,1,1,8,2,3,1,1,I,561,3,1,3,6,6,9,6,6,36700,1,1,0,6,6,9,6,6,36700,1,1,0,6,6,9,6,6,36700,1,1,0,2025,3,10,9150000,6620000,1,1
202601,6,,부평,28237,22,0,120,300,1,1,1,21,03,1,1,552,213,2,0,0,0,2,2,4,1,10,1,2,1,1,1,8,2,3,2,6,0,999,3,1,4,1,1,1,6,5,20400,1,1,1,1,1,1,6,5,20400,1,1,1,1,1,1,6,5,20400,1,1,1,0,1,1,9150000,6620000,1,1
202601,6,,부평,28237,14,0,0,0,1,0,6,32,04,4,1,없음,20,1,0,1,0,3,2,4,1,10,2,1,1,1,1,8,3,3,1,1,S,969,4,1,4,6,6,9,6,6,33900,1,1,0,6,6,9,6,6,33900,1,1,0,6,6,9,6,6,33900,1,1,0,2024,3,9,4850000,11920000,1,3
202601,6,,부평,28237,14,0,0,0,1,0,6,32,04,4,1,없음,20,1,0,1,0,3,2,4,1,10,2,1,1,1,1,8,3,3,2,1,S,969,1,1,1,5,3,8,5,3,20400,1,1,0,5,3,8,5,3,20400,1,1,0,5,3,8,5,3,20400,1,1,0,2024,3,9,4850000,11920000,1,3
202601,6,,부평,28237,14,0,0,0,1,0,5,31,04,6,2,950,55,3,1,0,0,2,2,4,1,9,2,1,1,1,1,8,2,3,1,1,G,452,2,1,3,6,5,9,6,6,32400,1,1,0,6,5,9,6,6,32400,1,1,0,6,5,9,6,6,32400,1,1,0,2025,3,7,4830000,4480000,1,2
202601,6,,부평,28237,14,0,0,0,1,0,5,31,04,6,2,950,55,3,1,0,0,2,2,4,1,9,2,1,1,1,1,8,2,3,2,1,G,452,2,1,3,3,3,5,3,3,7300,1,1,0,3,3,5,3,3,7300,1,1,0,3,3,5,3,3,7300,1,1,0,2025,3,7,4830000,4480000,1,2
202601,6,,부평,28237,22,0,300,0,1,0,1,11,04,6,1,900,150,7,0,0,0,2,1,3,1,10,1,1,1,1,1,8,2,3,1,1,I,561,3,1,3,6,6,8,6,6,28500,1,1,0,6,6,8,6,6,28500,1,1,0,6,6,8,6,6,28500,1,1,0,2026,3,5,4800000,9100000,1,2
202601,6,,부평,28237,22,0,300,0,1,0,5,21,04,8,1,800,10,4,0,0,0,2,2,4,1,10,2,1,1,1,1,8,2,3,1,1,R,912,4,1,4,6,6,8,6,6,25200,1,1,0,6,6,8,6,6,25200,1,1,0,6,6,8,6,6,25200,1,1,0,2024,3,9,7240000,8020000,1,1
202601,6,,부평,28237,22,0,300,0,1,0,5,21,04,8,1,800,10,4,0,0,0,2,2,4,1,10,2,1,1,1,1,8,2,3,2,1,R,912,1,1,1,3,3,7,3,3,10900,1,1,0,3,3,7,3,3,10900,1,1,0,3,3,7,3,3,10900,1,1,0,2024,3,9,7240000,8020000,1,1
202601,6,,부평,28237,22,0,300,0,1,0,3,21,04,8,2,230,130,6,0,0,0,1,2,3,1,8,2,1,1,1,1,8,1,3,1,1,I,561,2,1,2,6,6,9,6,6,44600,1,1,0,6,6,9,6,6,44600,1,1,0,6,6,9,6,6,44600,1,1,0,2024,3,7,11290000,7350000,1,2
202601,6,,부평,28237,22,0,300,0,1,0,3,21,04,8,2,230,130,6,0,0,0,1,2,3,1,8,2,1,1,1,1,8,1,3,2,1,I,561,2,1,2,6,5,8,6,5,20500,1,1,0,6,5,8,6,5,20500,1,1,0,6,5,8,6,5,20500,1,1,0,2026,3,6,11290000,7350000,1,2
202601,6,,부평,28237,22,0,300,0,1,0,1,11,04,8,2,100,50,6,0,1,0,2,2,4,2,9,1,2,1,1,1,8,2,3,1,6,0,999,4,1,4,1,1,1,7,7,47400,1,1,1,1,1,1,7,7,47400,1,1,1,1,1,1,7,7,47400,1,1,1,0,1,1,9690000,7280000,1,2
202601,6,,부평,28237,22,0,300,0,1,0,1,11,04,8,2,100,50,6,0,1,0,2,2,4,2,9,1,2,1,1,1,8,2,3,2,6,0,999,3,1,3,1,1,1,5,5,23300,1,1,1,1,1,1,5,5,23300,1,1,1,1,1,1,5,5,23300,1,1,1,0,1,1,9690000,7280000,1,2
202601,6,,부평,28237,22,0,120,300,1,0,1,32,03,8,2,20,100,5,0,0,0,2,2,4,1,10,2,1,1,1,1,8,2,3,1,1,I,561,3,1,3,6,6,9,6,6,38700,1,1,0,6,6,9,6,6,38700,1,1,0,6,6,9,6,6,38700,1,1,0,2025,3,9,17100000,10710000,1,3
202601,6,,부평,28237,22,0,120,300,1,0,1,32,03,8,2,20,100,5,0,0,0,2,2,4,1,10,2,1,1,1,1,8,2,3,2,1,S,951,3,1,3,1,1,1,6,5,23600,1,1,1,1,1,1,6,5,23600,1,1,1,6,5,8,6,5,23600,1,1,0,2026,3,10,17100000,10710000,1,3
202601,6,,부평,28237,22,0,300,0,1,0,5,21,04,7,2,150,130,6,0,0,0,1,1,3,1,10,1,1,1,1,1,8,1,3,1,1,I,562,2,1,2,5,5,9,5,5,45600,1,1,0,5,5,9,5,5,45600,1,1,0,5,5,9,5,5,45600,1,1,0,2025,3,8,7420000,6740000,1,3
202601,6,,부평,28237,22,0,300,0,1,0,5,21,04,7,2,150,130,6,0,0,0,1,1,3,1,10,1,1,1,1,1,8,1,3,2,1,S,961,2,1,2,4,3,7,4,3,13400,1,1,0,4,3,7,4,3,13400,1,1,0,4,3,7,4,3,13400,1,1,0,2024,3,10,7420000,6740000,1,3
202601,6,,부평,28237,22,0,300,0,1,0,1,11,03,1,1,350,120,6,0,0,0,1,2,4,1,8,2,1,1,1,1,8,1,3,1,1,M,733,2,1,2,7,6,9,7,6,42000,1,1,0,7,6,9,7,6,42000,1,1,0,7,6,9,7,6,42000,1,1,0,2025,3,10,17120000,9090000,1,2
202601,6,,부평,28237,22,0,300,0,1,0,1,11,03,1,1,350,120,6,0,0,0,1,2,4,1,8,2,1,1,1,1,8,1,3,2,1,M,733,2,1,2,6,5,8,6,5,28200,1,1,0,6,5,8,6,5,28200,1,1,0,6,5,8,6,5,28200,1,1,0,2025,3,10,17120000,9090000,1,2
202601,6,,부평,28237,22,0,300,0,1,0,3,11,03,8,2,350,120,6,0,0,0,1,2,4,1,10,2,1,1,1,1,8,1,3,1,1,I,561,2,1,2,5,5,9,5,5,32600,1,1,0,5,5,9,5,5,32600,1,1,0,5,5,9,5,5,32600,1,1,0,2025,3,9,17520000,11140000,1,3
202601,6,,부평,28237,22,0,300,0,1,0,3,11,03,8,2,350,120,6,0,0,0,1,2,4,1,10,2,1,1,1,1,8,1,3,1,1,R,901,1,1,2,5,5,9,5,5,33600,1,1,0,5,5,9,5,5,33600,1,1,0,5,5,9,5,5,33600,1,1,0,2024,3,9,17520000,11140000,1,3
202601,6,,부평,28237,22,0,300,0,1,0,3,11,03,8,2,350,120,6,0,0,0,1,2,4,1,10,2,1,1,1,1,8,1,3,2,1,I,562,3,1,3,6,5,8,6,5,25300,1,1,0,6,5,8,6,5,25300,1,1,0,6,5,8,6,5,25300,1,1,0,2024,3,10,17520000,11140000,1,3
202601,6,,부평,28237,22,0,300,0,1,0,7,31,04,6,2,50,10,6,0,0,0,2,2,4,1,10,2,1,1,1,1,8,2,3,1,1,I,562,2,1,2,7,6,10,7,6,53900,1,1,0,7,6,10,7,6,53900,1,1,0,7,6,10,7,6,53900,1,1,0,2025,3,10,22980000,19400000,1,3
202601,6,,부평,28237,22,0,300,0,1,0,7,31,04,6,2,50,10,6,0,0,0,2,2,4,1,10,2,1,1,1,1,8,2,3,2,1,I,562,2,1,2,6,6,9,6,5,33300,1,1,0,6,6,9,6,5,33300,1,1,0,6,6,9,6,5,33300,1,1,0,2025,3,10,22980000,19400000,1,3
202601,6,,부평,28237,22,0,300,0,1,0,6,31,03,8,2,50,10,6,1,0,0,2,2,4,1,10,2,2,1,1,1,8,2,3,1,1,I,561,4,1,4,1,1,1,7,6,50300,1,1,1,7,6,10,7,6,50300,1,1,0,7,6,10,7,6,50300,1,1,0,2026,3,10,23160000,14490000,1,3
202601,6,,부평,28237,22,0,300,0,1,0,6,31,03,8,2,50,10,6,1,0,0,2,2,4,1,10,2,2,1,1,1,8,2,3,2,6,0,999,4,1,4,1,1,1,6,6,29800,1,1,1,1,1,1,6,6,29800,1,1,1,1,1,1,6,6,29800,1,1,1,0,1,1,23160000,14490000,1,3
202601,6,,부평,28237,22,0,300,0,1,0,1,21,03,8,2,500,100,7,0,0,0,2,2,4,1,10,2,1,1,1,1,8,2,3,1,1,I,562,2,1,2,6,6,10,6,6,55300,1,1,0,6,6,10,6,6,55300,1,1,0,6,6,10,6,6,55300,1,1,0,2024,3,10,10490000,6650000,1,2
202601,6,,부평,28237,22,0,300,0,1,0,1,21,03,8,2,500,100,7,0,0,0,2,2,4,1,10,2,1,1,1,1,8,2,3,1,1,I,561,2,1,2,6,6,10,6,6,50100,1,1,0,6,6,10,6,6,50100,1,1,0,6,6,10,6,6,50100,1,1,0,2025,3,10,10490000,6650000,1,2
202601,6,,부평,28237,22,0,300,0,1,0,1,21,03,8,2,500,100,7,0,0,0,2,2,4,1,10,2,1,1,1,1,8,2,3,2,1,I,561,3,1,3,6,6,9,6,6,31500,1,1,0,6,6,9,6,6,31500,1,1,0,6,6,9,6,6,31500,1,1,0,2025,3,10,10490000,6650000,1,2
202601,6,,부평,28237,22,0,300,0,1,0,6,31,04,8,1,230,90,6,0,0,0,1,1,2,1,10,1,1,1,1,1,8,1,3,1,1,G,475,2,1,2,6,6,10,6,6,52200,1,1,0,6,6,10,6,6,52200,1,1,0,6,6,10,6,6,52200,1,1,0,2024,3,10,19420000,25260000,1,3
202601,6,,부평,28237,22,0,300,0,1,0,5,31,04,8,2,100,50,6,0,1,0,2,2,4,1,10,2,1,1,1,1,8,2,3,1,1,I,561,3,1,3,5,5,8,5,5,20900,1,1,0,5,5,8,5,5,20900,1,1,0,5,5,8,5,5,21000,1,1,0,2024,3,10,5740000,3800000,1,2
202601,6,,부평,28237,22,0,300,0,1,0,5,31,04,8,2,100,50,6,0,1,0,2,2,4,1,10,2,1,1,1,1,8,2,3,1,1,I,562,2,1,2,4,5,9,4,4,26200,1,1,0,4,5,9,4,4,26200,1,1,0,4,5,9,4,4,26200,1,1,0,2024,3,8,5740000,3800000,1,2
202601,6,,부평,28237,22,0,300,0,1,0,5,31,04,8,2,100,50,6,0,1,0,2,2,4,1,10,2,1,1,1,1,8,2,3,2,1,I,561,4,1,4,5,5,7,5,5,11000,1,1,0,5,5,7,5,5,11000,1,1,0,5,5,7,5,5,11000,1,1,0,2025,3,8,5740000,3800000,1,2
202601,6,,부평,28237,22,0,300,0,1,0,8,21,04,8,1,246,없음,4,0,1,0,3,2,4,1,10,2,1,1,1,1,8,3,3,1,1,I,561,4,1,4,6,6,8,6,6,25900,1,1,0,6,6,8,6,6,25900,1,1,0,6,6,8,6,6,25900,1,1,0,2025,3,10,8910000,12710000,1,1
202601,6,,부평,28237,22,0,300,0,1,0,8,21,04,8,1,246,없음,4,0,1,0,3,2,4,1,10,2,1,1,1,1,8,3,3,1,1,I,561,4,1,4,6,6,8,6,6,26000,1,1,0,6,6,8,6,6,26000,1,1,0,6,6,8,6,6,25900,1,1,0,2025,3,10,8910000,12710000,1,1
202601,6,,부평,28237,22,0,300,0,1,0,5,31,03,8,2,300,30,6,0,1,0,2,2,4,1,10,2,1,1,1,1,8,2,3,1,1,I,562,3,1,3,6,5,8,6,5,24900,1,1,0,6,5,8,6,5,24900,1,1,0,6,5,8,6,5,24900,1,1,0,2026,3,9,7590000,5180000,1,2
202601,6,,부평,28237,22,0,300,0,1,0,5,31,03,8,2,300,30,6,0,1,0,2,2,4,1,10,2,1,1,1,1,8,2,3,2,1,G,476,3,1,3,4,5,7,4,5,12900,1,1,0,4,5,7,4,5,12900,1,1,0,4,5,7,4,5,12900,1,1,0,2026,3,7,7590000,5180000,1,2
202601,6,,부평,28237,22,0,300,0,1,0,2,11,04,8,2,300,30,8,0,0,0,1,1,2,1,9,1,1,1,1,1,8,1,3,1,1,I,561,1,1,2,5,4,8,5,4,27600,1,1,0,5,4,8,5,4,27600,1,1,0,5,4,8,5,4,27600,1,1,0,2024,3,10,5670000,3560000,1,3
202601,6,,부평,28237,22,0,300,0,1,0,2,11,04,8,2,300,30,8,0,0,0,1,1,2,1,9,1,1,1,1,1,8,1,3,2,6,0,999,1,1,2,1,1,1,4,3,12300,1,1,1,1,1,1,4,3,12300,1,1,1,1,1,1,4,3,12300,1,1,1,0,1,1,5670000,3560000,1,3
202601,6,,부평,28237,22,0,120,300,1,0,1,11,03,1,1,405,192,8,0,0,0,1,1,3,1,10,1,1,1,1,1,8,1,3,1,1,I,562,2,1,2,5,5,9,5,5,35800,1,1,0,5,5,9,5,5,35800,1,1,0,5,5,9,5,5,35800,1,1,0,2024,3,9,8890000,4970000,1,3
202601,6,,부평,28237,22,0,120,300,1,0,1,11,03,1,1,405,192,8,0,0,0,1,1,3,1,10,1,1,1,1,1,8,1,3,2,1,I,562,2,1,2,4,4,7,4,4,17100,1,1,0,4,4,7,4,4,17100,1,1,0,4,4,7,4,4,17100,1,1,0,2024,3,9,8890000,4970000,1,3
202601,6,,부평,28237,22,0,300,0,1,1,1,21,04,9,2,420,120,5,0,0,0,2,2,4,1,10,2,1,1,1,1,8,2,3,-1,1,I,562,3,1,3,3,3,4,3,3,4500,1,1,0,3,3,4,3,3,4500,1,1,0,3,3,4,3,3,4500,1,1,0,2025,2,9,6450000,2860000,1,2
202601,6,,부평,28237,22,0,300,0,1,1,1,21,04,9,2,420,120,5,0,0,0,2,2,4,1,10,2,1,1,1,1,8,2,3,1,1,L,682,1,1,1,4,3,7,4,3,17300,1,1,0,4,3,7,4,3,17300,1,1,0,4,3,7,4,3,17300,1,1,0,2026,3,8,6450000,2860000,1,2
202601,6,,부평,28237,22,0,300,0,1,1,1,21,04,9,2,420,120,5,0,0,0,2,2,4,1,10,2,1,1,1,1,8,2,3,1,1,I,562,3,1,3,6,5,8,6,5,20800,1,1,0,6,5,8,6,5,20800,1,1,0,6,5,8,6,5,20800,1,1,0,2024,3,7,6450000,2860000,1,2
202601,6,,부평,28237,22,0,300,0,1,1,1,21,04,9,2,420,120,5,0,0,0,2,2,4,1,10,2,1,1,1,1,8,2,3,2,1,0,999,3,1,4,4,3,4,4,3,5500,1,1,0,4,3,4,4,3,5500,1,1,0,4,3,4,4,3,5500,1,1,0,2025,3,8,6450000,2860000,1,2
202601,6,,부평,28237,22,0,120,300,1,1,1,21,03,8,2,170,30,3,0,1,0,2,2,4,1,10,2,1,1,1,1,8,2,3,-1,6,0,999,1,1,1,1,1,1,3,3,8700,1,1,1,1,1,1,3,3,8700,1,1,1,1,1,1,3,3,8700,1,1,1,0,1,1,9350000,6780000,1,1
202601,6,,부평,28237,22,0,120,300,1,1,1,21,03,8,2,170,30,3,0,1,0,2,2,4,1,10,2,1,1,1,1,8,2,3,1,1,I,561,4,1,4,6,6,9,6,6,30400,1,1,0,6,6,9,6,6,30400,1,1,0,6,6,9,6,6,30400,1,1,0,2024,3,9,9350000,6780000,1,1
202601,6,,부평,28237,22,0,120,300,1,1,1,21,03,8,2,170,30,3,0,1,0,2,2,4,1,10,2,1,1,1,1,8,2,3,2,1,G,474,3,1,3,5,4,6,5,4,9800,1,1,0,5,4,6,5,4,9800,1,1,0,5,4,6,5,4,9800,1,1,0,2024,3,9,9350000,6780000,1,1
202601,6,,부평,28237,22,0,120,300,1,0,5,31,04,6,2,30,60,6,0,0,0,2,2,4,1,9,2,1,1,1,1,8,2,3,1,1,I,561,2,1,3,6,6,9,6,6,39500,1,1,0,6,6,9,6,6,39500,1,1,0,6,6,9,6,6,39500,1,1,0,2025,3,8,6320000,5780000,1,3
202601,6,,부평,28237,22,0,120,300,1,0,5,31,04,6,2,30,60,6,0,0,0,2,2,4,1,9,2,1,1,1,1,8,2,3,2,1,I,561,3,1,3,5,5,7,5,5,25000,1,1,0,5,5,7,5,5,25000,1,1,0,5,5,7,5,5,25000,1,1,0,2025,3,8,6320000,5780000,1,3
202601,6,,부평,28237,22,0,120,300,1,0,7,32,03,1,1,50,100,1,0,0,0,2,2,4,1,10,2,1,1,1,1,8,2,3,1,1,I,562,4,1,4,7,7,10,7,7,55600,1,1,0,7,7,10,7,7,55600,1,1,0,7,7,10,7,7,55600,1,1,0,2025,3,8,10450000,20190000,1,3
202601,6,,부평,28237,22,0,300,0,1,0,5,21,04,6,1,259,90,8,0,0,0,2,2,4,1,9,1,2,1,1,1,8,2,3,1,6,0,999,4,1,4,1,1,1,6,6,20400,1,1,1,1,1,1,6,6,20400,1,1,1,1,1,1,6,6,20400,1,1,1,0,1,1,6860000,6920000,1,2
202601,6,,부평,28237,22,0,300,0,1,0,5,21,04,6,1,259,90,8,0,0,0,2,2,4,1,9,1,2,1,1,1,8,2,3,2,1,G,474,3,1,3,5,4,7,5,4,12800,1,1,0,5,4,7,5,4,12800,1,1,0,5,4,7,5,4,12800,1,1,0,2024,3,9,6860000,6920000,1,2
202601,6,,부평,28237,22,0,120,300,1,0,2,11,04,9,1,451,256,1,0,0,0,1,1,2,1,10,1,1,1,1,1,8,1,3,1,1,R,912,2,1,2,5,5,8,5,5,27400,1,1,0,5,5,8,5,5,27400,1,1,0,5,5,8,5,5,27400,1,1,0,2025,3,10,7920000,8830000,1,3
202601,6,,부평,28237,22,0,300,0,1,0,7,21,04,7,2,700,200,6,0,1,0,2,2,4,1,10,2,1,1,1,1,8,2,3,1,1,I,561,3,1,3,7,7,10,7,6,43100,1,1,0,7,7,10,7,6,43100,1,1,0,7,7,10,7,6,43100,1,1,0,2025,3,8,7930000,7150000,1,2
202601,6,,부평,28237,22,0,300,0,1,0,7,21,04,7,2,700,200,6,0,1,0,2,2,4,1,10,2,1,1,1,1,8,2,3,2,1,I,561,3,1,3,6,6,8,6,6,23700,1,1,0,6,6,8,6,6,23700,1,1,0,6,6,8,6,6,23700,1,1,0,2024,3,9,7930000,7150000,1,2
202601,6,,간석오거리,28237,22,0,0,0,1,0,3,21,04,8,1,200,100,7,0,0,0,2,2,4,1,10,2,1,1,1,1,8,2,3,1,1,I,561,2,1,2,5,5,8,5,4,25300,1,1,0,5,5,8,5,4,25300,1,1,0,5,5,8,5,4,25300,1,1,0,2025,3,10,5020000,5030000,1,3
202601,6,,간석오거리,28237,22,0,0,0,1,0,3,21,04,8,1,200,100,7,0,0,0,2,2,4,1,10,2,1,1,1,1,8,2,3,1,1,I,562,2,1,2,5,4,8,5,4,25400,1,1,0,5,4,8,5,4,25400,1,1,0,5,4,8,5,4,25400,1,1,0,2024,3,9,5020000,5030000,1,3
202601,6,,간석오거리,28237,22,0,0,0,1,0,3,21,04,8,1,200,100,7,0,0,0,2,2,4,1,10,2,1,1,1,1,8,2,3,2,1,I,561,1,1,1,3,3,7,3,3,14400,1,1,0,3,3,7,3,3,14400,1,1,0,3,3,7,3,3,14400,1,1,0,2026,3,7,5020000,5030000,1,3
202601,6,,간석오거리,28237,22,0,0,0,1,0,3,21,04,8,1,200,100,7,0,0,0,2,2,4,1,10,2,1,1,1,1,8,2,3,2,1,I,562,1,1,1,3,3,7,3,3,14400,1,1,0,3,3,7,3,3,14400,1,1,0,3,3,7,3,3,14400,1,1,0,2025,3,10,5020000,5030000,1,3
202601,6,,간석오거리,28237,14,0,0,0,1,0,7,21,04,6,2,263,125,2,0,1,0,2,2,4,1,10,2,1,1,1,1,8,2,3,1,1,I,561,3,1,3,6,6,9,6,6,32400,1,1,0,6,6,9,6,6,32400,1,1,0,6,6,9,6,6,32400,1,1,0,2024,3,9,6280000,5490000,1,3
202601,6,,간석오거리,28237,14,0,0,0,1,0,7,21,04,6,2,263,125,2,0,1,0,2,2,4,1,10,2,1,1,1,1,8,2,3,2,1,I,561,3,1,3,5,5,7,5,5,13100,1,1,0,5,5,7,5,5,13100,1,1,0,5,5,7,5,5,13100,1,1,0,2024,3,9,6280000,5490000,1,3
202601,6,,간석오거리,28237,16,0,0,0,1,1,2,21,04,6,2,300,30,5,0,0,0,2,2,4,1,10,2,1,1,1,1,8,2,3,-1,1,I,562,4,1,4,3,3,4,3,3,4700,1,1,0,3,3,4,3,3,4700,1,1,0,3,3,4,3,3,4700,1,1,0,2026,3,9,5680000,3180000,1,1
202601,6,,간석오거리,28237,16,0,0,0,1,1,2,21,04,6,2,300,30,5,0,0,0,2,2,4,1,10,2,1,1,1,1,8,2,3,1,1,I,561,2,1,2,5,4,7,5,4,18300,1,1,0,5,4,7,5,4,18300,1,1,0,5,4,7,5,4,18300,1,1,0,2025,3,9,5680000,3180000,1,1
202601,6,,간석오거리,28237,16,0,0,0,1,1,2,21,04,6,2,300,30,5,0,0,0,2,2,4,1,10,2,1,1,1,1,8,2,3,1,1,S,961,2,1,2,5,4,7,5,4,18400,1,1,0,5,4,7,5,4,18400,1,1,0,5,4,7,5,4,18400,1,1,0,2026,3,9,5680000,3180000,1,1
202601,6,,간석오거리,28237,16,0,0,0,1,1,2,21,04,6,2,300,30,5,0,0,0,2,2,4,1,10,2,1,1,1,1,8,2,3,2,1,I,562,4,1,4,4,4,5,4,4,7900,1,1,0,4,4,5,4,4,7900,1,1,0,4,4,5,4,4,7900,1,1,0,2024,3,10,5680000,3180000,1,1
202601,6,,간석오거리,28237,14,0,0,0,1,0,7,21,04,6,2,210,270,7,0,1,0,2,2,4,1,9,2,1,1,1,1,8,2,3,1,1,I,561,3,1,4,5,5,7,5,5,19100,1,1,0,5,5,7,5,5,19100,1,1,0,5,5,7,5,5,19100,1,1,0,2024,3,8,5730000,4850000,1,3
202601,6,,간석오거리,28237,14,0,0,0,1,0,7,21,04,6,2,210,270,7,0,1,0,2,2,4,1,9,2,1,1,1,1,8,2,3,2,1,F,424,3,1,4,4,4,5,4,4,7000,1,1,0,4,4,5,4,4,7000,1,1,0,4,4,5,4,4,7000,1,1,0,2024,3,9,5730000,4850000,1,3
202601,6,,0.비상권,28237,14,0,0,0,1,0,3,11,04,4,1,없음,50,1,0,0,0,2,1,3,1,10,1,1,1,1,1,8,2,3,1,1,G,466,3,1,3,6,5,8,6,6,22900,1,1,0,6,5,8,6,6,22900,1,1,0,6,5,8,6,6,22900,1,1,0,2024,3,7,3650000,11580000,2,2
202601,6,,0.비상권,28237,14,0,0,0,1,0,4,32,03,6,1,없음,31,2,0,0,0,1,1,1,1,10,1,1,1,1,1,8,1,3,1,1,F,424,1,1,1,5,3,8,5,3,22100,1,1,0,5,3,8,5,3,22100,1,1,0,5,3,8,5,3,22100,1,1,0,2024,3,10,3800000,6360000,1,3
202601,6,,0.비상권,28237,14,0,0,0,1,0,4,32,04,6,1,없음,200,6,0,0,0,2,2,4,1,10,2,1,1,1,1,8,2,3,1,1,G,463,4,1,4,5,4,6,5,5,12000,1,1,0,5,4,6,5,5,12000,1,1,0,5,4,6,5,5,12000,1,1,0,2025,3,10,2650000,4470000,1,2
202601,6,,0.비상권,28245,14,0,0,0,1,1,1,11,04,1,1,없음,70,4,0,0,0,2,2,4,1,10,1,1,1,1,1,8,2,3,-1,6,0,999,2,1,2,1,1,1,3,3,4200,1,1,1,1,1,1,3,3,4200,1,1,1,1,1,1,3,3,4200,1,1,1,0,1,1,2870000,4180000,1,2
202601,6,,0.비상권,28245,14,0,0,0,1,1,1,11,04,1,1,없음,70,4,0,0,0,2,2,4,1,10,1,1,1,1,1,8,2,3,1,1,I,562,3,1,3,6,5,7,6,5,17100,1,1,0,6,5,7,6,5,17100,1,1,0,6,5,7,6,5,17000,1,1,0,2024,3,9,2870000,4180000,1,2
202601,6,,계양계산,28245,14,0,522,0,1,0,5,32,03,5,1,660,110,7,0,0,0,2,1,2,1,10,1,1,1,1,1,8,2,3,1,6,0,999,2,1,2,1,1,1,4,4,14600,1,1,1,1,1,1,4,4,14600,1,1,1,1,1,1,4,4,14600,1,1,1,0,1,1,2440000,6070000,1,3
202601,6,,계양계산,28245,14,0,0,0,1,0,5,32,03,6,1,530,70,7,0,0,0,1,1,2,1,10,1,1,1,1,1,8,1,3,1,1,I,561,1,1,1,4,4,8,4,4,25400,1,1,0,4,4,8,4,4,25400,1,1,0,4,4,8,4,4,25400,1,1,0,2025,3,8,3270000,6190000,1,3
202601,6,,계양계산,28245,14,0,0,0,1,0,5,32,03,6,1,530,70,7,0,0,0,1,1,2,1,10,1,1,1,1,1,8,1,3,1,1,L,682,1,1,1,4,4,8,4,4,29300,1,1,0,4,4,8,4,4,29300,1,1,0,4,4,8,4,4,29300,1,1,0,2024,3,8,3270000,6190000,1,3
202601,6,,계양계산,28245,15,0,0,0,1,0,5,21,03,6,1,500,100,5,0,0,0,1,1,2,1,10,1,1,1,1,1,8,1,3,1,1,I,561,2,1,2,5,5,9,5,5,42600,1,1,0,5,5,9,5,5,42600,1,1,0,5,5,9,5,5,42600,1,1,0,2025,4,9,4680000,8910000,1,3
202601,6,,계양계산,28245,14,0,0,0,1,0,4,21,04,6,2,467,455,5,0,0,0,2,2,4,1,9,2,1,1,1,1,8,2,3,1,1,I,561,3,1,3,6,5,8,6,5,22900,1,1,0,6,5,8,6,5,22900,1,1,0,6,5,8,6,5,22900,1,1,0,2025,3,8,4640000,4060000,1,3
202601,6,,계양계산,28245,14,0,0,0,1,0,4,21,04,6,2,467,455,5,0,0,0,2,2,4,1,9,2,1,1,1,1,8,2,3,2,1,S,949,3,1,3,4,4,5,4,4,7800,1,1,0,4,4,5,4,4,7800,1,1,0,4,4,5,4,4,7800,1,1,0,2025,2,9,4640000,4060000,1,3
202601,6,,계양계산,28245,14,0,522,0,1,0,3,21,03,6,2,410,377,6,0,0,0,1,2,4,1,10,2,1,1,1,1,8,1,3,1,1,G,462,1,1,1,4,3,7,4,3,17200,1,1,0,4,3,7,4,3,17200,1,1,0,4,3,7,4,3,17200,1,1,0,2025,3,5,3250000,2980000,1,3
202601,6,,계양계산,28245,14,0,522,0,1,0,3,21,03,6,2,410,377,6,0,0,0,1,2,4,1,10,2,1,1,1,1,8,1,3,1,1,S,961,1,1,1,4,3,7,4,3,16800,1,1,0,4,3,7,4,3,16800,1,1,0,4,3,7,4,3,16800,1,1,0,2025,3,7,3250000,2980000,1,3
202601,6,,계양계산,28245,14,0,522,0,1,0,3,21,03,6,2,410,377,6,0,0,0,1,2,4,1,10,2,1,1,1,1,8,1,3,2,1,0,999,2,1,2,3,3,5,3,3,7600,1,1,0,3,3,5,3,3,7600,1,1,0,3,3,5,3,3,7600,1,1,0,2025,3,8,3250000,2980000,1,3
202601,6,,0.비상권,28245,16,0,522,0,1,0,3,11,03,6,1,440,60,1,0,0,0,2,2,4,1,10,2,1,1,1,1,8,2,3,1,1,I,561,2,1,2,5,5,9,5,5,31900,1,1,0,5,5,9,5,5,31900,1,1,0,5,5,9,5,5,31900,1,1,0,2025,3,9,5720000,9730000,1,2
202601,6,,0.비상권,28245,16,0,522,0,1,0,3,11,03,6,1,440,60,1,0,0,0,2,2,4,1,10,2,1,1,1,1,8,2,3,1,1,I,562,2,1,2,5,5,9,5,5,38300,1,1,0,5,5,9,5,5,38300,1,1,0,5,5,9,5,5,38300,1,1,0,2025,3,10,5720000,9730000,1,2
202601,6,,0.비상권,28245,16,0,522,0,1,0,3,11,03,6,1,440,60,1,0,0,0,2,2,4,1,10,2,1,1,1,1,8,2,3,1,1,I,561,3,1,3,5,5,8,5,5,26500,1,1,0,5,5,8,5,5,26500,1,1,0,5,5,8,5,5,26500,1,1,0,2025,3,6,5720000,9730000,1,2
202601,6,,계양계산,28245,14,0,522,0,1,0,1,11,04,1,1,50,100,6,0,0,0,2,2,4,1,10,1,1,1,1,1,8,2,3,1,1,I,561,3,1,3,5,5,7,5,5,17600,1,1,0,5,5,7,5,5,17600,1,1,0,5,5,7,5,5,17600,1,1,0,2024,3,9,3420000,2970000,1,3
202601,6,,계양계산,28245,14,0,522,0,1,0,1,11,04,1,1,50,100,6,0,0,0,2,2,4,1,10,1,1,1,1,1,8,2,3,2,2,0,999,2,1,3,1,1,1,5,4,12700,1,1,0,1,1,1,5,4,12700,1,1,0,1,1,1,5,4,12700,1,1,0,0,1,1,3420000,2970000,1,3
202601,6,,계양계산,28245,14,0,0,0,1,0,3,11,03,6,1,400,240,7,0,0,0,2,2,4,1,10,2,1,1,1,1,8,2,3,1,1,F,424,1,1,1,4,3,8,4,3,20300,1,1,0,4,3,8,4,3,20300,1,1,0,4,3,8,4,3,20300,1,1,0,2025,3,6,3320000,5620000,1,3
202601,6,,계양계산,28245,14,0,0,0,1,0,3,11,03,6,1,400,240,7,0,0,0,2,2,4,1,10,2,1,1,1,1,8,2,3,1,1,S,961,1,1,1,5,3,7,5,3,17600,1,1,0,5,3,7,5,3,17600,1,1,0,5,3,7,5,3,17600,1,1,0,2026,3,8,3320000,5620000,1,3
202601,6,,계양계산,28245,14,0,0,0,1,0,3,11,03,6,1,400,240,7,0,0,0,2,2,4,1,10,2,1,1,1,1,8,2,3,1,1,F,424,1,1,1,4,3,8,4,3,19600,1,1,0,4,3,8,4,3,19600,1,1,0,4,3,8,4,3,19600,1,1,0,2025,3,9,3320000,5620000,1,3
202601,6,,계양계산,28245,14,0,0,0,1,0,3,11,03,6,1,400,240,7,0,0,0,2,2,4,1,10,2,1,1,1,1,8,2,3,1,1,L,682,2,1,2,4,4,8,4,4,22200,1,1,0,4,4,8,4,4,22200,1,1,0,4,4,8,4,4,22200,1,1,0,2024,3,6,3320000,5620000,1,3
202601,6,,계양계산,28245,14,0,0,0,1,0,3,11,03,6,1,400,240,7,0,0,0,2,2,4,1,10,2,1,1,1,1,8,2,3,1,1,G,472,1,1,1,4,3,8,4,3,20100,1,1,0,4,3,8,4,3,20100,1,1,0,4,3,8,4,3,20100,1,1,0,2025,3,10,3320000,5620000,1,3
202601,6,,계양계산,28245,14,0,0,0,1,0,3,32,03,6,1,378,366,9,0,1,0,2,2,4,1,10,2,1,1,1,1,8,2,3,1,1,I,561,3,1,3,6,5,8,6,5,20600,1,1,0,6,5,8,6,5,20600,1,1,0,6,5,8,6,5,20600,1,1,0,2024,3,5,3900000,7460000,1,3
202601,6,,계양계산,28245,14,0,0,0,1,0,3,32,03,6,1,378,366,9,0,1,0,2,2,4,1,10,2,1,1,1,1,8,2,3,1,1,I,562,1,1,1,5,4,8,5,4,23600,1,1,0,5,4,8,5,4,23600,1,1,0,5,4,8,5,4,23600,1,1,0,2026,3,7,3900000,7460000,1,3
202601,6,,계양계산,28245,14,0,0,0,1,0,3,32,03,6,1,378,366,9,0,1,0,2,2,4,1,10,2,1,1,1,1,8,2,3,1,1,I,562,2,1,2,5,5,8,5,5,23800,1,1,0,5,5,8,5,5,23800,1,1,0,5,5,8,5,5,23800,1,1,0,2024,3,6,3900000,7460000,1,3
202601,6,,계양계산,28245,14,0,0,0,1,1,1,11,04,1,1,240,250,5,0,0,0,2,2,4,1,9,2,1,1,1,1,8,2,3,-1,1,I,562,2,1,2,3,3,6,3,3,8100,2,1,0,3,3,6,3,3,8100,2,1,0,3,3,6,3,3,8100,2,1,0,2025,3,6,4260000,2600000,1,3
202601,6,,계양계산,28245,14,0,0,0,1,1,1,11,04,1,1,240,250,5,0,0,0,2,2,4,1,9,2,1,1,1,1,8,2,3,1,1,G,471,1,1,1,4,3,9,4,3,33200,1,1,0,4,3,9,4,3,33200,1,1,0,4,3,9,4,3,33200,1,1,0,2025,3,10,4260000,2600000,1,3
202601,6,,계양계산,28245,14,0,0,0,1,1,1,11,04,1,1,240,250,5,0,0,0,2,2,4,1,9,2,1,1,1,1,8,2,3,1,1,G,471,2,1,2,5,5,8,5,5,27700,2,1,0,5,5,8,5,5,27700,2,1,0,5,5,8,5,5,27700,2,1,0,2025,3,10,4260000,2600000,1,3
202601,6,,계양계산,28245,14,0,0,0,1,1,1,11,04,1,1,240,250,5,0,0,0,2,2,4,1,9,2,1,1,1,1,8,2,3,2,2,0,999,2,1,2,1,1,1,3,4,11200,1,1,0,1,1,1,3,4,11200,1,1,0,1,1,1,3,4,11200,1,1,0,0,1,1,4260000,2600000,1,3
202601,6,,계양계산,28245,22,0,0,0,1,0,3,11,03,7,1,10,70,1,0,1,0,3,2,4,2,9,2,1,1,1,1,8,3,3,1,1,G,471,4,1,4,8,7,9,8,7,34400,1,1,0,8,7,9,8,7,34400,1,1,0,8,7,9,8,7,34400,1,1,0,2024,3,7,6180000,7730000,1,3
202601,6,,계양계산,28245,22,0,0,0,1,0,3,11,03,7,1,10,70,1,0,1,0,3,2,4,2,9,2,1,1,1,1,8,3,3,2,1,G,471,2,1,2,4,4,7,4,4,14300,1,1,0,4,4,7,4,4,14300,1,1,0,4,4,7,4,4,14300,1,1,0,2024,3,7,6180000,7730000,1,3
202601,6,,계양계산,28245,16,0,0,0,1,1,3,11,04,5,1,20,없음,3,0,0,0,2,2,4,1,10,2,1,1,1,1,8,2,3,-1,5,0,999,1,1,1,1,1,1,1,1,0,1,1,0,1,1,1,1,1,0,1,1,0,1,1,1,1,1,0,1,1,0,0,1,1,6670000,12290000,1,1
202601,6,,계양계산,28245,16,0,0,0,1,1,3,11,04,5,1,20,없음,3,0,0,0,2,2,4,1,10,2,1,1,1,1,8,2,3,1,1,I,561,2,1,2,4,4,8,4,5,26200,1,1,0,4,4,8,4,5,26200,1,1,0,4,4,8,4,5,26200,1,1,0,2025,3,9,6670000,12290000,1,1
202601,6,,계양계산,28245,16,0,0,0,1,1,3,11,04,5,1,20,없음,3,0,0,0,2,2,4,1,10,2,1,1,1,1,8,2,3,1,1,I,561,2,1,2,4,4,8,4,5,26100,1,1,0,4,4,8,4,5,26100,1,1,0,4,4,8,4,5,26100,1,1,0,2025,3,8,6670000,12290000,1,1
202601,6,,계양계산,28245,16,0,0,0,1,1,3,11,04,5,1,20,없음,3,0,0,0,2,2,4,1,10,2,1,1,1,1,8,2,3,1,1,S,951,2,1,2,4,4,8,4,5,24300,1,1,0,4,4,8,4,5,24300,1,1,0,4,4,8,4,5,24300,1,1,0,2025,3,10,6670000,12290000,1,1
202601,6,,계양계산,28245,16,0,0,0,1,1,3,21,03,1,1,161,170,3,0,0,0,3,2,4,1,10,2,1,1,1,1,8,3,3,-1,5,0,999,1,1,1,1,1,1,1,1,0,1,1,0,1,1,1,1,1,0,1,1,0,1,1,1,1,1,0,1,1,0,0,1,1,5850000,8950000,1,2
202601,6,,계양계산,28245,16,0,0,0,1,1,3,21,03,1,1,161,170,3,0,0,0,3,2,4,1,10,2,1,1,1,1,8,3,3,1,1,I,562,3,1,3,5,5,7,5,5,15900,1,1,0,5,5,7,5,5,15900,1,1,0,5,5,7,5,5,15900,1,1,0,2025,3,10,5850000,8950000,1,2
202601,6,,계양계산,28245,16,0,0,0,1,1,3,21,03,1,1,161,170,3,0,0,0,3,2,4,1,10,2,1,1,1,1,8,3,3,1,1,J,631,2,1,2,4,5,8,4,5,20600,1,1,0,4,5,8,4,5,20600,1,1,0,4,5,8,4,5,20600,1,1,0,2025,3,9,5850000,8950000,1,2
202601,6,,계양계산,28245,16,0,0,0,1,1,3,21,03,1,1,161,170,3,0,0,0,3,2,4,1,10,2,1,1,1,1,8,3,3,1,1,I,562,2,1,2,4,5,8,4,5,20500,1,1,0,4,5,8,4,5,20500,1,1,0,4,5,8,4,5,20500,1,1,0,2024,3,9,5850000,8950000,1,2
202601,6,,계양계산,28245,14,0,0,0,1,0,3,32,04,4,1,없음,50,6,0,0,0,2,1,2,1,10,1,1,1,1,1,8,2,3,1,1,I,561,2,1,2,5,4,8,5,4,21500,1,1,0,5,4,8,5,4,21500,1,1,0,5,4,8,5,4,21500,1,1,0,2026,3,9,3220000,9470000,1,3
202601,6,,0.비상권,28245,33,0,0,0,1,0,5,32,04,7,1,없음,20,4,0,0,0,2,1,3,1,10,1,1,1,1,1,8,2,3,1,1,I,562,3,1,3,6,6,8,6,6,27800,1,1,0,6,6,8,6,6,27800,1,1,0,6,6,8,6,6,27800,1,1,0,2025,3,10,2960000,5200000,1,3
202601,6,,계양계산,28245,14,0,0,0,1,0,4,32,04,3,1,460,410,7,0,1,0,2,1,3,1,10,1,1,1,1,1,8,2,3,1,1,S,952,3,1,3,6,6,9,6,6,35000,1,1,0,6,6,9,6,6,35000,1,1,0,6,6,9,6,6,35000,1,1,0,2025,3,6,3020000,11310000,1,3
202601,6,,계양계산,28245,15,0,0,0,1,0,4,21,03,6,1,608,507,5,0,0,0,3,2,4,1,10,2,1,1,1,1,8,3,3,1,1,F,424,3,1,3,6,5,8,6,5,21300,1,1,0,6,5,8,6,5,21300,1,1,0,6,5,8,6,5,21300,1,1,0,2025,3,8,3640000,7110000,1,2
202601,6,,계양계산,28245,15,0,0,0,1,0,4,21,03,6,1,608,507,5,0,0,0,3,2,4,1,10,2,1,1,1,1,8,3,3,1,1,I,561,2,1,2,5,4,8,5,4,21300,1,1,0,5,4,8,5,4,21300,1,1,0,5,4,8,5,4,21300,1,1,0,2024,3,10,3640000,7110000,1,2
202601,6,,계양계산,28245,15,0,0,0,1,0,4,21,03,6,1,608,507,5,0,0,0,3,2,4,1,10,2,1,1,1,1,8,3,3,1,1,I,561,2,1,2,5,4,8,5,4,21300,1,1,0,5,4,8,5,4,21300,1,1,0,5,4,8,5,4,21300,1,1,0,2025,3,8,3640000,7110000,1,2
202601,6,,0.비상권,28245,14,0,522,0,1,0,3,32,03,2,1,200,100,6,0,0,0,2,1,2,1,10,1,1,1,1,1,8,2,3,1,1,E,381,2,1,2,6,5,10,6,5,63800,1,1,0,6,5,10,6,5,63800,1,1,0,6,5,10,6,5,63800,1,1,0,2025,3,8,3160000,25730000,1,3
202601,6,,0.비상권,28260,14,0,0,0,1,0,6,31,03,5,1,350,200,5,0,1,0,3,2,4,1,10,2,1,1,1,1,8,3,2,1,1,I,561,4,1,4,7,6,8,7,6,27400,1,1,0,7,6,8,7,6,27400,1,1,0,7,6,8,7,6,27400,1,1,0,2026,3,10,4150000,10490000,1,2
202601,6,,인천서구청,28260,14,0,0,0,1,0,4,21,03,6,2,560,150,7,0,0,0,1,2,4,1,10,2,1,1,1,1,8,1,3,1,1,S,961,2,1,2,3,4,7,3,4,13000,1,1,0,3,4,7,3,4,13000,1,1,0,3,4,7,3,4,13000,1,1,0,2025,3,10,3420000,2870000,1,1
202601,6,,인천서구청,28260,14,0,0,0,1,0,4,21,03,6,2,560,150,7,0,0,0,1,2,4,1,10,2,1,1,1,1,8,1,3,2,1,S,961,2,1,2,3,3,6,3,3,7700,1,1,0,3,3,6,3,3,7700,1,1,0,3,3,6,3,3,7700,1,1,0,2025,3,10,3420000,2870000,1,1
202601,6,,인천서구청,28260,14,0,0,0,1,0,6,32,03,6,1,520,90,6,0,0,0,2,2,4,1,10,1,1,1,1,1,8,2,3,1,6,0,999,2,1,2,1,1,1,3,3,14000,1,1,1,1,1,1,3,3,14000,1,1,1,1,1,1,3,3,14000,1,1,1,0,1,1,3220000,5400000,1,2
202601,6,,인천서구청,28260,14,0,0,0,1,0,6,32,03,6,1,520,90,6,0,0,0,2,2,4,1,10,1,1,1,1,1,8,2,3,1,1,R,912,2,1,2,3,3,7,3,3,13800,1,1,0,3,3,7,3,3,13800,1,1,0,3,3,7,3,3,13800,1,1,0,2026,3,10,3220000,5400000,1,2
202601,6,,인천서구청,28260,14,0,0,0,1,0,6,32,03,6,1,520,90,6,0,0,0,2,2,4,1,10,1,1,1,1,1,8,2,3,1,1,G,478,2,1,2,3,3,7,3,3,13800,1,1,0,3,3,7,3,3,13800,1,1,0,3,3,7,3,3,13800,1,1,0,2024,3,10,3220000,5400000,1,2
202601,6,,0.비상권,28260,14,0,0,0,1,0,5,32,04,6,1,368,1,6,0,0,0,2,1,3,1,10,1,1,1,1,1,8,2,3,1,1,S,961,2,1,2,4,4,8,4,4,20000,1,1,0,4,4,8,4,4,20000,1,1,0,4,4,8,4,4,20000,1,1,0,2024,3,9,3000000,5030000,1,1
202601,6,,0.비상권,28260,14,0,0,0,1,0,5,32,04,6,1,368,1,6,0,0,0,2,1,3,1,10,1,1,1,1,1,8,2,3,1,1,I,561,2,1,2,4,4,8,4,4,20000,1,1,0,4,4,8,4,4,20000,1,1,0,4,4,8,4,4,20000,1,1,0,2024,3,9,3000000,5030000,1,1
202601,6,,인천서구청,28260,14,0,0,0,1,0,4,21,03,6,1,800,300,6,0,0,0,2,2,4,1,10,2,1,1,1,1,8,2,3,1,1,M,732,2,1,2,3,3,6,3,3,9400,1,1,0,3,3,6,3,3,9400,1,1,0,3,3,6,3,3,9400,1,1,0,2023,4,8,2890000,5130000,1,1
202601,6,,인천서구청,28260,14,0,0,0,1,0,4,21,03,6,1,800,300,6,0,0,0,2,2,4,1,10,2,1,1,1,1,8,2,3,1,1,G,472,2,1,2,3,3,6,3,3,9400,1,1,0,3,3,6,3,3,9400,1,1,0,3,3,6,3,3,9400,1,1,0,2026,3,8,2890000,5130000,1,1
202601,6,,인천서구청,28260,14,0,0,0,1,0,4,21,03,6,1,800,300,6,0,0,0,2,2,4,1,10,2,1,1,1,1,8,2,3,1,1,C,339,2,1,2,3,3,6,3,3,9600,1,1,0,3,3,6,3,3,9600,1,1,0,3,3,6,3,3,9600,1,1,0,2026,3,7,2890000,5130000,1,1
202601,6,,인천서구청,28260,14,0,0,0,1,1,3,21,04,6,2,140,80,5,0,0,0,2,2,4,2,8,2,1,1,1,1,8,2,3,-1,1,R,901,3,1,3,4,3,4,3,3,5400,1,1,0,4,3,4,3,3,5400,1,1,0,4,3,4,3,3,5400,1,1,0,2026,3,7,4580000,2510000,1,2
202601,6,,인천서구청,28260,14,0,0,0,1,1,3,21,04,6,2,140,80,5,0,0,0,2,2,4,2,8,2,1,1,1,1,8,2,3,1,1,L,682,2,1,2,5,5,8,5,5,19800,1,1,0,5,5,8,5,5,19800,1,1,0,5,5,8,5,5,19800,1,1,0,2024,3,9,4580000,2510000,1,2
202601,6,,인천서구청,28260,14,0,0,0,1,1,3,21,04,6,2,140,80,5,0,0,0,2,2,4,2,8,2,1,1,1,1,8,2,3,1,1,G,464,1,1,2,4,4,7,3,4,20000,1,1,0,4,4,7,3,4,20000,1,1,0,4,4,7,3,4,20000,1,1,0,2024,3,10,4580000,2510000,1,2
202601,6,,인천서구청,28260,14,0,0,0,1,1,3,21,04,6,2,140,80,5,0,0,0,2,2,4,2,8,2,1,1,1,1,8,2,3,2,1,S,961,3,1,3,4,4,5,4,4,7800,1,1,0,4,4,5,4,4,7800,1,1,0,4,4,5,4,4,7800,1,1,0,2024,3,10,4580000,2510000,1,2
202601,6,,인천서구청,28260,14,0,0,0,1,0,4,21,03,1,1,없음,120,5,0,0,0,1,1,1,1,10,1,1,1,1,1,8,1,3,1,1,G,476,1,1,1,3,3,7,3,3,14300,1,1,0,3,3,7,3,3,14300,1,1,0,3,3,7,3,3,14300,1,1,0,2026,3,7,4060000,2570000,1,2
202601,6,,인천서구청,28260,14,0,0,0,1,0,9,21,03,6,1,550,100,4,0,1,0,2,2,4,1,10,2,1,1,1,1,8,2,3,1,1,S,969,3,1,3,6,6,9,6,6,30400,1,1,0,6,6,9,6,6,30400,1,1,0,6,6,9,6,6,30400,1,1,0,2024,3,10,3240000,5650000,1,2
202601,6,,인천서구청,28260,14,0,0,0,1,0,9,21,03,6,1,550,100,4,0,1,0,2,2,4,1,10,2,1,1,1,1,8,2,3,1,6,0,999,2,1,2,1,1,1,5,5,25700,1,1,1,1,1,1,5,5,25700,1,1,1,1,1,1,5,5,25700,1,1,1,0,1,1,3240000,5650000,1,2
202601,6,,인천서구청,28260,14,0,0,0,1,0,9,21,03,6,1,550,100,4,0,1,0,2,2,4,1,10,2,1,1,1,1,8,2,3,1,1,G,472,2,1,2,5,5,8,5,5,27900,1,1,0,5,5,8,5,5,27900,1,1,0,5,5,8,5,5,27900,1,1,0,2024,3,10,3240000,5650000,1,2
202601,6,,인천서구청,28260,14,0,0,0,1,0,4,32,03,3,1,200,154,4,0,0,0,2,1,2,1,10,1,1,1,1,1,8,2,3,1,1,S,952,2,1,2,6,5,9,6,5,43900,1,1,0,6,5,9,6,5,43900,1,1,0,6,5,9,6,5,43900,1,1,0,2023,4,10,2860000,10690000,1,3
202601,6,,인천서구청,28260,14,0,0,0,1,0,8,31,03,3,1,600,300,7,0,0,0,2,1,2,1,10,1,1,1,1,1,8,2,3,1,1,I,561,2,1,2,5,4,7,5,4,16200,1,1,0,5,4,7,5,4,16200,1,1,0,5,4,7,5,4,16200,1,1,0,2025,3,10,2950000,10450000,1,3
202601,6,,인천서구청,28260,14,0,0,0,1,0,4,21,03,6,2,470,150,4,0,0,0,2,2,4,1,9,2,1,1,1,1,8,2,3,1,1,I,561,2,1,3,5,5,7,5,5,22100,1,1,0,5,5,7,5,5,22100,1,1,0,5,5,7,5,5,22100,1,1,0,2025,3,9,3720000,3200000,1,1
202601,6,,인천서구청,28260,14,0,0,0,1,0,4,21,03,6,2,470,150,4,0,0,0,2,2,4,1,9,2,1,1,1,1,8,2,3,2,1,F,424,2,1,3,3,4,6,3,4,10800,1,1,0,3,4,6,3,4,10800,1,1,0,3,4,6,3,4,10800,1,1,0,2024,3,10,3720000,3200000,1,1
202601,6,,인천서구청,28260,14,0,0,0,1,0,8,31,04,6,1,397,91,6,0,1,0,3,2,4,1,10,2,1,1,1,1,8,3,3,1,1,S,952,4,1,4,5,5,6,5,5,9500,1,1,0,5,5,6,5,5,9500,1,1,0,5,5,6,5,5,9500,1,1,0,2024,5,9,2330000,3890000,1,1
202601,6,,석남/가정중앙시장,28260,13,0,0,0,1,1,1,11,03,6,2,519,248,6,0,0,0,2,2,4,1,10,1,1,1,1,1,8,2,3,-1,2,0,999,1,1,1,1,1,1,2,2,2900,1,1,0,1,1,1,2,2,2900,1,1,0,1,1,1,2,2,2900,1,1,0,0,1,1,2690000,2170000,1,2
202601,6,,석남/가정중앙시장,28260,13,0,0,0,1,1,1,11,03,6,2,519,248,6,0,0,0,2,2,4,1,10,1,1,1,1,1,8,2,3,1,1,S,969,2,1,2,3,4,7,3,4,14400,1,1,0,3,4,7,3,4,14400,1,1,0,3,4,7,3,4,14400,1,1,0,2025,3,8,2690000,2170000,1,2
202601,6,,석남/가정중앙시장,28260,13,0,0,0,1,1,1,11,03,6,2,519,248,6,0,0,0,2,2,4,1,10,1,1,1,1,1,8,2,3,1,1,I,561,2,1,2,3,3,7,3,4,13900,1,1,0,3,3,7,3,4,13900,1,1,0,3,3,7,3,4,13900,1,1,0,2025,3,10,2690000,2170000,1,2
202601,6,,석남/가정중앙시장,28260,13,0,0,0,1,1,1,11,03,6,2,519,248,6,0,0,0,2,2,4,1,10,1,1,1,1,1,8,2,3,2,2,0,999,3,1,3,1,1,1,3,3,6300,1,1,0,1,1,1,3,3,6300,1,1,0,1,1,1,3,3,6300,1,1,0,0,1,1,2690000,2170000,1,2
202601,6,,석남/가정중앙시장,28260,13,0,0,0,1,0,5,32,03,6,1,550,300,7,0,1,0,2,2,4,1,10,2,1,1,1,1,8,2,3,1,1,G,471,4,1,4,6,5,7,6,5,13600,1,1,0,6,5,7,6,5,13600,1,1,0,6,5,7,6,5,13600,1,1,0,2024,5,8,3230000,5410000,1,1
202601,6,,석남/가정중앙시장,28260,14,0,0,0,1,0,8,32,03,6,1,330,없음,4,0,1,0,3,2,4,1,10,2,1,1,1,1,8,3,3,1,1,R,911,4,1,4,6,5,6,6,5,9900,1,1,0,6,5,6,6,5,9900,1,1,0,6,5,6,6,5,9900,1,1,0,2025,3,10,4520000,8340000,1,2
202601,6,,0.비상권,28260,14,0,0,0,1,0,1,11,04,6,1,없음,100,4,0,0,0,2,1,3,1,9,1,1,1,1,1,8,2,3,1,6,0,999,3,1,3,1,1,1,5,5,15200,1,1,1,1,1,1,5,5,15200,1,1,1,1,1,1,5,5,15200,1,1,1,0,1,1,2780000,4760000,1,1
202601,6,,0.비상권,28260,14,0,0,0,1,1,2,11,03,1,1,500,200,7,0,0,0,2,2,4,1,10,1,1,1,1,1,1,2,3,-1,2,0,999,1,1,1,1,1,1,2,2,2800,1,1,0,1,1,1,2,2,2800,1,1,0,1,1,1,2,2,2800,1,1,0,0,1,1,2560000,2090000,1,1
202601,6,,0.비상권,28260,14,0,0,0,1,1,2,11,03,1,1,500,200,7,0,0,0,2,2,4,1,10,1,1,1,1,1,1,2,3,1,1,H,529,3,1,3,5,4,6,5,4,7900,1,1,0,5,4,6,5,4,7900,1,1,0,5,4,6,5,4,7900,1,1,0,2024,3,10,2560000,2090000,1,1
202601,6,,0.비상권,28260,14,0,0,0,1,1,2,11,03,1,1,500,200,7,0,0,0,2,2,4,1,10,1,1,1,1,1,1,2,3,2,2,0,999,3,1,3,1,1,1,4,3,5500,1,1,0,1,1,1,4,3,5500,1,1,0,1,1,1,4,3,5500,1,1,0,0,1,1,2560000,2090000,1,1
202601,6,,0.비상권,28260,13,0,0,0,1,0,8,31,03,4,1,360,175,5,0,1,0,3,2,4,1,10,2,1,1,1,1,8,3,3,1,6,0,999,2,1,2,1,1,1,4,5,25400,1,1,1,1,1,1,4,5,25400,1,1,1,1,1,1,4,5,25400,1,1,1,0,1,1,2920000,8540000,1,1
202601,6,,0.비상권,28260,13,0,0,0,1,0,8,31,03,4,1,360,175,5,0,1,0,3,2,4,1,10,2,1,1,1,1,8,3,3,1,1,G,474,2,1,2,4,5,8,4,5,25400,1,1,0,4,5,8,4,5,25400,1,1,0,4,5,8,4,5,25400,1,1,0,2025,2,10,2920000,8540000,1,1
202601,6,,0.비상권,28260,13,0,0,0,1,0,8,31,03,4,1,360,175,5,0,1,0,3,2,4,1,10,2,1,1,1,1,8,3,3,1,1,G,472,3,1,3,6,6,8,6,6,25900,1,1,0,6,6,8,6,6,25900,1,1,0,6,6,8,6,6,25900,1,1,0,2025,3,10,2920000,8540000,1,1
202601,6,,석남/가정중앙시장,28260,13,0,0,0,1,1,3,21,03,1,1,700,186,6,0,0,0,2,2,4,1,9,1,2,1,1,1,8,2,3,-1,6,0,999,2,1,3,1,1,1,3,3,3800,1,1,1,1,1,1,3,3,3800,1,1,1,1,1,1,3,3,3800,1,1,1,0,1,1,3290000,2060000,1,1
202601,6,,석남/가정중앙시장,28260,13,0,0,0,1,1,3,21,03,1,1,700,186,6,0,0,0,2,2,4,1,9,1,2,1,1,1,8,2,3,1,6,0,999,1,1,2,1,1,1,3,4,15800,1,1,1,1,1,1,3,4,15800,1,1,1,1,1,1,3,4,15800,1,1,1,0,1,1,3290000,2060000,1,1
202601,6,,석남/가정중앙시장,28260,13,0,0,0,1,1,3,21,03,1,1,700,186,6,0,0,0,2,2,4,1,9,1,2,1,1,1,8,2,3,1,1,R,912,1,1,2,4,3,7,3,4,15800,1,1,0,4,3,7,3,4,15800,1,1,0,4,3,7,3,4,15800,1,1,0,2024,3,6,3290000,2060000,1,1
202601,6,,석남/가정중앙시장,28260,13,0,0,0,1,1,3,21,03,1,1,700,186,6,0,0,0,2,2,4,1,9,1,2,1,1,1,8,2,3,2,2,0,999,2,1,3,1,1,1,3,3,6200,1,1,0,1,1,1,3,3,6200,1,1,0,1,1,1,3,3,6200,1,1,0,0,1,1,3290000,2060000,1,1
202601,6,,석남/가정중앙시장,28260,13,0,0,0,1,1,1,11,03,6,2,755,241,6,0,0,0,2,2,4,2,8,2,1,1,1,1,8,2,3,-1,1,0,999,3,1,3,3,3,4,3,3,4700,1,1,0,3,3,4,3,3,4700,1,1,0,3,3,4,3,3,4700,1,1,0,2026,3,9,3580000,2130000,1,1
202601,6,,석남/가정중앙시장,28260,13,0,0,0,1,1,1,11,03,6,2,755,241,6,0,0,0,2,2,4,2,8,2,1,1,1,1,8,2,3,1,1,I,561,2,1,2,3,4,7,4,4,12800,1,1,0,3,4,7,4,4,12800,1,1,0,3,4,7,4,4,12800,1,1,0,2024,4,8,3580000,2130000,1,1
202601,6,,석남/가정중앙시장,28260,13,0,0,0,1,1,1,11,03,6,2,755,241,6,0,0,0,2,2,4,2,8,2,1,1,1,1,8,2,3,1,1,S,961,2,1,2,4,3,7,4,4,12800,1,1,0,4,3,7,4,4,12800,1,1,0,4,3,7,4,4,12800,1,1,0,2025,3,10,3580000,2130000,1,1
202601,6,,석남/가정중앙시장,28260,13,0,0,0,1,1,1,11,03,6,2,755,241,6,0,0,0,2,2,4,2,8,2,1,1,1,1,8,2,3,2,1,0,999,3,1,3,3,3,4,3,3,5100,1,1,0,3,3,4,3,3,5100,1,1,0,3,3,4,3,3,5100,1,1,0,2025,3,8,3580000,2130000,1,1
202601,6,,석남/가정중앙시장,28260,13,0,0,0,1,1,2,11,03,1,1,646,164,9,0,0,0,2,2,4,1,9,2,1,1,1,1,8,2,3,-1,6,0,999,3,1,3,1,1,1,4,3,6600,1,1,1,1,1,1,4,3,6600,1,1,1,1,1,1,4,3,6600,1,1,1,0,1,1,3660000,2100000,1,2
202601,6,,석남/가정중앙시장,28260,13,0,0,0,1,1,2,11,03,1,1,646,164,9,0,0,0,2,2,4,1,9,2,1,1,1,1,8,2,3,1,1,I,561,1,1,1,3,3,7,3,3,15800,1,1,0,3,3,7,3,3,15800,1,1,0,3,3,8,3,3,17400,1,1,0,2026,3,10,3660000,2100000,1,2
202601,6,,석남/가정중앙시장,28260,13,0,0,0,1,1,2,11,03,1,1,646,164,9,0,0,0,2,2,4,1,9,2,1,1,1,1,8,2,3,1,1,G,462,2,1,2,6,4,8,6,4,20500,1,1,0,6,4,8,6,4,20500,1,1,0,6,4,8,6,4,20500,1,1,0,2024,5,9,3660000,2100000,1,2
202601,6,,석남/가정중앙시장,28260,13,0,0,0,1,1,2,11,03,1,1,646,164,9,0,0,0,2,2,4,1,9,2,1,1,1,1,8,2,3,2,1,0,999,2,1,3,4,3,5,4,3,7800,1,1,0,4,3,5,4,3,7800,1,1,0,4,3,5,4,3,7800,1,1,0,2020,6,9,3660000,2100000,1,2
202601,6,,석남/가정중앙시장,28260,13,0,0,0,1,1,2,11,04,6,2,728,243,6,0,0,0,2,2,4,2,8,2,1,1,1,1,8,2,3,-1,1,0,999,2,1,3,3,3,3,3,3,2700,1,1,0,3,3,3,3,3,2700,1,1,0,3,3,3,3,3,2700,1,1,0,2026,3,9,3130000,1770000,1,2
202601,6,,석남/가정중앙시장,28260,13,0,0,0,1,1,2,11,04,6,2,728,243,6,0,0,0,2,2,4,2,8,2,1,1,1,1,8,2,3,1,1,G,472,1,1,2,3,3,7,3,3,12500,1,1,0,3,3,7,3,3,12500,1,1,0,3,3,7,3,3,12500,1,1,0,2026,3,9,3130000,1770000,1,2
202601,6,,석남/가정중앙시장,28260,13,0,0,0,1,1,2,11,04,6,2,728,243,6,0,0,0,2,2,4,2,8,2,1,1,1,1,8,2,3,1,1,G,474,1,1,2,3,3,7,3,3,12500,1,1,0,3,3,7,3,3,12500,1,1,0,3,3,7,3,3,12500,1,1,0,2025,4,9,3130000,1770000,1,2
202601,6,,석남/가정중앙시장,28260,13,0,0,0,1,1,2,11,04,6,2,728,243,6,0,0,0,2,2,4,2,8,2,1,1,1,1,8,2,3,2,1,0,999,2,1,3,4,3,5,5,3,7200,1,1,0,4,3,5,5,3,7200,1,1,0,4,3,5,5,3,7200,1,1,0,2026,3,9,3130000,1770000,1,2
202601,6,,석남/가정중앙시장,28260,14,0,0,0,1,0,3,21,03,6,1,498,75,5,0,0,0,3,2,4,1,10,2,1,1,1,1,8,3,3,1,1,I,561,2,1,2,4,4,8,4,4,21500,1,1,0,4,4,8,4,4,21500,1,1,0,4,4,8,4,4,21500,1,1,0,2025,3,10,3570000,5970000,1,2
202601,6,,석남/가정중앙시장,28260,14,0,0,0,1,0,3,21,03,6,1,498,75,5,0,0,0,3,2,4,1,10,2,1,1,1,1,8,3,3,1,1,I,561,2,1,2,4,4,7,4,4,21000,1,1,0,4,4,7,4,4,21000,1,1,0,4,4,7,4,4,21000,1,1,0,2024,3,10,3570000,5970000,1,2
202601,6,,석남/가정중앙시장,28260,14,0,0,0,1,0,3,21,03,6,1,498,75,5,0,0,0,3,2,4,1,10,2,1,1,1,1,8,3,3,1,1,C,339,2,1,2,5,4,7,4,4,20800,1,1,0,5,4,7,4,4,20800,1,1,0,5,4,7,4,4,20800,1,1,0,2025,5,5,3570000,5970000,1,2
202601,6,,석남/가정중앙시장,28260,14,0,0,0,1,0,3,21,03,6,1,498,75,5,0,0,0,3,2,4,1,10,2,1,1,1,1,8,3,3,1,1,I,562,2,1,2,5,4,7,4,4,20800,1,1,0,5,4,7,4,4,20800,1,1,0,5,4,7,4,4,20800,1,1,0,2022,5,8,3570000,5970000,1,2
202601,6,,석남/가정중앙시장,28260,14,0,0,0,1,0,3,21,03,6,1,498,75,5,0,0,0,3,2,4,1,10,2,1,1,1,1,8,3,3,1,1,I,561,2,1,2,4,4,7,4,4,20800,1,1,0,4,4,7,4,4,20800,1,1,0,4,4,7,4,4,20800,1,1,0,2020,6,5,3570000,5970000,1,2
202601,6,,석남/가정중앙시장,28260,22,0,120,0,1,0,3,11,03,4,1,270,10,5,0,0,0,2,2,4,1,10,2,1,1,1,1,8,2,3,1,1,I,561,4,1,4,6,6,9,6,6,34700,1,1,0,6,6,9,6,6,34700,1,1,0,6,6,9,6,6,34700,1,1,0,2026,3,10,6180000,16610000,1,2
202601,6,,석남/가정중앙시장,28260,13,0,0,0,1,1,1,11,04,6,2,300,300,6,0,0,0,2,2,4,1,9,1,1,2,1,1,8,2,3,-1,2,0,999,1,1,1,1,1,1,2,2,3200,1,1,0,1,1,1,2,2,3200,1,1,0,1,1,1,2,2,3200,1,1,0,0,1,1,3180000,2600000,1,1
202601,6,,석남/가정중앙시장,28260,13,0,0,0,1,1,1,11,04,6,2,300,300,6,0,0,0,2,2,4,1,9,1,1,2,1,1,8,2,3,1,1,S,961,2,1,2,3,3,7,3,4,13100,1,1,0,3,3,7,3,4,13100,1,1,0,3,3,7,3,4,13100,1,1,0,2025,3,7,3180000,2600000,1,1
202601,6,,석남/가정중앙시장,28260,13,0,0,0,1,1,1,11,04,6,2,300,300,6,0,0,0,2,2,4,1,9,1,1,2,1,1,8,2,3,1,1,I,561,2,1,2,3,3,7,3,4,13100,1,1,0,3,3,7,3,4,13100,1,1,0,3,3,7,3,4,13100,1,1,0,2025,3,7,3180000,2600000,1,1
202601,6,,석남/가정중앙시장,28260,13,0,0,0,1,1,1,11,04,6,2,300,300,6,0,0,0,2,2,4,1,9,1,1,2,1,1,8,2,3,2,2,0,999,3,1,3,1,1,1,3,3,5700,1,1,0,1,1,1,3,3,5700,1,1,0,1,1,1,3,3,5700,1,1,0,0,1,1,3180000,2600000,1,1
202601,6,,0.비상권,28260,14,0,0,0,1,0,2,11,04,1,1,325,260,8,0,0,0,2,2,4,3,7,2,1,1,1,1,8,2,3,1,1,F,411,2,1,2,3,3,4,3,3,5400,1,1,0,3,3,4,3,3,5400,1,1,0,3,3,4,3,3,5400,1,1,0,2025,3,10,2570000,1580000,1,1
202601,6,,0.비상권,28260,14,0,0,0,1,0,2,11,04,1,1,325,260,8,0,0,0,2,2,4,3,7,2,1,1,1,1,8,2,3,1,1,I,561,1,1,2,3,3,5,3,3,7300,1,1,0,3,3,5,3,3,7300,1,1,0,3,3,5,3,3,7300,1,1,0,2025,3,9,2570000,1580000,1,1
202601,6,,0.비상권,28260,14,0,0,0,1,0,2,11,04,1,1,325,260,8,0,0,0,2,2,4,3,7,2,1,1,1,1,8,2,3,2,2,0,999,2,2,3,1,1,1,3,3,3500,1,1,0,1,1,1,3,3,3500,1,1,0,1,1,1,3,3,3500,1,1,0,0,1,1,2570000,1580000,1,1
202601,6,,0.비상권,28260,13,0,0,0,1,1,3,21,04,6,2,530,280,6,0,0,0,2,2,4,1,10,1,1,1,1,1,8,2,3,-1,6,0,999,1,1,1,1,1,1,2,2,2000,1,1,1,1,1,1,2,2,2000,1,1,1,1,1,1,2,2,2000,1,1,1,0,1,1,2780000,2270000,1,1
202601,6,,0.비상권,28260,13,0,0,0,1,1,3,21,04,6,2,530,280,6,0,0,0,2,2,4,1,10,1,1,1,1,1,8,2,3,1,1,F,424,3,1,3,5,4,7,5,4,10500,1,1,0,5,4,7,5,4,10500,1,1,0,5,4,7,5,4,10500,1,1,0,2024,3,9,2780000,2270000,1,1
202601,6,,0.비상권,28260,13,0,0,0,1,1,3,21,04,6,2,530,280,6,0,0,0,2,2,4,1,10,1,1,1,1,1,8,2,3,2,2,0,999,3,1,3,1,1,1,4,3,6600,1,1,0,1,1,1,4,3,6600,1,1,0,1,1,1,4,3,6600,1,1,0,0,1,1,2780000,2270000,1,1
202601,6,,0.비상권,28260,13,0,0,0,1,0,1,11,04,6,2,607,204,7,0,0,0,2,2,4,1,10,1,1,1,1,1,8,2,3,1,1,I,561,3,1,3,5,4,7,5,4,10800,1,1,0,5,4,7,5,4,10800,1,1,0,5,4,7,5,4,10800,1,1,0,2025,3,10,2620000,2350000,1,1
202601,6,,0.비상권,28260,13,0,0,0,1,0,1,11,04,6,2,607,204,7,0,0,0,2,2,4,1,10,1,1,1,1,1,8,2,3,2,2,0,999,3,1,3,1,1,1,4,3,6400,1,1,0,1,1,1,4,3,6400,1,1,0,1,1,1,4,3,6400,1,1,0,0,1,1,2620000,2350000,1,1
202601,6,,0.비상권,28260,13,0,0,0,1,1,3,21,03,6,2,550,180,5,0,0,0,2,2,4,2,9,2,1,1,1,1,8,2,3,-1,6,0,999,1,1,1,1,1,1,2,2,4000,1,1,1,1,1,1,2,2,4000,1,1,1,1,1,1,2,2,4000,1,1,1,0,1,1,3680000,3130000,1,1
202601,6,,0.비상권,28260,13,0,0,0,1,1,3,21,03,6,2,550,180,5,0,0,0,2,2,4,2,9,2,1,1,1,1,8,2,3,1,1,I,561,2,1,2,5,4,7,5,4,14000,1,1,0,5,4,7,5,4,14000,1,1,0,5,4,7,5,4,14000,1,1,0,2025,3,8,3680000,3130000,1,1
202601,6,,0.비상권,28260,13,0,0,0,1,1,3,21,03,6,2,550,180,5,0,0,0,2,2,4,2,9,2,1,1,1,1,8,2,3,1,1,S,969,1,1,2,5,3,7,5,3,12100,1,1,0,5,3,7,5,3,12100,1,1,0,5,3,7,5,3,12100,1,1,0,2025,3,7,3680000,3130000,1,1
202601,6,,0.비상권,28260,13,0,0,0,1,1,3,21,03,6,2,550,180,5,0,0,0,2,2,4,2,9,2,1,1,1,1,8,2,3,1,1,I,561,1,1,2,5,3,7,5,3,12100,1,1,0,5,3,7,5,3,12100,1,1,0,5,3,7,5,3,12100,1,1,0,2025,3,10,3680000,3130000,1,1
202601,6,,0.비상권,28260,13,0,0,0,1,1,3,21,03,6,2,550,180,5,0,0,0,2,2,4,2,9,2,1,1,1,1,8,2,3,2,1,S,949,4,1,4,4,4,4,5,4,5200,1,1,0,4,4,4,5,4,5200,1,1,0,4,4,4,5,4,5200,1,1,0,2025,3,10,3680000,3130000,1,1
202601,6,,0.비상권,28260,13,0,0,0,1,0,2,11,04,1,1,519,116,4,0,0,0,2,2,4,2,9,2,1,2,1,1,8,2,3,1,1,G,476,2,1,2,3,3,5,3,3,7200,1,1,0,3,3,5,3,3,7200,1,1,0,3,3,5,3,3,7200,1,1,0,2025,3,10,2690000,2270000,1,1
202601,6,,0.비상권,28260,13,0,0,0,1,0,2,11,04,1,1,519,116,4,0,0,0,2,2,4,2,9,2,1,2,1,1,8,2,3,1,1,S,969,2,1,2,3,3,5,3,3,7000,1,1,0,3,3,5,3,3,7000,1,1,0,3,3,5,3,3,7000,1,1,0,2024,3,9,2690000,2270000,1,1
202601,6,,0.비상권,28260,13,0,0,0,1,0,2,11,04,1,1,519,116,4,0,0,0,2,2,4,2,9,2,1,2,1,1,8,2,3,2,2,0,999,3,1,4,1,1,1,3,3,3000,1,1,0,1,1,1,3,3,3000,1,1,0,1,1,1,3,3,3000,1,1,0,0,1,1,2690000,2270000,1,1
202601,6,,검단사거리완정역,28260,14,0,0,0,1,0,9,31,03,6,1,100,50,7,0,0,0,2,1,3,1,10,1,1,1,1,1,8,2,3,1,1,I,561,2,1,2,6,6,9,6,6,37000,1,1,0,6,6,9,6,6,37000,1,1,0,6,6,9,6,6,37000,1,1,0,2025,3,10,3940000,6650000,1,3
202601,6,,검단사거리완정역,28260,14,0,0,0,1,0,9,31,03,6,1,100,50,7,0,0,0,2,1,3,1,10,1,1,1,1,1,8,2,3,1,1,I,561,1,1,1,5,4,8,5,4,29400,1,1,0,5,4,8,5,4,29400,1,1,0,5,4,8,5,4,29400,1,1,0,2025,3,10,3940000,6650000,1,3
202601,6,,검단사거리완정역,28260,14,0,0,0,1,0,9,31,03,6,1,230,170,8,0,1,0,2,2,4,1,10,1,1,1,1,1,8,2,3,1,6,0,999,1,1,2,1,1,1,6,4,25800,1,1,1,1,1,1,6,4,25800,1,1,1,1,1,1,6,4,25800,1,1,1,0,1,1,3040000,5180000,1,3
202601,6,,검단사거리완정역,28260,14,0,0,0,1,0,9,31,03,6,1,230,170,8,0,1,0,2,2,4,1,10,1,1,1,1,1,8,2,3,1,1,I,561,1,1,2,6,4,8,6,4,25800,1,1,0,6,4,8,6,4,25800,1,1,0,6,4,8,6,4,25800,1,1,0,2024,3,10,3040000,5180000,1,3
202601,6,,검단사거리완정역,28260,14,0,0,0,1,0,9,31,03,6,1,230,170,8,0,1,0,2,2,4,1,10,1,1,1,1,1,8,2,3,1,1,G,474,1,1,2,6,4,8,6,4,25800,1,1,0,6,4,8,6,4,25800,1,1,0,6,4,8,6,4,25800,1,1,0,2026,3,10,3040000,5180000,1,3
202601,6,,검단사거리완정역,28260,14,0,0,0,1,0,9,31,03,6,1,230,170,8,0,1,0,2,2,4,1,10,1,1,1,1,1,8,2,3,1,6,0,999,2,1,2,1,1,1,4,4,21500,1,1,1,1,1,1,4,4,21500,1,1,1,1,1,1,4,4,21500,1,1,1,0,1,1,3040000,5180000,1,3
202601,6,,검단사거리완정역,28260,14,0,0,0,1,0,7,32,04,6,1,430,320,6,0,1,0,3,2,4,1,10,2,1,1,1,1,8,3,3,1,1,I,561,4,1,4,7,6,8,7,6,20700,1,1,0,7,6,8,7,6,20700,1,1,0,7,6,8,7,6,20700,1,1,0,2024,5,9,3260000,5480000,1,1
202601,6,,검단사거리완정역,28260,16,0,0,0,1,0,5,31,04,6,1,150,50,5,1,0,0,2,2,4,2,9,2,2,1,1,1,8,2,3,1,1,S,952,4,1,4,7,6,8,7,6,23600,1,1,0,7,6,8,7,6,23600,1,1,0,7,6,8,7,6,23600,1,1,0,2026,3,8,5950000,5940000,1,3
202601,6,,검단사거리완정역,28260,16,0,0,0,1,0,5,31,04,6,1,150,50,5,1,0,0,2,2,4,2,9,2,2,1,1,1,8,2,3,2,6,0,999,4,1,4,1,1,1,5,4,7600,1,1,1,1,1,1,5,4,7600,1,1,1,1,1,1,5,4,7600,1,1,1,0,1,1,5950000,5940000,1,3
202601,6,,검단사거리완정역,28260,16,0,0,0,1,0,8,31,04,6,1,350,50,5,0,1,0,3,2,4,1,10,2,1,1,1,1,8,3,3,1,1,G,472,4,1,4,6,6,8,6,6,20500,1,1,0,6,6,8,6,6,20500,1,1,0,6,6,8,6,6,20500,1,1,0,2025,3,9,4260000,7160000,1,2
202601,6,,검단사거리완정역,28260,16,0,0,0,1,0,8,31,04,6,1,350,50,5,0,1,0,3,2,4,1,10,2,1,1,1,1,8,3,3,1,1,S,969,3,1,3,6,5,7,6,5,19700,1,1,0,6,5,7,6,5,19700,1,1,0,6,5,7,6,5,19700,1,1,0,2025,3,9,4260000,7160000,1,2
202601,6,,검단사거리완정역,28260,16,0,0,0,1,0,8,31,04,6,1,350,50,5,0,1,0,3,2,4,1,10,2,1,1,1,1,8,3,3,1,1,I,561,2,1,2,6,4,8,6,4,27800,1,1,0,6,4,8,6,4,27800,1,1,0,6,4,8,6,4,27800,1,1,0,2025,3,9,4260000,7160000,1,2
202601,6,,검단사거리완정역,28260,16,0,0,0,1,0,8,31,04,6,1,350,50,5,0,1,0,3,2,4,1,10,2,1,1,1,1,8,3,3,1,1,L,682,2,1,2,6,4,8,6,4,27100,1,1,0,6,4,8,6,4,27100,1,1,0,6,4,8,6,4,27100,1,1,0,2025,3,9,4260000,7160000,1,2
202601,6,,검단사거리완정역,28260,16,0,0,0,1,0,6,31,04,6,1,130,130,5,0,0,0,2,2,4,1,10,2,1,1,1,1,8,2,3,1,1,I,561,4,1,4,7,6,8,6,6,27800,1,1,0,7,6,8,6,6,27800,1,1,0,7,6,8,6,6,27800,1,1,0,2026,3,10,5670000,9450000,1,2
202601,6,,검단사거리완정역,28260,22,0,0,0,1,0,7,31,04,5,1,230,300,6,0,1,0,3,2,4,1,10,2,1,1,1,1,8,3,3,1,1,I,561,3,1,3,6,5,8,6,5,20700,1,1,0,6,5,8,6,5,20700,1,1,0,6,5,8,6,5,20700,1,1,0,2025,3,10,4360000,10640000,1,2
202601,6,,검단사거리완정역,28260,22,0,0,0,1,0,7,31,04,5,1,230,300,6,0,1,0,3,2,4,1,10,2,1,1,1,1,8,3,3,1,1,I,561,3,1,3,6,5,8,6,5,20700,1,1,0,6,5,8,6,5,20700,1,1,0,6,5,8,6,5,20700,1,1,0,2025,3,9,4360000,10640000,1,2
202601,6,,검단사거리완정역,28260,22,0,0,0,1,0,7,31,04,4,1,320,200,7,0,1,0,4,2,4,1,10,2,1,1,1,1,8,4,3,1,1,G,478,4,1,4,6,6,8,6,6,18700,1,1,0,6,6,8,6,6,18700,1,1,0,6,6,8,6,6,18700,1,1,0,2025,3,10,4130000,12950000,1,1
202601,6,,검단사거리완정역,28260,22,0,0,0,1,0,7,31,04,4,1,320,200,7,0,1,0,4,2,4,1,10,2,1,1,1,1,8,4,3,1,1,I,561,4,1,4,6,6,7,6,6,18300,1,1,0,6,6,7,6,6,18300,1,1,0,6,6,7,6,6,18300,1,1,0,2025,3,10,4130000,12950000,1,1
202601,6,,검단사거리완정역,28260,22,0,0,0,1,0,6,33,03,6,1,190,160,5,0,1,0,3,2,4,1,9,2,1,1,1,1,8,3,3,1,1,I,561,3,1,4,6,6,8,6,6,29300,1,1,0,6,6,8,6,6,29300,1,1,0,6,6,8,6,6,29300,1,1,0,2025,3,8,4930000,9650000,1,1
202601,6,,검단사거리완정역,28260,22,0,0,0,1,0,6,33,03,6,1,190,160,5,0,1,0,3,2,4,1,9,2,1,1,1,1,8,3,3,1,1,I,561,2,1,2,6,6,9,6,5,30300,1,1,0,6,6,9,6,5,30300,1,1,0,6,6,9,6,5,30300,1,1,0,2025,3,10,4930000,9650000,1,1
202601,6,,검단사거리완정역,28260,22,0,0,0,1,0,6,33,03,6,1,190,160,5,0,1,0,3,2,4,1,9,2,1,1,1,1,8,3,3,1,1,I,561,2,1,2,6,5,9,6,5,30100,1,1,0,6,5,9,6,5,30100,1,1,0,6,5,9,6,5,30100,1,1,0,2024,3,10,4930000,9650000,1,1
202601,6,,0.비상권,28710,22,0,0,0,1,0,1,12,04,8,1,없음,1,1,0,0,0,1,1,1,1,10,1,1,1,1,1,8,1,3,1,1,G,478,1,1,1,6,4,9,6,4,35400,1,1,0,6,4,9,6,4,35400,1,1,0,6,4,9,6,4,35400,1,1,0,2023,4,4,3630000,4580000,1,3
202601,6,,금남로/충장로,29110,21,0,300,0,1,0,1,11,03,1,1,350,300,6,0,0,0,1,2,4,1,10,2,1,1,1,1,8,1,3,1,1,G,478,1,1,1,5,3,8,5,3,22900,1,1,0,5,3,8,5,3,22900,1,1,0,5,3,8,5,3,22900,1,1,0,2024,4,10,3970000,2690000,1,3
202601,6,,금남로/충장로,29110,21,0,300,0,1,0,1,11,03,1,1,350,300,6,0,0,0,1,2,4,1,10,2,1,1,1,1,8,1,3,1,1,S,961,1,1,1,5,4,8,5,4,29600,1,1,0,5,4,8,5,4,29600,1,1,0,5,4,8,5,4,29600,1,1,0,2024,5,10,3970000,2690000,1,3
202601,6,,금남로/충장로,29110,21,0,300,0,1,0,1,11,03,1,1,350,300,6,0,0,0,1,2,4,1,10,2,1,1,1,1,8,1,3,2,1,S,961,2,1,2,5,3,6,5,3,9200,1,1,0,5,3,6,5,3,9200,1,1,0,5,3,6,5,3,9200,1,1,0,2024,4,10,3970000,2690000,1,3
202601,6,,금남로/충장로,29110,21,0,300,0,1,0,6,31,03,7,1,185,270,7,0,1,0,3,2,4,1,10,2,1,1,1,1,8,3,3,1,6,0,999,2,1,2,1,1,1,3,3,13000,1,1,1,1,1,1,3,3,13000,1,1,1,1,1,1,3,3,13000,1,1,1,0,1,1,2740000,4380000,1,1
202601,6,,금남로/충장로,29110,21,0,300,0,1,0,6,31,03,7,1,185,270,7,0,1,0,3,2,4,1,10,2,1,1,1,1,8,3,3,1,1,G,478,2,1,2,3,3,7,3,3,13000,1,1,0,3,3,7,3,3,13000,1,1,0,3,3,7,3,3,13000,1,1,0,2024,3,9,2740000,4380000,1,1
202601,6,,금남로/충장로,29110,21,0,300,0,1,0,6,31,03,7,1,185,270,7,0,1,0,3,2,4,1,10,2,1,1,1,1,8,3,3,1,1,S,961,2,1,2,3,3,7,3,3,13000,1,1,0,3,3,7,3,3,13000,1,1,0,3,3,7,3,3,13000,1,1,0,2025,3,9,2740000,4380000,1,1
202601,6,,금남로/충장로,29110,21,0,300,0,1,0,6,31,03,7,1,185,270,7,0,1,0,3,2,4,1,10,2,1,1,1,1,8,3,3,1,1,S,969,2,1,2,3,3,7,3,3,13000,1,1,0,3,3,7,3,3,13000,1,1,0,3,3,7,3,3,13000,1,1,0,2024,3,9,2740000,4380000,1,1
202601,6,,금남로/충장로,29110,21,0,300,0,1,0,6,31,03,7,1,185,270,7,0,1,0,3,2,4,1,10,2,1,1,1,1,8,3,3,1,1,G,473,2,1,2,3,3,7,3,3,13000,1,1,0,3,3,7,3,3,13000,1,1,0,3,3,7,3,3,13000,1,1,0,2024,3,8,2740000,4380000,1,1
202601,6,,금남로/충장로,29110,21,0,300,0,1,0,6,31,03,7,1,185,270,7,0,1,0,3,2,4,1,10,2,1,1,1,1,8,3,3,1,1,G,474,2,1,2,4,4,7,4,4,13200,1,1,0,4,4,7,4,4,13200,1,1,0,4,4,7,4,4,13200,1,1,0,2026,3,7,2740000,4380000,1,1
202601,6,,금남로/충장로,29110,22,0,300,0,1,0,1,11,04,7,2,없음,230,9,0,0,0,2,2,4,1,10,1,2,1,1,1,8,2,3,1,6,0,999,3,1,3,1,1,1,4,4,10700,1,1,1,1,1,1,4,4,10700,1,1,1,1,1,1,4,4,10700,1,1,1,0,1,1,2450000,1830000,1,1
202601,6,,금남로/충장로,29110,22,0,300,0,1,0,1,11,04,7,2,없음,230,9,0,0,0,2,2,4,1,10,1,2,1,1,1,8,2,3,2,6,0,999,3,1,3,1,1,1,3,3,2700,1,1,1,1,1,1,3,3,2700,1,1,1,1,1,1,3,3,2700,1,1,1,0,1,1,2450000,1830000,1,1
202601,6,,금남로/충장로,29110,22,0,300,0,1,0,1,12,03,1,1,없음,111,6,0,0,0,1,1,1,1,10,1,1,1,1,1,8,1,3,1,1,I,561,1,1,1,4,4,9,4,4,32300,1,1,0,4,4,9,4,4,32300,1,1,0,4,4,9,4,4,32300,1,1,0,2024,3,9,2290000,8720000,1,3
202601,6,,금남로/충장로,29110,21,0,300,0,1,0,1,11,04,7,2,185,60,6,0,0,0,2,2,4,1,10,2,1,1,1,1,8,2,3,1,1,G,467,2,1,2,5,5,9,5,5,31700,1,1,0,5,5,9,5,5,31700,1,1,0,5,5,9,5,5,31700,1,1,0,2024,3,10,2470000,2270000,1,3
202601,6,,금남로/충장로,29110,21,0,300,0,1,0,1,11,04,7,2,185,60,6,0,0,0,2,2,4,1,10,2,1,1,1,1,8,2,3,2,1,G,467,2,1,2,3,3,7,3,3,10300,1,1,0,3,3,7,3,3,10300,1,1,0,3,3,7,3,3,10300,1,1,0,2024,3,10,2470000,2270000,1,3
202601,6,,금남로/충장로,29110,21,0,300,0,1,0,1,51,03,7,1,210,85,8,0,0,0,1,1,2,1,9,1,1,1,1,1,8,1,3,1,1,I,561,1,1,1,3,3,7,3,3,20100,1,1,0,3,3,7,3,3,20100,1,1,0,3,3,7,3,3,20100,1,1,0,2024,3,8,2700000,4160000,1,2
202601,6,,금남로/충장로,29110,21,0,300,0,1,0,1,51,03,7,1,210,85,8,0,0,0,1,1,2,1,9,1,1,1,1,1,8,1,3,1,1,S,961,2,1,2,5,3,7,5,4,16100,1,1,0,5,3,7,5,4,16100,1,1,0,5,3,7,5,4,16100,1,1,0,2024,3,10,2700000,4160000,1,2
202601,6,,금남로/충장로,29110,21,0,120,0,1,0,3,11,03,10,2,180,160,4,0,0,0,2,2,4,1,10,2,1,1,1,1,8,2,3,1,1,I,561,2,1,2,4,3,7,4,3,11400,1,1,0,4,3,7,4,3,11400,1,1,0,4,3,7,4,3,11400,1,1,0,2025,3,7,3610000,3550000,1,1
202601,6,,금남로/충장로,29110,21,0,120,0,1,0,3,11,03,10,2,180,160,4,0,0,0,2,2,4,1,10,2,1,1,1,1,8,2,3,1,1,G,474,2,1,2,1,4,7,4,3,11800,1,1,0,1,4,7,4,3,11800,1,1,0,1,4,7,4,3,11800,1,1,0,2026,3,10,3610000,3550000,1,1
202601,6,,금남로/충장로,29110,21,0,120,0,1,0,3,11,03,10,2,180,160,4,0,0,0,2,2,4,1,10,2,1,1,1,1,8,2,3,1,1,R,901,2,1,2,4,3,7,4,3,11800,1,1,0,4,3,7,4,3,11800,1,1,0,4,3,7,4,3,11800,1,1,0,2024,3,8,3610000,3550000,1,1
202601,6,,금남로/충장로,29110,21,0,120,0,1,0,3,11,03,10,2,180,160,4,0,0,0,2,2,4,1,10,2,1,1,1,1,8,2,3,2,1,I,562,2,1,2,4,3,6,4,3,8000,1,1,0,4,3,6,4,3,8000,1,1,0,4,3,6,4,3,8000,1,1,0,2025,3,10,3610000,3550000,1,1
202601,6,,금남로/충장로,29110,21,0,120,300,1,0,2,21,03,8,1,171,137,4,0,0,0,1,1,2,1,9,1,1,1,1,1,8,1,3,1,1,G,474,2,1,2,4,3,7,4,4,11800,1,1,0,4,3,7,4,4,11800,1,1,0,4,3,7,4,4,11800,1,1,0,2025,3,10,3710000,5180000,1,1
202601,6,,금남로/충장로,29110,21,0,120,300,1,0,1,51,04,1,1,122,76,1,0,0,0,1,1,2,1,10,1,1,1,1,1,8,1,3,1,1,I,562,2,1,2,5,4,8,5,4,19300,1,1,0,5,4,8,5,4,19300,1,1,0,5,4,8,5,4,19300,1,1,0,2024,5,9,5930000,6070000,1,3
202601,6,,금남로/충장로,29110,21,0,120,300,1,0,1,51,03,1,1,500,300,8,0,0,0,2,1,3,1,10,1,1,1,1,1,8,2,3,1,1,G,474,2,1,2,4,4,7,4,4,16900,1,1,0,4,4,7,4,4,16900,1,1,0,4,4,7,4,4,16900,1,1,0,2024,3,5,3970000,9330000,1,3
202601,6,,금남로/충장로,29110,21,0,120,300,1,0,1,51,03,1,1,500,300,8,0,0,0,2,1,3,1,10,1,1,1,1,1,8,2,3,1,2,0,999,2,1,2,1,1,1,4,4,16900,1,1,0,1,1,1,4,4,16900,1,1,0,1,1,1,4,4,16900,1,1,0,0,1,1,3970000,9330000,1,3
202601,6,,금남로/충장로,29110,21,0,120,300,1,0,1,51,03,1,1,120,170,8,0,0,0,1,1,2,1,9,1,1,1,1,1,8,1,3,1,1,G,474,2,1,3,5,5,7,5,5,16100,1,1,0,5,5,7,5,5,16100,1,1,0,5,5,7,5,5,16100,1,1,0,2025,3,9,4090000,5460000,1,2
202601,6,,0.비상권,29110,14,0,0,0,1,0,1,11,04,1,1,655,335,9,0,0,0,1,1,3,1,8,1,1,1,1,1,8,1,3,1,1,I,561,2,1,2,5,5,9,5,5,37700,1,1,0,5,5,9,5,5,37700,1,1,0,5,5,9,5,5,37700,1,1,0,2025,3,9,6610000,6520000,1,3
202601,6,,0.비상권,29110,14,0,0,0,1,0,1,11,04,1,1,655,335,9,0,0,0,1,1,3,1,8,1,1,1,1,1,8,1,3,2,1,I,561,2,1,2,3,4,7,3,4,19800,1,1,0,3,4,7,3,4,19800,1,1,0,3,4,7,3,4,19800,1,1,0,2025,3,9,6610000,6520000,1,3
202601,6,,0.비상권,29110,14,0,0,0,1,0,7,32,03,6,1,637,381,6,0,0,0,1,1,2,1,7,1,1,1,1,1,8,1,3,1,1,I,562,1,1,2,5,4,8,5,4,28000,1,1,0,5,4,8,5,4,28000,1,1,0,5,4,8,5,4,28000,1,1,0,2024,3,9,4330000,5430000,1,3
202601,6,,0.비상권,29110,14,0,0,0,1,0,7,32,03,6,1,637,381,6,0,0,0,1,1,2,1,7,1,1,1,1,1,8,1,3,2,1,I,562,1,1,1,3,3,7,3,3,12900,1,1,0,3,3,7,3,3,12900,1,1,0,3,3,7,3,3,12900,1,1,0,2024,3,9,4330000,5430000,1,3
202601,6,,0.비상권,29110,14,0,0,0,1,0,2,11,03,6,2,643,340,8,0,0,0,2,2,4,1,9,1,1,1,1,1,8,2,3,1,1,I,561,2,1,3,5,6,9,5,6,30600,1,1,0,5,6,9,5,6,30600,1,1,0,5,6,9,5,6,30600,1,1,0,2024,3,10,6790000,6030000,1,2
202601,6,,0.비상권,29110,14,0,0,0,1,0,2,11,03,6,2,643,340,8,0,0,0,2,2,4,1,9,1,1,1,1,1,8,2,3,2,6,0,999,2,1,3,1,1,1,5,4,14300,1,1,1,1,1,1,5,4,14300,1,1,1,1,1,1,5,4,14300,1,1,1,0,1,1,6790000,6030000,1,2
202601,6,,0.비상권,29110,14,0,0,0,1,0,3,11,04,6,2,684,387,10,0,0,0,2,2,4,1,10,2,1,1,1,1,8,2,3,1,1,I,562,3,1,3,5,4,7,5,4,14600,1,1,0,5,4,7,5,4,14600,1,1,0,5,4,7,5,4,14600,1,1,0,2024,3,10,3000000,2700000,1,2
202601,6,,0.비상권,29110,14,0,0,0,1,0,3,11,04,6,2,684,387,10,0,0,0,2,2,4,1,10,2,1,1,1,1,8,2,3,2,1,I,562,2,1,2,4,3,5,4,3,7000,1,1,0,4,3,5,4,3,7000,1,1,0,4,3,5,4,3,7000,1,1,0,2024,3,10,3000000,2700000,1,2
202601,6,,0.비상권,29110,14,0,0,0,1,0,1,51,03,1,1,없음,426,4,0,0,0,2,2,4,1,10,2,1,1,1,1,8,2,3,1,1,G,474,2,1,2,4,4,7,4,4,15900,1,1,0,4,4,7,4,4,15900,1,1,0,4,4,7,4,4,15900,1,1,0,2024,3,9,3420000,4020000,1,2
202601,6,,0.비상권,29110,14,0,0,0,1,0,1,51,03,1,1,없음,426,4,0,0,0,2,2,4,1,10,2,1,1,1,1,8,2,3,1,1,S,953,2,1,2,4,4,7,4,4,17600,1,1,0,4,4,7,4,4,17600,1,1,0,4,4,7,4,4,17600,1,1,0,2025,3,7,3420000,4020000,1,2
202601,6,,0.비상권,29110,14,0,0,0,1,0,5,32,04,6,1,870,435,4,0,0,0,1,1,1,1,10,1,1,1,1,1,8,1,3,1,1,G,472,1,1,1,3,4,7,3,4,19700,1,1,0,3,4,7,3,4,19700,1,1,0,3,4,7,3,4,19700,1,1,0,2024,3,10,4220000,3820000,1,3
202601,6,,0.비상권,29110,14,0,0,0,1,0,2,11,04,6,2,825,334,5,0,0,0,2,2,4,1,9,2,1,1,1,1,8,2,3,1,1,I,562,2,1,3,5,6,8,5,6,30500,1,1,0,5,6,8,5,6,30500,1,1,0,5,6,8,5,6,30500,1,1,0,2025,2,9,4210000,3970000,1,3
202601,6,,0.비상권,29110,14,0,0,0,1,0,2,11,04,6,2,825,334,5,0,0,0,2,2,4,1,9,2,1,1,1,1,8,2,3,2,1,I,562,2,1,3,4,4,5,4,4,8200,1,1,0,4,4,5,4,4,8200,1,1,0,4,4,5,4,4,8200,1,1,0,2025,2,9,4210000,3970000,1,3
202601,6,,0.비상권,29110,14,0,0,0,1,0,3,11,03,6,2,없음,150,4,0,0,0,2,2,4,1,9,1,1,1,1,1,8,2,3,1,1,I,561,1,1,2,4,4,8,4,4,27100,1,1,0,4,4,8,4,4,27100,1,1,0,4,4,8,4,4,27100,1,1,0,2024,3,10,2650000,2430000,1,3
202601,6,,0.비상권,29110,14,0,0,0,1,0,3,11,03,6,2,없음,150,4,0,0,0,2,2,4,1,9,1,1,1,1,1,8,2,3,1,1,I,562,1,1,2,4,4,8,4,4,27300,1,1,0,4,4,8,4,4,27300,1,1,0,4,4,8,4,4,27300,1,1,0,2025,3,10,2650000,2430000,1,3
202601,6,,0.비상권,29110,14,0,0,0,1,0,3,11,03,6,2,없음,150,4,0,0,0,2,2,4,1,9,1,1,1,1,1,8,2,3,2,2,0,999,2,1,3,1,1,1,4,3,8100,1,1,0,1,1,1,4,3,8100,1,1,0,1,1,1,4,3,8100,1,1,0,0,1,1,2650000,2430000,1,3
202601,6,,0.비상권,29110,14,0,0,0,1,0,3,11,03,6,2,770,210,8,0,0,0,2,2,4,1,10,1,1,1,1,1,8,2,3,1,1,R,901,2,1,2,4,4,7,4,4,11800,1,1,0,4,4,7,4,4,11800,1,1,0,4,4,7,4,4,11800,1,1,0,2024,3,10,2070000,1870000,1,3
202601,6,,0.비상권,29110,14,0,0,0,1,0,3,11,03,6,2,770,210,8,0,0,0,2,2,4,1,10,1,1,1,1,1,8,2,3,2,2,0,999,2,1,2,1,1,1,3,3,5000,1,1,0,1,1,1,3,3,5000,1,1,0,1,1,1,3,3,5000,1,1,0,0,1,1,2070000,1870000,1,3
202601,6,,0.비상권,29110,14,0,0,0,1,0,4,11,03,7,1,없음,200,6,0,0,0,1,1,2,1,10,1,1,1,1,1,8,1,3,1,1,I,561,2,1,2,4,4,7,4,4,14000,1,1,0,4,4,7,4,4,14000,1,1,0,4,4,7,4,4,14000,1,1,0,2023,4,9,1800000,3340000,1,3
202601,6,,0.비상권,29110,22,0,300,0,1,0,4,32,03,5,1,없음,80,6,0,0,0,2,2,4,1,10,2,1,1,1,1,8,2,3,1,1,F,411,2,1,2,4,3,5,4,3,6800,1,1,0,4,3,5,4,3,6800,1,1,0,4,3,5,4,3,6800,1,1,0,2025,3,7,2140000,4370000,1,1
202601,6,,0.비상권,29110,22,0,300,0,1,0,4,32,03,5,1,없음,80,6,0,0,0,2,2,4,1,10,2,1,1,1,1,8,2,3,1,1,G,467,3,1,4,4,4,5,4,4,6600,1,1,0,4,4,5,4,4,6600,1,1,0,4,4,5,4,4,6600,1,1,0,2024,3,8,2140000,4370000,1,1
202601,6,,0.비상권,29110,14,0,0,0,1,0,1,12,03,1,1,없음,120,4,0,0,0,2,1,2,1,10,1,1,1,1,1,8,2,3,1,1,F,424,1,1,1,3,3,7,3,3,11500,1,1,0,3,3,7,3,3,11500,1,1,0,3,3,7,3,3,11500,1,1,0,2025,3,8,2910000,7630000,1,2
202601,6,,0.비상권,29110,14,0,0,0,1,0,1,12,03,1,1,없음,120,4,0,0,0,2,1,2,1,10,1,1,1,1,1,8,2,3,1,6,0,999,1,1,1,1,1,1,3,3,11400,1,1,1,1,1,1,3,3,11400,1,1,1,1,1,1,3,3,11400,1,1,1,0,1,1,2910000,7630000,1,2
202601,6,,0.비상권,29110,22,0,300,0,1,0,3,33,03,6,1,없음,50,4,0,0,0,2,2,4,1,10,1,1,1,1,1,8,2,3,1,1,G,465,2,1,2,4,3,7,4,3,10300,1,1,0,4,3,7,4,3,10300,1,1,0,4,3,7,4,3,10300,1,1,0,2025,3,8,3100000,4860000,1,3
202601,6,,0.비상권,29110,22,0,300,0,1,0,3,33,03,6,1,없음,50,4,0,0,0,2,2,4,1,10,1,1,1,1,1,8,2,3,1,2,F,424,2,1,2,1,1,1,4,3,10300,1,3,0,1,1,1,4,3,10300,1,3,0,1,1,1,4,3,10300,1,3,0,0,1,1,3100000,4860000,1,3
202601,6,,0.비상권,29110,22,0,300,0,1,0,3,33,03,6,1,없음,50,4,0,0,0,2,2,4,1,10,1,1,1,1,1,8,2,3,1,1,F,424,2,1,2,4,3,7,4,3,10300,1,1,0,4,3,7,4,3,10300,1,1,0,4,3,7,4,3,10300,1,1,0,2025,3,5,3100000,4860000,1,3
202601,6,,0.비상권,29110,22,14,300,0,1,0,6,32,03,8,1,없음,90,4,0,0,0,2,2,4,1,9,2,1,1,1,1,8,2,3,1,1,G,466,4,1,4,6,5,7,6,5,10800,1,1,0,6,5,7,6,5,10800,1,1,0,6,5,7,6,5,10800,1,1,0,2024,3,9,3240000,6840000,1,1
202601,6,,0.비상권,29110,22,0,300,999,1,0,4,32,03,7,1,850,130,5,0,1,0,2,2,4,1,10,2,1,1,1,1,8,2,3,1,1,G,471,4,1,4,6,6,7,6,6,14100,1,1,0,6,6,7,6,6,14100,1,1,0,6,6,7,6,6,14100,1,1,0,2025,3,6,3520000,5170000,1,1
202601,6,,0.비상권,29110,14,0,0,0,1,0,4,11,03,7,2,없음,280,4,0,0,0,1,1,1,1,8,1,1,1,1,1,8,1,3,1,1,G,478,1,1,1,4,3,8,4,4,29200,1,1,0,4,3,8,4,4,29200,1,1,0,4,3,8,4,4,29200,1,1,0,2025,3,10,4900000,3660000,1,3
202601,6,,0.비상권,29110,14,0,0,0,1,0,4,11,03,7,2,없음,280,4,0,0,0,1,1,1,1,8,1,1,1,1,1,8,1,3,2,6,0,999,1,1,1,1,1,1,3,3,12300,1,1,1,1,1,1,3,3,12300,1,1,1,1,1,1,3,3,12300,1,1,1,0,1,1,4900000,3660000,1,3
202601,6,,0.비상권,29110,14,0,0,0,1,0,4,11,03,7,2,없음,270,5,0,0,0,1,1,3,1,10,1,1,1,1,1,8,1,3,1,1,S,961,2,1,2,3,4,7,3,4,14900,1,1,0,3,4,7,3,4,14900,1,1,0,3,4,7,3,4,14900,1,1,0,2024,4,10,2590000,1980000,1,1
202601,6,,0.비상권,29110,14,0,0,0,1,0,4,11,03,7,2,없음,270,5,0,0,0,1,1,3,1,10,1,1,1,1,1,8,1,3,2,6,0,999,2,1,2,1,1,1,3,3,11000,1,1,1,1,1,1,3,3,11000,1,1,1,1,1,1,3,3,11000,1,1,1,0,1,1,2590000,1980000,1,1
202601,6,,0.비상권,29110,14,0,0,0,1,0,1,21,04,6,1,990,300,9,0,0,0,2,2,4,1,10,2,1,1,1,1,8,2,3,1,1,I,561,4,1,4,6,4,5,6,4,6800,1,1,0,6,4,5,6,4,6800,1,1,0,6,4,5,6,4,6800,1,1,0,2025,3,10,1540000,2200000,1,1
202601,6,,0.비상권,29110,14,0,0,0,1,0,1,21,04,6,1,990,300,9,0,0,0,2,2,4,1,10,2,1,1,1,1,8,2,3,2,3,0,999,3,1,3,1,1,1,3,3,4200,1,1,0,1,1,1,3,3,4200,1,1,0,1,1,1,3,3,4200,1,1,0,2024,3,8,1540000,2200000,1,1
202601,6,,0.비상권,29110,14,0,0,0,1,0,3,21,03,6,2,없음,340,8,0,0,0,2,2,4,1,9,1,1,1,1,1,8,2,3,1,1,S,969,2,1,3,5,3,5,5,3,7600,1,1,0,5,3,5,5,3,7600,1,1,0,5,3,5,5,3,7600,1,1,0,2025,3,10,3060000,2880000,1,1
202601,6,,0.비상권,29110,14,0,0,0,1,0,3,21,03,6,2,없음,340,8,0,0,0,2,2,4,1,9,1,1,1,1,1,8,2,3,1,6,0,999,1,1,1,1,1,1,3,3,8400,1,1,1,1,1,1,3,3,8400,1,1,1,1,1,1,3,3,8400,1,1,1,0,1,1,3060000,2880000,1,1
202601,6,,0.비상권,29110,14,0,0,0,1,0,3,21,03,6,2,없음,340,8,0,0,0,2,2,4,1,9,1,1,1,1,1,8,2,3,2,2,0,999,3,1,3,1,1,1,3,3,4100,1,1,0,1,1,1,3,3,4100,1,1,0,1,1,1,3,3,4100,1,1,0,0,1,1,3060000,2880000,1,1
202601,6,,0.비상권,29110,14,0,0,0,1,0,3,21,03,6,1,없음,258,4,0,0,0,3,2,4,1,10,2,1,2,1,1,8,3,3,1,2,F,424,3,1,3,1,1,1,5,3,6400,1,4,0,1,1,1,5,3,6400,1,4,0,1,1,1,5,3,6400,1,4,0,0,1,1,3370000,3760000,1,1
202601,6,,0.비상권,29110,14,0,0,0,1,0,3,21,03,6,1,없음,258,4,0,0,0,3,2,4,1,10,2,1,2,1,1,8,3,3,1,1,G,466,3,1,3,4,4,5,5,3,6300,1,1,0,4,4,5,5,3,6300,1,1,0,4,4,5,5,3,6300,1,1,0,2024,3,8,3370000,3760000,1,1
202601,6,,0.비상권,29110,14,0,0,0,1,0,3,21,03,6,1,없음,258,4,0,0,0,3,2,4,1,10,2,1,2,1,1,8,3,3,2,2,0,999,2,1,2,1,1,1,1,2,1600,1,3,0,1,1,1,1,2,1600,1,3,0,1,1,1,1,2,1600,1,3,0,0,1,1,3370000,3760000,1,1
202601,6,,0.비상권,29110,14,0,0,0,1,0,3,21,03,6,1,없음,258,4,0,0,0,3,2,4,1,10,2,1,2,1,1,8,3,3,2,1,0,999,2,1,2,3,2,2,3,2,1800,1,1,0,3,2,2,3,2,1800,1,1,0,3,2,2,3,2,1800,1,1,0,2024,3,8,3370000,3760000,1,1
202601,6,,0.비상권,29110,14,0,0,0,1,0,1,51,03,9,1,911,342,4,0,0,0,1,1,1,1,10,1,1,1,1,1,8,1,3,1,1,S,969,1,1,1,3,3,7,3,3,12500,1,1,0,3,3,7,3,3,12500,1,1,0,3,3,7,3,3,12500,1,1,0,2025,3,10,2790000,6410000,1,3
202601,6,,0.비상권,29110,14,0,0,0,1,0,6,32,03,6,1,없음,290,5,0,0,0,2,1,2,1,10,1,1,1,1,1,8,1,3,1,1,G,463,2,1,2,6,3,6,6,3,9300,1,1,0,6,3,6,6,3,9300,1,1,0,6,3,6,6,3,9300,1,1,0,2026,3,9,3490000,5300000,1,1
202601,6,,0.비상권,29110,14,0,0,0,1,0,5,32,04,6,1,없음,100,8,0,0,0,2,1,3,1,10,1,1,1,1,1,8,2,3,1,1,I,561,2,1,2,5,4,8,5,4,21800,1,1,0,5,4,8,5,4,21800,1,1,0,5,4,8,5,4,21800,1,1,0,2026,3,10,2750000,4730000,1,3
202601,6,,0.비상권,29110,14,0,0,0,1,0,5,32,04,6,1,없음,100,8,0,0,0,2,1,3,1,10,1,1,1,1,1,8,2,3,1,1,0,999,2,1,2,3,4,7,3,4,14000,1,1,0,3,4,7,3,4,14000,1,1,0,3,4,7,3,4,14000,1,1,0,2026,3,7,2750000,4730000,1,3
202601,6,,0.비상권,29110,14,0,0,0,1,0,8,32,04,1,1,없음,10,5,0,0,0,2,1,3,1,10,1,1,1,1,1,8,2,3,1,1,M,711,3,1,3,4,4,7,4,4,11000,1,1,0,4,4,7,4,4,11000,1,1,0,4,4,7,4,4,11000,1,1,0,2025,3,9,2370000,4000000,1,3
202601,6,,금남로/충장로,29110,14,0,0,0,1,0,1,12,04,1,1,700,200,8,0,0,0,2,1,3,1,10,1,1,1,1,1,8,2,3,1,1,I,561,3,1,3,5,4,7,5,4,11000,1,1,0,5,4,7,5,4,11000,1,1,0,5,4,7,5,4,11000,1,1,0,2025,3,8,1560000,1930000,1,3
202601,6,,금남로/충장로,29110,16,0,120,0,1,0,6,51,03,6,1,700,200,1,0,0,0,2,1,3,1,10,1,1,1,1,1,8,2,3,1,1,G,478,2,1,2,4,4,7,4,4,14500,1,1,0,4,4,7,4,4,14500,1,1,0,4,4,7,4,4,14500,1,1,0,2024,3,7,4000000,7230000,1,2
202601,6,,금남로/충장로,29110,16,0,120,0,1,0,6,51,03,6,1,700,200,1,0,0,0,2,1,3,1,10,1,1,1,1,1,8,2,3,1,6,0,999,2,1,2,1,1,1,4,4,14900,1,1,1,1,1,1,4,4,14900,1,1,1,1,1,1,4,4,14900,1,1,1,0,1,1,4000000,7230000,1,2
202601,6,,금남로/충장로,29110,16,0,120,0,1,0,1,32,03,6,1,700,100,1,0,0,0,2,1,3,1,10,1,1,1,1,1,8,2,3,1,1,Q,869,1,1,1,3,3,7,5,3,14400,1,1,0,3,3,7,5,3,14400,1,1,0,3,3,7,5,3,14400,1,1,0,2025,3,9,3820000,6680000,1,1
202601,6,,금남로/충장로,29110,16,0,120,0,1,0,1,32,03,6,1,700,100,1,0,0,0,2,1,3,1,10,1,1,1,1,1,8,2,3,1,6,0,999,2,1,2,1,1,1,5,4,14700,1,1,1,1,1,1,5,4,14700,1,1,1,1,1,1,5,4,14700,1,1,1,0,1,1,3820000,6680000,1,1
202601,6,,금남로/충장로,29110,21,0,300,0,1,0,1,11,04,1,1,259,131,8,0,0,0,2,1,3,1,9,1,1,1,1,1,8,2,3,1,1,M,716,3,1,3,4,4,7,4,4,10800,1,1,0,4,4,7,4,4,10800,1,1,0,4,4,7,4,4,10800,1,1,0,2026,3,4,2180000,4820000,1,1
202601,6,,금남로/충장로,29110,21,0,300,0,1,0,3,11,04,6,1,269,144,6,0,0,0,2,2,4,1,10,1,2,1,1,1,8,2,3,1,6,0,999,4,1,4,1,1,1,6,6,21000,1,1,1,1,1,1,6,6,21000,1,1,1,1,1,1,6,6,21000,1,1,1,0,1,1,5530000,7130000,1,1
202601,6,,금남로/충장로,29110,21,0,300,0,1,0,3,11,04,6,1,269,144,6,0,0,0,2,2,4,1,10,1,2,1,1,1,8,2,3,2,6,0,999,2,1,2,1,1,1,4,4,10300,1,1,1,1,1,1,4,4,10300,1,1,1,1,1,1,4,4,10300,1,1,1,0,1,1,5530000,7130000,1,1
202601,6,,금남로/충장로,29110,21,0,300,0,1,0,4,11,04,3,1,411,197,6,0,1,0,2,1,2,1,10,1,1,1,1,1,8,2,3,1,1,M,716,2,1,2,4,3,7,4,3,12400,1,1,0,4,3,7,4,3,12400,1,1,0,4,3,7,4,3,12400,1,1,0,2025,3,9,2870000,12060000,1,1
202601,6,,금남로/충장로,29110,21,0,300,0,1,0,1,51,04,1,1,342,205,6,0,0,0,2,1,3,1,9,1,1,1,1,1,8,2,3,1,1,C,181,2,1,2,6,3,7,4,4,11300,1,1,0,6,3,7,4,4,11300,1,1,0,6,3,7,4,4,11300,1,1,0,2024,3,9,3010000,4420000,1,1
202601,6,,금남로/충장로,29110,21,0,300,0,1,0,1,51,04,1,1,342,205,6,0,0,0,2,1,3,1,9,1,1,1,1,1,8,2,3,1,1,C,181,1,1,1,3,3,6,3,3,10500,1,1,0,3,3,6,3,3,10500,1,1,0,3,3,6,3,3,10500,1,1,0,2024,3,9,3010000,4420000,1,1
202601,6,,금남로/충장로,29110,21,0,300,0,1,0,1,51,04,1,1,400,300,6,0,0,0,1,1,1,1,10,1,1,1,1,1,8,1,3,1,1,C,181,1,1,1,4,3,7,4,3,16000,1,1,0,4,3,7,4,3,16000,1,1,0,4,3,7,4,3,16000,1,1,0,2024,3,7,4220000,6970000,1,1
202601,6,,금남로/충장로,29110,21,0,300,0,1,0,6,21,03,8,2,400,350,6,1,0,0,2,2,4,1,10,2,1,1,1,1,8,2,3,1,1,J,581,3,1,4,5,5,7,5,5,15800,1,1,0,5,5,7,5,5,15800,1,1,0,5,5,7,5,5,15800,1,1,0,2025,3,8,5120000,3690000,1,1
202601,6,,금남로/충장로,29110,21,0,300,0,1,0,6,21,03,8,2,400,350,6,1,0,0,2,2,4,1,10,2,1,1,1,1,8,2,3,2,1,J,581,3,1,4,3,3,4,3,3,5000,1,1,0,3,3,4,3,3,5000,1,1,0,3,3,4,3,3,5000,1,1,0,2024,5,9,5120000,3690000,1,1
202601,6,,금남로/충장로,29110,21,0,300,0,1,0,1,51,03,1,1,300,250,8,0,0,0,1,1,2,1,10,1,1,1,1,1,8,1,3,1,1,J,581,1,1,1,3,3,7,3,3,14100,1,1,0,3,3,7,3,3,14100,1,1,0,3,3,7,3,3,14100,1,1,0,2024,3,10,2970000,3940000,1,1
202601,6,,금남로/충장로,29110,21,0,300,0,1,0,1,51,03,1,1,300,250,8,0,0,0,1,1,2,1,10,1,1,1,1,1,8,1,3,1,1,M,732,1,1,1,4,3,7,4,3,14100,1,1,0,4,3,7,4,3,14100,1,1,0,4,3,7,4,3,14100,1,1,0,2025,3,6,2970000,3940000,1,1
202601,6,,금남로/충장로,29110,21,0,300,0,1,0,6,31,04,8,1,363,120,8,0,1,0,2,2,4,1,10,2,1,1,1,1,8,2,3,1,1,M,739,4,1,4,5,5,6,5,5,8100,1,1,0,5,5,6,5,5,8100,1,1,0,5,5,6,5,5,8100,1,1,0,2024,3,9,2030000,2800000,1,1
202601,6,,금남로/충장로,29110,21,0,300,0,1,0,1,11,04,8,2,400,100,4,0,0,0,1,1,2,1,10,1,1,1,1,1,8,1,3,1,6,0,999,1,1,2,1,1,1,5,4,19500,1,1,1,1,1,1,5,4,19500,1,1,1,1,1,1,5,4,19500,1,1,1,0,1,1,3750000,2700000,1,1
202601,6,,금남로/충장로,29110,21,0,300,0,1,0,1,11,04,8,2,400,100,4,0,0,0,1,1,2,1,10,1,1,1,1,1,8,1,3,2,6,0,999,1,1,2,1,1,1,3,3,12200,1,1,1,1,1,1,3,3,12200,1,1,1,1,1,1,3,3,12200,1,1,1,0,1,1,3750000,2700000,1,1
202601,6,,금남로/충장로,29110,21,0,300,0,1,0,1,11,03,7,2,500,100,8,0,0,0,1,2,4,1,9,1,1,1,1,1,8,1,3,1,6,0,999,2,1,3,1,1,1,5,5,16600,1,1,1,1,1,1,5,5,16600,1,1,1,1,1,1,5,5,16600,1,1,1,0,1,1,2710000,1950000,1,2
202601,6,,금남로/충장로,29110,21,0,300,0,1,0,1,11,03,7,2,500,100,8,0,0,0,1,2,4,1,9,1,1,1,1,1,8,1,3,2,1,L,682,2,1,3,3,3,5,4,3,7200,1,1,0,3,3,5,4,3,7200,1,1,0,3,3,5,4,3,7200,1,1,0,2026,2,10,2710000,1950000,1,2
202601,6,,금남로/충장로,29110,21,0,300,0,1,0,1,51,04,1,1,450,100,8,0,0,0,2,1,3,1,10,1,1,1,1,1,8,2,3,1,1,I,561,3,1,3,5,4,7,5,4,14300,1,1,0,5,4,7,5,4,14300,1,1,0,5,4,7,5,4,14300,1,1,0,2025,3,8,2470000,5250000,1,3
202601,6,,금남로/충장로,29110,21,0,300,0,1,0,4,31,04,8,2,710,148,8,0,0,0,2,2,4,1,10,2,1,1,1,1,8,2,3,1,1,Q,872,3,1,3,5,5,8,5,5,23500,1,1,0,5,5,8,5,5,23500,1,1,0,5,5,8,5,5,23500,1,1,0,2025,3,10,5930000,5370000,1,3
202601,6,,금남로/충장로,29110,21,0,300,0,1,0,4,31,04,8,2,710,148,8,0,0,0,2,2,4,1,10,2,1,1,1,1,8,2,3,2,1,Q,872,3,1,3,3,3,5,3,4,8400,1,1,0,3,3,5,3,4,8400,1,1,0,3,3,5,3,4,8400,1,1,0,2025,3,10,5930000,5370000,1,3
202601,6,,금남로/충장로,29110,21,0,120,300,1,0,3,51,03,7,1,562,240,8,0,0,0,3,2,4,1,10,2,1,1,1,1,8,3,3,1,1,I,561,4,1,4,8,6,10,8,6,48200,1,1,0,8,6,10,8,6,48200,1,1,0,8,6,10,8,6,48200,1,1,0,2024,3,10,14790000,24510000,1,3
202601,6,,금남로/충장로,29110,21,0,120,300,1,0,3,51,03,7,1,562,240,8,0,0,0,3,2,4,1,10,2,1,1,1,1,8,3,3,1,1,G,474,4,1,4,8,6,10,8,6,48200,1,1,0,8,6,10,8,6,48200,1,1,0,8,6,10,8,6,48200,1,1,0,2024,3,10,14790000,24510000,1,3
202601,6,,금남로/충장로,29110,21,0,120,300,1,0,1,51,03,1,1,569,268,10,0,0,0,1,1,2,1,10,1,1,1,1,1,8,1,3,1,1,I,561,2,1,2,5,4,7,5,4,14800,1,1,0,5,4,7,5,4,14800,1,1,0,5,4,7,5,4,14800,1,1,0,2025,3,10,2690000,5390000,1,1
202601,6,,금남로/충장로,29110,21,0,120,300,1,0,2,11,03,7,2,270,250,8,0,0,0,1,1,3,1,10,1,1,1,1,1,8,1,3,1,1,G,474,2,1,2,6,6,10,6,6,64200,1,1,0,6,6,10,6,6,64200,1,1,0,6,6,10,6,6,64200,1,1,0,2024,3,10,18860000,16690000,1,4
202601,6,,금남로/충장로,29110,21,0,120,300,1,0,2,11,03,7,2,270,250,8,0,0,0,1,1,3,1,10,1,1,1,1,1,8,1,3,2,1,G,474,2,1,2,4,3,6,4,4,25000,1,1,0,4,3,6,4,4,25000,1,1,0,4,3,6,4,4,25000,1,1,0,2024,3,10,18860000,16690000,1,4
202601,6,,금남로/충장로,29110,21,0,120,300,1,0,1,51,03,1,1,600,292,8,0,0,0,1,1,3,1,10,1,1,1,1,1,8,1,3,1,1,G,474,2,1,2,6,4,8,6,4,32300,1,1,0,6,4,8,6,4,32300,1,1,0,6,4,8,6,4,32300,1,1,0,2025,3,10,8710000,9210000,1,2
202601,6,,금남로/충장로,29110,21,0,120,300,1,0,1,51,03,1,1,600,292,8,0,0,0,1,1,3,1,10,1,1,1,1,1,8,1,3,1,1,G,478,2,1,2,6,4,8,6,4,32300,1,1,0,6,4,8,6,4,32300,1,1,0,6,4,8,6,4,32300,1,1,0,2025,3,10,8710000,9210000,1,2
202601,6,,금남로/충장로,29110,16,0,120,0,1,0,1,51,04,1,1,450,20,4,0,0,0,2,1,2,1,9,1,1,1,1,1,8,2,3,1,1,C,181,2,1,2,6,3,7,6,4,11500,1,1,0,6,3,7,6,4,11500,1,1,0,6,3,7,6,4,11500,1,1,0,2024,3,9,3450000,10090000,1,2
202601,6,,0.비상권,29110,14,0,0,0,1,0,1,11,03,1,1,300,100,7,0,0,0,1,1,2,1,10,1,1,1,1,1,8,1,3,1,1,I,562,2,1,2,4,4,7,4,4,17700,1,1,0,4,4,7,4,4,17700,1,1,0,4,4,7,4,4,17700,1,1,0,2025,3,10,2830000,3740000,1,1
202601,6,,금남로/충장로,29110,14,0,0,0,1,0,5,32,04,6,1,350,180,9,0,0,0,1,1,1,1,9,1,1,1,1,1,8,1,3,1,1,I,562,1,1,1,3,3,7,3,3,15900,1,1,0,3,3,7,3,3,15900,1,1,0,3,3,7,3,3,15900,1,1,0,2024,3,7,1880000,3470000,1,3
202601,6,,0.비상권,29110,15,0,120,0,1,0,1,11,03,6,1,없음,100,4,0,0,0,2,1,3,1,10,1,1,1,1,1,8,2,3,1,1,G,463,2,1,2,5,4,7,5,4,13900,1,1,0,5,4,7,5,4,13900,1,1,0,5,4,7,5,4,13900,1,1,0,2025,3,10,2950000,5550000,1,3
202601,6,,0.비상권,29110,15,0,120,0,1,0,1,11,03,6,1,없음,100,4,0,0,0,2,1,3,1,10,1,1,1,1,1,8,2,3,1,1,G,463,2,1,2,5,4,8,4,3,14400,1,1,0,5,4,8,4,3,14400,1,1,0,5,4,8,4,3,14400,1,1,0,2026,3,10,2950000,5550000,1,3
202601,6,,금남로/충장로,29110,21,0,120,300,1,0,4,31,03,8,2,180,100,8,0,0,0,1,2,4,1,10,2,1,1,1,1,8,1,3,1,1,R,912,2,1,2,6,6,10,6,6,51800,1,1,0,6,6,10,6,6,51800,1,1,0,6,6,10,6,6,51800,1,1,0,2025,3,10,17380000,11780000,1,2
202601,6,,금남로/충장로,29110,21,0,120,300,1,0,4,31,03,8,2,180,100,8,0,0,0,1,2,4,1,10,2,1,1,1,1,8,1,3,2,1,R,912,2,1,2,5,4,7,5,4,15900,1,1,0,5,4,7,5,4,15900,1,1,0,5,4,7,5,4,15900,1,1,0,2025,3,10,17380000,11780000,1,2
202601,6,,금남로/충장로,29110,21,0,120,0,1,0,1,11,04,1,1,500,600,8,0,0,0,1,1,3,1,10,1,1,1,1,1,8,1,3,1,1,G,472,2,1,2,6,5,9,6,5,39800,1,1,0,6,5,9,6,5,39800,1,1,0,6,5,9,6,5,39800,1,1,0,2025,3,9,10290000,7470000,1,2
202601,6,,금남로/충장로,29110,21,0,120,0,1,0,1,11,04,1,1,500,600,8,0,0,0,1,1,3,1,10,1,1,1,1,1,8,1,3,2,1,G,472,2,1,2,3,3,7,3,3,12900,1,1,0,3,3,7,3,3,12900,1,1,0,3,3,7,3,3,12900,1,1,0,2025,3,9,10290000,7470000,1,2
202601,6,,금남로/충장로,29110,21,0,120,300,1,0,1,51,04,1,1,395,130,8,0,0,0,1,1,1,1,10,1,1,1,1,1,8,1,3,1,1,G,478,1,1,1,3,3,7,3,3,17300,1,1,0,3,3,7,3,3,17300,1,1,0,3,3,7,3,3,17300,1,1,0,2024,3,9,2520000,2930000,1,3
202601,6,,금남로/충장로,29110,21,0,120,300,1,0,1,21,03,1,1,40,70,6,0,0,0,1,1,3,1,10,1,1,1,1,1,8,1,3,1,1,G,474,2,1,2,4,4,8,4,4,24600,1,1,0,4,4,8,4,4,24600,1,1,0,4,4,8,4,4,24600,1,1,0,2025,3,8,4860000,2430000,1,3
202601,6,,금남로/충장로,29110,21,0,120,300,1,0,1,21,03,1,1,40,70,6,0,0,0,1,1,3,1,10,1,1,1,1,1,8,1,3,2,1,G,474,2,1,2,3,3,6,3,3,9000,1,1,0,3,3,6,3,3,9000,1,1,0,3,3,6,3,3,9000,1,1,0,2025,3,8,4860000,2430000,1,3
202601,6,,0.비상권,29140,16,0,0,0,1,0,6,32,04,6,1,165,180,6,0,0,0,2,1,3,1,10,1,1,1,1,1,8,2,3,1,1,I,561,3,1,3,4,4,7,4,4,12600,1,1,0,4,4,7,4,4,12600,1,1,0,4,4,7,4,4,12600,1,1,0,2024,3,10,2120000,3590000,1,2
202601,6,,0.비상권,29140,15,0,0,0,1,0,7,21,04,5,1,700,160,9,0,1,0,2,2,4,1,10,2,1,1,1,1,8,2,3,1,1,I,561,4,1,4,5,5,7,5,5,9900,1,1,0,5,5,7,5,5,9900,1,1,0,5,5,7,5,5,9900,1,1,0,2024,3,8,2150000,2180000,1,2
202601,6,,0.비상권,29140,15,0,0,0,1,0,7,21,04,5,1,700,160,9,0,1,0,2,2,4,1,10,2,1,1,1,1,8,2,3,2,1,I,562,4,1,4,5,4,5,5,4,6300,1,1,0,5,4,5,5,4,6300,1,1,0,5,4,5,5,4,6300,1,1,0,2024,3,8,2150000,2180000,1,2
202601,6,,상무지구,29140,22,0,300,0,1,0,5,31,04,7,2,278,263,1,0,0,0,2,2,4,1,9,2,1,1,1,1,8,2,3,1,1,R,912,3,1,3,5,5,7,5,5,18500,1,1,0,5,5,7,5,5,18500,1,1,0,5,5,7,5,5,18500,1,1,0,2025,2,10,4950000,3720000,1,2
202601,6,,상무지구,29140,22,0,300,0,1,0,5,31,04,7,2,278,263,1,0,0,0,2,2,4,1,9,2,1,1,1,1,8,2,3,2,1,S,961,3,1,3,5,4,6,5,4,9200,1,1,0,5,4,6,5,4,9200,1,1,0,5,4,6,5,4,9200,1,1,0,2026,3,10,4950000,3720000,1,2
202601,6,,0.비상권,29140,15,0,0,0,1,0,1,11,03,6,2,700,30,6,0,0,0,2,2,4,1,10,1,1,1,1,1,8,2,3,1,1,I,561,3,1,3,3,4,7,3,4,9600,1,1,0,3,4,7,3,4,9600,1,1,0,3,4,7,3,4,9600,1,1,0,2024,3,9,2030000,1970000,1,2
202601,6,,0.비상권,29140,15,0,0,0,1,0,1,11,03,6,2,700,30,6,0,0,0,2,2,4,1,10,1,1,1,1,1,8,2,3,2,2,0,999,2,1,2,1,1,1,3,3,5800,1,1,0,1,1,1,3,3,5800,1,1,0,1,1,1,3,3,5800,1,1,0,0,1,1,2030000,1970000,1,2
202601,6,,0.비상권,29140,14,0,0,0,1,0,6,32,03,6,1,없음,90,8,0,0,0,2,1,2,1,10,1,1,1,1,1,8,2,3,1,1,I,561,2,1,2,4,3,5,5,3,9300,1,1,0,4,3,5,5,3,9300,1,1,0,4,3,5,5,3,9300,1,1,0,2025,3,8,1970000,3810000,1,2
202601,6,,0.비상권,29140,14,0,0,0,1,0,4,11,04,6,1,80,20,6,0,0,0,2,1,3,1,10,1,1,1,1,1,8,2,3,1,1,I,561,3,1,3,5,5,8,5,5,22100,1,1,0,5,5,8,5,5,22100,1,1,0,5,5,8,5,5,22100,1,1,0,2024,3,10,1730000,3450000,1,1
202601,6,,상무지구,29140,22,0,120,300,1,0,2,11,04,6,2,166,168,4,0,0,0,2,2,4,1,10,2,1,1,1,1,8,2,3,1,1,I,561,2,1,2,4,4,7,5,4,18100,1,1,0,4,4,7,5,4,18100,1,1,0,4,4,7,5,4,18100,1,1,0,2024,3,7,4760000,4640000,1,1
202601,6,,상무지구,29140,22,0,120,300,1,0,2,11,04,6,2,166,168,4,0,0,0,2,2,4,1,10,2,1,1,1,1,8,2,3,1,1,I,561,2,1,2,4,4,7,5,4,18100,1,1,0,4,4,7,5,4,18100,1,1,0,4,4,7,5,4,18100,1,1,0,2024,3,7,4760000,4640000,1,1
202601,6,,상무지구,29140,22,0,120,300,1,0,2,11,04,6,2,166,168,4,0,0,0,2,2,4,1,10,2,1,1,1,1,8,2,3,2,1,R,912,3,1,3,6,4,6,6,4,8000,1,1,0,6,4,6,6,4,8000,1,1,0,6,4,6,6,4,8000,1,1,0,2024,3,9,4760000,4640000,1,1
202601,6,,상무지구,29140,22,0,300,0,1,0,4,32,03,6,1,110,90,6,0,0,0,1,1,2,1,10,1,1,1,1,1,8,1,3,1,1,I,561,2,1,2,4,4,7,4,4,18700,1,1,0,4,4,7,4,4,18700,1,1,0,4,4,7,4,4,18700,1,1,0,2025,2,10,4480000,7560000,1,3
202601,6,,상무지구,29140,22,0,120,300,1,0,5,31,04,6,1,500,300,1,0,0,0,2,2,4,1,10,2,1,1,1,1,8,2,3,1,1,G,451,4,1,4,6,6,7,6,6,19200,1,1,0,6,6,7,6,6,19200,1,1,0,6,6,7,6,6,19200,1,1,0,2024,4,6,4760000,9230000,1,2
202601,6,,상무지구,29140,22,0,120,300,1,0,5,31,04,6,1,500,300,1,0,0,0,2,2,4,1,10,2,1,1,1,1,8,2,3,2,1,G,451,1,1,1,4,3,7,4,3,12300,1,1,0,4,3,7,4,3,12300,1,1,0,4,3,7,4,3,12300,1,1,0,2024,4,8,4760000,9230000,1,2
202601,6,,상무지구,29140,21,0,300,0,1,0,5,31,04,4,1,782,170,6,0,0,0,3,2,4,1,10,2,1,1,1,1,8,3,3,1,1,I,561,4,1,4,6,6,8,6,6,26100,2,1,0,6,6,8,6,6,26100,2,1,0,6,6,8,6,6,26100,2,1,0,2024,3,10,5960000,18640000,1,3
202601,6,,상무지구,29140,21,0,300,0,1,0,6,32,04,7,1,250,70,7,0,1,0,3,2,4,1,10,2,1,1,1,1,8,3,3,1,1,I,561,4,1,4,6,6,8,6,6,21800,1,1,0,6,6,8,6,6,21800,1,1,0,6,6,8,6,6,21800,1,1,0,2026,3,10,6180000,9580000,1,2
202601,6,,상무지구,29140,21,0,300,0,1,0,6,32,04,7,1,250,70,7,0,1,0,3,2,4,1,10,2,1,1,1,1,8,3,3,1,1,I,562,4,1,4,6,6,8,6,6,20600,1,1,0,6,6,8,6,6,20600,1,1,0,6,6,8,6,6,20600,1,1,0,2025,2,10,6180000,9580000,1,2
202601,6,,상무지구,29140,16,0,0,0,1,0,6,32,03,7,1,300,100,5,0,1,0,2,2,4,1,10,2,1,1,1,1,8,2,3,1,1,G,474,2,1,2,4,4,7,4,4,17100,1,1,0,4,4,7,4,4,17100,1,1,0,4,4,7,4,4,17100,1,1,0,2026,3,10,3120000,5130000,1,3
202601,6,,상무지구,29140,16,0,0,0,1,0,6,32,03,7,1,300,100,5,0,1,0,2,2,4,1,10,2,1,1,1,1,8,2,3,1,1,G,478,2,1,2,4,4,7,4,4,17100,1,1,0,4,4,7,4,4,17100,1,1,0,4,4,7,4,4,17100,1,1,0,2026,2,8,3120000,5130000,1,3
202601,6,,상무지구,29140,16,0,0,0,1,0,6,32,03,7,1,300,100,5,0,1,0,2,2,4,1,10,2,1,1,1,1,8,2,3,1,1,S,961,2,1,2,4,4,7,4,4,17000,1,1,0,4,4,7,4,4,17000,1,1,0,4,4,7,4,4,17000,1,1,0,2025,2,10,3120000,5130000,1,3
202601,6,,상무지구,29140,16,0,0,0,1,0,6,32,04,7,1,200,200,5,0,1,0,3,2,4,1,10,2,1,1,1,1,8,3,3,1,1,I,561,4,1,4,5,5,7,5,5,12000,1,1,0,5,5,7,5,5,12000,1,1,0,5,5,7,5,5,12000,1,1,0,2024,4,7,2950000,4820000,1,1
202601,6,,상무지구,29140,16,0,0,0,1,0,6,32,04,7,1,200,200,5,0,1,0,3,2,4,1,10,2,1,1,1,1,8,3,3,1,1,I,561,4,1,4,5,5,7,5,5,12000,1,1,0,5,5,7,5,5,12000,1,1,0,5,5,7,5,5,12000,1,1,0,2025,3,9,2950000,4820000,1,1
202601,6,,금호지구,29140,14,0,0,0,1,0,4,21,04,6,2,150,100,5,0,1,0,2,2,4,1,9,1,1,1,1,1,8,2,3,1,1,I,561,3,1,3,6,5,8,6,5,21300,1,1,0,6,5,8,6,5,21300,1,1,0,6,5,8,6,5,21300,1,1,0,2024,3,9,3470000,3420000,1,1
202601,6,,금호지구,29140,14,0,0,0,1,0,4,21,04,6,2,150,100,5,0,1,0,2,2,4,1,9,1,1,1,1,1,8,2,3,2,2,0,999,3,1,3,1,1,1,8,1,7600,1,1,0,1,1,1,8,1,7600,1,1,0,1,1,1,8,1,7600,1,1,0,0,1,1,3470000,3420000,1,1
202601,6,,금호지구,29140,16,0,0,0,1,0,4,33,03,7,1,없음,50,1,0,0,0,2,2,4,1,10,2,1,1,1,1,8,2,3,1,1,G,474,3,1,3,6,6,8,6,6,27900,1,1,0,6,6,8,6,6,27900,1,1,0,6,6,8,6,6,27900,1,1,0,2025,3,7,4380000,6300000,1,1
202601,6,,금호지구,29140,16,0,0,0,1,0,4,33,03,7,1,없음,50,1,0,0,0,2,2,4,1,10,2,1,1,1,1,8,2,3,1,1,I,561,2,1,2,5,5,8,5,5,27600,1,1,0,5,5,8,5,5,27600,1,1,0,5,5,8,5,5,27600,1,1,0,2024,3,10,4380000,6300000,1,1
202601,6,,금호지구,29140,16,0,0,0,1,0,4,32,03,7,1,없음,150,1,0,0,0,2,2,4,1,10,2,1,1,1,1,8,2,3,1,1,G,474,2,1,2,6,5,9,6,5,32600,1,1,0,6,5,9,6,5,32600,1,1,0,6,5,9,6,5,32600,1,1,0,2024,3,8,4450000,6450000,1,1
202601,6,,금호지구,29140,16,0,0,0,1,0,4,32,03,7,1,없음,150,1,0,0,0,2,2,4,1,10,2,1,1,1,1,8,2,3,1,1,G,472,2,1,2,6,5,9,6,5,32500,1,1,0,6,5,9,6,5,32500,1,1,0,6,5,9,6,5,32500,1,1,0,2024,3,9,4450000,6450000,1,1
202601,6,,금호지구,29140,16,0,0,0,1,0,4,32,03,7,1,없음,150,1,0,0,0,2,2,4,1,10,2,1,1,1,1,8,2,3,1,1,I,561,2,1,2,6,5,9,6,5,32700,1,1,0,6,5,9,6,5,32700,1,1,0,6,5,9,6,5,32700,1,1,0,2024,3,8,4450000,6450000,1,1
202601,6,,0.비상권,29140,13,14,0,0,1,0,8,31,04,6,1,없음,100,5,0,0,0,2,1,3,1,10,1,1,1,1,1,8,2,3,1,1,G,472,3,1,3,6,6,8,6,6,37000,1,1,0,6,6,8,6,6,37000,1,1,0,6,6,8,6,6,37000,1,1,0,2025,3,10,4900000,8320000,1,3
202601,6,,0.비상권,29140,42,0,120,0,1,0,4,21,03,2,1,150,100,2,0,0,0,4,2,4,1,10,2,1,1,1,1,8,4,3,1,1,G,474,4,1,4,1,5,7,4,5,13100,1,1,0,1,5,7,4,5,13100,1,1,0,1,5,7,4,5,13100,1,1,0,2019,6,9,3010000,15130000,1,1
202601,6,,월산동지구,29155,14,0,0,0,1,0,6,32,04,6,1,없음,200,4,0,0,0,2,1,3,1,10,1,1,1,1,1,8,2,3,1,1,I,561,3,1,3,6,5,7,6,5,16200,1,1,0,6,5,7,6,5,16200,1,1,0,6,5,7,6,5,16200,1,1,0,2024,3,7,2980000,5020000,1,2
202601,6,,월산동지구,29155,14,0,0,0,1,0,7,32,04,6,1,없음,300,4,0,1,0,2,1,3,1,10,1,1,1,1,1,8,2,3,1,1,I,561,3,1,3,5,5,7,5,5,15600,1,1,0,5,5,7,5,5,15600,1,1,0,5,5,7,5,5,15600,1,1,0,2024,3,9,2900000,4850000,1,2
202601,6,,월산동지구,29155,14,0,0,0,1,0,8,21,04,3,1,없음,350,6,0,0,0,1,1,2,1,10,1,1,1,1,1,8,1,3,1,1,G,463,1,1,1,3,3,7,3,3,12900,1,1,0,3,3,7,3,3,12900,1,1,0,3,3,7,3,3,12900,1,1,0,2025,3,10,3210000,3500000,1,2
202601,6,,월산동지구,29155,14,0,0,0,1,0,8,21,04,3,1,없음,350,6,0,0,0,1,1,2,1,10,1,1,1,1,1,8,1,3,1,1,G,463,2,1,2,3,3,7,3,3,13600,1,1,0,3,3,7,3,3,13600,1,1,0,3,3,7,3,3,13600,1,1,0,2024,3,9,3210000,3500000,1,2
202601,6,,월산동지구,29155,14,0,0,0,1,0,1,11,04,6,2,없음,350,4,0,0,0,1,1,3,1,10,1,1,1,1,1,8,1,3,1,1,I,561,2,1,2,5,4,7,5,4,16900,1,1,0,5,4,7,5,4,16900,1,1,0,5,4,7,5,4,16900,1,1,0,2024,3,10,2770000,2730000,1,1
202601,6,,월산동지구,29155,14,0,0,0,1,0,1,11,04,6,2,없음,350,4,0,0,0,1,1,3,1,10,1,1,1,1,1,8,1,3,2,2,0,999,2,1,2,1,1,1,3,3,5700,1,1,0,1,1,1,3,3,5700,1,1,0,1,1,1,3,3,5700,1,1,0,0,1,1,2770000,2730000,1,1
202601,6,,월산동지구,29155,14,0,0,0,1,0,1,11,04,7,2,없음,200,4,0,0,0,2,2,4,1,10,2,1,1,1,1,8,2,3,1,1,I,561,3,1,3,5,4,7,4,4,13600,1,1,0,5,4,7,4,4,13600,1,1,0,5,4,7,4,4,13600,1,1,0,2024,3,10,2990000,2560000,1,1
202601,6,,월산동지구,29155,14,0,0,0,1,0,1,11,04,7,2,없음,200,4,0,0,0,2,2,4,1,10,2,1,1,1,1,8,2,3,2,1,0,999,2,1,2,3,3,3,3,3,3800,1,1,0,3,3,3,3,3,3800,1,1,0,3,3,3,3,3,3800,1,1,0,2025,3,10,2990000,2560000,1,1
202601,6,,월산동지구,29155,14,0,0,0,1,0,9,32,03,6,1,없음,300,4,0,0,0,2,1,3,1,10,1,1,1,1,1,8,2,3,1,1,I,561,3,1,3,5,4,7,5,4,16800,1,1,0,5,4,7,5,4,16800,1,1,0,5,4,7,5,4,16800,1,1,0,2024,3,10,3440000,5790000,1,2
202601,6,,월산동지구,29155,22,0,120,0,1,0,1,11,04,6,1,850,1,1,0,0,0,2,2,4,1,10,1,1,1,1,1,8,2,3,1,1,N,751,1,1,1,3,3,7,3,3,13900,1,1,0,3,3,7,3,3,13900,1,1,0,3,3,7,3,3,13900,1,1,0,2024,3,9,3130000,3490000,1,1
202601,6,,월산동지구,29155,22,0,120,0,1,0,1,11,04,6,1,850,1,1,0,0,0,2,2,4,1,10,1,1,1,1,1,8,2,3,1,1,L,682,1,1,1,3,3,7,3,3,13800,1,1,0,3,3,7,3,3,13800,1,1,0,3,3,7,3,3,13800,1,1,0,2024,3,9,3130000,3490000,1,1
202601,6,,월산동지구,29155,22,0,120,0,1,0,1,11,04,6,1,850,1,1,0,0,0,2,2,4,1,10,1,1,1,1,1,8,2,3,1,1,N,751,1,1,1,3,3,7,3,3,13900,1,1,0,3,3,7,3,3,13900,1,1,0,3,3,7,3,3,13900,1,1,0,2026,3,10,3130000,3490000,1,1
202601,6,,월산동지구,29155,22,0,120,0,1,0,1,11,04,6,1,850,1,1,0,0,0,2,2,4,1,10,1,1,1,1,1,8,2,3,2,6,0,999,3,1,3,1,1,1,3,3,6400,1,1,1,1,1,1,3,3,6400,1,1,1,1,1,1,3,3,6400,1,1,1,0,1,1,3130000,3490000,1,1
202601,6,,월산동지구,29155,15,0,0,0,1,0,2,11,03,1,1,없음,15,7,0,0,0,2,2,4,1,9,1,1,1,1,1,8,2,3,1,1,N,741,2,1,3,5,4,7,5,4,10900,1,1,0,5,4,7,5,4,10900,1,1,0,5,4,7,5,4,10900,1,1,0,2025,3,10,2290000,2320000,1,1
202601,6,,월산동지구,29155,15,0,0,0,1,0,2,11,03,1,1,없음,15,7,0,0,0,2,2,4,1,9,1,1,1,1,1,8,2,3,2,2,0,999,2,1,2,1,1,1,3,3,5300,1,1,0,1,1,1,3,3,5300,1,1,0,1,1,1,3,3,5300,1,1,0,0,1,1,2290000,2320000,1,1
202601,6,,월산동지구,29155,14,0,0,0,1,0,4,11,03,6,2,없음,48,6,0,0,0,2,2,4,1,10,1,1,1,1,1,8,2,3,1,1,I,561,2,1,2,4,4,7,4,4,13800,1,1,0,4,4,7,4,4,13800,1,1,0,4,4,7,4,4,13800,1,1,0,2024,3,10,2760000,2440000,1,1
202601,6,,월산동지구,29155,14,0,0,0,1,0,4,11,03,6,2,없음,48,6,0,0,0,2,2,4,1,10,1,1,1,1,1,8,2,3,2,2,0,999,2,1,2,1,1,1,3,3,4700,1,1,0,1,1,1,3,3,4700,1,1,0,1,1,1,3,3,4700,1,1,0,0,1,1,2760000,2440000,1,1
202601,6,,월산동지구,29155,14,0,0,0,1,0,1,11,03,1,1,없음,50,6,0,0,0,2,2,4,1,10,1,1,1,1,1,8,2,3,1,1,I,561,3,1,3,6,4,6,6,4,9500,1,1,0,6,4,6,6,4,9500,1,1,0,6,4,6,6,4,9500,1,1,0,2025,3,7,2750000,2560000,1,1
202601,6,,월산동지구,29155,14,0,0,0,1,0,1,11,03,1,1,없음,50,6,0,0,0,2,2,4,1,10,1,1,1,1,1,8,2,3,2,2,0,999,2,1,2,1,1,1,3,3,4900,1,1,0,1,1,1,3,3,4900,1,1,0,1,1,1,3,3,4900,1,1,0,0,1,1,2750000,2560000,1,1
202601,6,,월산동지구,29155,14,0,0,0,1,0,1,11,03,1,1,없음,10,4,0,0,0,2,2,3,1,8,1,1,1,1,1,8,2,3,1,1,R,912,2,1,2,4,4,7,4,4,17300,1,1,0,4,4,7,4,4,17300,1,1,0,4,4,7,4,4,17300,1,1,0,2025,3,9,2870000,2610000,1,1
202601,6,,월산동지구,29155,14,0,0,0,1,0,1,11,03,1,1,없음,10,4,0,0,0,2,2,3,1,8,1,1,1,1,1,8,2,3,2,2,0,999,2,1,2,1,1,1,3,3,3900,1,1,0,1,1,1,3,3,3900,1,1,0,1,1,1,3,3,3900,1,1,0,0,1,1,2870000,2610000,1,1
202601,6,,월산동지구,29155,14,0,0,0,1,0,3,32,04,6,1,없음,47,5,0,0,0,2,1,3,1,10,1,1,1,1,1,8,2,3,1,1,I,561,3,1,3,6,4,7,6,5,16400,1,1,0,6,4,7,6,5,16400,1,1,0,6,4,7,6,5,16400,1,1,0,2025,3,9,2710000,4990000,1,2
202601,6,,월산동지구,29155,14,0,0,0,1,0,2,11,03,1,1,없음,10,5,0,0,0,2,2,4,1,10,1,1,1,1,1,8,2,3,1,6,0,999,1,1,1,1,1,1,4,4,20500,1,1,1,1,1,1,4,4,20500,1,1,1,1,1,1,4,4,20500,1,1,1,0,1,1,2780000,2540000,1,1
202601,6,,월산동지구,29155,14,0,0,0,1,0,2,11,03,1,1,없음,10,5,0,0,0,2,2,4,1,10,1,1,1,1,1,8,2,3,1,1,I,562,1,1,2,4,4,7,4,4,20200,1,1,0,4,4,7,4,4,20200,1,1,0,4,4,7,4,4,20200,1,1,0,2025,3,8,2780000,2540000,1,1
202601,6,,월산동지구,29155,14,0,0,0,1,0,2,11,03,1,1,없음,10,5,0,0,0,2,2,4,1,10,1,1,1,1,1,8,2,3,2,2,0,999,2,1,2,1,1,1,3,3,3900,1,1,0,1,1,1,3,3,3900,1,1,0,1,1,1,3,3,3900,1,1,0,0,1,1,2780000,2540000,1,1
202601,6,,월산동지구,29155,14,0,0,0,1,0,7,32,04,6,1,없음,86,5,0,0,0,2,1,3,1,10,1,1,1,1,1,8,2,3,1,1,I,561,3,1,3,6,5,8,6,5,22600,1,1,0,6,5,8,6,5,22600,1,1,0,6,5,8,6,5,22600,1,1,0,2024,3,10,2830000,4800000,1,2
202601,6,,월산동지구,29155,14,0,0,0,1,0,2,11,03,1,1,없음,100,4,0,0,0,2,2,4,1,10,1,1,1,1,1,8,2,3,1,1,G,463,1,1,1,5,3,8,5,4,23300,1,1,0,5,3,8,5,4,23300,1,1,0,5,3,8,5,4,23300,1,1,0,2024,3,10,3510000,3000000,1,2
202601,6,,월산동지구,29155,14,0,0,0,1,0,2,11,03,1,1,없음,100,4,0,0,0,2,2,4,1,10,1,1,1,1,1,8,2,3,1,1,G,475,1,1,1,5,3,8,5,4,23400,1,1,0,5,3,8,5,4,23400,1,1,0,5,3,8,5,4,23400,1,1,0,2025,3,9,3510000,3000000,1,2
202601,6,,월산동지구,29155,14,0,0,0,1,0,2,11,03,1,1,없음,100,4,0,0,0,2,2,4,1,10,1,1,1,1,1,8,2,3,2,2,0,999,2,1,2,1,1,1,3,3,6500,1,1,0,1,1,1,3,3,6500,1,1,0,1,1,1,3,3,6500,1,1,0,0,1,1,3510000,3000000,1,2
202601,6,,월산동지구,29155,14,0,0,0,1,0,7,32,03,6,1,없음,40,5,0,0,0,2,1,2,1,10,1,1,1,1,1,8,2,3,1,1,I,561,2,1,2,4,5,8,4,5,25100,1,1,0,4,5,8,4,5,25100,1,1,0,4,5,8,4,5,25100,1,1,0,2025,3,8,3400000,5690000,1,2
202601,6,,0.비상권,29155,14,0,0,0,1,0,8,31,03,6,2,없음,200,6,0,0,0,1,2,4,1,9,2,1,1,1,1,8,1,3,1,1,I,561,2,1,2,5,5,9,5,5,36400,1,1,0,5,5,9,5,5,36400,1,1,0,5,5,9,5,5,36400,1,1,0,2024,3,10,3350000,2810000,1,3
202601,6,,0.비상권,29155,14,0,0,0,1,0,8,31,03,6,2,없음,200,6,0,0,0,1,2,4,1,9,2,1,1,1,1,8,1,3,2,1,I,562,2,1,2,5,4,7,5,4,17700,1,1,0,5,4,7,5,4,17700,1,1,0,5,4,7,5,4,17700,1,1,0,2026,3,10,3350000,2810000,1,3
202601,6,,0.비상권,29155,14,0,0,0,1,0,8,31,03,6,1,없음,300,7,0,0,0,2,2,4,1,9,2,1,1,1,1,8,2,3,1,1,I,562,3,1,3,5,5,8,5,5,21100,1,1,0,5,5,8,5,5,21100,1,1,0,5,5,8,5,5,21100,1,1,0,2024,3,10,2870000,2880000,1,2
202601,6,,0.비상권,29155,14,0,0,0,1,0,8,31,03,6,1,없음,300,7,0,0,0,2,2,4,1,9,2,1,1,1,1,8,2,3,2,1,I,562,2,1,2,4,3,7,4,4,12100,1,1,0,4,3,7,4,4,12100,1,1,0,4,3,7,4,4,12100,1,1,0,2024,3,10,2870000,2880000,1,2
202601,6,,0.비상권,29155,14,0,0,0,1,0,7,32,04,1,1,없음,355,6,0,0,0,2,2,4,1,10,2,1,1,1,1,2,2,3,1,1,G,476,3,1,3,4,4,7,4,4,15600,1,1,0,4,4,7,4,4,15600,1,1,0,4,4,7,4,4,15600,1,1,0,2026,3,10,3310000,3480000,1,2
202601,6,,0.비상권,29155,14,0,0,0,1,0,7,32,04,1,1,없음,355,6,0,0,0,2,2,4,1,10,2,1,1,1,1,2,2,3,2,1,R,901,2,1,2,4,3,6,4,3,9500,1,1,0,4,3,6,4,3,9500,1,1,0,4,3,6,4,3,9500,1,1,0,2026,3,10,3310000,3480000,1,2
202601,6,,월산동지구,29155,13,0,0,0,1,0,3,11,03,6,2,없음,450,6,0,0,0,2,2,4,1,9,1,1,1,1,1,8,2,3,1,6,0,999,2,1,2,1,1,1,4,3,7500,1,1,1,1,1,1,4,3,7500,1,1,1,1,1,1,4,3,7500,1,1,1,0,1,1,2340000,2120000,1,2
202601,6,,월산동지구,29155,13,0,0,0,1,0,3,11,03,6,2,없음,450,6,0,0,0,2,2,4,1,9,1,1,1,1,1,8,2,3,2,2,0,999,2,1,2,1,1,1,4,3,4600,1,1,0,1,1,1,4,3,4600,1,1,0,1,1,1,4,3,4600,1,1,0,0,1,1,2340000,2120000,1,2
202601,6,,월산동지구,29155,13,0,0,0,1,0,3,11,03,1,1,없음,200,7,0,0,0,2,2,4,1,10,1,1,1,1,1,8,2,3,1,1,I,561,2,1,3,5,4,7,5,4,13900,1,1,0,5,4,7,5,4,13900,1,1,0,5,4,7,5,4,13900,1,1,0,2025,3,9,2280000,2130000,1,1
202601,6,,월산동지구,29155,13,0,0,0,1,0,3,11,03,1,1,없음,200,7,0,0,0,2,2,4,1,10,1,1,1,1,1,8,2,3,2,2,0,999,2,1,2,1,1,1,4,3,7400,1,1,0,1,1,1,4,3,7400,1,1,0,1,1,1,4,3,7400,1,1,0,0,1,1,2280000,2130000,1,1
202601,6,,월산동지구,29155,13,0,0,0,1,0,1,11,03,6,1,없음,240,6,0,0,0,2,2,3,1,10,2,1,1,1,1,8,2,3,1,1,S,961,2,1,2,5,5,7,6,4,15100,1,1,0,5,5,7,6,4,15100,1,1,0,5,5,7,6,4,15100,1,1,0,2024,3,10,2030000,2050000,1,2
202601,6,,월산동지구,29155,13,0,0,0,1,0,1,11,03,6,1,없음,240,6,0,0,0,2,2,3,1,10,2,1,1,1,1,8,2,3,2,1,S,961,2,1,2,3,3,5,3,3,6300,1,1,0,3,3,5,3,3,6300,1,1,0,3,3,5,3,3,6300,1,1,0,2025,3,9,2030000,2050000,1,2
202601,6,,봉선동,29155,14,0,0,0,1,0,3,32,04,5,1,없음,400,4,0,0,0,2,2,4,1,10,2,1,1,1,1,8,2,3,1,1,I,561,4,1,4,5,5,7,5,5,12800,1,1,0,5,5,7,5,5,12800,1,1,0,5,5,7,5,5,12800,1,1,0,2024,3,9,2330000,4810000,1,1
202601,6,,봉선동,29155,14,0,0,0,1,0,2,11,03,1,1,없음,100,6,0,0,0,2,2,4,1,9,1,1,1,1,1,8,2,3,1,1,S,961,1,1,2,3,3,6,3,3,9600,1,1,0,3,3,6,3,3,9600,1,1,0,3,3,6,3,3,9600,1,1,0,2024,3,9,2460000,2400000,1,1
202601,6,,봉선동,29155,14,0,0,0,1,0,2,11,03,1,1,없음,100,6,0,0,0,2,2,4,1,9,1,1,1,1,1,8,2,3,1,1,R,912,1,1,2,3,3,7,3,3,9800,1,1,0,3,3,7,3,3,9800,1,1,0,3,3,7,3,3,9800,1,1,0,2024,3,8,2460000,2400000,1,1
202601,6,,봉선동,29155,14,0,0,0,1,0,2,11,03,1,1,없음,100,6,0,0,0,2,2,4,1,9,1,1,1,1,1,8,2,3,2,2,0,999,2,1,2,1,1,1,3,3,4000,1,1,0,1,1,1,3,3,4000,1,1,0,1,1,1,3,3,4000,1,1,0,0,1,1,2460000,2400000,1,1
202601,6,,봉선동,29155,14,0,0,0,1,0,2,11,04,1,1,없음,200,7,0,0,0,2,2,4,1,10,1,1,1,1,1,8,2,3,1,1,I,561,2,1,2,4,4,7,4,4,12200,1,1,0,4,4,7,4,4,12200,1,1,0,4,4,7,4,4,12200,1,1,0,2025,3,10,2440000,2120000,1,1
202601,6,,봉선동,29155,14,0,0,0,1,0,2,11,04,1,1,없음,200,7,0,0,0,2,2,4,1,10,1,1,1,1,1,8,2,3,2,2,0,999,2,1,2,1,1,1,3,3,3900,1,1,0,1,1,1,3,3,3900,1,1,0,1,1,1,3,3,3900,1,1,0,0,1,1,2440000,2120000,1,1
202601,6,,봉선동,29155,14,0,0,0,1,0,4,21,03,6,2,없음,285,8,0,0,0,2,2,4,1,10,1,1,1,1,1,8,2,3,1,1,I,561,3,1,3,3,3,5,3,4,7300,1,1,0,3,3,5,3,4,7300,1,1,0,3,3,5,3,4,7300,1,1,0,2024,3,9,2650000,2580000,1,1
202601,6,,봉선동,29155,14,0,0,0,1,0,4,21,03,6,2,없음,285,8,0,0,0,2,2,4,1,10,1,1,1,1,1,8,2,3,2,2,0,999,2,1,2,1,1,1,3,3,4300,1,1,0,1,1,1,3,3,4300,1,1,0,1,1,1,3,3,4300,1,1,0,0,1,1,2650000,2580000,1,1
202601,6,,봉선동,29155,14,0,0,0,1,0,2,11,03,6,2,없음,350,8,0,0,0,2,2,4,1,10,1,1,1,1,1,8,2,3,1,1,I,561,3,1,3,4,3,5,4,3,6300,1,1,0,4,3,5,4,3,6300,1,1,0,4,3,5,4,3,6300,1,1,0,2025,3,10,2020000,1860000,1,1
202601,6,,봉선동,29155,14,0,0,0,1,0,2,11,03,6,2,없음,350,8,0,0,0,2,2,4,1,10,1,1,1,1,1,8,2,3,2,2,0,999,2,1,2,1,1,1,3,3,4100,1,1,0,1,1,1,3,3,4100,1,1,0,1,1,1,3,3,4100,1,1,0,0,1,1,2020000,1860000,1,1
202601,6,,봉선동,29155,14,0,0,0,1,0,1,11,03,1,1,없음,100,6,0,0,0,2,1,3,1,9,1,1,1,1,1,8,2,3,1,1,I,561,2,1,2,4,4,6,4,4,9100,1,1,0,4,4,6,4,4,9100,1,1,0,4,4,6,4,4,9100,1,1,0,2025,3,10,2650000,2930000,1,1
202601,6,,봉선동,29155,14,0,0,0,1,0,1,11,03,1,1,없음,100,6,0,0,0,2,1,3,1,9,1,1,1,1,1,8,2,3,2,2,0,999,1,1,2,1,1,1,3,3,3700,1,1,0,1,1,1,3,3,3700,1,1,0,1,1,1,3,3,3700,1,1,0,0,1,1,2650000,2930000,1,1
202601,6,,봉선동,29155,14,0,0,0,1,0,2,11,04,1,1,없음,120,6,0,0,0,2,2,4,1,10,2,1,1,1,1,8,2,3,1,1,I,561,3,1,3,4,4,6,4,4,8400,1,1,0,4,4,6,4,4,8400,1,1,0,4,4,6,4,4,8400,1,1,0,2024,3,9,2770000,2410000,1,1
202601,6,,봉선동,29155,14,0,0,0,1,0,2,11,04,1,1,없음,120,6,0,0,0,2,2,4,1,10,2,1,1,1,1,8,2,3,2,1,Q,872,3,1,3,3,3,4,3,3,4700,1,1,0,3,3,4,3,3,4700,1,1,0,3,3,4,3,3,4700,1,1,0,2025,3,10,2770000,2410000,1,1
202601,6,,0.비상권,29155,14,0,0,0,1,0,7,31,04,6,1,없음,50,5,0,1,0,3,2,4,1,10,2,1,1,1,1,8,3,3,1,1,I,561,4,1,4,7,7,8,7,7,27300,1,1,0,7,7,8,7,7,27300,1,1,0,7,7,8,7,7,27300,1,1,0,2025,3,10,3800000,6420000,1,2
202601,6,,0.비상권,29155,14,0,0,0,1,0,2,11,04,6,1,없음,590,6,0,0,0,2,2,4,1,10,2,1,1,1,1,8,2,3,1,1,I,561,3,1,3,4,4,7,5,4,15700,1,1,0,4,4,7,5,4,15700,1,1,0,4,4,7,5,4,15700,1,1,0,2025,3,10,2120000,1980000,1,1
202601,6,,0.비상권,29155,14,0,0,0,1,0,2,11,04,6,1,없음,590,6,0,0,0,2,2,4,1,10,2,1,1,1,1,8,2,3,2,1,0,999,2,1,2,7,1,4,3,3,7100,1,1,0,7,1,4,3,3,7100,1,1,0,7,1,4,3,3,7100,1,1,0,2025,3,9,2120000,1980000,1,1
202601,6,,0.비상권,29155,14,0,0,0,1,0,6,31,03,6,2,없음,110,6,0,0,0,1,1,2,1,10,1,1,1,1,1,8,1,3,1,1,S,961,2,1,2,5,4,7,5,4,18300,1,1,0,5,4,7,5,4,18300,1,1,0,5,4,7,5,4,18300,1,1,0,2025,3,10,3340000,3300000,1,1
202601,6,,0.비상권,29155,14,0,0,0,1,0,6,31,03,6,2,없음,110,6,0,0,0,1,1,2,1,10,1,1,1,1,1,8,1,3,2,1,S,961,1,1,1,3,3,7,3,3,10400,1,1,0,3,3,7,3,3,10400,1,1,0,3,3,7,3,3,10400,1,1,0,2026,3,7,3340000,3300000,1,1
202601,6,,0.비상권,29155,13,0,0,0,1,0,5,31,04,5,1,없음,200,6,0,0,0,2,1,3,1,10,1,1,1,1,1,8,2,3,1,1,F,424,3,1,3,3,4,5,3,4,7200,1,1,0,3,4,5,3,4,7200,1,1,0,3,4,5,3,4,7200,1,1,0,2024,3,10,1360000,2990000,1,2
202601,6,,0.비상권,29155,14,0,0,0,1,0,1,51,03,1,1,500,90,4,0,0,0,2,1,3,1,10,1,1,1,1,1,8,2,3,1,1,C,181,2,1,2,4,4,7,4,4,18100,1,1,0,4,4,7,4,4,18100,1,1,0,4,4,7,4,4,18100,1,1,0,2025,3,7,2240000,3480000,1,2
202601,6,,0.비상권,29155,14,0,0,0,1,0,1,51,03,1,1,500,90,4,0,0,0,2,1,3,1,10,1,1,1,1,1,8,2,3,1,1,R,901,2,1,2,4,4,7,4,4,17700,1,1,0,4,4,7,4,4,17700,1,1,0,4,4,7,4,4,17700,1,1,0,2025,3,10,2240000,3480000,1,2
202601,6,,0.비상권,29155,14,0,0,0,1,0,8,31,04,6,2,770,20,5,1,0,0,2,2,4,1,10,2,1,1,1,1,8,2,3,1,1,I,561,2,1,2,6,5,9,6,5,32900,1,1,0,6,5,9,6,5,32900,1,1,0,6,5,9,6,5,32900,1,1,0,2024,3,9,3600000,3120000,1,3
202601,6,,0.비상권,29155,14,0,0,0,1,0,8,31,04,6,2,770,20,5,1,0,0,2,2,4,1,10,2,1,1,1,1,8,2,3,2,1,I,562,2,1,2,4,4,7,5,4,14000,1,1,0,4,4,7,5,4,14000,1,1,0,4,4,7,5,4,14000,1,1,0,2025,3,10,3600000,3120000,1,3
202601,6,,0.비상권,29155,14,0,0,0,1,0,1,11,03,4,1,900,250,8,0,0,0,2,1,2,1,10,1,1,1,1,1,8,2,3,1,1,I,562,2,1,2,4,4,7,4,4,19300,1,1,0,4,4,7,4,4,19300,1,1,0,4,4,7,4,4,19300,1,1,0,2024,3,10,2140000,7830000,1,3
202601,6,,0.비상권,29155,13,0,0,0,1,0,1,51,04,6,1,없음,350,8,0,0,0,2,1,3,1,10,1,1,1,1,1,8,2,3,1,6,0,999,3,1,3,1,1,1,6,5,17800,1,1,1,1,1,1,6,5,17800,1,1,1,1,1,1,6,5,17800,1,1,1,0,1,1,2450000,4100000,1,2
202601,6,,0.비상권,29155,13,0,0,0,1,0,1,11,03,6,2,없음,300,8,0,0,0,1,1,3,1,10,1,1,1,1,1,8,1,3,1,1,I,561,2,1,2,4,4,7,5,5,36100,1,1,0,4,4,7,5,5,36100,1,1,0,4,4,7,5,5,36100,1,1,0,2026,3,10,2580000,2550000,1,3
202601,6,,0.비상권,29155,13,0,0,0,1,0,1,11,03,6,2,없음,300,8,0,0,0,1,1,3,1,10,1,1,1,1,1,8,1,3,1,1,G,478,1,1,1,4,3,8,4,3,29300,1,1,0,4,3,8,4,3,29300,1,1,0,4,3,8,4,3,29300,1,1,0,2025,3,10,2580000,2550000,1,3
202601,6,,0.비상권,29155,13,0,0,0,1,0,1,11,03,6,2,없음,300,8,0,0,0,1,1,3,1,10,1,1,1,1,1,8,1,3,2,1,L,681,2,1,2,4,3,7,4,3,12400,1,1,0,4,3,7,4,3,12400,1,1,0,4,3,7,4,3,12400,1,1,0,2024,3,9,2580000,2550000,1,3
202601,6,,0.비상권,29155,14,0,0,0,1,0,1,51,04,4,1,900,100,8,0,0,0,2,1,3,1,10,1,1,1,1,1,8,2,3,1,1,I,562,3,1,3,5,5,8,5,5,24500,1,1,0,5,5,8,5,5,24500,1,1,0,5,5,8,5,5,24500,1,1,0,2025,3,10,1940000,5850000,1,2
202601,6,,0.비상권,29155,14,0,0,0,1,0,7,32,04,6,1,900,100,9,0,0,0,2,1,3,1,10,1,1,1,1,1,8,2,3,1,6,0,999,3,1,3,1,1,1,6,4,16100,1,1,1,1,1,1,6,4,16100,1,1,1,1,1,1,6,4,16100,1,1,1,0,1,1,2410000,4300000,1,2
202601,6,,0.비상권,29155,14,0,0,0,1,0,2,11,03,6,2,800,100,8,0,0,0,2,2,4,1,10,1,1,1,1,1,8,2,3,1,1,G,478,1,1,2,5,4,8,5,4,26700,1,1,0,5,4,8,5,4,26700,1,1,0,5,4,8,5,4,26700,1,1,0,2025,3,10,2300000,1980000,1,2
202601,6,,0.비상권,29155,14,0,0,0,1,0,2,11,03,6,2,800,100,8,0,0,0,2,2,4,1,10,1,1,1,1,1,8,2,3,1,1,I,561,1,1,1,4,3,7,4,3,19800,1,1,0,4,3,7,4,3,19800,1,1,0,4,3,7,4,3,19800,1,1,0,2025,3,9,2300000,1980000,1,2
202601,6,,0.비상권,29155,14,0,0,0,1,0,2,11,03,6,2,800,100,8,0,0,0,2,2,4,1,10,1,1,1,1,1,8,2,3,1,1,G,476,1,1,1,4,3,7,4,3,19700,1,1,0,4,3,7,4,3,19700,1,1,0,4,3,7,4,3,19700,1,1,0,2024,3,9,2300000,1980000,1,2
202601,6,,0.비상권,29155,14,0,0,0,1,0,2,11,03,6,2,800,100,8,0,0,0,2,2,4,1,10,1,1,1,1,1,8,2,3,2,2,0,999,3,1,3,1,1,1,4,3,6400,1,1,0,1,1,1,4,3,6400,1,1,0,1,1,1,4,3,6400,1,1,0,0,1,1,2300000,1980000,1,2
202601,6,,0.비상권,29155,14,0,0,0,1,0,1,51,04,1,1,750,50,4,0,0,0,2,1,2,1,10,1,1,1,1,1,8,2,3,1,6,0,999,2,1,2,1,1,1,5,5,23100,1,1,1,1,1,1,5,5,23100,1,1,1,1,1,1,5,5,23100,1,1,1,0,1,1,2330000,5750000,1,3
202601,6,,0.비상권,29155,14,0,0,0,1,0,7,21,03,6,1,730,150,4,0,0,0,1,1,3,1,10,1,1,1,1,1,8,2,3,1,1,I,561,2,1,2,5,5,8,5,5,24500,1,1,0,5,5,8,5,5,24500,1,1,0,5,5,8,5,5,24500,1,1,0,2024,3,9,3320000,3530000,1,1
202601,6,,0.비상권,29155,14,0,0,0,1,0,7,21,03,6,1,730,150,4,0,0,0,1,1,3,1,10,1,1,1,1,1,8,2,3,2,2,0,999,2,1,2,1,1,1,4,3,7800,1,1,0,1,1,1,4,3,7800,1,1,0,1,1,1,4,3,7800,1,1,0,0,1,1,3320000,3530000,1,1
202601,6,,봉선동,29155,15,0,0,0,1,0,1,11,04,1,1,없음,150,6,0,0,0,2,2,3,1,9,1,1,1,1,1,8,2,3,1,1,I,561,2,1,2,4,4,6,4,4,9100,1,1,0,4,4,6,4,4,9100,1,1,0,4,4,6,4,4,9100,1,1,0,2024,3,9,1480000,1600000,1,1
202601,6,,봉선동,29155,15,0,0,0,1,0,1,11,04,1,1,없음,150,6,0,0,0,2,2,3,1,9,1,1,1,1,1,8,2,3,2,2,0,999,2,1,2,1,1,1,3,3,5300,1,1,0,1,1,1,3,3,5300,1,1,0,1,1,1,3,3,5300,1,1,0,0,1,1,1480000,1600000,1,1
202601,6,,봉선동,29155,15,0,0,0,1,0,7,31,03,5,1,없음,300,5,0,0,0,2,1,3,1,10,1,1,1,1,1,8,2,3,1,6,0,999,2,1,2,1,1,1,4,4,15100,1,1,1,1,1,1,4,4,15100,1,1,1,1,1,1,4,4,15100,1,1,1,0,1,1,3820000,3960000,1,1
202601,6,,봉선동,29155,15,0,0,0,1,0,7,31,03,5,1,없음,300,5,0,0,0,2,1,3,1,10,1,1,1,1,1,8,2,3,2,6,0,999,2,1,2,1,1,1,4,3,6200,1,1,1,1,1,1,4,3,6200,1,1,1,1,1,1,4,3,6200,1,1,1,0,1,1,3820000,3960000,1,1
202601,6,,봉선동,29155,14,0,0,0,1,0,4,11,03,6,2,없음,300,6,0,0,0,2,2,4,2,8,1,1,1,1,1,8,2,3,1,1,C,107,2,1,3,3,3,4,4,3,5300,1,1,0,3,3,4,4,3,5300,1,1,0,3,3,4,4,3,5300,1,1,0,2024,3,8,2150000,1930000,1,1
202601,6,,봉선동,29155,14,0,0,0,1,0,4,11,03,6,2,없음,300,6,0,0,0,2,2,4,2,8,1,1,1,1,1,8,2,3,2,2,0,999,2,1,3,1,1,1,4,3,3500,1,1,0,1,1,1,4,3,3500,1,1,0,1,1,1,4,3,3500,1,1,0,0,1,1,2150000,1930000,1,1
202601,6,,봉선동,29155,14,0,0,0,1,0,4,42,04,6,1,없음,30,6,0,0,0,2,1,3,1,10,1,1,1,1,1,8,2,3,1,1,I,561,3,1,3,5,5,7,5,5,11600,1,1,0,5,5,7,5,5,11600,1,1,0,5,5,7,5,5,11600,1,1,0,2024,3,10,2320000,4840000,1,1
202601,6,,봉선동,29155,14,0,0,0,1,0,7,21,04,6,2,없음,300,4,0,1,0,2,2,4,2,8,2,1,1,1,1,8,2,3,1,1,G,463,1,1,1,4,3,7,4,3,18500,1,1,0,4,3,7,4,3,18500,1,1,0,4,3,7,4,3,18500,1,1,0,2024,3,10,3370000,2850000,1,1
202601,6,,봉선동,29155,14,0,0,0,1,0,7,21,04,6,2,없음,300,4,0,1,0,2,2,4,2,8,2,1,1,1,1,8,2,3,1,6,0,999,1,1,1,1,1,1,4,3,18600,1,1,1,1,1,1,4,3,18600,1,1,1,1,1,1,4,3,18600,1,1,1,0,1,1,3370000,2850000,1,1
202601,6,,봉선동,29155,14,0,0,0,1,0,7,21,04,6,2,없음,300,4,0,1,0,2,2,4,2,8,2,1,1,1,1,8,2,3,1,1,G,474,1,1,1,4,3,7,4,3,18500,1,1,0,4,3,7,4,3,18500,1,1,0,4,3,7,4,3,18500,1,1,0,2024,3,9,3370000,2850000,1,1
202601,6,,봉선동,29155,14,0,0,0,1,0,7,21,04,6,2,없음,300,4,0,1,0,2,2,4,2,8,2,1,1,1,1,8,2,3,2,1,K,649,2,1,3,4,3,5,4,3,7300,1,1,0,4,3,5,4,3,7300,1,1,0,4,3,5,4,3,7300,1,1,0,2024,3,10,3370000,2850000,1,1
202601,6,,봉선동,29155,14,0,0,0,1,0,4,31,04,3,1,없음,152,7,0,0,0,3,1,3,1,10,1,1,1,1,1,8,3,3,1,1,I,561,3,1,3,5,5,7,4,5,14100,1,1,0,5,5,7,4,5,14100,1,1,0,5,5,7,4,5,14100,1,1,0,2025,3,9,1920000,7950000,1,1
202601,6,,봉선동,29155,14,0,0,0,1,0,2,11,03,6,1,없음,30,4,0,0,0,2,2,4,1,10,2,1,1,1,1,8,2,3,1,1,G,474,3,1,3,5,5,7,5,5,14800,1,1,0,5,5,7,5,5,14800,1,1,0,5,5,7,5,5,14800,1,1,0,2024,3,9,3130000,5260000,1,1
202601,6,,봉선동,29155,14,0,0,0,1,0,2,11,03,6,1,없음,30,4,0,0,0,2,2,4,1,10,2,1,1,1,1,8,2,3,1,1,I,562,2,1,2,4,4,7,4,4,14700,1,1,0,4,4,7,4,4,14700,1,1,0,4,4,7,4,4,14700,1,1,0,2025,3,9,3130000,5260000,1,1
202601,6,,봉선동,29155,14,0,0,0,1,0,2,11,03,6,1,없음,70,4,0,0,0,2,2,4,1,10,2,1,1,1,1,8,2,3,1,1,G,474,2,1,2,4,4,7,4,4,15100,1,1,0,4,4,7,4,4,15100,1,1,0,4,4,7,4,4,15100,1,1,0,2025,3,8,3320000,5550000,1,1
202601,6,,봉선동,29155,14,0,0,0,1,0,2,11,03,6,1,없음,70,4,0,0,0,2,2,4,1,10,2,1,1,1,1,8,2,3,1,1,L,682,2,1,2,4,4,7,4,4,15100,1,1,0,4,4,7,4,4,15100,1,1,0,4,4,7,4,4,15100,1,1,0,2024,3,9,3320000,5550000,1,1
202601,6,,봉선동,29155,14,0,0,0,1,0,2,11,03,6,1,없음,70,4,0,0,0,2,2,4,1,10,2,1,1,1,1,8,2,3,1,1,R,912,2,1,2,4,4,7,4,4,15100,1,1,0,4,4,7,4,4,15100,1,1,0,4,4,7,4,4,15100,1,1,0,2024,3,9,3320000,5550000,1,1
202601,6,,봉선동,29155,14,0,0,0,1,0,2,11,03,1,1,없음,147,6,0,0,0,2,2,4,1,10,2,1,1,1,1,8,2,3,1,1,I,561,2,1,2,4,3,7,4,3,10000,1,1,0,4,3,7,4,3,10000,1,1,0,4,3,7,4,3,10000,1,1,0,2025,3,10,2480000,2320000,1,1
202601,6,,봉선동,29155,14,0,0,0,1,0,2,11,03,1,1,없음,147,6,0,0,0,2,2,4,1,10,2,1,1,1,1,8,2,3,1,1,C,107,2,1,2,4,4,7,4,4,10900,1,1,0,4,4,7,4,4,10900,1,1,0,4,4,7,4,4,10900,1,1,0,2026,2,6,2480000,2320000,1,1
202601,6,,봉선동,29155,14,0,0,0,1,0,2,11,03,1,1,없음,147,6,0,0,0,2,2,4,1,10,2,1,1,1,1,8,2,3,2,2,0,999,3,1,3,1,1,1,4,3,4400,1,1,0,1,1,1,4,3,4400,1,1,0,1,1,1,4,3,4400,1,1,0,0,1,1,2480000,2320000,1,1
202601,6,,봉선동,29155,13,0,0,0,1,0,2,11,03,1,1,없음,280,7,0,0,0,2,2,4,1,10,1,1,1,1,1,8,2,3,1,1,M,716,3,1,3,3,3,4,3,3,4500,1,1,0,3,3,4,3,3,4500,1,1,0,3,3,4,3,3,4500,1,1,0,2025,3,8,2230000,2110000,1,1
202601,6,,봉선동,29155,13,0,0,0,1,0,2,11,03,1,1,없음,280,7,0,0,0,2,2,4,1,10,1,1,1,1,1,8,2,3,2,2,0,999,2,1,2,1,1,1,3,3,3200,1,1,0,1,1,1,3,3,3200,1,1,0,1,1,1,3,3,3200,1,1,0,0,1,1,2230000,2110000,1,1
202601,6,,0.비상권,29170,14,0,0,0,1,0,3,11,03,8,2,없음,280,6,0,0,0,1,2,4,1,10,2,1,1,1,1,8,1,3,1,1,S,961,1,1,1,4,3,8,4,3,20000,1,1,0,4,3,8,4,3,20000,1,1,0,4,3,8,4,3,20000,1,1,0,2025,3,10,2250000,1510000,1,3
202601,6,,0.비상권,29170,14,0,0,0,1,0,3,11,03,8,2,없음,280,6,0,0,0,1,2,4,1,10,2,1,1,1,1,8,1,3,1,1,G,474,2,1,2,6,4,7,4,4,19000,1,1,0,6,4,7,4,4,19000,1,1,0,6,4,7,4,4,19000,1,1,0,2024,3,10,2250000,1510000,1,3
202601,6,,0.비상권,29170,14,0,0,0,1,0,3,11,03,8,2,없음,280,6,0,0,0,1,2,4,1,10,2,1,1,1,1,8,1,3,2,1,S,961,3,1,3,4,4,7,4,4,13500,1,1,0,4,4,7,4,4,13500,1,1,0,4,4,7,4,4,13500,1,1,0,2025,3,10,2250000,1510000,1,3
202601,6,,0.비상권,29170,14,0,0,0,1,0,3,21,03,8,1,없음,350,6,0,0,0,2,2,3,1,10,2,1,1,1,1,8,2,3,1,1,L,682,1,1,2,4,4,8,4,4,20500,1,1,0,4,4,8,4,4,20500,1,1,0,4,4,8,4,4,20500,1,1,0,2026,3,10,2160000,2880000,1,2
202601,6,,0.비상권,29170,14,0,0,0,1,0,3,21,03,8,1,없음,350,6,0,0,0,2,2,3,1,10,2,1,1,1,1,8,2,3,1,1,I,561,2,1,3,6,5,7,6,5,18500,1,1,0,6,5,7,6,5,18500,1,1,0,6,5,7,6,5,18500,1,1,0,2026,3,10,2160000,2880000,1,2
202601,6,,0.비상권,29170,13,0,0,0,1,0,1,11,03,1,1,없음,285,6,0,0,0,2,2,4,1,10,1,1,1,1,1,8,2,3,1,1,S,961,1,1,1,3,3,7,3,3,14200,1,1,0,3,3,7,3,3,14200,1,1,0,3,3,7,3,3,14200,1,1,0,2025,3,9,2220000,2130000,1,2
202601,6,,0.비상권,29170,13,0,0,0,1,0,1,11,03,1,1,없음,285,6,0,0,0,2,2,4,1,10,1,1,1,1,1,8,2,3,1,6,0,999,1,1,1,1,1,1,3,3,16000,1,1,1,1,1,1,3,3,16000,1,1,1,1,1,1,3,3,16000,1,1,1,0,1,1,2220000,2130000,1,2
202601,6,,0.비상권,29170,13,0,0,0,1,0,1,11,03,1,1,없음,285,6,0,0,0,2,2,4,1,10,1,1,1,1,1,8,2,3,2,2,0,999,2,1,2,1,1,1,3,3,4400,1,1,0,1,1,1,3,3,4400,1,1,0,1,1,1,3,3,4400,1,1,0,0,1,1,2220000,2130000,1,2
202601,6,,0.비상권,29170,14,0,0,0,1,0,1,11,04,1,1,없음,50,5,0,0,0,2,2,4,1,10,1,1,1,1,1,8,2,3,1,6,0,999,2,1,2,1,1,1,5,5,29600,1,1,1,1,1,1,5,5,29600,1,1,1,1,1,1,5,5,29600,1,1,1,0,1,1,2340000,2640000,1,3
202601,6,,0.비상권,29170,14,0,0,0,1,0,1,11,04,1,1,없음,50,5,0,0,0,2,2,4,1,10,1,1,1,1,1,8,2,3,1,1,P,855,1,1,1,3,4,8,3,4,23400,1,1,0,3,4,8,3,4,23400,1,1,0,3,4,8,3,4,23400,1,1,0,2025,3,10,2340000,2640000,1,3
202601,6,,0.비상권,29170,14,0,0,0,1,0,1,11,04,1,1,없음,50,5,0,0,0,2,2,4,1,10,1,1,1,1,1,8,2,3,2,1,P,855,2,1,2,3,4,7,3,4,16000,1,1,0,3,4,7,3,4,16000,1,1,0,3,4,7,3,4,16000,1,1,0,2026,3,10,2340000,2640000,1,3
202601,6,,금남로/충장로,29170,21,0,120,300,1,0,5,21,03,7,2,453,50,1,0,0,0,2,2,4,1,9,2,1,1,1,1,8,2,3,1,1,G,466,3,1,3,4,5,7,4,4,10500,1,1,0,4,5,7,4,4,10500,1,1,0,4,5,7,4,4,10500,1,1,0,2024,3,6,2740000,2060000,1,1
202601,6,,금남로/충장로,29170,21,0,120,300,1,0,5,21,03,7,2,453,50,1,0,0,0,2,2,4,1,9,2,1,1,1,1,8,2,3,2,1,N,759,3,1,3,3,3,3,3,3,3100,1,1,0,3,3,3,3,3,3100,1,1,0,3,3,3,3,3,3100,1,1,0,2025,3,10,2740000,2060000,1,1
202601,6,,금남로/충장로,29170,21,0,120,300,1,0,5,21,03,8,2,900,200,1,1,0,0,2,2,4,1,10,2,1,1,1,1,8,2,3,1,1,S,969,4,1,4,4,4,6,4,4,7800,1,1,0,4,4,6,4,4,7800,1,1,0,4,4,6,4,4,7800,1,1,0,2025,3,9,3080000,2230000,1,1
202601,6,,금남로/충장로,29170,21,0,120,300,1,0,5,21,03,8,2,900,200,1,1,0,0,2,2,4,1,10,2,1,1,1,1,8,2,3,2,6,0,999,3,1,3,1,1,1,4,3,4600,1,1,1,1,1,1,4,3,4600,1,1,1,1,1,1,4,3,4600,1,1,1,0,1,1,3080000,2230000,1,1
202601,6,,금남로/충장로,29170,21,0,120,300,1,0,4,32,03,7,1,110,1,1,0,0,0,2,2,4,1,10,2,1,1,1,1,8,3,3,1,1,G,474,2,1,3,4,5,7,4,5,19400,1,1,0,4,5,7,4,5,19400,1,1,0,4,5,7,4,5,19400,1,1,0,2025,3,8,3010000,7770000,1,1
202601,6,,금남로/충장로,29170,21,0,120,300,1,0,4,32,03,7,1,110,1,1,0,0,0,2,2,4,1,10,2,1,1,1,1,8,3,3,1,6,0,999,1,1,2,1,1,1,4,4,19800,1,1,1,1,1,1,4,4,19800,1,1,1,1,1,1,4,4,19800,1,1,1,0,1,1,3010000,7770000,1,1
202601,6,,금남로/충장로,29170,21,0,120,300,1,0,4,32,03,7,1,110,1,1,0,0,0,2,2,4,1,10,2,1,1,1,1,8,3,3,1,6,0,999,1,1,1,1,1,1,4,4,19500,1,1,1,1,1,1,4,4,19500,1,1,1,1,1,1,4,4,19500,1,1,1,0,1,1,3010000,7770000,1,1
202601,6,,금남로/충장로,29170,21,0,120,300,1,0,4,32,03,7,1,110,1,1,0,0,0,2,2,4,1,10,2,1,1,1,1,8,3,3,1,1,G,474,2,1,3,4,5,8,4,5,19000,1,1,0,4,5,8,4,5,19000,1,1,0,4,5,8,4,5,19000,1,1,0,2025,3,10,3010000,7770000,1,1
202601,6,,금남로/충장로,29170,21,0,120,300,1,0,4,31,04,4,1,20,120,1,0,1,0,2,2,4,1,10,2,1,1,1,1,8,2,3,1,1,I,561,3,1,4,4,4,5,4,4,7100,1,1,0,4,4,5,4,4,7100,1,1,0,4,4,5,4,4,7100,1,1,0,2024,3,10,3190000,4440000,1,1
202601,6,,금남로/충장로,29170,21,0,120,300,1,0,4,31,04,4,1,20,120,1,0,1,0,2,2,4,1,10,2,1,1,1,1,8,2,3,2,2,S,969,3,1,3,1,1,1,3,3,4300,1,1,0,1,1,1,3,3,4300,1,1,0,1,1,1,3,3,4300,1,1,0,0,1,1,3190000,4440000,1,1
202601,6,,전남대,29170,14,0,0,0,1,0,5,32,04,6,1,없음,70,6,0,0,0,2,1,3,1,10,1,1,1,1,1,8,2,3,1,1,I,561,3,1,3,4,5,7,4,5,12300,1,1,0,4,5,7,4,5,12300,1,1,0,4,5,7,4,5,12300,1,1,0,2025,3,8,3020000,4750000,1,2
202601,6,,전남대,29170,13,0,0,0,1,0,1,11,04,6,2,없음,100,7,0,0,0,1,2,4,1,10,1,2,1,1,1,8,1,3,1,6,0,999,2,1,2,1,1,1,5,3,11100,1,1,1,1,1,1,5,3,11100,1,1,1,1,1,1,5,3,11100,1,1,1,0,1,1,3690000,3300000,1,1
202601,6,,전남대,29170,13,0,0,0,1,0,1,11,04,6,2,없음,100,7,0,0,0,1,2,4,1,10,1,2,1,1,1,8,1,3,2,6,0,999,2,1,2,1,1,1,4,3,8000,1,1,1,1,1,1,4,3,8000,1,1,1,1,1,1,4,3,8000,1,1,1,0,1,1,3690000,3300000,1,1
202601,6,,전남대,29170,13,0,0,0,1,0,4,31,03,6,1,없음,202,7,0,0,0,2,2,4,1,10,1,2,1,1,1,8,2,3,1,6,0,999,4,1,4,1,1,1,6,6,20300,1,1,1,1,1,1,6,6,20300,1,1,1,1,1,1,6,6,20300,1,1,1,0,1,1,3510000,5890000,1,1
202601,6,,전남대,29170,13,0,0,0,1,0,2,11,04,6,1,없음,200,6,0,0,0,2,2,4,1,10,2,1,1,1,1,8,2,3,1,1,I,561,3,1,3,5,5,7,5,5,17300,1,1,0,5,5,7,5,5,17300,1,1,0,5,5,7,5,5,17300,1,1,0,2025,3,9,3740000,3680000,1,1
202601,6,,전남대,29170,13,0,0,0,1,0,2,11,04,6,1,없음,200,6,0,0,0,2,2,4,1,10,2,1,1,1,1,8,2,3,2,1,M,733,2,1,2,4,3,6,4,3,9000,1,1,0,4,3,6,4,3,9000,1,1,0,4,3,6,4,3,9000,1,1,0,2025,3,10,3740000,3680000,1,1
202601,6,,전남대,29170,13,0,999,0,1,0,6,31,04,6,2,없음,200,6,0,1,0,2,2,4,1,9,1,2,1,1,1,8,2,3,1,6,0,999,2,1,2,1,1,1,4,4,25600,1,1,1,1,1,1,4,4,25600,1,1,1,1,1,1,4,4,25600,1,1,1,0,1,1,4090000,3460000,1,1
202601,6,,전남대,29170,13,0,999,0,1,0,6,31,04,6,2,없음,200,6,0,1,0,2,2,4,1,9,1,2,1,1,1,8,2,3,1,1,I,561,2,1,2,4,4,8,4,4,26100,1,1,0,4,4,8,4,4,26100,1,1,0,4,4,8,4,4,26100,1,1,0,2024,3,10,4090000,3460000,1,1
202601,6,,전남대,29170,13,0,999,0,1,0,6,31,04,6,2,없음,200,6,0,1,0,2,2,4,1,9,1,2,1,1,1,8,2,3,2,6,0,999,3,1,3,1,1,1,5,4,12600,1,1,1,1,1,1,5,4,12600,1,1,1,1,1,1,5,4,12600,1,1,1,0,1,1,4090000,3460000,1,1
202601,6,,전남대,29170,14,0,120,0,1,0,4,32,03,5,1,없음,20,1,0,0,0,2,2,4,1,9,1,1,1,1,1,8,2,3,1,6,0,999,1,1,1,1,1,1,5,4,82000,1,1,1,1,1,1,5,4,82000,1,1,1,1,1,1,5,4,82000,1,1,1,0,1,1,7280000,10120000,1,2
202601,6,,전남대,29170,14,0,120,0,1,0,4,32,03,5,1,없음,20,1,0,0,0,2,2,4,1,9,1,1,1,1,1,8,2,3,1,1,G,478,2,1,2,6,5,8,6,5,26700,1,1,0,6,5,8,6,5,26700,1,1,0,6,5,8,6,5,26700,1,1,0,2025,3,8,7280000,10120000,1,2
202601,6,,전남대,29170,14,0,120,0,1,0,4,32,03,5,1,없음,20,1,0,0,0,2,2,4,1,9,1,1,1,1,1,8,2,3,2,6,0,999,2,1,3,1,1,1,5,4,12600,1,1,1,1,1,1,5,4,12600,1,1,1,1,1,1,5,4,12600,1,1,1,0,1,1,7280000,10120000,1,2
202601,6,,전남대,29170,14,0,0,0,1,0,4,21,04,6,2,없음,43,6,0,0,0,2,2,4,1,10,1,1,1,1,1,8,2,3,1,1,I,561,3,1,3,6,5,8,6,5,28600,1,1,0,6,5,8,6,5,28600,1,1,0,6,5,8,6,5,28600,1,1,0,2025,3,9,5460000,4970000,1,2
202601,6,,전남대,29170,14,0,0,0,1,0,4,21,04,6,2,없음,43,6,0,0,0,2,2,4,1,10,1,1,1,1,1,8,2,3,2,6,0,999,3,1,3,1,1,1,5,4,12500,1,1,1,1,1,1,5,4,12500,1,1,1,1,1,1,5,4,12500,1,1,1,0,1,1,5460000,4970000,1,2
202601,6,,전남대,29170,14,0,0,0,1,0,1,11,03,1,1,없음,50,6,0,0,0,2,2,4,1,9,2,1,1,1,1,8,2,3,1,6,0,999,1,1,2,1,1,1,5,5,41800,1,1,1,1,1,1,5,5,41800,1,1,1,1,1,1,5,5,41800,1,1,1,0,1,1,6290000,5280000,1,2
202601,6,,전남대,29170,14,0,0,0,1,0,1,11,03,1,1,없음,50,6,0,0,0,2,2,4,1,9,2,1,1,1,1,8,2,3,1,1,I,562,1,1,2,6,5,9,6,5,48500,1,1,0,6,5,9,6,5,48500,1,1,0,6,5,9,6,5,48500,1,1,0,2024,3,10,6290000,5280000,1,2
202601,6,,전남대,29170,14,0,0,0,1,0,1,11,03,1,1,없음,50,6,0,0,0,2,2,4,1,9,2,1,1,1,1,8,2,3,2,1,S,961,2,1,3,6,4,7,6,4,11700,1,1,0,6,4,7,6,4,11700,1,1,0,6,4,7,6,4,11700,1,1,0,2025,3,10,6290000,5280000,1,2
202601,6,,전남대,29170,14,0,0,0,1,0,5,32,04,6,1,없음,152,8,0,0,0,2,2,4,1,10,1,2,1,1,1,8,2,3,1,6,0,999,4,1,4,1,1,1,6,5,18800,1,1,1,1,1,1,6,5,18800,1,1,1,1,1,1,6,5,18800,1,1,1,0,1,1,3820000,7190000,1,1
202601,6,,전남대,29170,13,0,0,0,1,1,2,11,03,1,1,없음,300,7,0,0,0,2,2,4,1,10,2,1,2,1,1,8,2,3,-1,6,0,999,1,1,1,1,1,1,3,2,5600,1,1,1,1,1,1,3,2,5600,1,1,1,1,1,1,3,2,5600,1,1,1,0,1,1,3060000,2450000,1,1
202601,6,,전남대,29170,13,0,0,0,1,1,2,11,03,1,1,없음,300,7,0,0,0,2,2,4,1,10,2,1,2,1,1,8,2,3,1,1,I,561,1,1,1,3,3,8,4,3,18800,1,1,0,3,3,8,4,3,18800,1,1,0,3,3,8,4,3,18800,1,1,0,2025,3,10,3060000,2450000,1,1
202601,6,,전남대,29170,13,0,0,0,1,1,2,11,03,1,1,없음,300,7,0,0,0,2,2,4,1,10,2,1,2,1,1,8,2,3,1,1,I,562,2,1,2,3,3,6,3,3,8000,1,1,0,3,3,6,3,3,8000,1,1,0,3,3,6,3,3,8000,1,1,0,2025,3,9,3060000,2450000,1,1
202601,6,,전남대,29170,13,0,0,0,1,1,2,11,03,1,1,없음,300,7,0,0,0,2,2,4,1,10,2,1,2,1,1,8,2,3,1,1,G,463,2,1,2,6,3,7,6,3,11100,1,1,0,6,3,7,6,3,11100,1,1,0,6,3,7,6,3,11100,1,1,0,2024,3,7,3060000,2450000,1,1
202601,6,,전남대,29170,13,0,0,0,1,1,2,11,03,1,1,없음,300,7,0,0,0,2,2,4,1,10,2,1,2,1,1,8,2,3,2,2,0,999,4,1,4,1,1,1,6,3,5400,1,1,0,1,1,1,6,3,5400,1,1,0,1,1,1,6,3,5400,1,1,0,0,1,1,3060000,2450000,1,1
202601,6,,전남대,29170,14,0,0,0,1,0,8,31,04,6,2,없음,200,8,0,1,0,2,2,4,1,10,2,1,1,1,1,8,2,3,1,1,I,561,3,1,3,6,5,8,6,5,24300,1,1,0,6,5,8,6,5,24300,1,1,0,6,5,8,6,5,24300,1,1,0,2025,3,10,5890000,5210000,1,1
202601,6,,전남대,29170,14,0,0,0,1,0,8,31,04,6,2,없음,200,8,0,1,0,2,2,4,1,10,2,1,1,1,1,8,2,3,2,1,I,561,3,1,3,3,3,5,3,3,6000,1,1,0,3,3,5,3,3,6000,1,1,0,3,3,5,3,3,6000,1,1,0,2025,3,10,5890000,5210000,1,1
202601,6,,0.비상권,29170,14,0,0,0,1,0,7,32,03,5,1,없음,133,9,0,0,0,2,1,3,1,10,1,1,1,1,1,8,2,3,1,1,F,424,3,1,3,5,4,7,5,5,12400,1,1,0,5,4,7,5,5,12400,1,1,0,5,4,7,5,5,12400,1,1,0,2025,3,10,1320000,3050000,1,3
202601,6,,용봉동,29170,14,0,0,0,1,0,6,32,04,5,1,없음,124,5,0,1,0,3,2,4,1,10,2,1,1,1,1,8,3,3,1,1,G,474,3,1,3,4,5,7,4,5,16800,1,1,0,4,5,7,4,5,16800,1,1,0,4,5,7,4,5,16800,1,1,0,2024,3,9,2090000,4630000,1,2
202601,6,,용봉동,29170,14,0,0,0,1,0,6,32,04,5,1,없음,124,5,0,1,0,3,2,4,1,10,2,1,1,1,1,8,3,3,1,1,G,467,2,1,2,4,3,7,3,3,11500,1,1,0,4,3,7,3,3,11500,1,1,0,4,3,7,3,3,11500,1,1,0,2025,3,10,2090000,4630000,1,2
202601,6,,용봉동,29170,14,0,0,0,1,0,6,32,04,5,1,없음,124,5,0,1,0,3,2,4,1,10,2,1,1,1,1,8,3,3,1,1,S,953,2,1,2,3,3,7,3,4,16300,1,1,0,3,3,7,3,4,16300,1,1,0,3,3,7,3,4,16300,1,1,0,2024,3,8,2090000,4630000,1,2
202601,6,,용봉동,29170,14,0,0,0,1,0,6,32,04,5,1,없음,124,5,0,1,0,3,2,4,1,10,2,1,1,1,1,8,3,3,1,6,0,999,2,1,2,1,1,1,4,4,12200,1,1,1,1,1,1,4,4,12200,1,1,1,1,1,1,4,4,12200,1,1,1,0,1,1,2090000,4630000,1,2
202601,6,,용봉동,29170,14,0,0,0,1,0,4,31,04,4,1,없음,120,5,0,0,0,3,2,4,1,9,2,1,1,1,1,8,3,3,1,1,I,561,4,1,4,5,5,7,4,5,12600,1,1,0,5,5,7,4,5,12600,1,1,0,5,5,7,4,5,12600,1,1,0,2021,5,10,2080000,5450000,1,3
202601,6,,용봉동,29170,14,0,0,0,1,0,5,32,04,5,1,없음,130,7,0,0,0,2,1,3,1,10,1,1,1,1,1,8,2,3,1,1,I,561,3,1,3,3,4,7,3,5,11400,1,1,0,3,4,7,3,5,11400,1,1,0,3,4,7,3,5,11400,1,1,0,2024,5,9,1960000,4680000,1,2
202601,6,,용봉동,29170,14,0,0,0,1,0,8,32,04,6,1,없음,187,5,0,0,0,2,1,3,1,10,1,1,1,1,1,8,2,3,1,1,I,561,3,1,3,5,5,7,5,5,13500,1,1,0,5,5,7,5,5,13500,1,1,0,5,5,7,5,5,13500,1,1,0,2026,2,9,2030000,3910000,1,2
202601,6,,용봉동,29170,14,0,0,0,1,0,4,31,04,5,1,없음,184,5,0,1,0,3,2,4,1,10,2,1,1,1,1,8,3,3,1,1,I,561,4,1,4,6,6,5,6,6,8500,1,1,0,6,6,5,6,6,8500,1,1,0,6,6,5,6,6,8500,1,1,0,2025,3,9,2090000,4450000,1,1
202601,6,,용봉동,29170,14,0,0,0,1,0,6,39,04,6,1,없음,190,5,0,1,0,2,2,4,1,10,2,1,1,1,1,8,2,3,1,1,I,561,3,1,3,5,5,7,5,5,16800,1,1,0,5,5,7,5,5,16800,1,1,0,5,5,7,5,5,16800,1,1,0,2024,3,10,2310000,3900000,1,2
202601,6,,용봉동,29170,14,0,0,0,1,0,6,39,04,6,1,없음,190,5,0,1,0,2,2,4,1,10,2,1,1,1,1,8,2,3,1,1,I,562,2,1,2,5,4,7,5,4,20100,1,1,0,5,4,7,5,4,20100,1,1,0,5,4,7,5,4,20100,1,1,0,2025,3,7,2310000,3900000,1,2
202601,6,,용봉동,29170,14,0,0,0,1,0,6,39,04,6,1,없음,190,5,0,1,0,2,2,4,1,10,2,1,1,1,1,8,2,3,1,1,I,561,2,1,2,5,4,7,5,4,20600,1,1,0,5,4,7,5,4,20600,1,1,0,5,4,7,5,4,20600,1,1,0,2025,3,8,2310000,3900000,1,2
202601,6,,용봉동,29170,14,0,0,0,1,0,5,39,04,6,1,없음,119,4,0,0,0,2,2,4,1,10,2,1,1,1,1,8,2,3,1,1,I,561,4,1,4,4,4,5,4,5,13900,1,1,0,4,4,5,4,5,13900,1,1,0,4,4,5,4,5,13900,1,1,0,2025,3,9,2650000,4520000,1,1
202601,6,,용봉동,29170,14,0,0,0,1,0,5,31,03,6,2,없음,130,6,0,1,0,2,2,4,1,10,2,1,1,1,1,8,2,3,1,1,I,561,4,1,4,4,4,5,4,4,7200,1,1,0,4,4,5,4,4,7200,1,1,0,4,4,5,4,4,7200,1,1,0,2025,3,8,2120000,1950000,1,2
202601,6,,용봉동,29170,14,0,0,0,1,0,5,31,03,6,2,없음,130,6,0,1,0,2,2,4,1,10,2,1,1,1,1,8,2,3,2,1,I,562,4,1,4,4,3,3,4,3,2600,1,1,0,4,3,3,4,3,2600,1,1,0,4,3,3,4,3,2600,1,1,0,2025,3,10,2120000,1950000,1,2
202601,6,,용봉동,29170,14,0,120,0,1,0,4,32,04,6,1,없음,110,1,0,0,0,2,1,3,1,10,1,1,1,1,1,8,2,3,1,1,G,474,3,1,3,6,5,8,6,6,22500,1,1,0,6,5,8,6,6,22500,1,1,0,6,5,8,6,6,22500,1,1,0,2025,3,7,3160000,5290000,1,3
202601,6,,용봉동,29170,14,0,0,0,1,0,5,32,03,6,1,없음,82,7,0,0,0,2,2,4,1,10,2,1,1,1,1,8,2,3,1,1,I,562,4,1,4,5,5,7,5,5,11700,1,1,0,5,5,7,5,5,11700,1,1,0,5,5,7,5,5,11700,1,1,0,2025,2,9,2390000,4090000,1,2
202601,6,,0.비상권,29170,14,0,0,0,1,0,2,11,03,1,1,없음,106,7,0,0,0,2,2,4,1,10,1,1,1,1,1,8,2,3,1,1,D,353,3,1,3,1,3,3,3,3,4500,1,1,0,1,3,3,3,3,4500,1,1,0,1,3,3,3,3,4500,1,1,0,2025,3,10,1600000,1510000,1,1
202601,6,,0.비상권,29170,14,0,0,0,1,0,2,11,03,1,1,없음,106,7,0,0,0,2,2,4,1,10,1,1,1,1,1,8,2,3,2,2,0,999,3,1,3,1,1,1,3,3,3600,1,1,0,1,1,1,3,3,3600,1,1,0,1,1,1,3,3,3600,1,1,0,0,1,1,1600000,1510000,1,1
202601,6,,0.비상권,29170,14,0,0,0,1,0,8,21,03,6,1,없음,100,6,0,1,0,2,1,3,1,10,1,1,1,1,1,13,2,3,1,1,S,969,1,1,1,3,3,7,3,3,12400,1,1,0,3,3,7,3,3,12400,1,1,0,3,3,7,3,3,12400,1,1,0,2025,3,9,1920000,3540000,1,1
202601,6,,0.비상권,29170,14,0,0,0,1,0,8,21,03,6,1,없음,100,6,0,1,0,2,1,3,1,10,1,1,1,1,1,13,2,3,1,1,I,561,2,1,2,5,4,7,5,4,12300,1,1,0,5,4,7,5,4,12300,1,1,0,5,4,7,5,4,12300,1,1,0,2025,3,10,1920000,3540000,1,1
202601,6,,0.비상권,29170,15,0,0,0,1,0,6,31,04,6,1,없음,380,6,0,0,0,2,2,4,1,10,2,1,1,1,1,8,2,3,1,1,I,562,4,1,4,5,5,7,5,5,12700,1,1,0,5,5,7,5,5,12700,1,1,0,5,5,7,5,5,12700,1,1,0,2026,3,10,2180000,3780000,1,1
202601,6,,0.비상권,29170,13,0,0,0,1,0,3,11,03,6,1,없음,200,6,0,0,0,2,2,4,1,10,2,1,1,1,1,8,2,3,1,1,I,561,4,1,4,6,5,7,6,6,13600,1,1,0,6,5,7,6,6,13600,1,1,0,6,5,7,6,6,13600,1,1,0,2025,3,10,1920000,3320000,1,1
202601,6,,0.비상권,29170,14,0,120,0,1,0,2,11,03,1,1,없음,70,3,0,0,0,1,1,3,1,10,1,1,1,1,1,8,1,3,1,1,G,478,2,1,2,3,3,7,3,3,9700,1,1,0,3,3,7,3,3,9700,1,1,0,3,3,7,3,3,9700,1,1,0,2024,3,9,2060000,1280000,1,1
202601,6,,0.비상권,29170,14,0,120,0,1,0,2,11,03,1,1,없음,70,3,0,0,0,1,1,3,1,10,1,1,1,1,1,8,1,3,2,1,G,478,2,1,2,3,3,6,3,3,8100,1,1,0,3,3,6,3,3,8100,1,1,0,3,3,6,3,3,8100,1,1,0,2024,3,9,2060000,1280000,1,1
202601,6,,0.비상권,29170,13,0,0,0,1,0,3,32,03,1,1,없음,460,6,0,0,0,2,1,2,1,10,1,1,1,1,1,8,2,3,1,1,I,562,2,1,2,4,4,7,4,4,10700,1,1,0,4,4,7,4,4,10700,1,1,0,4,4,7,4,4,10700,1,1,0,2026,3,10,1850000,3140000,1,1
202601,6,,0.비상권,29170,14,0,0,0,1,0,3,32,03,6,1,없음,10,4,0,0,0,2,2,4,1,10,2,1,1,1,1,8,2,3,1,1,N,763,4,1,4,1,3,2,5,5,9200,1,1,0,1,3,2,5,5,9200,1,1,0,1,3,2,5,5,9200,1,1,0,2026,3,10,2000000,3540000,1,1
202601,6,,0.비상권,29170,14,0,0,0,1,0,3,32,03,6,1,없음,100,4,0,0,0,2,2,4,1,10,2,1,1,1,1,8,2,3,1,1,I,561,4,1,4,6,4,6,6,4,9200,1,1,0,6,4,6,6,4,9200,1,1,0,6,4,6,6,4,9200,1,1,0,2025,3,10,1620000,2840000,1,1
202601,6,,0.비상권,29170,14,0,0,0,1,0,3,32,03,6,1,없음,180,4,0,0,0,2,2,4,1,10,2,1,1,1,1,8,2,3,1,1,N,761,4,1,4,6,4,6,6,4,9100,1,1,0,6,4,6,6,4,9100,1,1,0,6,4,6,6,4,9100,1,1,0,2025,3,10,1530000,2980000,1,1
202601,6,,0.비상권,29170,13,0,0,0,1,0,8,32,03,6,1,없음,200,7,1,0,0,3,2,4,1,10,2,1,1,1,1,8,3,3,1,1,I,561,4,1,4,6,6,7,6,6,12800,1,1,0,6,6,7,6,6,12800,1,1,0,6,6,7,6,6,12800,1,1,0,2025,2,10,2100000,3500000,1,1
202601,6,,양산지구,29170,13,14,0,0,1,0,2,11,04,1,1,없음,100,6,0,0,0,2,2,4,1,9,1,1,1,1,1,8,2,3,1,1,I,561,3,1,3,4,3,4,4,3,5600,1,1,0,4,3,4,4,3,5600,1,1,0,4,3,4,4,3,5600,1,1,0,2024,3,8,1820000,1660000,1,1
202601,6,,양산지구,29170,13,14,0,0,1,0,2,11,04,1,1,없음,100,6,0,0,0,2,2,4,1,9,1,1,1,1,1,8,2,3,2,6,0,999,3,1,3,1,1,1,4,3,4500,1,1,1,1,1,1,4,3,4500,1,1,1,1,1,1,4,3,4500,1,1,1,0,1,1,1820000,1660000,1,1
202601,6,,양산지구,29170,15,0,0,0,1,0,7,31,04,5,1,없음,100,5,1,0,0,3,2,4,1,10,2,1,1,1,1,8,3,3,1,1,G,471,4,1,4,6,5,7,6,5,16300,1,1,0,6,5,7,6,5,16300,1,1,0,6,5,7,6,5,16300,1,1,0,2026,3,8,2220000,4490000,1,1
202601,6,,양산지구,29170,15,0,0,0,1,0,7,31,04,5,1,없음,100,5,1,0,0,3,2,4,1,10,2,1,1,1,1,8,3,3,1,1,I,561,4,1,4,6,5,7,6,5,15100,1,1,0,6,5,7,6,5,15100,1,1,0,6,5,7,6,5,15100,1,1,0,2024,3,10,2220000,4490000,1,1
202601,6,,양산지구,29170,14,0,120,0,1,0,4,32,03,3,1,없음,200,1,0,0,0,3,2,4,1,10,2,1,1,1,1,8,3,3,1,6,0,999,2,1,2,1,1,1,5,3,14400,1,1,1,1,1,1,5,3,14400,1,1,1,1,1,1,5,3,14400,1,1,1,0,1,1,2130000,7720000,1,1
202601,6,,양산지구,29170,14,0,120,0,1,0,4,32,03,3,1,없음,200,1,0,0,0,3,2,4,1,10,2,1,1,1,1,8,3,3,1,1,I,562,2,1,2,5,3,7,5,3,14600,1,1,0,5,3,7,5,3,14600,1,1,0,5,3,7,5,3,14600,1,1,0,2026,3,9,2130000,7720000,1,1
202601,6,,양산지구,29170,14,0,120,0,1,0,4,32,03,3,1,없음,200,1,0,0,0,3,2,4,1,10,2,1,1,1,1,8,3,3,1,1,I,561,3,1,3,5,4,7,6,4,14900,1,1,0,5,4,7,6,4,14900,1,1,0,5,4,7,6,4,14900,1,1,0,2024,3,8,2130000,7720000,1,1
202601,6,,양산지구,29170,14,0,0,0,1,0,7,31,04,6,1,없음,50,5,0,1,0,3,2,4,1,10,2,1,1,1,1,8,3,3,1,1,Q,862,3,1,3,5,5,7,6,5,16800,1,1,0,5,5,7,6,5,16800,1,1,0,5,5,7,6,5,16800,1,1,0,2025,3,10,2810000,4810000,1,2
202601,6,,양산지구,29170,14,0,0,0,1,0,7,31,04,6,1,없음,50,5,0,1,0,3,2,4,1,10,2,1,1,1,1,8,3,3,1,1,I,561,3,1,3,5,5,7,6,5,16600,1,1,0,5,5,7,6,5,16600,1,1,0,5,5,7,6,5,16600,1,1,0,2025,3,10,2810000,4810000,1,2
202601,6,,양산지구,29170,14,0,0,0,1,0,7,31,04,6,1,없음,50,5,0,1,0,3,2,4,1,10,2,1,1,1,1,8,3,3,1,1,I,561,3,1,3,6,5,7,6,5,16800,1,1,0,6,5,7,6,5,16800,1,1,0,6,5,7,6,5,16800,1,1,0,2024,3,8,2810000,4810000,1,2
202601,6,,양산지구,29170,14,0,0,0,1,0,6,39,04,6,1,없음,50,5,0,1,0,3,2,4,1,10,2,1,1,1,1,8,3,3,1,1,I,562,4,1,4,5,5,7,5,5,13500,1,1,0,5,5,7,5,5,13500,1,1,0,5,5,7,5,5,13500,1,1,0,2025,3,10,2700000,4510000,1,3
202601,6,,양산지구,29170,14,0,0,0,1,0,6,39,04,6,1,없음,50,5,0,1,0,3,2,4,1,10,2,1,1,1,1,8,3,3,1,1,I,561,4,1,4,6,6,8,6,6,21000,1,1,0,6,6,8,6,6,21000,1,1,0,6,6,8,6,6,21000,1,1,0,2024,3,8,2700000,4510000,1,3
202601,6,,양산지구,29170,14,0,0,0,1,0,7,32,03,6,1,없음,164,6,0,1,0,2,2,4,1,10,2,1,1,1,1,8,2,3,1,1,I,561,4,1,4,5,4,7,5,5,12300,1,1,0,5,4,7,5,5,12300,1,1,0,5,4,7,5,5,12300,1,1,0,2025,3,10,1820000,3030000,1,3
202601,6,,양산지구,29170,14,0,0,0,1,0,7,32,03,6,1,없음,164,6,0,1,0,2,2,4,1,10,2,1,1,1,1,8,2,3,1,1,S,961,2,1,2,4,4,7,4,4,11100,1,1,0,4,4,7,4,4,11100,1,1,0,4,4,7,4,4,11100,1,1,0,2025,3,8,1820000,3030000,1,3
202601,6,,양산지구,29170,14,0,0,0,1,0,7,31,04,6,1,없음,93,6,0,1,0,2,2,4,1,10,2,1,1,1,1,8,2,3,1,1,I,561,3,1,3,5,5,7,5,5,14500,1,1,0,5,5,7,5,5,14500,1,1,0,5,5,7,5,5,14500,1,1,0,2025,3,9,1790000,3000000,1,3
202601,6,,양산지구,29170,14,0,0,0,1,0,7,31,04,6,1,없음,93,6,0,1,0,2,2,4,1,10,2,1,1,1,1,8,2,3,1,1,R,912,3,1,3,5,5,7,5,5,14700,1,1,0,5,5,7,5,5,14700,1,1,0,5,5,7,5,5,14700,1,1,0,2025,3,8,1790000,3000000,1,3
202601,6,,양산지구,29170,14,0,0,0,1,0,7,32,04,6,1,없음,101,4,0,0,0,2,1,3,1,10,1,1,1,1,1,8,2,3,1,1,I,562,3,1,3,6,5,8,6,5,17800,1,1,0,6,5,8,6,5,17800,1,1,0,6,5,8,6,5,17800,1,1,0,2025,3,10,2980000,5130000,1,3
202601,6,,양산지구,29170,14,0,0,0,1,0,6,32,03,6,1,없음,100,5,0,1,0,3,2,4,1,10,2,1,1,1,1,8,3,3,1,1,S,952,4,1,4,6,5,7,6,5,13600,1,1,0,6,5,7,6,5,13600,1,1,0,6,5,7,6,5,13600,1,1,0,2024,3,7,2180000,3670000,1,1
202601,6,,양산지구,29170,14,0,0,0,1,0,6,32,03,6,1,없음,100,5,0,1,0,3,2,4,1,10,2,1,1,1,1,8,3,3,1,1,I,561,4,1,4,5,5,7,5,5,11800,1,1,0,5,5,7,5,5,11800,1,1,0,5,5,7,5,5,11800,1,1,0,2024,3,7,2180000,3670000,1,1
202601,6,,양산지구,29170,14,0,0,0,1,0,6,31,04,5,1,없음,50,4,0,1,0,3,2,4,1,10,2,1,1,1,1,8,3,3,1,1,S,952,3,1,3,5,5,7,5,5,14100,1,1,0,5,5,7,5,5,14100,1,1,0,5,5,7,5,5,14100,1,1,0,2025,3,10,1970000,4450000,1,2
202601,6,,양산지구,29170,14,0,0,0,1,0,6,31,04,5,1,없음,50,4,0,1,0,3,2,4,1,10,2,1,1,1,1,8,3,3,1,1,I,561,2,1,2,4,4,7,4,4,13200,1,1,0,4,4,7,4,4,13200,1,1,0,4,4,7,4,4,13200,1,1,0,2026,3,10,1970000,4450000,1,2
202601,6,,양산지구,29170,14,0,0,0,1,0,4,21,03,10,2,없음,100,4,0,0,0,2,2,4,1,9,1,1,1,1,1,8,2,3,1,1,G,476,1,1,1,6,2,6,5,3,10500,1,1,0,6,2,6,5,3,10500,1,1,0,6,2,6,5,3,10500,1,1,0,2024,3,7,2740000,2490000,1,1
202601,6,,양산지구,29170,14,0,0,0,1,0,4,21,03,10,2,없음,100,4,0,0,0,2,2,4,1,9,1,1,1,1,1,8,2,3,1,1,S,969,2,1,2,4,3,7,4,3,10200,1,1,0,4,3,7,4,3,10200,1,1,0,4,3,7,4,3,10200,1,1,0,2026,3,10,2740000,2490000,1,1
202601,6,,양산지구,29170,14,0,0,0,1,0,4,21,03,10,2,없음,100,4,0,0,0,2,2,4,1,9,1,1,1,1,1,8,2,3,2,2,0,999,2,1,3,1,1,1,3,3,5300,1,1,0,1,1,1,3,3,5300,1,1,0,1,1,1,3,3,5300,1,1,0,0,1,1,2740000,2490000,1,1
202601,6,,송정동지구,29200,14,0,0,0,1,0,4,33,03,6,1,382,162,6,0,1,0,3,2,4,1,10,2,1,1,1,1,8,3,3,1,1,G,472,3,1,3,4,4,7,4,4,11500,1,1,0,4,4,7,4,4,11500,1,1,0,4,4,7,4,4,11500,1,1,0,2025,3,8,2470000,4670000,1,1
202601,6,,송정동지구,29200,14,0,0,0,1,0,4,33,03,6,1,382,162,6,0,1,0,3,2,4,1,10,2,1,1,1,1,8,3,3,1,1,G,474,3,1,3,4,4,7,4,4,11300,1,1,0,4,4,7,4,4,11300,1,1,0,4,4,7,4,4,11300,1,1,0,2025,3,9,2470000,4670000,1,1
202601,6,,송정동지구,29200,14,0,0,0,1,0,4,33,03,6,1,382,162,6,0,1,0,3,2,4,1,10,2,1,1,1,1,8,3,3,1,6,0,999,3,1,3,1,1,1,4,4,11400,1,1,1,1,1,1,4,4,11400,1,1,1,1,1,1,4,4,11400,1,1,1,0,1,1,2470000,4670000,1,1
202601,6,,송정동지구,29200,14,0,0,0,1,0,4,33,03,6,1,382,162,6,0,1,0,3,2,4,1,10,2,1,1,1,1,8,3,3,1,1,G,463,3,1,3,4,4,7,4,4,11100,1,1,0,4,4,7,4,4,11100,1,1,0,4,4,7,4,4,11100,1,1,0,2026,3,10,2470000,4670000,1,1
202601,6,,송정동지구,29200,22,0,300,0,1,0,1,11,04,1,1,440,160,4,0,0,0,2,1,1,1,10,1,1,1,1,1,8,2,3,1,1,I,562,1,1,1,3,4,9,3,4,39400,1,1,0,3,4,9,3,4,39400,1,1,0,3,4,9,3,4,39400,1,1,0,2024,3,9,5250000,20980000,1,1
202601,6,,송정동지구,29200,22,0,300,0,1,0,1,11,04,1,1,440,160,4,0,0,0,2,1,1,1,10,1,1,1,1,1,8,2,3,1,1,I,561,1,1,1,3,4,9,3,4,39100,1,1,0,3,4,9,3,4,39100,1,1,0,3,4,9,3,4,39100,1,1,0,2025,3,9,5250000,20980000,1,1
202601,6,,송정동지구,29200,22,0,0,0,1,0,1,51,03,1,1,300,200,4,0,0,0,1,1,1,1,10,1,1,1,1,1,8,1,3,1,1,G,472,1,1,1,4,4,8,4,4,25900,1,1,0,4,4,8,4,4,25900,1,1,0,4,4,8,4,4,25900,1,1,0,2025,3,9,5370000,5470000,1,1
202601,6,,송정동지구,29200,22,0,300,0,1,0,1,51,03,1,1,250,170,4,0,0,0,2,1,3,1,10,1,1,1,1,1,8,2,3,1,1,S,961,2,1,2,4,4,8,5,4,26400,1,1,0,4,4,8,5,4,26400,1,1,0,4,4,8,5,4,26400,1,1,0,2024,3,8,5090000,8230000,1,1
202601,6,,송정동지구,29200,22,0,300,0,1,0,1,51,03,1,1,250,170,4,0,0,0,2,1,3,1,10,1,1,1,1,1,8,2,3,1,1,G,472,2,1,2,4,4,8,5,5,26000,1,1,0,4,4,8,5,5,26000,1,1,0,4,4,8,5,5,26000,1,1,0,2024,3,8,5090000,8230000,1,1
202601,6,,송정동지구,29200,22,0,300,0,1,0,4,51,03,1,1,288,255,4,0,0,0,1,1,2,1,10,1,1,1,1,1,8,1,3,1,1,G,474,2,1,2,4,4,8,4,4,21600,1,1,0,4,4,8,4,4,21600,1,1,0,4,4,8,4,4,21600,1,1,0,2025,3,10,6080000,9070000,1,2
202601,6,,송정동지구,29200,22,0,300,0,1,0,1,21,04,8,2,161,110,4,0,0,0,2,2,4,1,9,2,1,2,1,1,8,2,3,1,1,I,561,3,1,4,6,5,7,6,5,18600,1,1,0,6,5,7,6,5,18600,1,1,0,6,5,7,6,5,18600,1,1,0,2024,3,8,6290000,3940000,1,1
202601,6,,송정동지구,29200,22,0,300,0,1,0,1,21,04,8,2,161,110,4,0,0,0,2,2,4,1,9,2,1,2,1,1,8,2,3,2,2,P,857,3,1,4,1,1,1,6,4,9300,1,1,0,1,1,1,6,4,9300,1,1,0,1,1,1,6,4,9300,1,1,0,0,1,1,6290000,3940000,1,1
202601,6,,송정동지구,29200,22,0,300,0,1,0,1,51,03,1,1,268,205,4,0,0,0,2,1,2,1,10,1,1,1,1,1,8,2,3,1,1,S,961,1,1,1,5,4,9,5,4,37600,1,1,0,5,4,9,5,4,37600,1,1,0,5,4,9,5,4,37600,1,1,0,2025,3,9,5620000,15680000,1,1
202601,6,,송정동지구,29200,22,0,300,0,1,0,1,51,03,1,1,268,205,4,0,0,0,2,1,2,1,10,1,1,1,1,1,8,2,3,1,1,I,561,1,1,1,4,4,9,5,4,36600,1,1,0,4,4,9,5,4,36600,1,1,0,4,4,9,5,4,36600,1,1,0,2024,3,10,5620000,15680000,1,1
202601,6,,송정동지구,29200,22,0,300,0,1,0,1,12,03,7,1,305,212,4,0,0,0,2,1,3,1,10,1,1,1,1,1,8,2,3,1,1,I,561,3,1,3,5,5,7,5,5,16000,1,1,0,5,5,7,5,5,16000,1,1,0,5,5,7,5,5,16000,1,1,0,2025,3,9,5010000,8010000,1,1
202601,6,,송정동지구,29200,22,0,300,0,1,0,1,51,03,1,1,120,30,2,0,0,0,3,1,3,1,10,1,1,1,1,1,8,3,3,1,1,G,463,3,1,3,5,4,7,5,5,11900,1,1,0,5,4,7,5,5,11900,1,1,0,5,4,7,5,5,11900,1,1,0,2025,3,2,5910000,24910000,1,1
202601,6,,송정동지구,29200,22,0,300,0,1,0,8,21,04,8,1,74,39,8,0,0,0,1,1,2,1,10,1,1,1,1,1,8,1,3,1,1,I,561,2,1,2,6,4,7,6,4,16500,1,1,0,6,4,7,6,4,16500,1,1,0,6,4,7,6,4,16500,1,1,0,2026,3,9,7430000,10010000,1,2
202601,6,,송정동지구,29200,22,0,300,0,1,0,7,32,03,5,1,292,24,4,0,0,0,2,1,3,1,10,1,1,1,1,1,8,2,3,1,1,I,561,3,1,3,6,5,8,5,5,22600,1,1,0,6,5,8,5,5,22600,1,1,0,6,5,8,5,5,22600,1,1,0,2025,3,8,5550000,11870000,1,3
202601,6,,송정동지구,29200,22,0,300,0,1,0,7,32,03,5,1,292,24,4,0,0,0,2,1,3,1,10,1,1,1,1,1,8,2,3,1,1,I,561,1,1,1,3,4,8,3,4,23900,1,1,0,3,4,8,3,4,23900,1,1,0,3,4,8,3,4,23900,1,1,0,2024,3,9,5550000,11870000,1,3
202601,6,,송정동지구,29200,14,0,0,0,1,0,7,31,04,6,2,419,139,3,0,1,0,2,2,4,1,10,2,1,1,1,1,8,2,3,1,1,I,561,3,1,3,6,5,8,6,6,23600,1,1,0,6,5,8,6,6,23600,1,1,0,6,5,8,6,6,23600,1,1,0,2024,3,9,4110000,3590000,1,1
202601,6,,송정동지구,29200,14,0,0,0,1,0,7,31,04,6,2,419,139,3,0,1,0,2,2,4,1,10,2,1,1,1,1,8,2,3,2,2,F,412,2,1,2,1,1,1,4,3,11800,1,1,0,1,1,1,4,3,11800,1,1,0,1,1,1,4,3,11800,1,1,0,0,1,1,4110000,3590000,1,1
202601,6,,송정동지구,29200,14,0,0,0,1,0,7,31,04,6,2,419,139,3,0,1,0,2,2,4,1,10,2,1,1,1,1,8,2,3,2,1,L,682,2,1,2,4,3,7,4,3,14100,1,1,0,4,3,7,4,3,14100,1,1,0,4,3,7,4,3,14100,1,1,0,2025,3,9,4110000,3590000,1,1
202601,6,,송정동지구,29200,14,0,0,0,1,0,3,32,03,6,1,300,300,8,0,0,0,2,1,3,1,10,1,1,1,1,1,8,2,3,1,6,0,999,1,1,1,1,1,1,4,3,18000,1,1,1,1,1,1,4,3,18000,1,1,1,1,1,1,4,3,18000,1,1,1,0,1,1,3940000,6900000,1,3
202601,6,,송정동지구,29200,14,0,0,0,1,0,3,32,03,6,1,300,300,8,0,0,0,2,1,3,1,10,1,1,1,1,1,8,2,3,1,1,I,561,2,1,2,4,4,7,4,5,16900,1,1,0,4,4,7,4,5,16900,1,1,0,4,4,7,4,5,16900,1,1,0,2024,3,9,3940000,6900000,1,3
202601,6,,송정동지구,29200,14,0,0,0,1,0,2,21,04,6,2,150,60,8,0,0,0,2,2,4,1,10,2,1,1,1,1,8,2,3,1,1,I,562,3,1,3,4,4,7,4,4,14400,1,1,0,4,4,7,4,4,14400,1,1,0,4,4,7,4,4,14400,1,1,0,2024,3,10,4360000,3740000,1,2
202601,6,,송정동지구,29200,14,0,0,0,1,0,2,21,04,6,2,150,60,8,0,0,0,2,2,4,1,10,2,1,1,1,1,8,2,3,2,1,I,562,3,1,3,3,3,4,3,3,5700,1,1,0,3,3,4,3,3,5700,1,1,0,3,3,4,3,3,5700,1,1,0,2024,3,10,4360000,3740000,1,2
202601,6,,송정동지구,29200,22,0,0,0,1,0,1,11,03,6,2,150,60,8,0,0,0,1,1,3,1,10,1,1,1,1,1,8,1,3,1,1,I,561,2,1,2,3,4,7,4,4,17800,1,1,0,3,4,7,4,4,17800,1,1,0,3,4,7,4,4,17800,1,1,0,2024,3,9,4960000,4900000,1,1
202601,6,,송정동지구,29200,22,0,0,0,1,0,1,11,03,6,2,150,60,8,0,0,0,1,1,3,1,10,1,1,1,1,1,8,1,3,2,2,0,999,2,1,2,1,1,1,3,3,6600,1,1,0,1,1,1,3,3,6600,1,1,0,1,1,1,3,3,6600,1,1,0,0,1,1,4960000,4900000,1,1
202601,6,,송정동지구,29200,22,0,0,0,1,0,1,11,04,6,2,300,300,8,0,0,0,1,1,2,1,9,1,1,1,1,1,8,1,3,1,1,I,561,1,1,1,4,3,8,4,3,23700,1,1,0,4,3,8,4,3,23700,1,1,0,4,3,8,4,3,23700,1,1,0,2024,3,9,4940000,4360000,1,2
202601,6,,송정동지구,29200,22,0,0,0,1,0,1,11,04,6,2,300,300,8,0,0,0,1,1,2,1,9,1,1,1,1,1,8,1,3,2,1,I,561,1,1,1,3,2,5,3,3,8500,1,1,0,3,2,5,3,3,8500,1,1,0,3,2,5,3,3,8500,1,1,0,2024,3,9,4940000,4360000,1,2
202601,6,,송정동지구,29200,14,0,0,0,1,0,1,11,03,1,1,106,180,8,0,0,0,2,1,2,1,10,1,1,1,1,1,8,2,3,1,6,0,999,1,1,1,1,1,1,3,3,37400,1,1,1,1,1,1,3,3,37400,1,1,1,1,1,1,3,3,37400,1,1,1,0,1,1,4690000,17970000,1,3
202601,6,,송정동지구,29200,14,0,0,0,1,0,1,11,03,1,1,106,180,8,0,0,0,2,1,2,1,10,1,1,1,1,1,8,2,3,1,1,I,561,1,1,1,3,3,9,5,3,44900,1,1,0,3,3,9,5,3,44900,1,1,0,3,3,9,5,3,44900,1,1,0,2025,3,10,4690000,17970000,1,3
202601,6,,송정동지구,29200,14,0,0,0,1,0,1,11,03,1,1,106,180,8,0,0,0,2,1,2,1,10,1,1,1,1,1,8,2,3,2,6,0,999,1,1,1,1,1,1,3,3,8300,1,1,1,1,1,1,3,3,8300,1,1,1,1,1,1,3,3,8300,1,1,1,0,1,1,4690000,17970000,1,3
202601,6,,송정동지구,29200,22,0,300,0,1,0,1,51,03,1,1,150,60,8,0,0,0,1,1,2,1,10,1,1,1,1,1,8,1,3,1,1,G,463,2,1,2,4,3,6,5,3,10700,1,1,0,4,3,6,5,3,10700,1,1,0,4,3,6,5,3,10700,1,1,0,2024,3,5,6030000,4150000,1,2
202601,6,,송정동지구,29200,22,0,300,0,1,0,5,11,03,7,1,100,60,8,0,0,0,2,2,4,1,10,2,1,1,1,1,8,2,3,1,1,G,472,1,1,1,3,4,8,3,4,24000,1,1,0,3,4,8,3,4,24000,1,1,0,3,4,8,3,4,24000,1,1,0,2026,3,10,6430000,5050000,1,2
202601,6,,송정동지구,29200,22,0,300,0,1,0,5,11,03,7,1,100,60,8,0,0,0,2,2,4,1,10,2,1,1,1,1,8,2,3,1,1,I,561,2,1,2,4,4,7,5,4,22200,1,1,0,4,4,7,5,4,22200,1,1,0,4,4,7,5,4,22200,1,1,0,2024,3,9,6430000,5050000,1,2
202601,6,,송정동지구,29200,22,0,300,0,1,0,5,11,03,7,1,100,60,8,0,0,0,2,2,4,1,10,2,1,1,1,1,8,2,3,1,1,I,561,1,1,1,4,3,7,4,3,22400,1,1,0,4,3,7,4,3,22400,1,1,0,4,3,7,4,3,22400,1,1,0,2025,3,9,6430000,5050000,1,2
202601,6,,송정동지구,29200,22,0,300,0,1,0,5,11,03,7,1,100,60,8,0,0,0,2,2,4,1,10,2,1,1,1,1,8,2,3,2,1,0,999,3,1,3,4,3,4,4,3,5800,1,1,0,4,3,4,4,3,5800,1,1,0,4,3,4,4,3,5800,1,1,0,2024,3,9,6430000,5050000,1,2
202601,6,,송정동지구,29200,22,0,300,0,1,0,1,51,03,1,1,150,60,8,0,0,0,1,1,3,1,10,1,1,1,1,1,8,1,3,1,3,S,969,1,1,1,1,1,1,3,3,12900,1,1,0,1,1,1,3,3,12900,1,1,0,1,1,1,3,3,12900,1,1,0,2024,3,9,6090000,5250000,1,2
202601,6,,송정동지구,29200,22,0,300,0,1,0,1,51,03,1,1,150,60,8,0,0,0,1,1,3,1,10,1,1,1,1,1,8,1,3,1,2,G,472,1,1,1,1,1,1,3,3,18100,1,1,0,1,1,1,3,3,18100,1,1,0,1,1,1,3,3,18100,1,1,0,0,1,1,6090000,5250000,1,2
202601,6,,송정동지구,29200,22,0,300,0,1,0,1,51,03,1,1,150,60,8,0,0,0,1,1,3,1,10,1,1,1,1,1,8,1,3,1,1,G,463,1,1,1,3,3,7,3,3,18600,1,1,0,3,3,7,3,3,18600,1,1,0,3,3,7,3,3,18600,1,1,0,2024,3,9,6090000,5250000,1,2
202601,6,,송정동지구,29200,22,0,300,0,1,0,1,51,03,1,1,150,60,8,0,0,0,1,1,3,1,10,1,1,1,1,1,8,1,3,1,1,G,463,1,1,1,3,3,7,3,3,12700,1,1,0,3,3,7,3,3,12700,1,1,0,3,3,7,3,3,12700,1,1,0,2024,3,9,6090000,5250000,1,2
202601,6,,송정동지구,29200,22,0,300,0,1,0,1,12,03,1,1,150,60,8,0,0,0,1,1,1,1,10,1,1,1,1,1,8,1,3,1,1,I,561,1,1,1,6,3,8,6,3,24500,1,1,0,6,3,8,6,3,24500,1,1,0,6,3,8,6,3,24500,1,1,0,2025,3,10,5930000,8470000,1,3
202601,6,,송정동지구,29200,22,0,300,0,1,0,1,21,03,6,1,80,80,8,0,0,0,2,2,4,1,10,2,1,1,1,1,8,2,3,1,1,I,561,4,1,4,6,6,8,7,6,21300,1,1,0,6,6,8,7,6,21300,1,1,0,6,6,8,7,6,21300,1,1,0,2024,3,10,5740000,11060000,1,2
202601,6,,송정동지구,29200,22,0,300,0,1,0,7,32,04,7,1,70,5,8,0,0,0,1,1,1,1,10,1,1,1,1,1,8,1,3,1,1,I,561,1,1,1,4,4,9,4,4,41100,1,1,0,4,4,9,4,4,41100,1,1,0,4,4,9,4,4,41100,1,1,0,2024,3,9,6400000,9610000,1,3
202601,6,,송정동지구,29200,22,0,300,0,1,0,6,32,04,8,1,5,50,1,0,0,0,2,1,3,1,10,1,1,1,1,1,8,2,3,1,1,I,561,3,1,3,5,5,8,5,5,23200,1,1,0,5,5,8,5,5,23200,1,1,0,5,5,8,5,5,23200,1,1,0,2024,3,10,9270000,12140000,1,3
202601,6,,첨단1지구,29200,21,0,300,0,1,0,6,11,03,4,1,없음,210,4,0,1,0,3,2,4,1,9,2,1,1,1,1,8,3,3,1,1,S,969,4,1,4,6,5,7,6,5,13400,1,1,0,6,5,7,6,5,13400,1,1,0,6,5,7,6,5,13400,1,1,0,2025,3,7,2280000,6420000,1,2
202601,6,,첨단1지구,29200,21,0,300,0,1,0,5,32,04,4,1,없음,300,4,0,1,0,4,2,4,1,10,2,1,1,1,1,8,4,3,1,1,I,561,4,1,4,7,6,7,7,6,19000,1,1,0,7,6,7,7,6,19000,1,1,0,7,6,7,7,6,19000,1,1,0,2025,3,8,2540000,7160000,1,2
202601,6,,첨단1지구,29200,21,0,300,0,1,0,4,31,04,4,1,없음,102,5,0,1,0,3,2,4,1,9,2,1,1,1,1,8,3,3,1,1,R,912,2,1,2,3,4,7,3,4,14100,1,1,0,3,4,7,3,4,14100,1,1,0,3,4,7,3,4,14100,1,1,0,2025,3,9,3070000,8140000,1,2
202601,6,,첨단1지구,29200,21,0,300,0,1,0,4,31,04,4,1,없음,102,5,0,1,0,3,2,4,1,9,2,1,1,1,1,8,3,3,1,1,I,561,4,1,4,6,6,7,6,6,16300,2,1,0,6,6,7,6,6,16300,2,1,0,6,6,7,6,6,16300,2,1,0,2025,3,10,3070000,8140000,1,2
202601,6,,첨단1지구,29200,21,0,300,0,1,0,4,21,04,5,1,없음,250,4,0,1,0,3,2,4,1,10,2,1,1,1,1,8,3,3,1,1,I,561,4,1,4,6,5,7,6,5,16700,2,1,0,6,5,7,6,5,16700,2,1,0,6,5,7,6,5,16700,2,1,0,2025,3,10,3420000,7170000,1,2
202601,6,,첨단1지구,29200,21,0,300,0,1,0,4,21,04,5,1,없음,250,4,0,1,0,3,2,4,1,10,2,1,1,1,1,8,3,3,1,1,I,562,4,1,4,6,5,7,6,5,16900,2,1,0,6,5,7,6,5,16900,2,1,0,6,5,7,6,5,16900,2,1,0,2025,3,10,3420000,7170000,1,2
202601,6,,첨단1지구,29200,22,0,300,0,1,0,7,31,03,7,1,없음,450,6,0,1,0,3,2,4,1,10,2,1,1,1,1,8,3,3,1,6,0,999,3,1,3,1,1,1,6,6,31800,1,1,1,1,1,1,6,6,31800,1,1,1,1,1,1,6,6,31800,1,1,1,0,1,1,3420000,5270000,1,3
202601,6,,첨단1지구,29200,22,0,300,0,1,0,7,31,03,7,1,없음,450,6,0,1,0,3,2,4,1,10,2,1,1,1,1,8,3,3,1,1,I,562,3,1,3,5,5,8,5,6,35500,1,1,0,5,5,8,5,6,35500,1,1,0,5,5,8,5,6,35500,1,1,0,2024,3,10,3420000,5270000,1,3
202601,6,,첨단1지구,29200,22,0,300,0,1,0,7,31,03,7,1,없음,450,6,0,1,0,3,2,4,1,10,2,1,1,1,1,8,3,3,1,1,I,561,3,1,3,6,5,7,6,6,32000,1,1,0,6,5,7,6,6,32000,1,1,0,6,5,7,6,6,32000,1,1,0,2024,3,9,3420000,5270000,1,3
202601,6,,첨단1지구,29200,22,0,300,0,1,0,6,31,04,8,1,없음,230,4,1,0,0,3,2,4,1,10,2,1,1,1,1,8,3,3,1,1,L,682,2,1,2,4,5,7,4,5,21300,1,1,0,4,5,7,4,5,21300,1,1,0,4,5,7,4,5,21300,1,1,0,2025,3,7,3440000,4320000,1,3
202601,6,,첨단1지구,29200,22,0,300,0,1,0,6,31,04,8,1,없음,230,4,1,0,0,3,2,4,1,10,2,1,1,1,1,8,3,3,1,1,I,561,4,1,4,5,6,8,6,6,25000,1,1,0,5,6,8,6,6,25000,1,1,0,5,6,8,6,6,25000,1,1,0,2026,3,9,3440000,4320000,1,3
202601,6,,첨단1지구,29200,22,0,300,0,1,0,6,31,04,8,1,없음,230,4,1,0,0,3,2,4,1,10,2,1,1,1,1,8,3,3,1,1,I,561,4,1,4,6,6,8,6,6,24700,1,1,0,6,6,8,6,6,24700,1,1,0,6,6,8,6,6,24700,1,1,0,2026,3,10,3440000,4320000,1,3
202601,6,,0.비상권,29200,14,0,0,0,1,0,8,31,04,5,1,없음,280,10,0,1,0,3,2,4,1,10,2,1,1,1,1,8,3,3,1,1,I,561,4,1,4,5,5,7,5,5,11500,2,1,0,5,5,7,5,5,11500,2,1,0,5,5,7,5,5,11500,2,1,0,2025,3,10,2410000,6770000,1,1
202601,6,,0.비상권,29200,14,0,0,0,1,0,8,31,04,6,2,없음,510,7,0,1,0,2,2,4,1,9,2,1,1,1,1,8,2,3,1,1,M,713,4,1,4,4,5,6,4,5,9700,2,1,0,4,5,6,4,5,9700,2,1,0,4,5,6,4,5,9700,2,1,0,2025,3,9,2880000,2410000,1,1
202601,6,,0.비상권,29200,14,0,0,0,1,0,8,31,04,6,2,없음,510,7,0,1,0,2,2,4,1,9,2,1,1,1,1,8,2,3,2,1,N,759,4,1,4,4,4,4,4,4,5200,2,1,0,4,4,4,4,4,5200,2,1,0,4,4,4,4,4,5200,2,1,0,2025,3,9,2880000,2410000,1,1
202601,6,,0.비상권,29200,14,0,0,0,1,0,8,32,03,6,1,없음,300,6,0,1,0,2,2,4,1,10,2,1,1,1,1,8,2,3,1,1,I,561,4,1,4,6,5,7,6,5,14500,1,1,0,6,5,7,6,5,14500,1,1,0,6,5,7,6,5,14500,1,1,0,2024,3,10,2200000,3680000,1,3
202601,6,,0.비상권,29200,14,0,0,0,1,0,8,32,03,6,1,없음,300,6,0,1,0,2,2,4,1,10,2,1,1,1,1,8,2,3,1,1,H,529,2,1,2,4,4,7,5,4,15100,1,1,0,4,4,7,5,4,15100,1,1,0,4,4,7,5,4,15100,1,1,0,2025,3,10,2200000,3680000,1,3
202601,6,,0.비상권,29200,14,0,0,0,1,0,7,32,03,4,1,없음,50,5,0,0,0,2,1,3,1,10,1,1,1,1,1,8,2,3,1,1,G,478,3,1,3,5,5,7,5,5,19300,1,1,0,5,5,7,5,5,19300,1,1,0,5,5,7,5,5,19300,1,1,0,2025,3,8,1980000,5360000,1,2
202601,6,,0.비상권,29200,22,0,0,0,1,0,9,31,07,5,1,없음,175,5,1,0,0,3,2,4,1,10,2,1,1,1,1,8,3,3,1,1,R,912,4,1,4,6,6,7,6,6,16500,1,1,0,6,6,7,6,6,16500,1,1,0,6,6,7,6,6,16500,1,1,0,2025,3,10,3570000,7920000,1,2
202601,6,,0.비상권,29200,22,0,0,0,1,0,9,31,07,5,1,없음,175,5,1,0,0,3,2,4,1,10,2,1,1,1,1,8,3,3,1,6,0,999,2,1,2,1,1,1,5,4,15100,1,1,1,1,1,1,5,4,15100,1,1,1,1,1,1,5,4,15100,1,1,1,0,1,1,3570000,7920000,1,2
202601,6,,0.비상권,29200,22,0,0,0,1,0,8,31,03,6,1,없음,70,2,0,1,0,3,2,4,1,9,2,1,1,1,1,8,3,3,1,6,0,999,2,1,2,1,1,1,4,4,14200,1,1,1,1,1,1,4,4,14200,1,1,1,1,1,1,4,4,14200,1,1,1,0,1,1,3780000,6390000,1,3
202601,6,,0.비상권,29200,22,0,0,0,1,0,8,31,03,6,1,없음,70,2,0,1,0,3,2,4,1,9,2,1,1,1,1,8,3,3,1,1,R,912,2,1,2,1,1,1,4,4,14500,1,1,1,4,4,7,4,4,14500,1,1,0,4,4,7,4,4,14500,1,1,0,2026,3,10,3780000,6390000,1,3
202601,6,,0.비상권,29200,22,0,0,0,1,0,8,31,03,6,1,없음,70,2,0,1,0,3,2,4,1,9,2,1,1,1,1,8,3,3,1,1,R,912,4,1,4,1,1,1,5,5,14800,1,1,1,5,6,7,5,5,14800,1,1,0,5,6,7,5,5,14800,1,1,0,2026,3,10,3780000,6390000,1,3
202601,6,,0.비상권,29200,14,0,0,0,1,0,3,31,03,3,1,없음,200,6,0,0,0,3,2,4,1,10,2,1,1,1,1,8,3,3,1,1,G,462,4,1,4,5,4,5,5,5,7300,1,1,0,5,4,5,5,5,7300,1,1,0,5,4,5,5,5,7300,1,1,0,2025,3,7,1320000,2260000,1,1
202601,6,,0.비상권,29200,14,0,0,0,1,0,3,31,03,3,1,없음,200,6,0,0,0,3,2,4,1,10,2,1,1,1,1,8,3,3,1,1,G,462,2,1,2,3,3,4,4,3,6200,1,1,0,3,3,4,4,3,6200,1,1,0,3,3,4,4,3,6200,1,1,0,2025,3,7,1320000,2260000,1,1
202601,6,,0.비상권,29200,14,0,0,0,1,0,6,32,04,6,1,없음,400,1,0,1,0,3,2,4,1,10,2,1,1,1,1,8,3,3,1,1,G,476,4,1,4,5,5,6,5,5,9700,2,1,0,5,5,6,5,5,9700,2,1,0,5,5,6,5,5,9700,2,1,0,2025,3,10,3110000,5670000,1,1
202601,6,,0.비상권,29200,13,0,0,0,1,0,3,11,03,4,1,없음,200,6,0,0,0,2,1,2,1,10,1,1,1,1,1,8,2,3,1,1,S,961,2,1,2,4,4,7,4,4,10100,1,1,0,4,4,7,4,4,10100,1,1,0,4,4,7,4,4,10100,1,1,0,2025,4,10,1560000,4500000,1,1
202601,6,,0.비상권,29200,14,0,0,0,1,0,3,11,04,6,1,없음,100,1,0,0,0,2,2,4,1,10,2,1,1,1,1,8,2,3,1,1,S,961,3,1,3,2,4,7,3,4,12800,1,1,0,2,4,7,3,4,12800,1,1,0,2,4,7,3,4,12800,1,1,0,2025,3,10,3080000,5200000,1,2
202601,6,,0.비상권,29200,14,0,0,0,1,0,3,11,04,6,1,없음,100,1,0,0,0,2,2,4,1,10,2,1,1,1,1,8,2,3,1,1,R,912,2,1,2,3,3,7,3,3,13100,1,1,0,3,3,7,3,3,13100,1,1,0,3,3,7,3,3,13100,1,1,0,2026,3,8,3080000,5200000,1,2
202601,6,,대전원도심,30110,22,0,120,200,1,0,1,31,03,1,1,125,24,2,0,0,0,2,2,4,1,10,2,2,1,1,1,8,2,3,1,1,G,472,1,1,1,3,4,8,3,4,20600,1,1,0,3,4,8,3,4,20600,1,1,0,3,4,8,3,4,20600,1,1,0,2024,3,5,6440000,4560000,1,1
202601,6,,대전원도심,30110,22,0,120,200,1,0,1,31,03,1,1,125,24,2,0,0,0,2,2,4,1,10,2,2,1,1,1,8,2,3,1,1,G,478,1,1,1,4,3,8,4,3,22700,1,1,0,4,3,8,4,3,22700,1,1,0,4,3,8,4,3,22700,1,1,0,2024,3,9,6440000,4560000,1,1
202601,6,,대전원도심,30110,22,0,120,200,1,0,1,31,03,1,1,125,24,2,0,0,0,2,2,4,1,10,2,2,1,1,1,8,2,3,1,1,G,472,1,1,1,3,4,8,3,4,20600,1,1,0,3,4,8,3,4,20600,1,1,0,3,4,8,3,4,20600,1,1,0,2024,3,5,6440000,4560000,1,1
202601,6,,대전원도심,30110,22,0,120,200,1,0,1,31,03,1,1,125,24,2,0,0,0,2,2,4,1,10,2,2,1,1,1,8,2,3,1,1,G,472,1,1,1,3,4,8,3,4,20600,1,1,0,3,4,8,3,4,20600,1,1,0,3,4,8,3,4,20600,1,1,0,2024,3,5,6440000,4560000,1,1
202601,6,,대전원도심,30110,22,0,120,200,1,0,1,31,03,1,1,125,24,2,0,0,0,2,2,4,1,10,2,2,1,1,1,8,2,3,1,1,G,472,1,1,1,3,4,8,3,4,20600,1,1,0,3,4,8,3,4,20600,1,1,0,3,4,8,3,4,20600,1,1,0,2024,3,5,6440000,4560000,1,1
202601,6,,대전원도심,30110,22,0,120,200,1,0,1,31,03,1,1,125,24,2,0,0,0,2,2,4,1,10,2,2,1,1,1,8,2,3,2,6,0,999,3,1,3,1,1,1,6,3,6600,1,1,1,1,1,1,6,3,6600,1,1,1,1,1,1,6,3,6600,1,1,1,0,1,1,6440000,4560000,1,1
202601,6,,대전원도심,30110,22,0,120,200,1,0,1,31,03,1,1,125,24,2,0,0,0,2,2,4,1,10,2,2,1,1,1,8,2,3,2,6,0,999,1,1,1,1,1,1,3,3,6600,1,1,1,1,1,1,3,3,6600,1,1,1,1,1,1,3,3,6600,1,1,1,0,1,1,6440000,4560000,1,1
202601,6,,대전원도심,30110,22,0,120,300,1,0,1,11,03,1,1,350,없음,1,0,0,0,2,2,4,1,10,1,1,1,1,1,8,2,3,1,1,G,478,3,1,3,5,4,7,5,5,15200,1,1,0,5,4,7,5,5,15200,1,1,0,5,4,7,5,5,15200,1,1,0,2024,3,7,3970000,2330000,1,1
202601,6,,대전원도심,30110,22,0,120,300,1,0,1,11,03,1,1,350,없음,1,0,0,0,2,2,4,1,10,1,1,1,1,1,8,2,3,2,6,0,999,3,1,3,1,1,1,4,3,4000,1,1,1,1,1,1,4,3,4000,1,1,1,1,1,1,4,3,4000,1,1,1,0,1,1,3970000,2330000,1,1
202601,6,,대전원도심,30110,22,0,300,0,1,1,1,21,03,1,1,380,100,4,0,0,0,1,1,2,1,10,1,1,1,1,1,8,1,3,-1,6,0,999,1,1,1,1,1,1,2,2,3900,1,1,1,1,1,1,2,2,3900,1,1,1,1,1,1,2,2,3900,1,1,1,0,1,1,3890000,6180000,1,2
202601,6,,대전원도심,30110,22,0,300,0,1,1,1,21,03,1,1,380,100,4,0,0,0,1,1,2,1,10,1,1,1,1,1,8,1,3,1,1,G,474,1,1,1,3,3,7,3,3,15600,1,1,0,3,3,7,3,3,15600,1,1,0,3,3,7,3,3,15600,1,1,0,2024,3,7,3890000,6180000,1,2
202601,6,,대전원도심,30110,22,0,300,0,1,1,1,21,03,1,1,380,100,4,0,0,0,1,1,2,1,10,1,1,1,1,1,8,1,3,2,1,G,474,1,1,1,4,2,4,4,2,5900,1,1,0,4,2,4,4,2,5900,1,1,0,4,2,4,4,2,5900,1,1,0,2024,3,7,3890000,6180000,1,2
202601,6,,대전원도심,30110,22,0,300,0,1,0,3,51,04,1,1,500,없음,8,0,0,0,1,1,2,1,9,1,1,1,1,1,8,1,3,1,1,G,478,1,1,1,3,3,7,3,3,10400,1,1,0,3,3,7,3,3,10400,1,1,0,3,3,7,3,3,10400,1,1,0,2025,3,10,2200000,1550000,1,1
202601,6,,대전원도심,30110,22,0,300,0,1,0,3,51,04,1,1,500,없음,8,0,0,0,1,1,2,1,9,1,1,1,1,1,8,1,3,2,1,G,478,1,1,1,2,3,4,2,3,5300,1,1,0,2,3,4,2,3,5300,1,1,0,2,3,4,2,3,5500,1,1,0,2025,3,10,2200000,1550000,1,1
202601,6,,0.비상권,30110,14,0,0,0,1,0,2,11,03,1,1,없음,50,5,0,0,0,2,2,4,1,10,2,1,1,1,1,8,2,3,1,1,C,106,2,1,2,6,4,8,6,4,25400,1,1,0,6,4,8,6,4,25400,1,1,0,6,4,8,6,4,25400,1,1,0,2025,3,10,2760000,4990000,1,2
202601,6,,0.비상권,30110,14,0,0,0,1,0,2,11,03,1,1,없음,50,5,0,0,0,2,2,4,1,10,2,1,1,1,1,8,2,3,1,1,S,969,2,1,2,6,4,7,6,4,23500,1,1,0,6,4,7,6,4,23500,1,1,0,6,4,7,6,4,23500,1,1,0,2024,3,10,2760000,4990000,1,2
202601,6,,0.비상권,30110,14,0,0,0,1,0,2,11,03,1,1,없음,50,5,0,0,0,2,2,4,1,10,2,1,1,1,1,8,2,3,1,1,C,106,2,1,2,6,4,8,6,4,25300,1,1,0,6,4,8,6,4,25300,1,1,0,6,4,8,6,4,25300,1,1,0,2024,3,10,2760000,4990000,1,2
202601,6,,0.비상권,30110,14,0,0,0,1,0,8,32,04,5,1,없음,337,5,0,1,0,3,2,4,1,10,2,1,1,1,1,8,3,3,1,1,I,561,4,1,4,3,4,4,5,5,10000,1,1,0,3,4,4,5,5,10000,1,1,0,3,4,4,5,5,10000,1,1,0,2025,2,9,2610000,5250000,1,1
202601,6,,0.비상권,30110,14,0,0,0,1,0,8,32,04,5,1,없음,337,5,0,1,0,3,2,4,1,10,2,1,1,1,1,8,3,3,2,1,I,561,1,1,1,2,2,3,2,3,4000,1,1,0,2,2,3,2,3,4000,1,1,0,2,2,3,2,3,4000,1,1,0,2025,2,9,2610000,5250000,1,1
202601,6,,0.비상권,30110,14,0,0,0,1,0,7,31,04,6,1,없음,590,5,0,1,0,3,2,4,1,10,2,1,2,1,1,8,3,3,1,1,I,561,4,1,4,1,4,4,6,6,11000,1,1,0,1,4,4,6,6,11000,1,1,0,1,4,4,6,6,11000,1,1,0,2025,3,9,2610000,2730000,1,1
202601,6,,0.비상권,30110,14,0,0,0,1,0,7,31,04,6,1,없음,590,5,0,1,0,3,2,4,1,10,2,1,2,1,1,8,3,3,2,2,I,561,4,1,4,1,1,1,4,4,8400,1,1,0,1,1,1,4,4,8400,1,1,0,1,1,1,4,4,8400,1,1,0,0,1,1,2610000,2730000,1,1
202601,6,,0.비상권,30110,15,0,0,0,1,0,1,11,04,1,1,없음,50,6,0,0,0,2,1,3,1,10,1,1,1,1,1,8,2,3,1,1,I,561,3,1,3,3,3,5,6,4,10000,1,1,0,3,3,5,6,4,10000,1,1,0,3,3,5,6,4,10000,1,1,0,2024,4,10,1980000,4590000,1,1
202601,6,,0.비상권,30110,14,0,120,0,1,0,1,11,04,1,1,없음,56,2,0,0,0,2,2,4,1,10,2,1,1,1,1,8,2,3,1,1,L,682,2,1,2,3,4,7,4,4,17600,1,1,0,3,4,7,4,4,17600,1,1,0,3,4,7,4,4,17600,1,1,0,2024,3,9,3000000,2390000,1,1
202601,6,,0.비상권,30110,14,0,120,0,1,0,1,11,04,1,1,없음,56,2,0,0,0,2,2,4,1,10,2,1,1,1,1,8,2,3,1,1,I,561,2,1,2,4,5,7,6,4,17600,1,1,0,4,5,7,6,4,17600,1,1,0,4,5,7,6,4,17600,1,1,0,2024,3,10,3000000,2390000,1,1
202601,6,,0.비상권,30110,14,0,120,0,1,0,1,11,04,1,1,없음,56,2,0,0,0,2,2,4,1,10,2,1,1,1,1,8,2,3,2,6,0,999,2,1,2,1,1,1,3,3,6300,1,1,1,1,1,1,3,3,6300,1,1,1,1,1,1,3,3,6300,1,1,1,0,1,1,3000000,2390000,1,1
202601,6,,0.비상권,30110,14,0,0,0,1,0,3,32,03,6,1,없음,300,7,0,0,0,2,1,3,1,10,1,1,1,1,1,8,2,3,1,6,0,999,2,1,2,1,1,1,5,3,16000,1,1,1,1,1,1,5,3,16000,1,1,1,1,1,1,5,3,16000,1,1,1,0,1,1,2220000,3890000,1,1
202601,6,,0.비상권,30110,14,0,0,0,1,0,3,32,03,6,1,없음,300,7,0,0,0,2,1,3,1,10,1,1,1,1,1,8,2,3,1,1,I,561,2,1,2,5,3,7,5,3,16000,1,1,0,5,3,7,5,3,16000,1,1,0,5,3,7,5,3,16000,1,1,0,2024,3,9,2220000,3890000,1,1
202601,6,,0.비상권,30110,14,0,0,0,1,0,6,32,03,5,1,없음,234,6,0,0,0,2,1,2,1,10,1,1,1,1,1,8,2,3,1,1,S,969,2,1,2,3,4,6,3,4,10100,1,1,0,3,4,6,3,4,10100,1,1,0,3,4,6,3,4,10100,1,1,0,2025,3,10,1980000,4810000,1,1
202601,6,,0.비상권,30110,14,0,120,0,1,0,1,11,03,1,1,없음,2,1,0,0,0,2,2,4,1,9,1,1,1,1,1,8,2,3,1,1,I,561,2,1,2,4,4,7,4,4,14400,1,1,0,4,4,7,4,4,14400,1,1,0,4,4,7,4,4,14400,1,1,0,2024,3,8,2800000,2470000,1,1
202601,6,,0.비상권,30110,14,0,120,0,1,0,1,11,03,1,1,없음,2,1,0,0,0,2,2,4,1,9,1,1,1,1,1,8,2,3,1,1,S,969,1,1,2,3,3,6,3,3,13900,1,1,0,3,3,6,3,3,13900,1,1,0,3,3,6,3,3,13900,1,1,0,2024,3,9,2800000,2470000,1,1
202601,6,,0.비상권,30110,14,0,120,0,1,0,1,11,03,1,1,없음,2,1,0,0,0,2,2,4,1,9,1,1,1,1,1,8,2,3,2,2,0,999,3,1,3,1,1,1,3,4,7300,1,1,0,1,1,1,3,4,7300,1,1,0,1,1,1,3,4,7300,1,1,0,0,1,1,2800000,2470000,1,1
202601,6,,0.비상권,30110,13,0,0,0,1,0,1,11,03,1,1,없음,180,7,0,0,0,2,2,4,1,10,1,1,1,1,1,8,2,3,1,2,M,739,2,1,2,1,1,1,3,3,9700,1,1,0,1,1,1,3,3,9700,1,1,0,1,1,1,3,3,9700,1,1,0,0,1,1,1510000,1580000,1,1
202601,6,,0.비상권,30110,13,0,0,0,1,0,1,11,03,1,1,없음,180,7,0,0,0,2,2,4,1,10,1,1,1,1,1,8,2,3,1,1,S,961,1,1,1,3,3,6,3,3,8900,1,1,0,3,3,6,3,3,8900,1,1,0,3,3,6,3,3,8900,1,1,0,2025,3,10,1510000,1580000,1,1
202601,6,,0.비상권,30110,13,0,0,0,1,0,1,11,03,1,1,없음,180,7,0,0,0,2,2,4,1,10,1,1,1,1,1,8,2,3,2,2,0,999,2,1,2,1,1,1,3,3,4200,1,1,0,1,1,1,3,3,4200,1,1,0,1,1,1,3,3,4200,1,1,0,0,1,1,1510000,1580000,1,1
202601,6,,0.비상권,30110,14,0,0,0,1,0,3,32,03,6,1,없음,346,7,0,0,0,2,2,4,1,10,2,1,1,1,1,8,2,3,1,1,I,561,3,1,3,4,3,3,5,4,10000,1,1,0,4,3,3,5,4,10000,1,1,0,4,3,3,5,4,10000,1,1,0,2025,3,8,1720000,2980000,1,1
202601,6,,0.비상권,30110,14,0,0,0,1,0,3,32,03,6,1,없음,346,7,0,0,0,2,2,4,1,10,2,1,1,1,1,8,2,3,1,1,G,474,2,1,2,4,3,7,4,3,10900,1,1,0,4,3,7,4,3,10900,1,1,0,4,3,7,4,3,10900,1,1,0,2026,3,10,1720000,2980000,1,1
202601,6,,0.비상권,30110,14,0,0,0,1,0,4,32,03,6,1,없음,353,4,0,0,0,2,2,4,1,10,2,1,1,1,1,8,2,3,1,1,D,351,4,1,4,5,4,6,5,5,10800,1,1,0,5,4,6,5,5,10800,1,1,0,5,4,6,5,5,10800,1,1,0,2025,3,10,1700000,2890000,1,1
202601,6,,0.비상권,30110,14,0,0,0,1,0,4,32,04,6,1,없음,10,2,0,0,0,2,1,3,1,10,1,1,1,1,1,8,2,3,1,1,I,561,3,1,3,5,4,7,6,4,10900,1,1,0,5,4,7,6,4,10900,1,1,0,5,4,7,6,4,10900,1,1,0,2026,3,10,2010000,3400000,1,1
202601,6,,0.비상권,30110,14,0,0,0,1,0,6,21,04,6,2,없음,194,1,0,1,0,2,2,4,1,10,2,1,1,1,1,8,2,3,1,1,S,952,3,1,3,6,1,3,4,4,10200,1,1,0,6,1,3,4,4,10200,1,1,0,6,1,3,4,4,10200,1,1,0,2024,3,8,2810000,2460000,1,1
202601,6,,0.비상권,30110,14,0,0,0,1,0,6,21,04,6,2,없음,194,1,0,1,0,2,2,4,1,10,2,1,1,1,1,8,2,3,2,1,J,582,3,1,3,4,1,2,4,3,5600,1,1,0,4,1,2,4,3,5600,1,1,0,4,1,2,4,3,5600,1,1,0,2024,3,8,2810000,2460000,1,1
202601,6,,0.비상권,30110,13,0,0,0,1,0,6,21,04,5,1,없음,525,1,0,0,0,1,1,2,1,10,1,1,1,1,1,8,1,3,1,1,L,682,1,1,1,5,3,8,5,3,19200,1,1,0,5,3,8,5,3,19200,1,1,0,5,3,8,5,3,19200,1,1,0,2025,3,10,3470000,4030000,1,1
202601,6,,0.비상권,30110,13,0,0,0,1,0,6,21,04,5,1,없음,525,1,0,0,0,1,1,2,1,10,1,1,1,1,1,8,1,3,2,1,L,682,1,1,1,4,3,6,3,3,9000,1,1,0,4,3,6,3,3,9000,1,1,0,4,3,6,3,3,9000,1,1,0,2025,3,10,3470000,4030000,1,1
202601,6,,0.비상권,30110,13,0,0,0,1,0,1,11,03,6,1,없음,35,6,0,0,0,2,2,4,1,9,2,1,1,1,1,8,2,3,1,1,G,452,1,1,1,3,3,6,3,3,11000,1,1,0,3,3,6,3,3,11000,1,1,0,3,3,6,3,3,10700,1,1,0,2025,3,10,1880000,2870000,1,1
202601,6,,0.비상권,30110,13,0,0,0,1,0,1,11,03,6,1,없음,35,6,0,0,0,2,2,4,1,9,2,1,1,1,1,8,2,3,1,1,I,561,2,1,2,4,4,7,4,3,11300,1,1,0,4,4,7,4,3,11300,1,1,0,4,4,7,4,3,11300,1,1,0,2026,3,10,1880000,2870000,1,1
202601,6,,0.비상권,30110,13,0,0,0,1,0,1,11,03,6,1,없음,35,6,0,0,0,2,2,4,1,9,2,1,1,1,1,8,2,3,1,1,M,712,1,1,1,3,3,7,4,3,12100,1,1,0,3,3,7,4,3,12100,1,1,0,3,3,7,4,3,12100,1,1,0,2025,3,10,1880000,2870000,1,1
202601,6,,0.비상권,30110,13,0,0,0,1,0,1,11,03,6,1,없음,35,6,0,0,0,2,2,4,1,9,2,1,1,1,1,8,2,3,1,6,0,999,2,1,2,1,1,1,4,3,11300,1,1,1,1,1,1,4,3,11300,1,1,1,1,1,1,4,3,11300,1,1,1,0,1,1,1880000,2870000,1,1
202601,6,,복합터미널,30110,14,0,0,0,1,0,4,21,04,6,2,없음,100,7,0,1,0,2,2,4,1,10,2,1,1,1,1,8,2,3,1,1,L,682,2,1,2,3,3,5,3,3,7600,1,1,0,3,3,5,3,3,7600,1,1,0,3,3,5,3,3,7600,1,1,0,2024,3,9,2370000,2170000,1,1
202601,6,,복합터미널,30110,14,0,0,0,1,0,4,21,04,6,2,없음,100,7,0,1,0,2,2,4,1,10,2,1,1,1,1,8,2,3,1,1,I,562,2,1,2,3,3,6,3,3,9300,1,1,0,3,3,6,3,3,9300,1,1,0,3,3,6,3,3,9300,1,1,0,2024,3,9,2370000,2170000,1,1
202601,6,,복합터미널,30110,14,0,0,0,1,0,4,21,04,6,2,없음,100,7,0,1,0,2,2,4,1,10,2,1,1,1,1,8,2,3,2,1,0,999,1,1,2,3,3,4,3,3,5600,1,1,0,3,3,4,3,3,5600,1,1,0,3,3,4,3,3,5600,1,1,0,2024,3,9,2370000,2170000,1,1
202601,6,,복합터미널,30110,14,0,0,0,1,0,4,21,04,6,2,없음,100,7,0,1,0,2,2,4,1,10,2,1,1,1,1,8,2,3,2,1,0,999,2,1,2,3,3,4,3,3,5500,1,1,0,3,3,4,3,3,5500,1,1,0,3,3,4,3,3,5500,1,1,0,2024,3,9,2370000,2170000,1,1
202601,6,,복합터미널,30110,14,0,0,0,1,0,3,32,04,5,1,없음,330,6,0,0,0,2,2,4,1,10,2,1,1,1,1,8,2,3,1,1,R,912,2,1,2,4,3,6,4,3,9000,1,1,0,4,3,6,4,3,9000,1,1,0,4,3,6,4,3,9000,1,1,0,2024,3,8,1910000,4050000,1,2
202601,6,,복합터미널,30110,14,0,0,0,1,0,3,32,04,5,1,없음,330,6,0,0,0,2,2,4,1,10,2,1,1,1,1,8,2,3,1,1,I,561,3,1,3,4,4,6,4,4,9600,1,1,0,4,4,6,4,4,9600,1,1,0,4,4,6,4,4,9600,1,1,0,2025,3,10,1910000,4050000,1,2
202601,6,,복합터미널,30110,14,0,0,0,1,0,1,11,04,6,1,없음,350,6,0,0,0,2,2,3,2,8,1,1,1,1,1,8,2,3,1,1,I,561,3,1,3,3,4,6,3,4,8300,1,1,0,3,4,6,3,4,8300,1,1,0,3,4,6,3,4,8300,1,1,0,2025,3,10,1820000,2070000,1,1
202601,6,,복합터미널,30110,14,0,0,0,1,0,1,11,04,6,1,없음,350,6,0,0,0,2,2,3,2,8,1,1,1,1,1,8,2,3,2,2,0,999,1,1,2,1,1,1,3,3,7700,1,1,0,1,1,1,3,3,7700,1,1,0,1,1,1,3,3,7700,1,1,0,0,1,1,1820000,2070000,1,1
202601,6,,복합터미널,30110,22,0,300,0,1,0,5,31,04,2,1,없음,220,5,0,0,0,3,1,3,1,10,1,1,1,1,1,8,3,3,1,6,0,999,2,1,2,1,1,1,6,4,19200,1,1,1,1,1,1,6,4,19200,1,1,1,1,1,1,6,4,19200,1,1,1,0,1,1,4100000,13850000,1,1
202601,6,,복합터미널,30110,22,0,300,0,1,0,5,31,04,2,1,없음,220,5,0,0,0,3,1,3,1,10,1,1,1,1,1,8,3,3,2,6,0,999,2,1,2,1,1,1,4,3,13700,1,1,1,1,1,1,4,3,13700,1,1,1,1,1,1,4,3,13700,1,1,1,0,1,1,4100000,13850000,1,1
202601,6,,복합터미널,30110,22,0,120,300,1,0,8,31,04,5,1,없음,40,1,0,0,0,2,2,4,1,9,2,1,1,1,1,8,2,3,1,1,I,561,2,1,3,4,3,5,5,5,17300,1,1,0,4,3,5,5,5,17300,1,1,0,4,3,5,5,5,17300,1,1,0,2024,3,10,4250000,5290000,1,1
202601,6,,복합터미널,30110,22,0,120,300,1,0,8,31,04,5,1,없음,40,1,0,0,0,2,2,4,1,9,2,1,1,1,1,8,2,3,2,1,L,682,2,1,2,4,3,6,5,4,10800,1,1,0,4,3,6,5,4,10800,1,1,0,4,3,6,5,4,10800,1,1,0,2025,3,10,4250000,5290000,1,1
202601,6,,복합터미널,30110,14,0,120,0,1,0,3,21,04,6,1,없음,10,1,0,0,0,3,2,4,2,9,2,1,1,1,1,8,3,3,1,1,I,561,4,1,4,6,5,7,6,5,10600,1,1,0,6,5,7,6,5,10600,1,1,0,6,5,7,6,5,10600,1,1,0,2026,3,8,2720000,2810000,1,1
202601,6,,복합터미널,30110,14,0,120,0,1,0,3,21,04,6,1,없음,10,1,0,0,0,3,2,4,2,9,2,1,1,1,1,8,3,3,2,1,S,949,4,1,4,5,3,3,4,3,3900,1,1,0,5,3,3,4,3,3900,1,1,0,5,3,3,4,3,3900,1,1,0,2024,3,7,2720000,2810000,1,1
202601,6,,복합터미널,30110,15,0,120,0,1,0,4,31,03,6,1,없음,30,2,0,1,0,2,2,4,1,10,1,1,1,1,1,8,2,3,1,1,G,478,2,1,2,4,3,7,4,3,12100,1,1,0,4,3,7,4,3,12100,1,1,0,4,3,7,4,3,12100,1,1,0,2024,3,7,2790000,4730000,1,1
202601,6,,복합터미널,30110,15,0,120,0,1,0,4,31,03,6,1,없음,30,2,0,1,0,2,2,4,1,10,1,1,1,1,1,8,2,3,1,2,G,478,3,1,3,1,1,1,6,4,12000,1,1,0,1,1,1,6,4,12000,1,1,0,1,1,1,6,4,12000,1,1,0,0,1,1,2790000,4730000,1,1
202601,6,,복합터미널,30110,15,0,120,0,1,0,4,31,03,6,1,없음,30,2,0,1,0,2,2,4,1,10,1,1,1,1,1,8,2,3,1,1,L,682,2,1,2,4,3,7,4,3,12100,1,1,0,4,3,7,4,3,12100,1,1,0,4,3,7,4,3,12100,1,1,0,2024,3,7,2790000,4730000,1,1
202601,6,,복합터미널,30110,14,0,0,0,1,1,2,21,03,1,1,없음,190,7,0,0,0,2,2,4,1,10,1,2,1,1,1,8,2,3,-1,6,0,999,4,1,4,1,1,1,4,3,3200,1,1,1,1,1,1,4,3,3200,1,1,1,1,1,1,4,3,3200,1,1,1,0,1,1,2330000,1290000,1,1
202601,6,,복합터미널,30110,14,0,0,0,1,1,2,21,03,1,1,없음,190,7,0,0,0,2,2,4,1,10,1,2,1,1,1,8,2,3,1,1,I,562,3,1,3,7,3,6,7,3,10000,1,1,0,7,3,6,7,3,10000,1,1,0,7,3,6,7,3,10000,1,1,0,2025,3,10,2330000,1290000,1,1
202601,6,,복합터미널,30110,14,0,0,0,1,1,2,21,03,1,1,없음,190,7,0,0,0,2,2,4,1,10,1,2,1,1,1,8,2,3,2,2,0,999,3,1,3,1,1,1,4,3,5000,1,1,0,1,1,1,4,3,5000,1,1,0,1,1,1,4,3,5000,1,1,0,0,1,1,2330000,1290000,1,1
202601,6,,0.비상권,30110,14,0,0,0,1,0,3,11,03,6,1,없음,30,1,0,0,0,2,1,3,1,10,1,1,1,1,1,8,2,3,1,1,I,561,3,1,3,6,5,7,6,5,14400,1,1,0,6,5,7,6,5,14400,1,1,0,6,5,7,6,5,14400,1,1,0,2025,3,8,2520000,4890000,1,1
202601,6,,0.비상권,30110,14,0,0,0,1,0,3,32,04,6,1,없음,80,4,0,1,0,2,2,4,1,10,2,1,1,1,1,8,2,3,1,1,I,561,4,1,4,4,3,3,4,4,5500,1,1,0,4,3,3,4,4,5500,1,1,0,4,3,3,4,4,5500,1,1,0,2025,3,7,1880000,3390000,1,1
202601,6,,대전원도심,30110,22,0,300,0,1,0,1,11,03,8,2,660,120,8,0,0,0,1,2,3,1,9,2,1,1,1,1,8,1,3,1,1,J,581,2,1,2,3,3,5,3,3,8300,1,1,0,3,3,5,3,3,8300,1,1,0,3,3,5,3,3,8300,1,1,0,2026,3,5,1710000,1200000,1,1
202601,6,,대전원도심,30110,22,0,300,0,1,0,1,11,03,8,2,660,120,8,0,0,0,1,2,3,1,9,2,1,1,1,1,8,1,3,2,1,J,581,2,1,2,3,3,4,3,3,4000,1,1,0,3,3,4,3,3,4000,1,1,0,3,3,4,3,3,4000,1,1,0,2026,3,5,1710000,1200000,1,1
202601,6,,대전원도심,30110,22,0,200,300,1,0,1,51,04,8,1,740,140,7,0,0,0,1,1,1,1,9,1,1,1,1,1,8,1,3,1,1,I,561,1,1,2,3,3,6,3,3,8000,1,1,0,3,3,6,3,3,8000,1,1,0,3,3,6,3,3,8000,1,1,0,2024,3,8,1530000,2080000,1,1
202601,6,,대전원도심,30110,22,0,300,200,1,0,6,32,04,6,1,878,238,6,0,0,0,2,2,4,1,10,2,1,1,1,1,8,2,3,1,1,C,181,4,1,4,4,3,4,6,4,7400,1,1,0,4,3,4,6,4,7400,1,1,0,4,3,4,6,4,7400,1,1,0,2025,3,9,1530000,2530000,1,1
202601,6,,대전원도심,30110,22,0,300,200,1,0,6,32,04,6,1,878,238,6,0,0,0,2,2,4,1,10,2,1,1,1,1,8,2,3,2,1,C,181,1,1,1,2,2,2,3,2,2500,1,1,0,2,2,2,3,2,2500,1,1,0,2,2,2,3,2,2500,1,1,0,2025,3,9,1530000,2530000,1,1
202601,6,,대전원도심,30110,22,0,200,300,1,0,1,12,03,1,1,663,548,5,0,0,0,2,2,4,1,10,2,1,1,1,1,8,2,3,1,1,G,475,2,1,2,3,3,6,3,3,10800,1,1,0,3,3,6,3,3,10800,1,1,0,3,3,6,3,3,10800,1,1,0,2025,3,9,2680000,3320000,1,1
202601,6,,대전원도심,30110,22,0,200,300,1,0,1,12,03,1,1,663,548,5,0,0,0,2,2,4,1,10,2,1,1,1,1,8,2,3,1,1,S,969,3,1,3,4,4,5,4,4,10800,1,1,0,4,4,5,4,4,10800,1,1,0,4,4,5,4,4,10800,1,1,0,2025,3,8,2680000,3320000,1,1
202601,6,,대전원도심,30110,22,0,200,300,1,0,1,12,03,1,1,663,548,5,0,0,0,2,2,4,1,10,2,1,1,1,1,8,2,3,1,1,C,181,2,1,2,3,3,5,3,3,10800,1,1,0,3,3,5,3,3,10800,1,1,0,3,3,5,3,3,10800,1,1,0,2025,3,7,2680000,3320000,1,1
202601,6,,대전원도심,30110,22,0,200,300,1,0,1,12,03,1,1,663,548,5,0,0,0,2,2,4,1,10,2,1,1,1,1,8,2,3,1,1,G,475,2,1,2,3,3,6,3,3,10800,1,1,0,3,3,6,3,3,10800,1,1,0,3,3,6,3,3,10800,1,1,0,2025,3,10,2680000,3320000,1,1
202601,6,,대전원도심,30110,22,0,120,300,1,0,1,51,03,1,1,104,48,1,0,0,0,1,1,3,1,10,1,1,1,1,1,8,1,3,1,1,G,464,1,1,1,5,4,9,6,4,33700,2,1,0,5,4,9,6,4,33700,2,1,0,5,4,9,6,4,34000,2,1,0,2024,3,2,7970000,9430000,1,3
202601,6,,대전원도심,30110,22,0,120,300,1,0,1,51,03,1,1,104,48,1,0,0,0,1,1,3,1,10,1,1,1,1,1,8,1,3,1,1,I,561,2,1,2,7,5,8,6,5,31900,4,1,0,7,5,8,6,5,31900,4,1,0,7,5,8,6,5,31900,4,1,0,2025,4,9,7970000,9430000,1,3
202601,6,,대전원도심,30110,22,0,300,0,1,0,1,11,03,1,1,없음,180,4,0,0,0,2,2,4,1,10,1,1,1,1,1,8,2,3,1,1,N,759,1,1,1,3,3,7,3,3,11800,1,1,0,3,3,7,3,3,11800,1,1,0,3,3,7,3,3,11800,1,1,0,2025,3,8,2380000,4620000,1,1
202601,6,,대전원도심,30110,22,0,300,0,1,0,1,11,03,1,1,없음,180,4,0,0,0,2,2,4,1,10,1,1,1,1,1,8,2,3,1,2,N,759,2,1,2,1,1,1,4,4,11600,1,1,0,1,1,1,4,4,11600,1,1,0,1,1,1,4,4,11600,1,1,0,0,1,1,2380000,4620000,1,1
202601,6,,대전원도심,30110,22,0,300,0,1,0,1,11,03,1,1,없음,180,4,0,0,0,2,2,4,1,10,1,1,1,1,1,8,2,3,2,1,N,759,1,1,1,3,3,7,3,3,10100,1,1,0,3,3,7,3,3,10100,1,1,0,3,3,7,3,3,10100,1,1,0,2024,3,9,2380000,4620000,1,1
202601,6,,대전원도심,30110,22,0,300,0,1,0,1,11,03,1,1,없음,180,4,0,0,0,2,2,4,1,10,1,1,1,1,1,8,2,3,2,1,N,759,1,1,1,3,3,7,3,3,10100,1,1,0,3,3,7,3,3,10100,1,1,0,3,3,7,3,3,10100,1,1,0,2024,3,9,2380000,4620000,1,1
202601,6,,대전원도심,30110,22,0,300,0,1,0,1,11,03,1,1,없음,180,4,0,0,0,2,2,4,1,10,1,1,1,1,1,8,2,3,2,2,N,759,1,1,1,1,1,1,3,3,10100,1,1,0,1,1,1,3,3,10100,1,1,0,1,1,1,3,3,10100,1,1,0,0,1,1,2380000,4620000,1,1
202601,6,,대전원도심,30110,22,0,300,0,1,0,1,51,04,1,1,410,250,7,0,0,0,1,1,1,1,10,1,1,1,1,1,8,1,3,1,1,I,561,1,1,1,4,3,7,4,3,13300,1,1,0,4,3,7,4,3,13300,1,1,0,4,3,7,4,3,13300,1,1,0,2025,3,7,2160000,2400000,1,3
202601,6,,대전원도심,30110,22,0,300,0,1,0,1,51,03,1,1,250,140,6,0,0,0,1,1,2,1,10,1,1,1,1,1,8,1,3,1,1,G,471,2,1,2,4,3,7,4,3,11500,1,1,0,4,3,7,4,3,11500,1,1,0,4,3,7,4,3,11500,1,1,0,2025,3,7,2110000,2680000,1,3
202601,6,,대전원도심,30110,22,0,300,0,1,0,1,21,03,1,1,278,160,5,0,0,0,1,1,2,1,10,1,1,1,1,1,8,1,3,1,1,G,463,1,1,1,3,3,7,3,3,13500,1,1,0,3,3,7,3,3,13500,1,1,0,3,3,7,3,3,13500,1,1,0,2025,3,9,3120000,1640000,1,2
202601,6,,대전원도심,30110,22,0,300,0,1,0,1,21,03,1,1,278,160,5,0,0,0,1,1,2,1,10,1,1,1,1,1,8,1,3,2,6,0,999,1,1,1,1,1,1,3,3,7200,1,1,1,1,1,1,3,3,7200,1,1,1,1,1,1,3,3,7200,1,1,1,0,1,1,3120000,1640000,1,2
202601,6,,대전원도심,30110,22,0,300,0,1,0,1,51,04,10,2,216,123,4,0,0,0,1,1,3,1,10,1,1,1,1,1,8,1,3,1,1,S,969,2,1,2,3,3,7,3,3,12900,1,1,0,3,3,7,3,3,12900,1,1,0,3,3,7,3,3,12900,1,1,0,2026,3,10,3000000,1610000,1,2
202601,6,,대전원도심,30110,22,0,300,0,1,0,1,51,04,10,2,216,123,4,0,0,0,1,1,3,1,10,1,1,1,1,1,8,1,3,2,6,0,999,2,1,2,1,1,1,3,3,3500,1,1,1,1,1,1,3,3,3500,1,1,1,1,1,1,3,3,3500,1,1,1,0,1,1,3000000,1610000,1,2
202601,6,,대전원도심,30110,22,0,300,0,1,0,1,12,03,1,1,310,180,4,0,0,0,1,1,2,1,10,1,1,1,1,1,8,1,3,1,1,J,581,2,1,2,3,4,7,3,4,13300,1,1,0,3,4,7,3,4,13300,1,1,0,3,4,7,3,4,13300,1,1,0,2024,3,7,2780000,3140000,1,3
202601,6,,대전원도심,30110,22,0,300,0,1,0,1,51,03,1,1,220,50,8,0,0,0,1,1,2,1,10,1,1,1,1,1,8,1,3,1,1,G,471,1,1,1,4,3,7,4,3,16200,1,1,0,4,3,7,4,3,16200,1,1,0,4,3,7,4,3,16200,1,1,0,2025,3,9,4020000,3230000,1,2
202601,6,,대전원도심,30110,22,0,300,0,1,0,1,51,03,1,1,220,50,8,0,0,0,1,1,2,1,10,1,1,1,1,1,8,1,3,2,1,G,471,1,1,1,3,3,6,3,3,7700,1,1,0,3,3,6,3,3,7700,1,1,0,3,3,6,3,3,7700,1,1,0,2025,3,9,4020000,3230000,1,2
202601,6,,대전원도심,30110,22,0,300,0,1,0,5,31,07,8,2,400,60,8,0,0,0,2,2,4,1,10,2,1,1,1,1,8,2,3,1,1,G,474,4,1,4,8,5,7,8,5,19200,1,1,0,8,5,7,8,5,19200,1,1,0,8,5,7,8,5,19200,1,1,0,2025,3,8,4590000,4020000,1,1
202601,6,,대전원도심,30110,22,0,300,0,1,0,5,31,07,8,2,400,60,8,0,0,0,2,2,4,1,10,2,1,1,1,1,8,2,3,2,2,0,999,2,1,2,1,1,1,5,3,7800,1,1,0,1,1,1,5,3,7800,1,1,0,1,1,1,5,3,7800,1,1,0,0,1,1,4590000,4020000,1,1
202601,6,,대전원도심,30110,22,0,300,0,1,0,1,11,03,1,1,500,190,5,0,0,0,1,1,2,1,9,1,1,1,1,1,8,1,3,1,1,R,901,1,1,1,4,3,8,4,3,21600,1,1,0,4,3,8,4,3,21600,1,1,0,4,3,8,4,3,21600,1,1,0,2025,2,10,5440000,2920000,1,2
202601,6,,대전원도심,30110,22,0,300,0,1,0,1,11,03,1,1,500,190,5,0,0,0,1,1,2,1,9,1,1,1,1,1,8,1,3,2,1,0,999,1,1,1,4,3,7,4,3,14200,1,1,0,4,3,7,4,3,14200,1,1,0,4,3,7,4,3,14200,1,1,0,2024,3,10,5440000,2920000,1,2
202601,6,,대전원도심,30110,22,0,120,300,1,0,1,51,03,4,1,70,10,1,0,0,0,2,1,2,1,10,1,1,1,1,1,8,2,3,1,1,G,471,1,1,2,5,4,8,5,4,25000,1,1,0,5,4,8,5,4,25000,1,1,0,5,4,8,5,4,25000,1,1,0,2025,3,7,6010000,15490000,1,2
202601,6,,대전원도심,30110,22,0,120,300,1,0,1,51,03,4,1,70,10,1,0,0,0,2,1,2,1,10,1,1,1,1,1,8,2,3,1,1,S,969,1,1,2,5,4,8,5,4,25000,1,1,0,5,4,8,5,4,25000,1,1,0,5,4,8,5,4,25000,1,1,0,2025,3,2,6010000,15490000,1,2
202601,6,,대전원도심,30110,22,0,300,0,1,0,1,11,04,1,1,180,100,8,0,0,0,1,2,4,1,9,2,1,1,1,1,8,1,3,1,1,I,561,3,1,3,4,3,5,5,4,9200,1,1,0,4,3,5,5,4,9200,1,1,0,4,3,5,5,4,9200,1,1,0,2024,3,7,3520000,2210000,1,2
202601,6,,대전원도심,30110,22,0,300,0,1,0,1,11,04,1,1,180,100,8,0,0,0,1,2,4,1,9,2,1,1,1,1,8,1,3,2,1,I,561,3,1,3,3,3,4,3,3,4400,1,1,0,3,3,4,3,3,4400,1,1,0,3,3,4,3,3,4400,1,1,0,2024,3,7,3520000,2210000,1,2
202601,6,,대전원도심,30110,22,0,300,0,1,0,7,21,03,8,2,195,125,6,0,0,0,1,2,4,1,9,2,1,1,1,1,8,1,3,1,1,G,472,3,1,3,4,4,7,4,4,13100,1,1,0,4,4,7,4,4,13100,1,1,0,4,4,7,4,4,13100,1,1,0,2025,3,8,5280000,3410000,1,2
202601,6,,대전원도심,30110,22,0,300,0,1,0,7,21,03,8,2,195,125,6,0,0,0,1,2,4,1,9,2,1,1,1,1,8,1,3,2,1,G,463,3,1,3,3,3,3,3,3,3200,1,1,0,3,3,3,3,3,3200,1,1,0,3,3,3,3,3,3200,1,1,0,2025,3,8,5280000,3410000,1,2
202601,6,,대전원도심,30110,22,0,300,0,1,0,3,11,03,10,1,328,288,8,0,0,0,1,1,3,1,10,1,1,1,1,1,8,1,3,1,1,I,561,2,1,2,4,4,7,4,4,13100,1,1,0,4,4,7,4,4,13100,1,1,0,4,4,7,4,4,13100,1,1,0,2025,3,10,4110000,2320000,1,2
202601,6,,대전원도심,30110,22,0,300,0,1,0,3,11,03,10,1,328,288,8,0,0,0,1,1,3,1,10,1,1,1,1,1,8,1,3,2,2,M,739,2,1,2,1,1,1,3,3,5000,1,1,0,1,1,1,3,3,5000,1,1,0,1,1,1,3,3,5000,1,1,0,0,1,1,4110000,2320000,1,2
202601,6,,대전원도심,30110,22,0,300,0,1,0,1,11,03,1,1,110,30,6,0,0,0,1,1,2,1,8,1,1,1,1,1,8,1,3,1,1,G,478,1,1,1,4,3,7,4,3,16000,1,1,0,4,3,7,4,3,16000,1,1,0,4,3,7,4,3,16000,1,1,0,2025,3,7,5340000,3060000,1,2
202601,6,,대전원도심,30110,22,0,300,0,1,0,1,11,03,1,1,110,30,6,0,0,0,1,1,2,1,8,1,1,1,1,1,8,1,3,2,1,G,478,1,1,1,3,2,4,3,2,4200,1,1,0,3,2,4,3,2,4200,1,1,0,3,2,4,3,2,4200,1,1,0,2025,3,7,5340000,3060000,1,2
202601,6,,대전원도심,30140,22,0,300,0,1,0,1,11,04,5,1,200,50,6,0,0,0,1,1,2,1,10,1,1,1,1,1,8,1,3,1,1,G,476,2,1,2,5,5,9,5,4,31500,1,1,0,5,5,9,5,4,31500,1,1,0,5,5,9,5,4,31500,1,1,0,2024,3,10,9360000,12400000,1,3
202601,6,,대전원도심,30140,22,0,300,0,1,0,1,11,04,5,1,200,50,6,0,0,0,1,1,2,1,10,1,1,1,1,1,8,1,3,2,1,G,476,1,1,1,4,3,7,4,4,19600,1,1,0,4,3,7,4,4,19600,1,1,0,4,3,7,4,4,19600,1,1,0,2024,3,10,9360000,12400000,1,3
202601,6,,대전원도심,30140,22,0,300,0,1,0,1,21,03,1,1,200,50,6,0,0,0,2,2,4,1,10,2,1,1,1,1,8,2,3,1,1,G,478,4,1,4,6,6,9,6,6,31100,1,1,0,6,6,9,6,6,31100,1,1,0,6,6,9,6,6,31100,1,1,0,2025,3,9,8250000,4180000,1,1
202601,6,,대전원도심,30140,22,0,300,0,1,0,1,21,03,1,1,200,50,6,0,0,0,2,2,4,1,10,2,1,1,1,1,8,2,3,2,1,G,478,4,1,4,4,4,5,4,4,7900,1,1,0,4,4,5,4,4,7900,1,1,0,4,4,5,4,4,7900,1,1,0,2025,3,9,8250000,4180000,1,1
202601,6,,대전원도심,30140,22,0,0,0,1,0,1,51,03,1,1,288,94,3,0,0,0,2,1,3,1,10,1,1,1,1,1,8,2,3,1,1,S,969,2,1,2,4,4,7,4,3,13500,1,1,0,4,4,7,4,3,13500,1,1,0,4,4,7,4,3,13500,1,1,0,2026,3,4,4770000,8690000,1,1
202601,6,,대전원도심,30140,22,0,0,0,1,0,1,51,03,1,1,288,94,3,0,0,0,2,1,3,1,10,1,1,1,1,1,8,2,3,1,1,G,473,2,1,2,3,3,6,4,3,13300,1,1,0,3,3,6,4,3,13300,1,1,0,3,3,6,4,3,13300,1,1,0,2025,3,9,4770000,8690000,1,1
202601,6,,대전원도심,30140,22,0,200,0,1,0,1,51,04,5,1,300,100,7,0,0,0,2,1,2,1,10,1,1,1,1,1,8,2,3,1,1,I,561,2,1,2,4,3,7,4,4,12100,1,1,0,4,3,7,4,4,12100,1,1,0,4,3,7,4,4,12100,1,1,0,2024,3,9,2630000,5940000,1,1
202601,6,,대전원도심,30140,22,0,200,0,1,0,4,21,04,8,2,200,100,6,0,0,0,2,2,4,1,10,2,1,1,1,1,8,2,3,1,1,I,562,2,1,2,4,3,7,4,3,11100,1,1,0,4,3,7,4,3,11100,1,1,0,4,3,7,4,3,11100,1,1,0,2025,3,9,3910000,3860000,1,1
202601,6,,대전원도심,30140,22,0,200,0,1,0,4,21,04,8,2,200,100,6,0,0,0,2,2,4,1,10,2,1,1,1,1,8,2,3,1,1,I,562,3,1,3,4,4,7,5,4,10700,1,1,0,4,4,7,5,4,10700,1,1,0,4,4,7,5,4,10700,1,1,0,2025,3,9,3910000,3860000,1,1
202601,6,,대전원도심,30140,22,0,200,0,1,0,4,21,04,8,2,200,100,6,0,0,0,2,2,4,1,10,2,1,1,1,1,8,2,3,2,1,G,476,2,1,3,3,3,5,3,3,5700,1,1,0,3,3,5,3,3,5700,1,1,0,3,3,5,3,3,5700,1,1,0,2025,3,9,3910000,3860000,1,1
202601,6,,대전원도심,30140,22,0,200,0,1,0,5,31,04,8,2,200,132,6,0,0,0,1,1,3,1,10,1,1,1,1,1,8,1,3,1,1,I,561,2,1,2,4,3,7,4,4,13700,1,1,0,4,3,7,4,4,13700,1,1,0,4,3,7,4,4,13700,1,1,0,2024,3,7,4250000,2660000,1,1
202601,6,,대전원도심,30140,22,0,200,0,1,0,5,31,04,8,2,200,132,6,0,0,0,1,1,3,1,10,1,1,1,1,1,8,1,3,2,1,I,561,2,1,2,3,3,4,3,3,5600,1,1,0,3,3,4,3,3,5600,1,1,0,3,3,4,3,3,5600,1,1,0,2024,3,7,4250000,2660000,1,1
202601,6,,대전원도심,30140,22,0,200,0,1,0,1,21,04,9,2,189,71,7,0,0,0,2,2,4,1,10,2,1,1,1,1,8,2,3,1,1,S,961,1,1,1,4,3,7,4,3,17000,1,1,0,4,3,7,4,3,17000,1,1,0,4,3,7,4,3,17000,1,1,0,2024,3,10,3780000,2800000,1,1
202601,6,,대전원도심,30140,22,0,200,0,1,0,1,21,04,9,2,189,71,7,0,0,0,2,2,4,1,10,2,1,1,1,1,8,2,3,1,1,I,562,3,1,3,5,5,7,5,5,14400,1,1,0,5,5,7,5,5,14400,1,1,0,5,5,7,5,5,14400,1,1,0,2025,3,10,3780000,2800000,1,1
202601,6,,대전원도심,30140,22,0,200,0,1,0,1,21,04,9,2,189,71,7,0,0,0,2,2,4,1,10,2,1,1,1,1,8,2,3,2,6,0,999,2,1,2,1,1,1,5,2,3500,1,1,1,1,1,1,5,2,3500,1,1,1,1,1,1,5,2,3500,1,1,1,0,1,1,3780000,2800000,1,1
202601,6,,대전원도심,30140,22,0,300,0,1,0,5,31,04,8,2,220,300,4,0,0,0,1,1,3,1,9,1,1,1,1,1,8,1,3,1,1,I,562,2,1,2,5,4,8,5,4,24600,1,1,0,5,4,8,5,4,24600,1,1,0,5,4,8,5,4,24600,1,1,0,2025,3,9,5000000,3380000,1,2
202601,6,,대전원도심,30140,22,0,300,0,1,0,5,31,04,8,2,220,300,4,0,0,0,1,1,3,1,9,1,1,1,1,1,8,1,3,2,1,I,562,2,1,2,4,3,7,4,3,11900,1,1,0,4,3,7,4,3,11900,1,1,0,4,3,7,4,3,11900,1,1,0,2025,3,9,5000000,3380000,1,2
202601,6,,대전원도심,30140,22,0,200,0,1,0,1,51,03,1,1,없음,300,5,0,0,0,3,2,4,1,10,2,1,1,1,1,8,3,3,1,1,I,562,2,1,2,5,4,8,5,4,23000,1,1,0,5,4,8,5,4,23000,1,1,0,5,4,8,5,4,23000,1,1,0,2025,3,9,3010000,5810000,1,1
202601,6,,대전원도심,30140,22,0,200,0,1,0,1,51,03,1,1,없음,300,5,0,0,0,3,2,4,1,10,2,1,1,1,1,8,3,3,1,1,I,561,2,1,2,5,4,7,4,4,23200,1,1,0,5,4,7,4,4,23200,1,1,0,5,4,7,4,4,23200,1,1,0,2024,3,9,3010000,5810000,1,1
202601,6,,대전원도심,30140,22,0,200,0,1,0,1,51,03,1,1,없음,300,5,0,0,0,3,2,4,1,10,2,1,1,1,1,8,3,3,1,1,H,521,1,1,1,3,3,7,3,3,13800,1,1,0,3,3,7,3,3,13800,1,1,0,3,3,7,3,3,13800,1,1,0,2026,3,9,3010000,5810000,1,1
202601,6,,대전원도심,30140,22,0,200,0,1,0,1,51,03,1,1,없음,300,5,0,0,0,3,2,4,1,10,2,1,1,1,1,8,3,3,1,1,I,561,3,1,3,4,4,7,4,5,13600,1,1,0,4,4,7,4,5,13600,1,1,0,4,4,7,4,5,13600,1,1,0,2025,3,6,3010000,5810000,1,1
202601,6,,대전원도심,30140,22,0,200,0,1,0,1,51,03,1,1,없음,300,5,0,0,0,3,2,4,1,10,2,1,1,1,1,8,3,3,1,1,I,561,1,1,1,3,3,7,3,3,14200,1,1,0,3,3,7,3,3,14200,1,1,0,3,3,7,3,3,14200,1,1,0,2025,3,7,3010000,5810000,1,1
202601,6,,대전원도심,30140,22,0,200,0,1,0,1,51,03,1,1,없음,300,5,0,0,0,3,2,4,1,10,2,1,1,1,1,8,3,3,1,1,I,562,1,1,1,3,3,7,3,3,13200,1,1,0,3,3,7,3,3,13200,1,1,0,3,3,7,3,3,13200,1,1,0,2024,3,9,3010000,5810000,1,1
202601,6,,대전원도심,30140,22,0,200,0,1,0,1,51,03,1,1,없음,300,5,0,0,0,3,2,4,1,10,2,1,1,1,1,8,3,3,1,1,S,953,1,1,1,3,3,7,3,3,12200,1,1,0,3,3,7,3,3,12200,1,1,0,3,3,7,3,3,12200,1,1,0,2024,3,7,3010000,5810000,1,1
202601,6,,대전원도심,30140,22,0,200,0,1,0,1,51,03,1,1,없음,300,5,0,0,0,3,2,4,1,10,2,1,1,1,1,8,3,3,2,6,0,999,1,1,1,1,1,1,2,2,5100,1,1,1,1,1,1,2,2,5100,1,1,1,1,1,1,2,2,5100,1,1,1,0,1,1,3010000,5810000,1,1
202601,6,,대전원도심,30140,22,0,300,0,1,0,3,21,03,7,2,350,없음,5,0,0,0,2,2,4,1,10,2,1,1,1,1,8,2,3,1,1,G,478,4,1,4,6,5,8,6,6,20700,1,1,0,6,5,8,6,6,20700,1,1,0,6,5,8,6,6,20700,1,1,0,2025,3,9,6140000,6020000,1,1
202601,6,,대전원도심,30140,22,0,300,0,1,0,3,21,03,7,2,350,없음,5,0,0,0,2,2,4,1,10,2,1,1,1,1,8,2,3,2,1,L,682,2,1,3,4,4,7,4,4,10600,1,1,0,4,4,7,4,4,10600,1,1,0,4,4,7,4,4,10600,1,1,0,2025,3,9,6140000,6020000,1,1
202601,6,,대전원도심,30140,22,0,300,0,1,0,3,21,03,9,2,750,160,4,0,0,0,1,2,4,1,9,2,1,1,1,1,8,1,3,1,1,G,478,3,1,3,5,4,7,6,4,12300,1,1,0,5,4,7,6,4,12300,1,1,0,5,4,7,6,4,12300,1,1,0,2024,3,7,3140000,2010000,1,1
202601,6,,대전원도심,30140,22,0,300,0,1,0,3,21,03,9,2,750,160,4,0,0,0,1,2,4,1,9,2,1,1,1,1,8,1,3,2,1,G,478,2,1,3,5,3,5,5,3,7000,1,1,0,5,3,5,5,3,7000,1,1,0,5,3,5,5,3,7000,1,1,0,2024,3,7,3140000,2010000,1,1
202601,6,,대전원도심,30140,22,0,300,0,1,0,3,21,04,9,2,317,207,5,0,0,0,1,2,4,1,10,2,1,1,1,1,8,1,3,1,1,G,472,2,1,2,5,4,7,5,4,14700,1,1,0,5,4,7,5,4,14700,1,1,0,5,4,7,5,4,14700,1,1,0,2025,3,8,4980000,2870000,1,1
202601,6,,대전원도심,30140,22,0,300,0,1,0,3,21,04,9,2,317,207,5,0,0,0,1,2,4,1,10,2,1,1,1,1,8,1,3,2,1,G,472,2,1,2,4,3,7,4,3,10100,1,1,0,4,3,7,4,3,10100,1,1,0,4,3,7,4,3,10100,1,1,0,2025,3,8,4980000,2870000,1,1
202601,6,,대전원도심,30140,22,0,300,0,1,0,1,11,03,1,1,230,70,4,0,0,0,2,2,4,1,9,2,1,1,1,1,8,2,3,1,1,I,561,4,1,4,4,5,6,4,5,10100,1,1,0,4,5,6,4,5,10100,1,1,0,4,5,6,4,5,10100,1,1,0,2024,5,9,3200000,2870000,1,1
202601,6,,대전원도심,30140,22,0,300,0,1,0,1,11,03,1,1,230,70,4,0,0,0,2,2,4,1,9,2,1,1,1,1,8,2,3,2,1,R,901,2,1,2,2,3,3,3,3,4200,1,1,0,2,3,3,3,3,4200,1,1,0,2,3,3,3,3,4200,1,1,0,2026,3,7,3200000,2870000,1,1
202601,6,,0.비상권,30140,15,0,120,0,1,0,1,11,03,1,1,없음,30,1,0,0,0,1,2,4,1,10,1,1,1,1,1,8,1,3,1,1,I,561,2,1,2,4,4,7,4,4,16100,1,1,0,4,4,7,4,4,16100,1,1,0,4,4,7,4,4,16100,1,1,0,2025,3,10,2800000,2440000,1,1
202601,6,,0.비상권,30140,15,0,120,0,1,0,1,11,03,1,1,없음,30,1,0,0,0,1,2,4,1,10,1,1,1,1,1,8,1,3,2,3,0,999,2,1,2,1,1,1,3,3,8900,1,1,0,1,1,1,3,3,8900,1,1,0,1,1,1,3,3,8900,1,1,0,2025,3,10,2800000,2440000,1,1
202601,6,,서대전네거리,30140,15,0,120,0,1,1,3,21,04,6,2,100,50,1,0,0,0,2,2,4,1,9,2,1,1,1,1,8,2,3,-1,6,0,999,2,1,2,1,1,1,3,3,3500,1,1,1,1,1,1,3,3,3500,1,1,1,1,1,1,3,3,3500,1,1,1,0,1,1,3480000,1980000,1,1
202601,6,,서대전네거리,30140,15,0,120,0,1,1,3,21,04,6,2,100,50,1,0,0,0,2,2,4,1,9,2,1,1,1,1,8,2,3,1,1,M,711,2,1,2,4,3,5,4,3,9400,1,1,0,4,3,5,4,3,9400,1,1,0,4,3,5,4,3,9400,1,1,0,2025,3,10,3480000,1980000,1,1
202601,6,,서대전네거리,30140,15,0,120,0,1,1,3,21,04,6,2,100,50,1,0,0,0,2,2,4,1,9,2,1,1,1,1,8,2,3,2,1,N,751,2,1,2,3,3,4,3,3,4800,1,1,0,3,3,4,3,3,4800,1,1,0,3,3,4,3,3,4800,1,1,0,2024,3,8,3480000,1980000,1,1
202601,6,,서대전네거리,30140,15,0,0,0,1,0,1,51,04,1,1,80,150,8,0,0,0,1,1,2,1,9,1,1,1,1,1,8,1,3,1,1,I,561,2,1,2,5,5,8,4,5,20800,1,1,0,5,5,8,4,5,20800,1,1,0,5,5,8,4,5,20800,1,1,0,2025,2,9,4100000,6980000,1,1
202601,6,,서대전네거리,30140,22,0,300,0,1,0,1,21,04,1,1,120,170,6,0,0,0,1,1,3,1,10,1,1,1,1,1,8,1,3,1,1,I,561,3,1,3,5,5,8,5,5,27000,1,1,0,5,5,8,5,5,27000,1,1,0,5,5,8,5,5,27000,1,1,0,2024,3,7,5000000,6380000,1,1
202601,6,,서대전네거리,30140,22,0,300,0,1,0,1,11,04,1,1,70,100,7,0,0,0,1,1,3,1,9,1,1,1,1,1,8,1,3,1,1,I,562,2,1,2,5,5,8,4,5,26800,1,1,0,5,5,8,4,5,26800,1,1,0,5,5,8,4,5,26800,1,1,0,2024,3,8,5030000,4600000,1,3
202601,6,,서대전네거리,30140,22,0,300,0,1,0,1,11,04,1,1,70,100,7,0,0,0,1,1,3,1,9,1,1,1,1,1,8,1,3,2,1,I,562,2,1,2,4,4,8,4,4,19500,1,1,0,4,4,8,4,4,19500,1,1,0,4,4,8,4,4,19500,1,1,0,2024,3,8,5030000,4600000,1,3
202601,6,,서대전네거리,30140,22,0,300,0,1,0,1,21,04,8,2,132,97,6,0,0,0,2,2,4,2,8,2,1,1,1,1,8,2,3,1,1,I,561,3,1,4,6,6,8,6,6,21300,1,1,0,6,6,8,6,6,21300,1,1,0,6,6,8,6,6,21300,1,1,0,2025,3,10,4300000,3040000,1,2
202601,6,,서대전네거리,30140,22,0,300,0,1,0,1,21,04,8,2,132,97,6,0,0,0,2,2,4,2,8,2,1,1,1,1,8,2,3,2,1,I,561,3,1,3,4,4,7,4,4,10200,1,1,0,4,4,7,4,4,10200,1,1,0,4,4,7,4,4,10200,1,1,0,2026,2,10,4300000,3040000,1,2
202601,6,,서대전네거리,30140,15,0,0,0,1,0,1,11,04,5,1,130,100,10,0,0,0,2,1,2,1,10,1,1,1,1,1,8,2,3,1,1,I,562,2,1,2,5,5,7,5,5,19800,1,1,0,5,5,7,5,5,19800,1,1,0,5,5,7,5,5,19800,1,1,0,2024,3,8,1770000,4120000,1,1
202601,6,,서대전네거리,30140,15,0,0,0,1,0,1,11,03,1,1,206,72,6,0,0,0,2,2,4,1,9,2,1,1,1,1,8,2,3,1,1,I,561,3,1,3,6,5,8,6,5,21300,1,1,0,6,5,8,6,5,21300,1,1,0,6,5,8,6,5,21300,1,1,0,2024,3,9,3370000,2760000,1,2
202601,6,,서대전네거리,30140,15,0,0,0,1,0,1,11,03,1,1,206,72,6,0,0,0,2,2,4,1,9,2,1,1,1,1,8,2,3,2,1,I,562,3,1,3,6,4,7,6,4,13900,1,1,0,6,4,7,6,4,13900,1,1,0,6,4,7,6,4,13900,1,1,0,2025,3,8,3370000,2760000,1,2
202601,6,,서대전네거리,30140,15,0,0,0,1,1,1,11,04,1,1,280,160,8,0,0,0,2,2,4,1,10,2,1,1,1,1,8,2,3,-1,1,I,561,1,1,1,2,2,3,2,2,3400,1,1,0,2,2,3,2,2,3400,1,1,0,2,2,3,2,2,3400,1,1,0,2024,3,8,3090000,4110000,1,1
202601,6,,서대전네거리,30140,15,0,0,0,1,1,1,11,04,1,1,280,160,8,0,0,0,2,2,4,1,10,2,1,1,1,1,8,2,3,1,1,I,561,3,1,3,6,5,7,6,5,17900,1,1,0,6,5,7,6,5,17900,1,1,0,6,5,7,6,5,17900,1,1,0,2024,3,8,3090000,4110000,1,1
202601,6,,서대전네거리,30140,15,0,0,0,1,1,1,11,04,1,1,280,160,8,0,0,0,2,2,4,1,10,2,1,1,1,1,8,2,3,2,1,0,999,2,1,2,4,3,4,3,3,5100,1,1,0,4,3,4,3,3,5100,1,1,0,4,3,4,3,3,5100,1,1,0,2024,3,7,3090000,4110000,1,1
202601,6,,서대전네거리,30140,15,0,0,0,1,0,5,32,04,6,1,290,160,7,0,0,0,2,2,4,1,10,2,1,1,1,1,8,2,3,1,1,I,561,4,1,4,6,6,9,6,6,29200,1,1,0,6,6,9,6,6,29200,1,1,0,6,6,9,6,6,29200,1,1,0,2025,3,10,3860000,6540000,1,1
202601,6,,서대전네거리,30140,15,0,0,0,1,0,2,11,03,6,2,396,156,8,0,0,0,2,2,4,1,10,1,1,1,1,1,8,2,3,1,1,I,561,2,1,2,5,4,7,6,4,17400,1,1,0,5,4,7,6,4,17400,1,1,0,5,4,7,6,4,17400,1,1,0,2024,3,6,2930000,2540000,1,1
202601,6,,서대전네거리,30140,15,0,0,0,1,0,2,11,03,6,2,396,156,8,0,0,0,2,2,4,1,10,1,1,1,1,1,8,2,3,1,1,S,961,2,1,2,4,4,7,6,4,17400,1,1,0,4,4,7,6,4,17400,1,1,0,4,4,7,6,4,17400,1,1,0,2024,3,3,2930000,2540000,1,1
202601,6,,서대전네거리,30140,15,0,0,0,1,0,2,11,03,6,2,396,156,8,0,0,0,2,2,4,1,10,1,1,1,1,1,8,2,3,2,2,0,999,3,1,3,1,1,1,6,3,6700,1,1,0,1,1,1,6,3,6700,1,1,0,1,1,1,6,3,6700,1,1,0,0,1,1,2930000,2540000,1,1
202601,6,,서대전네거리,30140,22,0,300,0,1,0,5,31,04,8,2,420,50,4,0,0,0,2,2,4,1,9,2,1,1,1,1,8,2,3,1,1,I,561,4,1,4,6,5,7,6,5,16500,1,1,0,6,5,7,6,5,16500,1,1,0,6,5,7,6,5,16500,1,1,0,2024,3,10,5450000,4730000,1,1
202601,6,,서대전네거리,30140,22,0,300,0,1,0,5,31,04,8,2,420,50,4,0,0,0,2,2,4,1,9,2,1,1,1,1,8,2,3,2,1,S,961,2,1,2,5,3,5,5,3,8600,1,1,0,5,3,5,5,3,8600,1,1,0,5,3,5,5,3,8600,1,1,0,2026,2,10,5450000,4730000,1,1
202601,6,,서대전네거리,30140,15,0,0,0,1,0,5,31,04,5,1,480,70,4,0,0,0,2,1,3,1,10,1,1,1,1,1,8,2,3,1,1,I,561,3,1,3,5,5,7,4,5,16300,1,1,0,5,5,7,4,5,16300,1,1,0,5,5,7,4,5,16300,1,1,0,2025,2,6,3730000,8130000,1,1
202601,6,,서대전네거리,30140,22,0,300,0,1,0,3,11,03,7,1,585,120,5,0,0,0,2,2,4,1,9,2,1,1,1,1,8,2,3,1,1,I,561,2,1,3,4,5,7,4,5,18600,1,1,0,4,5,7,4,5,18600,1,1,0,4,5,7,4,5,18600,1,1,0,2024,3,9,4020000,4880000,1,1
202601,6,,서대전네거리,30140,22,0,300,0,1,0,3,11,03,7,1,585,120,5,0,0,0,2,2,4,1,9,2,1,1,1,1,8,2,3,1,1,S,953,1,1,1,2,3,8,3,3,17500,1,1,0,2,3,8,3,3,17500,1,1,0,2,3,8,3,3,17500,1,1,0,2025,2,4,4020000,4880000,1,1
202601,6,,서대전네거리,30140,22,0,300,0,1,0,3,11,03,7,1,585,120,5,0,0,0,2,2,4,1,9,2,1,1,1,1,8,2,3,1,1,I,562,1,1,1,3,3,7,3,3,17500,1,1,0,3,3,7,3,3,17500,1,1,0,3,3,7,3,3,17500,1,1,0,2025,2,9,4020000,4880000,1,1
202601,6,,서대전네거리,30140,22,0,300,0,1,0,3,11,03,7,1,585,120,5,0,0,0,2,2,4,1,9,2,1,1,1,1,8,2,3,2,6,0,999,2,1,2,1,1,1,4,3,10000,1,1,1,1,1,1,4,3,10000,1,1,1,1,1,1,4,3,10000,1,1,1,0,1,1,4020000,4880000,1,1
202601,6,,서대전네거리,30140,22,0,300,0,1,0,1,11,04,1,1,없음,111,6,0,0,0,1,1,2,1,10,1,1,1,1,1,8,1,3,1,1,I,562,2,1,2,6,4,8,6,4,25200,1,1,0,6,4,8,6,4,25200,1,1,0,6,4,8,6,4,25200,1,1,0,2025,3,10,3490000,6360000,1,1
202601,6,,0.비상권,30140,14,0,0,0,1,0,8,32,03,6,1,574,183,1,0,0,0,1,1,1,1,10,1,1,1,1,1,8,1,3,1,1,M,732,1,1,1,4,4,8,4,4,23900,1,1,0,4,4,8,4,4,23900,1,1,0,4,4,8,4,4,23900,1,1,0,2024,3,10,3270000,5990000,1,1
202601,6,,0.비상권,30140,14,0,120,0,1,0,4,21,04,6,2,없음,100,2,0,0,0,1,2,4,1,10,2,1,1,1,1,8,1,3,1,1,M,713,2,1,2,5,4,7,6,4,14900,1,1,0,5,4,7,6,4,14900,1,1,0,5,4,7,6,4,14900,1,1,0,2024,3,9,3880000,3260000,1,1
202601,6,,0.비상권,30140,14,0,120,0,1,0,4,21,04,6,2,없음,100,2,0,0,0,1,2,4,1,10,2,1,1,1,1,8,1,3,2,1,Q,872,2,1,2,4,3,5,4,3,6200,1,1,0,4,3,5,4,3,6200,1,1,0,4,3,5,4,3,6200,1,1,0,2024,3,9,3880000,3260000,1,1
202601,6,,0.비상권,30140,14,0,0,0,1,0,3,32,04,6,1,없음,100,6,0,0,0,2,2,4,1,10,2,1,1,1,1,8,2,3,1,1,I,561,4,1,4,5,5,7,6,5,10000,1,1,0,5,5,7,6,5,10000,1,1,0,5,5,7,6,5,10000,1,1,0,2024,3,10,2620000,4430000,1,2
202601,6,,0.비상권,30140,14,0,120,0,1,0,6,32,04,2,1,없음,210,3,0,0,0,4,2,4,1,10,2,1,1,1,1,8,4,3,1,1,I,561,4,1,4,6,5,7,6,5,20100,1,1,0,6,5,7,6,5,20100,1,1,0,6,5,7,6,5,20100,1,1,0,2025,2,10,1440000,11560000,1,1
202601,6,,0.비상권,30140,15,0,120,0,1,0,1,11,04,1,1,없음,155,1,0,0,0,2,2,4,1,9,1,1,1,1,1,8,2,3,1,1,I,561,3,1,3,4,4,7,4,4,10900,1,1,0,4,4,7,4,4,10900,1,1,0,4,4,7,4,4,10900,1,1,0,2024,3,9,2170000,1870000,1,1
202601,6,,0.비상권,30140,15,0,120,0,1,0,1,11,04,1,1,없음,155,1,0,0,0,2,2,4,1,9,1,1,1,1,1,8,2,3,2,2,0,999,3,1,3,1,1,1,4,3,6100,1,1,0,1,1,1,4,3,6100,1,1,0,1,1,1,4,3,6100,1,1,0,0,1,1,2170000,1870000,1,1
202601,6,,0.비상권,30170,15,0,120,0,1,0,9,32,04,5,1,없음,140,3,0,1,0,3,2,4,1,9,2,1,1,1,1,8,3,3,1,1,Q,862,3,1,3,6,5,8,6,5,21500,1,1,0,6,5,8,6,5,21500,1,1,0,6,5,8,6,5,21500,1,1,0,2025,3,10,3300000,8210000,1,1
202601,6,,0.비상권,30170,15,0,120,0,1,0,9,32,04,5,1,없음,140,3,0,1,0,3,2,4,1,9,2,1,1,1,1,8,3,3,1,1,L,681,3,1,3,8,1,6,6,5,21600,1,1,0,8,1,6,6,5,21600,1,1,0,8,1,6,6,5,21600,1,1,0,2025,3,10,3300000,8210000,1,1
202601,6,,0.비상권,30170,13,0,0,0,1,0,6,32,04,6,1,없음,300,6,0,0,0,2,1,3,1,10,1,1,1,1,1,8,2,3,1,1,I,561,3,1,3,6,5,8,6,6,22100,1,1,0,6,5,8,6,6,22100,1,1,0,6,5,8,6,6,22100,1,1,0,2026,3,10,2990000,5020000,1,1
202601,6,,0.비상권,30170,14,0,0,0,1,0,8,21,04,6,2,없음,100,6,0,1,0,2,2,4,1,9,2,1,1,1,1,8,2,3,1,1,I,561,3,1,4,6,6,8,6,6,22900,1,1,0,6,6,8,6,6,22900,1,1,0,6,6,8,6,6,22900,1,1,0,2025,3,10,5160000,4510000,1,1
202601,6,,0.비상권,30170,14,0,0,0,1,0,8,21,04,6,2,없음,100,6,0,1,0,2,2,4,1,9,2,1,1,1,1,8,2,3,2,1,R,912,3,1,3,5,5,7,5,5,12200,1,1,0,5,5,7,5,5,12200,1,1,0,5,5,7,5,5,12200,1,1,0,2024,3,10,5160000,4510000,1,1
202601,6,,용문/한민시장,30170,15,0,120,0,1,0,1,11,04,1,1,50,80,1,0,0,0,1,2,4,1,10,2,1,1,1,1,8,1,3,1,1,N,753,3,1,3,5,5,8,5,5,24600,1,1,0,5,5,8,5,5,24600,1,1,0,5,5,8,5,5,24600,1,1,0,2024,3,10,4550000,2420000,1,3
202601,6,,용문/한민시장,30170,15,0,120,0,1,0,1,11,04,1,1,50,80,1,0,0,0,1,2,4,1,10,2,1,1,1,1,8,1,3,2,1,N,751,3,1,3,4,4,7,4,4,10300,1,1,0,4,4,7,4,4,10300,1,1,0,4,4,7,4,4,10300,1,1,0,2025,3,10,4550000,2420000,1,3
202601,6,,용문/한민시장,30170,15,0,0,0,1,0,4,32,03,6,1,215,111,6,0,0,0,2,2,4,1,10,2,1,1,1,1,8,2,3,1,1,L,682,2,1,2,5,5,8,4,4,12300,1,1,0,5,5,8,4,4,12300,1,1,0,5,5,8,4,4,12300,1,1,0,2025,3,10,3470000,5880000,1,1
202601,6,,용문/한민시장,30170,15,0,0,0,1,0,4,32,03,6,1,215,111,6,0,0,0,2,2,4,1,10,2,1,1,1,1,8,2,3,1,1,G,471,3,1,3,6,6,8,4,5,11900,1,1,0,6,6,8,4,5,11900,1,1,0,6,6,8,4,5,11900,1,1,0,2024,4,10,3470000,5880000,1,1
202601,6,,용문/한민시장,30170,15,0,120,0,1,0,4,51,04,3,1,299,137,1,0,0,0,4,2,4,1,10,2,1,1,1,1,8,4,3,1,1,I,561,4,1,4,6,6,8,6,6,20500,1,1,0,6,6,8,6,6,20500,1,1,0,6,6,8,6,6,20500,1,1,0,2025,3,9,3420000,17080000,1,1
202601,6,,용문/한민시장,30170,15,0,120,0,1,0,3,21,03,4,1,510,50,1,0,0,0,4,2,4,2,9,2,1,1,1,1,8,4,3,1,1,I,561,4,1,4,5,5,7,5,5,16600,1,1,0,5,5,7,5,5,16600,1,1,0,5,5,7,5,5,16600,1,1,0,2024,3,9,2790000,8380000,1,1
202601,6,,용문/한민시장,30170,15,0,120,0,1,0,3,21,03,4,1,510,50,1,0,0,0,4,2,4,2,9,2,1,1,1,1,8,4,3,1,1,S,952,3,1,3,5,5,7,5,5,16200,1,1,0,5,5,7,5,5,16200,1,1,0,5,5,7,5,5,16200,1,1,0,2024,3,8,2790000,8380000,1,1
202601,6,,용문/한민시장,30170,15,0,120,0,1,0,3,21,03,4,1,510,50,1,0,0,0,4,2,4,2,9,2,1,1,1,1,8,4,3,1,1,I,561,4,1,4,5,5,7,5,5,16600,1,1,0,5,5,7,5,5,16600,1,1,0,5,5,7,5,5,16600,1,1,0,2024,3,10,2790000,8380000,1,1
202601,6,,용문/한민시장,30170,15,0,0,0,1,0,5,11,04,4,1,154,101,8,0,1,0,2,2,4,1,10,2,1,1,1,1,8,2,3,1,1,G,473,4,1,4,6,4,5,6,4,6400,1,1,0,6,4,5,6,4,6400,1,1,0,6,4,5,6,4,6400,1,1,0,2025,3,10,2500000,6290000,1,1
202601,6,,용문/한민시장,30170,15,0,0,0,1,0,3,32,03,6,1,153,58,7,0,0,0,3,2,4,1,10,2,1,1,1,1,8,3,3,1,6,0,999,1,1,2,1,1,1,4,3,16600,1,1,1,1,1,1,4,3,16600,1,1,1,1,1,1,4,3,16600,1,1,1,0,1,1,3000000,5160000,1,1
202601,6,,용문/한민시장,30170,15,0,0,0,1,0,3,32,03,6,1,153,58,7,0,0,0,3,2,4,1,10,2,1,1,1,1,8,3,3,1,1,I,561,2,1,2,4,4,7,4,4,18200,1,1,0,4,4,7,4,4,18200,1,1,0,4,4,7,4,4,18200,1,1,0,2025,3,7,3000000,5160000,1,1
202601,6,,용문/한민시장,30170,15,0,0,0,1,0,3,32,03,6,1,153,58,7,0,0,0,3,2,4,1,10,2,1,1,1,1,8,3,3,1,1,G,473,4,1,4,5,5,6,5,5,10700,1,1,0,5,5,6,5,5,10700,1,1,0,5,5,6,5,5,10700,1,1,0,2025,3,6,3000000,5160000,1,1
202601,6,,용문/한민시장,30170,15,0,0,0,1,0,3,32,04,4,1,100,130,6,0,0,0,2,1,3,1,9,1,1,1,1,1,8,2,3,1,1,C,339,3,1,3,5,4,7,5,4,13700,1,1,0,5,4,7,5,4,13700,1,1,0,5,4,7,5,4,13700,1,1,0,2025,3,4,2450000,6750000,1,1
202601,6,,용문/한민시장,30170,15,0,0,0,1,0,6,32,04,5,1,425,179,6,0,1,0,2,1,3,1,10,1,1,1,1,1,8,2,3,1,1,I,561,3,1,3,4,4,7,4,4,12100,1,1,0,4,4,7,4,4,12100,1,1,0,4,4,7,4,4,12100,1,1,0,2025,3,9,2530000,6180000,1,1
202601,6,,용문/한민시장,30170,16,0,120,0,1,0,5,21,03,6,1,388,23,1,0,0,0,2,2,4,1,10,1,1,1,1,1,8,2,3,1,1,G,478,2,1,2,4,4,8,5,4,19400,1,1,0,4,4,8,5,4,19400,1,1,0,4,4,8,5,4,19400,1,1,0,2025,3,10,4850000,5850000,1,2
202601,6,,용문/한민시장,30170,16,0,120,0,1,0,5,21,03,6,1,388,23,1,0,0,0,2,2,4,1,10,1,1,1,1,1,8,2,3,1,1,G,479,2,1,2,4,4,7,5,4,18300,1,1,0,4,4,7,5,4,18300,1,1,0,4,4,7,5,4,18300,1,1,0,2025,3,10,4850000,5850000,1,2
202601,6,,용문/한민시장,30170,16,0,120,0,1,0,5,21,03,6,1,388,23,1,0,0,0,2,2,4,1,10,1,1,1,1,1,8,2,3,2,6,0,999,2,1,2,1,1,1,4,3,8700,1,1,1,1,1,1,4,3,8700,1,1,1,1,1,1,4,3,8700,1,1,1,0,1,1,4850000,5850000,1,2
202601,6,,용문/한민시장,30170,16,0,120,0,1,0,1,11,03,5,1,600,300,3,0,0,0,2,2,4,1,9,1,1,1,1,1,8,2,3,1,1,I,561,1,1,2,4,3,7,4,3,11600,1,1,0,4,3,7,4,3,11600,1,1,0,4,3,7,4,3,11600,1,1,0,2024,3,10,4270000,7190000,1,1
202601,6,,용문/한민시장,30170,16,0,120,0,1,0,1,11,03,5,1,600,300,3,0,0,0,2,2,4,1,9,1,1,1,1,1,8,2,3,1,1,G,478,2,1,2,5,4,7,5,4,12100,1,1,0,5,4,7,5,4,12100,1,1,0,5,4,7,5,4,12100,1,1,0,2025,3,10,4270000,7190000,1,1
202601,6,,용문/한민시장,30170,16,0,120,0,1,0,1,11,03,5,1,600,300,3,0,0,0,2,2,4,1,9,1,1,1,1,1,8,2,3,2,6,0,999,2,1,2,1,1,1,4,3,9500,1,1,1,1,1,1,4,3,9500,1,1,1,1,1,1,4,3,9500,1,1,1,0,1,1,4270000,7190000,1,1
202601,6,,용문/한민시장,30170,14,0,120,0,1,0,4,31,04,6,1,530,40,4,0,0,0,3,2,4,1,10,2,1,1,1,1,8,3,3,1,1,I,561,4,1,4,6,6,7,6,6,18300,1,1,0,6,6,7,6,6,18300,1,1,0,6,6,7,6,6,18300,1,1,0,2024,3,10,3920000,6560000,1,1
202601,6,,용문/한민시장,30170,13,0,120,0,1,0,1,11,03,1,1,815,28,5,0,1,0,2,2,4,1,10,2,1,1,1,1,8,2,3,1,1,S,961,2,1,2,1,1,1,4,4,18100,1,1,1,1,1,1,4,4,18100,1,1,1,2,4,7,4,4,18100,1,1,0,2026,3,10,2160000,2300000,1,1
202601,6,,용문/한민시장,30170,13,0,120,0,1,0,1,11,03,1,1,815,28,5,0,1,0,2,2,4,1,10,2,1,1,1,1,8,2,3,1,1,S,961,2,1,2,4,4,7,4,4,16100,1,1,0,4,4,7,4,4,16100,1,1,0,4,4,7,4,4,16100,1,1,0,2025,3,10,2160000,2300000,1,1
202601,6,,용문/한민시장,30170,13,0,120,0,1,0,1,11,03,1,1,815,28,5,0,1,0,2,2,4,1,10,2,1,1,1,1,8,2,3,1,1,S,969,2,1,2,3,4,7,4,4,15700,1,1,0,3,4,7,4,4,15700,1,1,0,3,4,7,4,4,15700,1,1,0,2025,3,8,2160000,2300000,1,1
202601,6,,용문/한민시장,30170,13,0,120,0,1,0,1,11,03,1,1,815,28,5,0,1,0,2,2,4,1,10,2,1,1,1,1,8,2,3,2,2,0,999,3,1,3,1,1,1,6,3,6400,1,1,0,1,1,1,6,3,6400,1,1,0,1,1,1,6,3,6400,1,1,0,0,1,1,2160000,2300000,1,1
202601,6,,용문/한민시장,30170,14,0,0,0,1,0,3,32,04,5,1,없음,130,4,0,0,0,2,2,4,1,10,2,1,1,1,1,8,2,3,1,1,I,561,4,1,4,5,5,7,5,5,13500,1,1,0,5,5,7,5,5,13500,1,1,0,5,5,7,5,5,13500,1,1,0,2024,3,9,2760000,5960000,1,2
202601,6,,용문/한민시장,30170,14,0,0,0,1,0,6,32,03,6,1,없음,220,8,0,0,0,2,1,3,1,10,1,1,1,1,1,8,2,3,1,1,G,474,3,1,3,5,4,6,5,4,9100,1,1,0,5,4,6,5,4,9100,1,1,0,5,4,6,5,4,9100,1,1,0,2026,3,10,2180000,3780000,1,1
202601,6,,용문/한민시장,30170,14,0,120,0,1,0,1,11,03,1,1,없음,50,1,0,0,0,2,2,4,1,9,2,1,1,1,1,8,2,3,1,1,G,474,1,1,2,4,3,7,3,3,13400,1,1,0,4,3,7,3,3,13400,1,1,0,4,3,7,3,3,13400,1,1,0,2025,3,8,3530000,3360000,1,1
202601,6,,용문/한민시장,30170,14,0,120,0,1,0,1,11,03,1,1,없음,50,1,0,0,0,2,2,4,1,9,2,1,1,1,1,8,2,3,1,1,L,682,1,1,2,3,4,7,3,3,13400,1,1,0,3,4,7,3,3,13400,1,1,0,3,4,7,3,3,13400,1,1,0,2024,3,10,3530000,3360000,1,1
202601,6,,용문/한민시장,30170,14,0,120,0,1,0,1,11,03,1,1,없음,50,1,0,0,0,2,2,4,1,9,2,1,1,1,1,8,2,3,2,1,M,711,2,1,3,4,3,5,4,3,6100,1,1,0,4,3,5,4,3,6100,1,1,0,4,3,5,4,3,6100,1,1,0,2025,3,10,3530000,3360000,1,1
202601,6,,용문/한민시장,30170,14,0,0,0,1,0,1,11,04,2,1,없음,182,6,0,0,0,2,2,4,1,10,2,1,1,1,1,8,2,3,1,1,G,463,2,1,2,4,4,7,4,4,16200,1,1,0,4,4,7,4,4,16200,1,1,0,4,4,7,4,4,16200,1,1,0,2026,3,10,1780000,1710000,1,2
202601,6,,용문/한민시장,30170,14,0,0,0,1,0,1,11,04,2,1,없음,182,6,0,0,0,2,2,4,1,10,2,1,1,1,1,8,2,3,1,1,S,961,2,1,2,4,3,7,4,4,10400,1,1,0,4,3,7,4,4,10400,1,1,0,4,3,7,4,4,10400,1,1,0,2025,3,8,1780000,1710000,1,2
202601,6,,용문/한민시장,30170,14,0,0,0,1,0,1,11,04,2,1,없음,182,6,0,0,0,2,2,4,1,10,2,1,1,1,1,8,2,3,2,2,0,999,3,1,3,1,1,1,5,3,6900,1,1,0,1,1,1,5,3,6900,1,1,0,1,1,1,5,3,6900,1,1,0,0,1,1,1780000,1710000,1,2
202601,6,,용문/한민시장,30170,14,0,120,0,1,0,1,11,03,1,1,없음,80,2,0,0,0,2,2,4,2,8,2,1,1,1,1,8,2,3,1,6,0,999,2,1,2,1,1,1,3,4,12800,1,1,1,1,1,1,3,4,12800,1,1,1,1,1,1,3,4,12800,1,1,1,0,1,1,2520000,4300000,1,2
202601,6,,용문/한민시장,30170,14,0,120,0,1,0,1,11,03,1,1,없음,80,2,0,0,0,2,2,4,2,8,2,1,1,1,1,8,2,3,1,1,G,475,2,1,2,4,4,7,4,4,13700,1,1,0,4,4,7,4,4,13700,1,1,0,4,4,7,4,4,13700,1,1,0,2025,3,7,2520000,4300000,1,2
202601,6,,용문/한민시장,30170,14,0,120,0,1,0,1,11,03,1,1,없음,80,2,0,0,0,2,2,4,2,8,2,1,1,1,1,8,2,3,1,1,G,472,1,1,1,3,3,7,3,3,13900,1,1,0,3,3,7,3,3,13900,1,1,0,3,3,7,3,3,13900,1,1,0,2025,3,9,2520000,4300000,1,2
202601,6,,용문/한민시장,30170,14,0,120,0,1,0,1,11,03,1,1,없음,80,2,0,0,0,2,2,4,2,8,2,1,1,1,1,8,2,3,1,1,N,751,1,1,1,4,3,7,3,3,13900,1,1,0,4,3,7,3,3,13900,1,1,0,4,3,7,3,3,13900,1,1,0,2025,2,10,2520000,4300000,1,2
202601,6,,용문/한민시장,30170,14,0,0,0,1,0,3,32,03,6,1,없음,150,9,0,0,0,3,2,4,1,10,2,1,1,1,1,8,3,3,1,1,G,464,4,1,4,6,6,7,6,6,13600,1,1,0,6,6,7,6,6,13600,1,1,0,6,6,7,6,6,13600,1,1,0,2026,5,10,1690000,2920000,1,3
202601,6,,0.비상권,30170,14,0,0,0,1,0,9,32,03,6,1,없음,200,5,0,0,0,2,2,4,1,10,2,1,1,1,1,8,2,3,1,1,G,471,4,1,4,5,6,8,5,6,20700,1,1,0,5,6,8,5,6,20700,1,1,0,5,6,8,5,6,20700,1,1,0,2025,3,10,3500000,6320000,1,1
202601,6,,0.비상권,30170,14,0,0,0,1,0,8,31,04,5,1,없음,100,4,0,0,0,2,2,4,1,10,1,1,1,1,1,8,2,3,1,6,0,999,1,1,1,1,1,1,5,4,27500,1,1,1,1,1,1,5,4,27500,1,1,1,1,1,1,5,4,27500,1,1,1,0,1,1,2780000,5950000,1,2
202601,6,,0.비상권,30170,14,0,0,0,1,0,8,31,04,5,1,없음,100,4,0,0,0,2,2,4,1,10,1,1,1,1,1,8,2,3,1,1,I,561,1,1,2,4,5,9,5,4,28100,1,1,0,4,5,9,5,4,28100,1,1,0,4,5,9,5,4,28100,1,1,0,2024,3,10,2780000,5950000,1,2
202601,6,,0.비상권,30170,14,0,0,0,1,0,8,31,04,5,1,없음,100,4,0,0,0,2,2,4,1,10,1,1,1,1,1,8,2,3,1,1,L,682,1,1,1,5,4,9,5,4,28100,1,1,0,5,4,9,5,4,28100,1,1,0,5,4,9,5,4,28100,1,1,0,2024,3,9,2780000,5950000,1,2
202601,6,,0.비상권,30170,14,0,0,0,1,0,8,31,04,5,1,없음,100,4,0,0,0,2,2,4,1,10,1,1,1,1,1,8,2,3,1,6,0,999,1,1,1,1,1,1,5,4,28100,1,1,1,1,1,1,5,4,28100,1,1,1,1,1,1,5,4,28100,1,1,1,0,1,1,2780000,5950000,1,2
202601,6,,0.비상권,30170,14,0,0,0,1,0,8,32,03,6,1,없음,200,6,0,1,0,2,2,4,1,10,2,1,1,1,1,8,2,3,1,1,S,952,4,1,4,5,6,7,5,6,19400,1,1,0,5,6,7,5,6,19400,1,1,0,5,6,7,5,6,19400,1,1,0,2026,3,10,2670000,5100000,1,1
202601,6,,0.비상권,30170,14,0,0,0,1,0,8,31,04,6,1,없음,120,6,0,1,0,3,2,4,1,10,2,1,1,1,1,8,3,3,1,1,R,911,4,1,4,6,6,7,6,6,12900,1,1,0,6,6,7,6,6,12900,1,1,0,6,6,7,6,6,12900,1,1,0,2025,3,10,2320000,3890000,1,1
202601,6,,0.비상권,30200,14,0,0,0,1,0,4,21,03,6,2,없음,150,4,0,1,0,2,2,4,1,10,2,1,1,1,1,8,2,3,1,1,I,561,4,1,4,6,6,8,6,6,21800,1,1,0,6,6,8,6,6,21800,1,1,0,6,6,8,6,6,21800,1,1,0,2022,5,10,4100000,3730000,1,1
202601,6,,0.비상권,30200,14,0,0,0,1,0,4,21,03,6,2,없음,150,4,0,1,0,2,2,4,1,10,2,1,1,1,1,8,2,3,2,1,R,912,4,1,4,5,4,5,5,4,6400,1,1,0,5,4,5,5,4,6400,1,1,0,5,4,5,5,4,6400,1,1,0,2025,3,10,4100000,3730000,1,1
202601,6,,0.비상권,30200,14,0,0,0,1,0,8,31,04,6,1,없음,250,6,1,0,0,2,2,4,1,10,2,1,1,1,1,8,2,3,1,1,S,952,4,1,4,5,5,7,5,5,12600,1,1,0,5,5,7,5,5,12600,1,1,0,5,5,7,5,5,12600,1,1,0,2026,3,10,2290000,2960000,1,1
202601,6,,0.비상권,30200,14,0,0,0,1,0,8,31,04,6,1,없음,250,6,1,0,0,2,2,4,1,10,2,1,1,1,1,8,2,3,2,1,S,952,2,1,2,3,3,4,3,3,4700,1,1,0,3,3,4,3,3,4700,1,1,0,3,3,4,3,3,4700,1,1,0,2026,3,10,2290000,2960000,1,1
202601,6,,유성온천역,30200,15,0,0,0,1,0,3,32,03,6,1,391,127,6,0,0,0,3,2,4,1,10,2,1,1,1,1,8,3,3,1,1,L,682,1,1,2,3,3,6,3,3,10800,1,1,0,3,3,6,3,3,10800,1,1,0,3,3,6,3,3,10800,1,1,0,2024,3,8,3250000,6410000,1,1
202601,6,,유성온천역,30200,15,0,0,0,1,0,3,32,03,6,1,391,127,6,0,0,0,3,2,4,1,10,2,1,1,1,1,8,3,3,1,1,I,561,4,1,4,6,4,5,6,5,7100,1,1,0,6,4,5,6,5,7100,1,1,0,6,4,5,6,5,7100,1,1,0,2024,3,10,3250000,6410000,1,1
202601,6,,유성온천역,30200,15,0,0,0,1,1,2,11,03,1,1,417,123,6,0,0,0,2,2,4,1,10,2,1,1,1,1,8,2,3,-1,1,S,949,3,1,3,3,3,3,3,3,2300,1,1,0,3,3,3,3,3,2300,1,1,0,3,3,3,3,3,2300,1,1,0,2024,3,10,3220000,1940000,1,1
202601,6,,유성온천역,30200,15,0,0,0,1,1,2,11,03,1,1,417,123,6,0,0,0,2,2,4,1,10,2,1,1,1,1,8,2,3,1,1,S,961,2,1,2,3,3,6,3,3,9100,1,1,0,3,3,6,3,3,9100,1,1,0,3,3,6,3,3,9100,1,1,0,2025,3,8,3220000,1940000,1,1
202601,6,,유성온천역,30200,15,0,0,0,1,1,2,11,03,1,1,417,123,6,0,0,0,2,2,4,1,10,2,1,1,1,1,8,2,3,1,1,S,961,2,1,2,3,3,6,3,3,9100,1,1,0,3,3,6,3,3,9100,1,1,0,3,3,6,3,3,9100,1,1,0,2024,3,8,3220000,1940000,1,1
202601,6,,유성온천역,30200,15,0,0,0,1,1,2,11,03,1,1,417,123,6,0,0,0,2,2,4,1,10,2,1,1,1,1,8,2,3,2,1,0,999,3,1,3,3,3,4,3,3,5900,1,1,0,3,3,4,3,3,5900,1,1,0,3,3,4,3,3,5900,1,1,0,2026,3,9,3220000,1940000,1,1
202601,6,,유성온천역,30200,15,0,0,0,1,1,1,11,03,1,1,410,121,6,0,0,0,2,2,4,1,10,2,1,1,1,1,8,2,3,-1,6,0,999,1,1,1,1,1,1,2,2,2200,1,1,1,1,1,1,2,2,2200,1,1,1,1,1,1,2,2,2200,1,1,1,0,1,1,2610000,2120000,1,1
202601,6,,유성온천역,30200,15,0,0,0,1,1,1,11,03,1,1,410,121,6,0,0,0,2,2,4,1,10,2,1,1,1,1,8,2,3,1,1,S,969,2,1,2,3,3,6,3,3,8700,1,1,0,3,3,6,3,3,8700,1,1,0,3,3,6,3,3,8700,1,1,0,2026,3,8,2610000,2120000,1,1
202601,6,,유성온천역,30200,15,0,0,0,1,1,1,11,03,1,1,410,121,6,0,0,0,2,2,4,1,10,2,1,1,1,1,8,2,3,1,1,R,902,2,1,2,3,3,6,3,3,8700,1,1,0,3,3,6,3,3,8700,1,1,0,3,3,6,3,3,8700,1,1,0,2025,3,9,2610000,2120000,1,1
202601,6,,유성온천역,30200,15,0,0,0,1,1,1,11,03,1,1,410,121,6,0,0,0,2,2,4,1,10,2,1,1,1,1,8,2,3,1,1,G,478,2,1,2,3,3,6,3,3,8800,1,1,0,3,3,6,3,3,8800,1,1,0,3,3,6,3,3,8800,1,1,0,2024,3,7,2610000,2120000,1,1
202601,6,,유성온천역,30200,15,0,0,0,1,1,1,11,03,1,1,410,121,6,0,0,0,2,2,4,1,10,2,1,1,1,1,8,2,3,2,1,D,351,4,1,4,4,3,4,4,4,4600,1,1,0,4,3,4,4,4,4600,1,1,0,4,3,4,4,4,4600,1,1,0,2026,3,9,2610000,2120000,1,1
202601,6,,유성온천역,30200,15,0,0,0,1,0,1,21,04,1,1,500,200,6,0,0,0,2,2,4,1,10,2,1,1,1,1,8,2,3,1,1,I,561,2,1,2,3,3,5,3,3,8100,1,1,0,3,3,5,3,3,8100,1,1,0,3,3,5,3,3,8100,1,1,0,2025,2,8,2690000,2490000,1,1
202601,6,,유성온천역,30200,15,0,0,0,1,0,1,21,04,1,1,500,200,6,0,0,0,2,2,4,1,10,2,1,1,1,1,8,2,3,1,1,I,561,2,1,2,3,3,5,3,3,8400,1,1,0,3,3,5,3,3,8400,1,1,0,3,3,5,3,3,8400,1,1,0,2024,3,10,2690000,2490000,1,1
202601,6,,유성온천역,30200,15,0,0,0,1,0,1,21,04,1,1,500,200,6,0,0,0,2,2,4,1,10,2,1,1,1,1,8,2,3,2,2,0,999,3,1,3,1,1,1,4,3,6400,1,1,0,1,1,1,4,3,6400,1,1,0,1,1,1,4,3,6400,1,1,0,0,1,1,2690000,2490000,1,1
202601,6,,유성온천역,30200,15,0,0,0,1,0,1,21,03,1,1,600,150,7,0,0,0,2,2,4,1,10,2,2,1,1,1,8,2,3,1,1,I,561,1,1,1,4,3,7,4,3,13400,1,1,0,4,3,7,4,3,13400,1,1,0,4,3,7,4,3,13400,1,1,0,2025,3,10,3720000,2250000,1,1
202601,6,,유성온천역,30200,15,0,0,0,1,0,1,21,03,1,1,600,150,7,0,0,0,2,2,4,1,10,2,2,1,1,1,8,2,3,1,1,I,561,1,1,1,4,3,7,4,3,14000,1,1,0,4,3,7,4,3,14000,1,1,0,4,3,7,4,3,14000,1,1,0,2024,3,7,3720000,2250000,1,1
202601,6,,유성온천역,30200,15,0,0,0,1,0,1,21,03,1,1,600,150,7,0,0,0,2,2,4,1,10,2,2,1,1,1,8,2,3,1,1,I,561,2,1,2,6,4,7,6,4,13400,1,1,0,6,4,7,6,4,13400,1,1,0,6,4,7,6,4,13400,1,1,0,2024,3,8,3720000,2250000,1,1
202601,6,,유성온천역,30200,15,0,0,0,1,0,1,21,03,1,1,600,150,7,0,0,0,2,2,4,1,10,2,2,1,1,1,8,2,3,2,6,0,999,4,1,4,1,1,1,5,3,4500,1,1,1,1,1,1,5,3,4500,1,1,1,1,1,1,5,3,4500,1,1,1,0,1,1,3720000,2250000,1,1
202601,6,,유성온천역,30200,22,0,300,0,1,0,1,21,03,1,1,450,110,6,0,0,0,1,2,4,1,9,1,1,1,1,1,8,1,3,1,1,S,961,2,1,2,4,4,7,4,4,11700,1,1,0,4,4,7,4,4,11700,1,1,0,4,4,7,4,4,11700,1,1,0,2024,3,9,3410000,2260000,1,1
202601,6,,유성온천역,30200,22,0,300,0,1,0,1,21,03,1,1,450,110,6,0,0,0,1,2,4,1,9,1,1,1,1,1,8,1,3,2,2,0,999,2,1,2,1,1,1,4,3,5200,1,1,0,1,1,1,4,3,5200,1,1,0,1,1,1,4,3,5200,1,1,0,0,1,1,3410000,2260000,1,1
202601,6,,0.비상권,30200,14,0,0,0,1,0,2,32,03,1,1,450,280,5,0,0,0,4,2,4,1,10,2,1,1,1,1,8,4,3,1,1,I,561,4,1,4,5,6,7,6,6,10900,1,1,0,5,6,7,6,6,10900,1,1,0,5,6,7,6,6,10900,1,1,0,2024,3,8,2830000,11650000,1,1
202601,6,,유성온천역,30200,15,0,120,0,1,0,6,31,04,5,1,300,10,4,0,0,0,2,2,4,1,9,2,1,1,1,1,8,2,3,1,1,I,561,2,1,2,5,5,7,5,5,21200,1,1,0,5,5,7,5,5,21200,1,1,0,5,5,7,5,5,21200,1,1,0,2024,3,8,4610000,4670000,1,1
202601,6,,유성온천역,30200,15,0,120,0,1,0,6,31,04,5,1,300,10,4,0,0,0,2,2,4,1,9,2,1,1,1,1,8,2,3,2,1,L,681,2,1,2,4,3,5,4,3,7100,1,1,0,4,3,5,4,3,7100,1,1,0,4,3,5,4,3,7100,1,1,0,2026,3,10,4610000,4670000,1,1
202601,6,,유성온천역,30200,15,0,120,0,1,0,1,21,03,1,1,700,30,5,0,0,0,2,2,4,1,9,2,1,1,1,1,8,2,3,1,1,I,561,2,1,2,5,4,7,5,4,20800,1,1,0,5,4,7,5,4,20800,1,1,0,5,4,7,5,4,20800,1,1,0,2024,3,10,4930000,5520000,1,1
202601,6,,유성온천역,30200,15,0,120,0,1,0,1,21,03,1,1,700,30,5,0,0,0,2,2,4,1,9,2,1,1,1,1,8,2,3,1,1,G,474,2,1,2,6,4,7,6,4,21200,1,1,0,6,4,7,6,4,21200,1,1,0,6,4,7,6,4,21200,1,1,0,2024,3,10,4930000,5520000,1,1
202601,6,,유성온천역,30200,15,0,120,0,1,0,1,21,03,1,1,700,30,5,0,0,0,2,2,4,1,9,2,1,1,1,1,8,2,3,2,1,0,999,3,1,3,6,1,3,5,3,3000,1,1,0,6,1,3,5,3,3000,1,1,0,6,1,3,5,3,3000,1,1,0,2024,3,7,4930000,5520000,1,1
202601,6,,유성온천역,30200,15,0,0,0,1,1,3,21,04,6,2,350,150,6,0,0,0,2,2,4,2,9,2,1,1,1,1,8,2,3,-1,1,R,912,3,1,3,3,3,2,3,3,2100,1,1,0,3,3,2,3,3,2100,1,1,0,3,3,2,3,3,2100,1,1,0,2026,3,7,3530000,1930000,1,1
202601,6,,유성온천역,30200,15,0,0,0,1,1,3,21,04,6,2,350,150,6,0,0,0,2,2,4,2,9,2,1,1,1,1,8,2,3,1,1,I,561,3,1,3,4,4,6,4,4,9100,1,1,0,4,4,6,4,4,9100,1,1,0,4,4,6,4,4,9100,1,1,0,2025,3,10,3530000,1930000,1,1
202601,6,,유성온천역,30200,15,0,0,0,1,1,3,21,04,6,2,350,150,6,0,0,0,2,2,4,2,9,2,1,1,1,1,8,2,3,2,1,0,999,3,1,3,3,3,3,3,3,4500,1,1,0,3,3,3,3,3,4500,1,1,0,3,3,3,3,3,4500,1,1,0,2024,3,7,3530000,1930000,1,1
202601,6,,유성온천역,30200,15,0,0,0,1,0,2,32,03,6,1,370,없음,6,0,0,0,2,1,3,1,10,1,1,1,1,1,8,2,3,1,1,I,561,2,1,2,4,4,7,4,4,16500,1,1,0,4,4,7,4,4,16500,1,1,0,4,4,7,4,4,16500,1,1,0,2024,3,10,2900000,5700000,1,1
202601,6,,유성온천역,30200,15,0,0,0,1,0,2,32,03,6,1,370,없음,6,0,0,0,2,1,3,1,10,1,1,1,1,1,8,2,3,1,1,I,561,2,1,2,4,4,7,4,4,15300,1,1,0,4,4,7,4,4,15300,1,1,0,4,4,7,4,4,15300,1,1,0,2024,3,10,2900000,5700000,1,1
202601,6,,유성온천역,30200,14,0,120,0,1,0,1,21,03,1,1,200,150,4,0,0,0,2,2,4,1,10,2,1,2,1,1,8,2,3,1,1,G,466,2,1,2,5,4,7,5,4,13100,1,1,0,5,4,7,5,4,13100,1,1,0,5,4,7,5,4,13100,1,1,0,2024,3,8,4510000,3910000,1,2
202601,6,,유성온천역,30200,14,0,120,0,1,0,1,21,03,1,1,200,150,4,0,0,0,2,2,4,1,10,2,1,2,1,1,8,2,3,1,1,R,912,2,1,2,5,4,7,5,4,12800,1,1,0,5,4,7,5,4,12800,1,1,0,5,4,7,5,4,12800,1,1,0,2025,2,10,4510000,3910000,1,2
202601,6,,유성온천역,30200,14,0,120,0,1,0,1,21,03,1,1,200,150,4,0,0,0,2,2,4,1,10,2,1,2,1,1,8,2,3,2,2,0,999,3,1,4,1,1,1,4,3,5100,1,1,0,1,1,1,4,3,5100,1,1,0,1,1,1,4,3,5100,1,1,0,0,1,1,4510000,3910000,1,2
202601,6,,0.비상권,30200,14,0,0,0,1,0,8,32,04,4,1,없음,100,6,0,0,0,2,1,3,1,10,1,1,1,1,1,8,2,3,1,1,L,682,2,1,2,6,1,4,4,4,18600,1,1,0,6,1,4,4,4,18600,1,1,0,6,1,4,4,4,18600,1,1,0,2025,3,9,2760000,7210000,1,2
202601,6,,0.비상권,30200,14,0,0,0,1,0,8,32,04,4,1,없음,100,6,0,0,0,2,1,3,1,10,1,1,1,1,1,8,2,3,1,1,S,961,2,1,2,4,4,7,4,4,18600,1,1,0,4,4,7,4,4,18600,1,1,0,4,4,7,4,4,18600,1,1,0,2025,3,10,2760000,7210000,1,2
202601,6,,유성온천역,30200,22,0,0,0,1,0,1,11,04,1,1,350,20,6,0,0,0,2,1,2,1,8,1,1,1,1,1,8,2,3,1,6,0,999,1,1,1,1,1,1,3,3,11100,1,1,1,1,1,1,3,3,11100,1,1,1,1,1,1,3,3,11100,1,1,1,0,1,1,5120000,8370000,1,1
202601,6,,유성온천역,30200,22,0,0,0,1,0,1,11,04,1,1,350,20,6,0,0,0,2,1,2,1,8,1,1,1,1,1,8,2,3,1,6,0,999,1,1,1,3,3,7,3,3,11600,1,1,0,3,3,7,3,3,11600,1,1,0,1,1,1,3,3,11600,1,1,1,0,1,1,5120000,8370000,1,1
202601,6,,유성온천역,30200,22,0,0,0,1,0,1,11,04,1,1,350,20,6,0,0,0,2,1,2,1,8,1,1,1,1,1,8,2,3,2,2,0,999,1,1,1,1,1,1,3,3,5700,1,1,0,1,1,1,3,3,5700,1,1,0,1,1,1,3,3,5700,1,1,0,0,1,1,5120000,8370000,1,1
202601,6,,유성온천역,30200,22,0,0,0,1,0,1,21,04,1,1,350,250,7,0,0,0,2,2,4,1,10,2,1,1,1,1,8,2,3,1,1,G,472,3,1,3,4,4,6,4,4,8300,1,1,0,4,4,6,4,4,8300,1,1,0,4,4,6,4,4,8300,1,1,0,2026,3,7,4620000,3020000,1,1
202601,6,,유성온천역,30200,22,0,0,0,1,0,1,21,04,1,1,350,250,7,0,0,0,2,2,4,1,10,2,1,1,1,1,8,2,3,2,1,0,999,3,1,3,4,3,3,4,3,3300,1,1,0,4,3,3,4,3,3300,1,1,0,4,3,3,4,3,3300,1,1,0,2026,3,7,4620000,3020000,1,1
202601,6,,0.비상권,30200,14,0,0,0,1,0,9,31,04,6,1,700,140,2,0,0,0,2,1,2,1,10,1,1,1,1,1,8,2,3,1,1,G,478,2,1,2,5,5,8,6,5,22900,1,1,0,5,5,8,6,5,22900,1,1,0,5,5,8,6,5,22900,1,1,0,2025,3,10,5710000,10050000,1,2
202601,6,,유성온천역,30200,22,0,0,0,1,0,1,21,03,1,1,950,100,6,0,0,0,2,2,4,1,10,2,1,1,1,1,8,2,3,1,1,I,561,4,1,4,4,4,5,4,4,7000,1,1,0,4,4,5,4,4,7000,1,1,0,4,4,5,4,4,7000,1,1,0,2025,4,7,3500000,3330000,1,1
202601,6,,유성온천역,30200,22,0,0,0,1,0,1,21,03,1,1,950,100,6,0,0,0,2,2,4,1,10,2,1,1,1,1,8,2,3,2,1,N,741,3,1,3,3,3,3,3,3,3000,1,1,0,3,3,3,3,3,3000,1,1,0,3,3,3,3,3,3000,1,1,0,2024,3,5,3500000,3330000,1,1
202601,6,,유성온천역,30200,22,0,0,0,1,0,1,21,03,1,1,950,100,6,0,0,0,2,2,4,1,10,2,1,1,1,1,8,2,3,2,2,0,999,3,1,3,1,1,1,3,3,3400,1,1,0,1,1,1,3,3,3400,1,1,0,1,1,1,3,3,3400,1,1,0,0,1,1,3500000,3330000,1,1
202601,6,,유성온천역,30200,22,0,0,0,1,0,1,21,01,8,2,850,200,6,0,0,0,2,2,4,1,9,2,1,2,1,1,8,2,3,1,1,G,477,2,1,2,4,3,5,4,3,6900,1,1,0,4,3,5,4,3,6900,1,1,0,4,3,5,4,3,6900,1,1,0,2026,3,8,3390000,3040000,1,1
202601,6,,유성온천역,30200,22,0,0,0,1,0,1,21,01,8,2,850,200,6,0,0,0,2,2,4,1,9,2,1,2,1,1,8,2,3,1,1,G,463,2,1,2,4,3,5,4,3,6900,1,1,0,4,3,5,4,3,6900,1,1,0,4,3,5,4,3,6900,1,1,0,2025,3,10,3390000,3040000,1,1
202601,6,,유성온천역,30200,22,0,0,0,1,0,1,21,01,8,2,850,200,6,0,0,0,2,2,4,1,9,2,1,2,1,1,8,2,3,2,2,0,999,3,1,4,1,1,1,3,3,2900,1,1,0,1,1,1,3,3,2900,1,1,0,1,1,1,3,3,2900,1,1,0,0,1,1,3390000,3040000,1,1
202601,6,,0.비상권,30200,14,0,0,0,1,0,5,32,04,4,1,950,200,4,0,1,0,3,2,4,1,10,2,1,1,1,1,8,3,3,1,1,I,561,4,1,4,6,6,7,6,6,15900,1,1,0,6,6,7,6,6,15900,1,1,0,6,6,7,6,6,15900,1,1,0,2025,3,10,2460000,6650000,1,1
202601,6,,노은,30200,14,0,0,0,1,0,4,21,03,6,2,260,223,5,0,1,0,2,2,4,1,10,2,1,2,1,1,8,2,3,1,1,S,961,2,1,2,4,4,7,4,4,14400,1,1,0,4,4,7,4,4,14400,1,1,0,4,4,7,4,4,14400,1,1,0,2024,3,10,3500000,2950000,1,1
202601,6,,노은,30200,14,0,0,0,1,0,4,21,03,6,2,260,223,5,0,1,0,2,2,4,1,10,2,1,2,1,1,8,2,3,1,1,S,961,2,1,3,5,4,7,5,4,14800,1,1,0,5,4,7,5,4,14800,1,1,0,5,4,7,5,4,14800,1,1,0,2025,3,10,3500000,2950000,1,1
202601,6,,노은,30200,14,0,0,0,1,0,4,21,03,6,2,260,223,5,0,1,0,2,2,4,1,10,2,1,2,1,1,8,2,3,2,2,0,999,4,1,4,1,1,1,5,4,6100,1,1,0,1,1,1,5,4,6100,1,1,0,1,1,1,5,4,6100,1,1,0,0,1,1,3500000,2950000,1,1
202601,6,,노은,30200,16,0,0,0,1,0,6,31,04,5,1,350,70,6,0,1,0,3,2,4,1,10,2,1,1,1,1,8,3,3,1,1,S,952,3,1,3,5,5,7,5,4,11000,1,1,0,5,5,7,5,4,11000,1,1,0,5,5,7,5,4,11000,1,1,0,2024,3,10,2980000,6750000,1,1
202601,6,,노은,30200,16,0,0,0,1,0,6,31,04,5,1,350,70,6,0,1,0,3,2,4,1,10,2,1,1,1,1,8,3,3,1,1,S,952,3,1,3,6,4,7,6,4,10800,1,1,0,6,4,7,6,4,10800,1,1,0,6,4,7,6,4,10800,1,1,0,2026,3,9,2980000,6750000,1,1
202601,6,,0.비상권,30200,14,0,0,0,1,0,3,11,04,3,1,없음,200,7,0,0,0,3,2,4,1,10,2,1,1,1,1,8,3,3,1,1,I,561,4,1,4,7,6,8,8,6,29000,1,1,0,7,6,8,8,6,29000,1,1,0,7,6,8,8,6,29000,1,1,0,2025,3,9,4740000,18520000,1,1
202601,6,,0.비상권,30200,23,0,300,0,1,0,3,12,04,1,1,없음,50,6,0,0,0,2,1,3,1,10,1,1,1,1,1,8,2,3,1,1,S,952,3,1,3,4,6,8,5,6,26200,1,1,0,4,6,8,5,6,26200,1,1,0,4,6,8,5,6,26200,1,1,0,2025,5,9,3990000,9510000,1,1
202601,6,,노은,30200,16,0,0,0,1,0,6,31,04,5,1,139,105,5,1,0,0,3,2,4,1,9,2,1,1,1,1,8,3,3,1,1,I,561,4,1,4,7,6,8,7,6,28500,1,1,0,7,6,8,7,6,28500,1,1,0,7,6,8,7,6,28500,1,1,0,2025,3,9,5150000,9500000,1,2
202601,6,,노은,30200,16,0,0,0,1,0,6,31,04,5,1,139,105,5,1,0,0,3,2,4,1,9,2,1,1,1,1,8,3,3,2,1,I,561,2,1,2,4,3,7,4,4,13900,1,1,0,4,3,7,4,4,13900,1,1,0,4,3,7,4,4,13900,1,1,0,2025,3,9,5150000,9500000,1,2
202601,6,,0.비상권,30200,14,0,0,0,1,0,4,21,04,6,2,없음,60,7,0,1,0,2,2,4,1,9,2,1,1,1,1,8,2,3,1,1,I,562,4,1,4,4,5,7,4,5,13600,1,1,0,4,5,7,4,5,13600,1,1,0,4,5,7,4,5,13600,1,1,0,2024,5,9,3800000,3220000,1,1
202601,6,,0.비상권,30200,14,0,0,0,1,0,4,21,04,6,2,없음,60,7,0,1,0,2,2,4,1,9,2,1,1,1,1,8,2,3,2,1,I,562,4,1,4,3,4,4,3,4,6200,1,1,0,3,4,4,3,4,6200,1,1,0,3,4,4,3,4,6200,1,1,0,2024,5,9,3800000,3220000,1,1
202601,6,,0.비상권,30200,23,0,300,0,1,0,3,11,03,7,1,없음,500,6,0,0,0,3,2,4,1,10,2,1,1,1,1,8,3,3,1,1,G,472,4,1,4,7,6,7,7,6,15800,1,1,0,7,6,7,7,6,15800,1,1,0,7,6,7,7,6,15800,1,1,0,2022,5,10,3170000,4620000,1,1
202601,6,,0.비상권,30200,14,0,0,0,1,0,5,32,04,6,1,없음,255,6,0,0,0,2,2,4,1,10,2,1,1,1,1,8,2,3,1,1,I,561,4,1,4,6,5,7,7,6,19400,1,1,0,6,5,7,7,6,19400,1,1,0,6,5,7,7,6,19400,1,1,0,2025,3,10,2910000,4910000,1,1
202601,6,,0.비상권,30200,14,0,0,0,1,0,4,12,04,4,1,없음,190,7,0,0,0,2,1,2,1,9,1,1,1,1,1,8,2,3,1,1,S,952,2,1,3,5,4,7,5,4,13400,1,1,0,5,4,7,5,4,13400,1,1,0,5,4,7,5,4,13400,1,1,0,2024,4,8,2860000,9110000,1,1
202601,6,,0.비상권,30230,15,0,0,0,1,0,3,32,03,4,1,없음,120,4,0,0,0,2,1,3,1,10,1,1,1,1,1,8,2,3,1,1,G,471,2,1,2,3,3,7,3,3,14500,1,1,0,3,3,7,3,3,14500,1,1,0,3,3,7,3,3,14500,1,1,0,2024,3,8,1900000,5280000,1,1
202601,6,,0.비상권,30230,15,0,0,0,1,0,3,32,03,4,1,없음,120,4,0,0,0,2,1,3,1,10,1,1,1,1,1,8,2,3,1,6,0,999,2,1,2,1,1,1,3,4,14900,1,1,1,1,1,1,3,4,14900,1,1,1,1,1,1,3,4,14900,1,1,1,0,1,1,1900000,5280000,1,1
202601,6,,0.비상권,30230,14,0,0,0,1,0,8,21,04,6,2,없음,510,5,0,1,0,2,2,4,1,10,1,1,1,1,1,8,2,3,1,1,K,662,2,1,2,4,4,7,4,4,17000,1,1,0,4,4,7,4,4,17000,1,1,0,4,4,7,4,4,17000,1,1,0,2025,3,10,3060000,2770000,1,2
202601,6,,0.비상권,30230,14,0,0,0,1,0,8,21,04,6,2,없음,510,5,0,1,0,2,2,4,1,10,1,1,1,1,1,8,2,3,1,1,I,561,1,1,1,3,4,8,3,4,22600,1,1,0,3,4,8,3,4,22600,1,1,0,3,4,8,3,4,22600,1,1,0,2024,3,10,3060000,2770000,1,2
202601,6,,0.비상권,30230,14,0,0,0,1,0,8,21,04,6,2,없음,510,5,0,1,0,2,2,4,1,10,1,1,1,1,1,8,2,3,2,6,0,999,3,1,3,1,1,1,3,3,6100,1,1,1,1,1,1,3,3,6100,1,1,1,1,1,1,3,3,6100,1,1,1,0,1,1,3060000,2770000,1,2
202601,6,,0.비상권,30230,22,0,120,300,1,0,4,21,04,8,2,없음,70,1,0,0,0,2,2,4,1,10,2,1,1,1,1,8,2,3,1,1,G,478,3,1,3,5,5,7,5,5,16600,1,1,0,5,5,7,5,5,16600,1,1,0,5,5,7,5,5,16600,1,1,0,2025,3,5,3960000,2780000,1,1
202601,6,,0.비상권,30230,22,0,120,300,1,0,4,21,04,8,2,없음,70,1,0,0,0,2,2,4,1,10,2,1,1,1,1,8,2,3,2,1,G,478,3,1,3,3,4,4,3,4,5800,1,1,0,3,4,4,3,4,5800,1,1,0,3,4,4,3,4,5800,1,1,0,2025,3,5,3960000,2780000,1,1
202601,6,,0.비상권,30230,15,0,120,0,1,0,8,32,04,5,1,없음,32,2,0,0,0,1,1,1,1,9,1,1,1,1,1,2,1,3,1,1,I,562,1,1,1,3,3,9,3,3,30600,1,1,0,3,3,9,3,3,30600,1,1,0,3,3,9,3,3,30600,1,1,0,2026,3,10,3480000,3680000,1,3
202601,6,,0.비상권,30230,15,0,120,0,1,0,8,32,04,5,1,없음,32,2,0,0,0,1,1,1,1,9,1,1,1,1,1,2,1,3,2,1,I,562,1,1,1,3,3,7,3,3,14400,1,1,0,3,3,7,3,3,14400,1,1,0,3,3,7,3,3,14400,1,1,0,2026,3,10,3480000,3680000,1,3
202601,6,,0.비상권,30230,14,0,0,0,1,0,8,31,04,6,1,없음,230,7,0,1,0,2,2,4,1,10,2,1,1,1,1,8,2,3,1,1,S,969,4,1,4,4,5,6,4,5,8100,1,1,0,4,5,6,4,5,8100,1,1,0,4,5,6,4,5,8100,1,1,0,2025,3,9,1620000,2710000,1,1
202601,6,,0.비상권,30230,22,0,300,0,1,0,1,21,04,1,1,없음,140,6,0,0,0,2,2,4,1,10,2,1,1,1,1,8,2,3,1,1,I,561,4,1,4,4,4,6,4,5,9900,1,1,0,4,4,6,4,5,9900,1,1,0,4,4,6,4,5,9900,1,1,0,2025,3,10,2410000,2820000,1,1
202601,6,,0.비상권,30230,22,0,300,0,1,0,1,12,04,1,1,없음,200,7,0,0,0,2,1,3,1,9,1,1,1,1,1,8,2,3,1,1,I,561,3,1,3,3,3,5,4,3,6700,1,1,0,3,3,5,4,3,6700,1,1,0,3,3,5,4,3,6700,1,1,0,2026,3,9,1580000,5140000,1,1
202601,6,,0.비상권,30230,22,0,300,0,1,0,6,21,04,3,1,없음,225,7,0,1,0,3,2,4,1,10,2,1,1,1,1,8,3,3,1,1,G,478,4,1,4,4,4,5,5,4,9200,1,1,0,4,4,5,5,4,9200,1,1,0,4,4,5,5,4,9200,1,1,0,2025,3,10,1780000,5260000,1,1
202601,6,,0.비상권,30230,22,0,300,0,1,0,6,21,04,3,1,없음,225,7,0,1,0,3,2,4,1,10,2,1,1,1,1,8,3,3,2,1,0,999,2,1,2,3,3,4,3,3,4800,1,1,0,3,3,4,3,3,4800,1,1,0,3,3,4,3,3,4800,1,1,0,2025,3,8,1780000,5260000,1,1
202601,6,,0.비상권,30230,22,0,120,300,1,0,1,11,03,1,1,없음,60,4,0,0,0,2,2,4,1,10,2,1,1,1,1,8,2,3,1,1,I,561,3,1,3,4,3,5,5,4,9000,1,1,0,4,3,5,5,4,9000,1,1,0,4,3,5,5,4,9000,1,1,0,2025,3,7,3010000,2680000,1,1
202601,6,,0.비상권,30230,22,0,120,300,1,0,1,11,03,1,1,없음,60,4,0,0,0,2,2,4,1,10,2,1,1,1,1,8,2,3,2,1,0,999,2,1,2,4,2,3,3,3,2700,1,1,0,4,2,3,3,3,2700,1,1,0,4,2,3,3,3,2700,1,1,0,2025,3,7,3010000,2680000,1,1
202601,6,,0.비상권,30230,22,0,300,0,1,0,1,51,04,4,1,없음,190,6,0,0,0,2,1,3,1,10,1,1,1,1,1,8,2,3,1,1,I,561,3,1,3,4,3,5,4,4,7300,1,1,0,4,3,5,4,4,7300,1,1,0,4,3,5,4,4,7300,1,1,0,2026,2,6,1560000,4870000,1,1
202601,6,,0.비상권,30230,22,0,120,300,1,0,1,21,04,1,1,없음,30,1,0,0,0,1,2,4,1,10,2,1,1,1,1,8,1,3,1,1,G,472,3,1,3,7,6,10,6,6,38800,1,1,0,7,6,10,6,6,38800,1,1,0,7,6,10,6,6,38800,1,1,0,2024,3,10,5970000,3820000,1,3
202601,6,,0.비상권,30230,22,0,120,300,1,0,1,21,04,1,1,없음,30,1,0,0,0,1,2,4,1,10,2,1,1,1,1,8,1,3,2,1,R,912,3,1,3,5,4,7,5,4,10900,1,1,0,5,4,7,5,4,10900,1,1,0,5,4,7,5,4,10900,1,1,0,2024,3,10,5970000,3820000,1,3
202601,6,,0.비상권,30230,22,0,300,0,1,0,7,11,03,6,1,없음,200,6,0,0,0,2,1,3,1,10,1,1,1,1,1,8,2,3,1,1,R,912,1,1,1,4,3,7,4,3,14300,1,1,0,4,3,7,4,3,14300,1,1,0,4,3,7,4,3,14300,1,1,0,2025,3,9,2360000,4350000,1,1
202601,6,,0.비상권,30230,22,0,300,0,1,0,7,11,03,6,1,없음,200,6,0,0,0,2,1,3,1,10,1,1,1,1,1,8,2,3,1,1,G,467,3,1,3,6,4,7,6,4,10600,1,1,0,6,4,7,6,4,10600,1,1,0,6,4,7,6,4,10600,1,1,0,2025,3,9,2360000,4350000,1,1
202601,6,,성남옥교동,31110,22,0,0,0,1,0,5,32,03,8,1,없음,100,4,0,0,0,2,2,4,1,10,1,1,1,1,1,8,2,3,1,1,G,466,1,1,1,3,3,9,3,3,26200,1,1,0,3,3,9,3,3,26200,1,1,0,3,3,9,3,3,26200,1,1,0,2025,3,6,3110000,4200000,1,1
202601,6,,성남옥교동,31110,22,0,0,0,1,0,5,32,03,8,1,없음,100,4,0,0,0,2,2,4,1,10,1,1,1,1,1,8,2,3,1,2,G,478,3,1,3,1,1,1,6,4,12600,1,1,0,1,1,1,6,4,12600,1,1,0,1,1,1,6,4,12600,1,1,0,0,1,1,3110000,4200000,1,1
202601,6,,성남옥교동,31110,22,0,0,0,1,0,5,32,03,8,1,없음,100,4,0,0,0,2,2,4,1,10,1,1,1,1,1,8,2,3,1,1,S,969,1,1,1,4,3,8,3,3,19900,1,1,0,4,3,8,3,3,19900,1,1,0,4,3,8,3,3,19900,1,1,0,2025,3,10,3110000,4200000,1,1
202601,6,,성남옥교동,31110,22,0,0,0,1,0,4,32,03,8,1,없음,50,4,0,0,0,2,1,3,1,10,1,1,1,1,1,8,2,3,1,1,C,108,3,1,3,4,5,7,4,5,12000,1,1,0,4,5,7,4,5,12000,1,1,0,4,5,7,4,5,12000,1,1,0,2025,3,9,3540000,4650000,2,1
202601,6,,0.비상권,31110,14,0,0,0,1,0,4,32,03,6,1,없음,200,4,0,0,0,2,1,3,1,10,1,1,1,1,1,8,2,3,1,1,R,912,2,1,2,3,3,6,3,3,9200,1,1,0,3,3,6,3,3,9200,1,1,0,3,3,6,3,3,9200,1,1,0,2025,3,9,3100000,5210000,1,1
202601,6,,0.비상권,31110,14,0,0,0,1,0,4,32,03,6,1,없음,200,4,0,0,0,2,1,3,1,10,1,1,1,1,1,8,2,3,1,1,G,466,2,1,2,3,3,6,3,3,9200,1,1,0,3,3,6,3,3,9200,1,1,0,3,3,6,3,3,9200,1,1,0,2025,3,10,3100000,5210000,1,1
202601,6,,성남옥교동,31110,14,0,0,0,1,0,3,11,03,6,1,없음,150,6,0,0,0,2,1,3,1,10,1,1,1,1,1,8,2,3,1,1,J,581,2,1,2,4,3,6,4,3,8300,1,1,0,4,3,6,4,3,8300,1,1,0,4,3,6,4,3,8300,1,1,0,2023,4,7,2600000,4400000,1,1
202601,6,,성남옥교동,31110,14,0,0,0,1,0,3,11,03,6,1,없음,150,6,0,0,0,2,1,3,1,10,1,1,1,1,1,8,2,3,1,1,R,912,2,1,2,4,3,6,4,3,8200,1,1,0,4,3,6,4,3,8200,1,1,0,4,3,6,4,3,8200,1,1,0,2025,3,10,2600000,4400000,1,1
202601,6,,성남옥교동,31110,14,0,0,0,1,0,7,32,04,6,1,없음,170,6,0,0,0,2,1,3,1,10,1,1,1,1,1,8,2,3,1,1,I,561,3,1,3,4,4,6,4,4,8700,1,1,0,4,4,6,4,4,8700,1,1,0,4,4,6,4,4,8700,1,1,0,2024,3,9,2920000,5620000,1,1
202601,6,,성남옥교동,31110,22,0,0,0,1,0,1,51,04,1,1,없음,109,6,0,0,0,2,1,3,1,10,1,1,1,1,1,8,2,3,1,6,0,999,1,1,1,1,1,1,5,4,28200,1,1,1,1,1,1,5,4,28200,1,1,1,1,1,1,5,4,28200,1,1,1,0,1,1,5470000,9600000,1,2
202601,6,,성남옥교동,31110,22,0,0,0,1,0,1,51,04,1,1,없음,109,6,0,0,0,2,1,3,1,10,1,1,1,1,1,8,2,3,1,1,G,474,1,1,1,5,4,9,5,4,28200,1,1,0,5,4,9,5,4,28200,1,1,0,5,4,9,5,4,28200,1,1,0,2026,3,5,5470000,9600000,1,2
202601,6,,성남옥교동,31110,22,0,0,0,1,0,1,51,04,1,1,없음,109,6,0,0,0,2,1,3,1,10,1,1,1,1,1,8,2,3,1,1,G,478,1,1,1,5,4,9,5,4,28200,1,1,0,5,4,9,5,4,28200,1,1,0,5,4,9,5,4,28200,1,1,0,2025,3,9,5470000,9600000,1,2
202601,6,,성남옥교동,31110,22,0,150,0,1,0,1,51,04,1,1,없음,11,4,0,0,0,2,1,2,1,10,1,1,1,1,1,8,2,3,1,1,L,682,1,1,1,3,4,7,3,4,17800,1,1,0,3,4,7,3,4,17800,1,1,0,3,4,7,3,4,17800,1,1,0,2025,3,7,3630000,6240000,1,1
202601,6,,성남옥교동,31110,22,0,150,0,1,0,1,51,04,1,1,없음,11,4,0,0,0,2,1,2,1,10,1,1,1,1,1,8,2,3,1,1,I,561,1,1,1,3,4,7,3,4,17800,1,1,0,3,4,7,3,4,17800,1,1,0,3,4,7,3,4,17800,1,1,0,2026,3,8,3630000,6240000,1,1
202601,6,,성남옥교동,31110,22,0,0,0,1,0,1,51,03,9,1,없음,50,6,0,0,0,1,1,3,1,10,1,1,1,1,1,8,1,3,1,1,I,561,3,1,3,6,5,8,6,5,25900,1,1,0,6,5,8,6,5,25900,1,1,0,6,5,8,6,5,25900,1,1,0,2024,3,10,5340000,6480000,1,2
202601,6,,성남옥교동,31110,22,0,0,0,1,0,1,21,04,10,3,없음,200,7,0,0,0,1,2,4,1,10,2,1,1,1,1,8,1,3,1,1,I,561,2,1,2,4,4,7,4,4,14000,1,1,0,4,4,7,4,4,14000,1,1,0,4,4,7,4,4,14000,1,1,0,2025,3,10,4010000,1970000,1,1
202601,6,,성남옥교동,31110,22,0,0,0,1,0,1,21,04,10,3,없음,200,7,0,0,0,1,2,4,1,10,2,1,1,1,1,8,1,3,1,1,I,561,2,1,2,4,3,7,4,4,13900,1,1,0,4,3,7,4,4,13900,1,1,0,4,3,7,4,4,13900,1,1,0,2024,3,7,4010000,1970000,1,1
202601,6,,성남옥교동,31110,22,0,0,0,1,0,1,21,04,10,3,없음,200,7,0,0,0,1,2,4,1,10,2,1,1,1,1,8,1,3,2,1,I,562,3,1,3,4,4,5,4,4,5800,1,1,0,4,4,5,4,4,5800,1,1,0,4,4,5,4,4,5800,1,1,0,2024,3,8,4010000,1970000,1,1
202601,6,,성남옥교동,31110,22,0,0,0,1,0,1,32,03,1,1,없음,300,4,0,0,0,2,1,3,1,10,1,1,1,1,1,8,2,3,1,2,G,466,1,1,1,1,1,1,3,3,10500,1,1,0,1,1,1,3,3,10500,1,1,0,1,1,1,3,3,10500,1,1,0,0,1,1,3810000,8690000,1,1
202601,6,,성남옥교동,31110,22,0,0,0,1,0,1,32,03,1,1,없음,300,4,0,0,0,2,1,3,1,10,1,1,1,1,1,8,2,3,1,1,S,969,2,1,2,3,4,7,3,4,10600,1,1,0,3,4,7,3,4,10600,1,1,0,3,4,7,3,4,10600,1,1,0,2025,3,8,3810000,8690000,1,1
202601,6,,성남옥교동,31110,22,0,0,0,1,0,2,21,03,7,1,없음,99,4,0,0,0,2,2,4,1,10,2,1,1,1,1,8,2,3,1,1,G,467,2,1,2,5,5,8,5,5,23200,1,1,0,5,5,8,5,5,23200,1,1,0,5,5,8,5,5,23200,1,1,0,2024,3,9,5550000,8050000,2,2
202601,6,,성남옥교동,31110,22,0,0,0,1,0,2,21,03,7,1,없음,99,4,0,0,0,2,2,4,1,10,2,1,1,1,1,8,2,3,1,1,S,961,2,1,2,5,5,8,5,5,23500,1,1,0,5,5,8,5,5,23500,1,1,0,5,5,8,5,5,23500,1,1,0,2025,3,10,5550000,8050000,2,2
202601,6,,성남옥교동,31110,22,0,0,0,1,0,1,21,04,9,2,없음,83,5,0,0,0,1,1,2,1,10,1,1,1,1,1,8,1,3,1,1,G,473,1,1,1,5,4,8,5,4,25600,1,1,0,5,4,8,5,4,25600,1,1,0,5,4,8,5,4,25600,1,1,0,2024,3,9,5930000,3450000,1,4
202601,6,,성남옥교동,31110,22,0,0,0,1,0,1,21,04,9,2,없음,83,5,0,0,0,1,1,2,1,10,1,1,1,1,1,8,1,3,2,1,G,473,1,1,1,4,3,7,4,3,12700,1,1,0,4,3,7,4,3,12700,1,1,0,4,3,7,4,3,12700,1,1,0,2024,3,9,5930000,3450000,1,4
202601,6,,0.비상권,31110,14,0,0,0,1,0,3,21,03,6,1,없음,100,4,0,0,0,3,2,4,2,9,2,1,2,1,1,8,3,3,1,1,G,464,4,1,4,6,5,6,6,5,10900,1,1,0,6,5,6,6,5,10900,1,1,0,6,5,6,6,5,10900,1,1,0,2024,3,10,3650000,3670000,1,1
202601,6,,0.비상권,31110,14,0,0,0,1,0,3,21,03,6,1,없음,100,4,0,0,0,3,2,4,2,9,2,1,2,1,1,8,3,3,2,2,S,951,4,1,4,1,1,1,4,4,4500,1,1,0,1,1,1,4,4,4500,1,1,0,1,1,1,4,4,4500,1,1,0,0,1,1,3650000,3670000,1,1
202601,6,,성남옥교동,31110,22,0,0,0,1,0,1,11,04,1,1,없음,150,6,0,0,0,2,2,4,1,10,2,1,1,1,1,8,2,3,1,1,I,561,4,1,4,6,5,7,6,5,11300,2,1,0,6,5,7,6,5,11300,2,1,0,6,5,7,6,5,11300,2,1,0,2025,3,9,3700000,5090000,1,1
202601,6,,성남옥교동,31110,22,0,0,0,1,0,1,11,04,1,1,없음,150,6,0,0,0,2,2,4,1,10,2,1,1,1,1,8,2,3,1,2,0,999,2,1,2,1,1,1,3,3,5200,1,1,0,1,1,1,3,3,5200,1,1,0,1,1,1,3,3,5200,1,1,0,0,1,1,3700000,5090000,1,1
202601,6,,0.비상권,31110,14,0,0,0,1,0,4,32,03,6,1,없음,80,6,0,1,0,3,2,4,1,10,2,1,1,1,1,8,3,3,1,1,R,911,4,1,4,5,5,6,5,5,8200,1,1,0,5,5,6,5,5,8200,1,1,0,5,5,6,5,5,8200,1,1,0,2025,3,9,2410000,4100000,1,1
202601,6,,성남옥교동,31110,22,0,0,0,1,0,4,32,03,8,1,없음,10,5,0,0,0,2,2,4,1,10,2,1,1,1,1,8,2,3,1,1,G,478,2,1,2,2,4,7,4,3,11200,2,1,0,2,4,7,4,3,11200,2,1,0,2,4,7,4,3,11200,2,1,0,2026,3,8,4180000,5460000,1,2
202601,6,,성남옥교동,31110,22,0,0,0,1,0,4,32,03,8,1,없음,10,5,0,0,0,2,2,4,1,10,2,1,1,1,1,8,2,3,1,1,G,478,1,1,2,2,4,7,2,3,13400,1,1,0,2,4,7,2,3,13400,1,1,0,2,4,7,2,3,13400,1,1,0,2024,3,8,4180000,5460000,1,2
202601,6,,성남옥교동,31110,22,0,0,0,1,0,4,32,03,8,1,없음,10,5,0,0,0,2,2,4,1,10,2,1,1,1,1,8,2,3,1,1,I,561,1,1,1,2,4,7,2,3,13700,1,1,0,2,4,7,2,3,13700,1,1,0,2,4,7,2,3,13700,1,1,0,2026,3,8,4180000,5460000,1,2
202601,6,,성남옥교동,31110,22,0,0,0,1,0,4,32,03,8,1,없음,10,5,0,0,0,2,2,4,1,10,2,1,1,1,1,8,2,3,1,1,I,561,1,1,1,4,3,7,4,3,13800,1,1,0,4,3,7,4,3,13800,1,1,0,4,3,7,4,3,13800,1,1,0,2024,3,9,4180000,5460000,1,2
202601,6,,성남옥교동,31110,22,0,0,0,1,0,4,32,03,8,1,없음,10,5,0,0,0,2,2,4,1,10,2,1,1,1,1,8,2,3,1,1,I,561,1,1,1,4,3,7,4,3,14000,1,1,0,4,3,7,4,3,14000,1,1,0,4,3,7,4,3,14000,1,1,0,2025,3,10,4180000,5460000,1,2
202601,6,,성남옥교동,31110,22,0,0,0,1,0,8,31,04,7,2,없음,20,8,0,1,0,2,2,4,1,10,2,1,1,1,1,8,2,3,1,1,I,561,4,1,4,6,5,7,6,5,12800,2,1,0,6,5,7,6,5,12800,2,1,0,6,5,7,6,5,12800,2,1,0,2025,3,9,5550000,4700000,1,1
202601,6,,성남옥교동,31110,22,0,0,0,1,0,8,31,04,7,2,없음,20,8,0,1,0,2,2,4,1,10,2,1,1,1,1,8,2,3,2,1,I,561,4,1,4,4,4,5,4,4,7000,2,1,0,4,4,5,4,4,7000,2,1,0,4,4,5,4,4,7000,2,1,0,2025,3,9,5550000,4700000,1,1
202601,6,,성남옥교동,31110,14,0,0,0,1,0,5,32,04,6,1,없음,200,7,0,0,0,2,1,2,1,10,1,1,1,1,1,8,2,3,1,1,F,411,2,1,2,3,4,7,3,4,9600,1,1,0,3,4,7,3,4,9600,1,1,0,3,4,7,3,4,9600,1,1,0,2025,3,6,2580000,4660000,1,1
202601,6,,성남옥교동,31110,22,0,0,0,1,0,2,32,04,1,1,없음,117,1,0,0,0,3,2,4,1,10,2,1,1,1,1,8,2,3,1,1,I,561,3,1,3,5,4,5,5,4,7900,1,1,0,5,4,5,5,4,7900,1,1,0,5,4,5,5,4,7900,1,1,0,2025,3,10,3970000,4870000,1,1
202601,6,,성남옥교동,31110,22,0,0,0,1,0,2,32,04,1,1,없음,117,1,0,0,0,3,2,4,1,10,2,1,1,1,1,8,2,3,1,6,0,999,2,1,2,1,1,1,4,3,9600,1,1,1,1,1,1,4,3,9600,1,1,1,1,1,1,4,3,9600,1,1,1,0,1,1,3970000,4870000,1,1
202601,6,,성남옥교동,31110,22,0,0,0,1,0,2,32,04,1,1,없음,117,1,0,0,0,3,2,4,1,10,2,1,1,1,1,8,2,3,2,1,I,561,3,1,3,6,3,4,6,3,5300,1,1,0,6,3,4,6,3,5300,1,1,0,6,3,4,6,3,5300,1,1,0,2024,3,8,3970000,4870000,1,1
202601,6,,성남옥교동,31110,22,0,120,0,1,0,2,11,04,6,1,없음,1,2,0,0,0,2,2,4,1,10,1,1,1,1,1,8,2,3,1,1,S,961,1,1,1,3,3,7,3,3,14500,1,1,0,3,3,7,3,3,14500,1,1,0,3,3,7,3,3,14500,1,1,0,2025,3,9,5850000,6450000,1,1
202601,6,,성남옥교동,31110,22,0,120,0,1,0,2,11,04,6,1,없음,1,2,0,0,0,2,2,4,1,10,1,1,1,1,1,8,2,3,1,1,I,561,2,1,2,3,4,7,3,4,14600,1,1,0,3,4,7,3,4,14600,1,1,0,3,4,7,3,4,14600,1,1,0,2025,3,9,5850000,6450000,1,1
202601,6,,성남옥교동,31110,22,0,120,0,1,0,2,11,04,6,1,없음,1,2,0,0,0,2,2,4,1,10,1,1,1,1,1,8,2,3,2,6,0,999,2,1,2,1,1,1,3,3,8600,1,1,1,1,1,1,3,3,8600,1,1,1,1,1,1,3,3,8600,1,1,1,0,1,1,5850000,6450000,1,1
202601,6,,성남옥교동,31110,22,0,120,0,1,0,2,11,03,1,1,없음,31,2,0,0,0,3,2,4,1,10,2,1,1,1,1,8,3,3,1,1,G,464,1,1,1,4,3,7,4,3,14200,1,1,0,4,3,7,4,3,14200,1,1,0,4,3,7,4,3,14200,1,1,0,2024,3,9,5180000,10300000,1,1
202601,6,,성남옥교동,31110,22,0,120,0,1,0,2,11,03,1,1,없음,31,2,0,0,0,3,2,4,1,10,2,1,1,1,1,8,3,3,1,1,I,561,1,1,1,4,3,7,3,3,14400,1,1,0,4,3,7,3,3,14400,1,1,0,4,3,7,3,3,14400,1,1,0,2025,3,10,5180000,10300000,1,1
202601,6,,성남옥교동,31110,22,0,120,0,1,0,2,11,03,1,1,없음,31,2,0,0,0,3,2,4,1,10,2,1,1,1,1,8,3,3,1,1,G,464,1,1,1,4,3,7,3,3,14300,1,1,0,4,3,7,3,3,14300,1,1,0,4,3,7,3,3,14300,1,1,0,2024,3,9,5180000,10300000,1,1
202601,6,,성남옥교동,31110,22,0,120,0,1,0,2,11,03,1,1,없음,31,2,0,0,0,3,2,4,1,10,2,1,1,1,1,8,3,3,1,1,S,952,2,1,2,5,4,7,5,4,14200,1,1,0,5,4,7,5,4,14200,1,1,0,5,4,7,5,4,14200,1,1,0,2024,3,8,5180000,10300000,1,1
202601,6,,성남옥교동,31110,22,0,120,0,1,0,2,11,03,1,1,없음,31,2,0,0,0,3,2,4,1,10,2,1,1,1,1,8,3,3,1,1,I,562,1,1,1,3,3,7,3,3,14700,1,1,0,3,3,7,3,3,14700,1,1,0,3,3,7,3,3,14700,1,1,0,2025,3,10,5180000,10300000,1,1
202601,6,,성남옥교동,31110,22,0,0,0,1,0,3,21,04,6,2,없음,30,6,0,1,0,2,2,4,1,10,2,1,1,1,1,8,2,3,1,1,I,561,4,1,4,4,4,5,6,4,9000,1,1,0,4,4,5,6,4,9000,1,1,0,4,4,5,6,4,9000,1,1,0,2025,3,10,3300000,3130000,2,1
202601,6,,성남옥교동,31110,22,0,0,0,1,0,3,21,04,6,2,없음,30,6,0,1,0,2,2,4,1,10,2,1,1,1,1,8,2,3,2,1,0,999,3,1,4,6,3,4,6,3,4900,1,1,0,6,3,4,6,3,4900,1,1,0,6,3,4,6,3,4900,1,1,0,2024,3,7,3300000,3130000,2,1
202601,6,,성남옥교동,31110,22,0,0,0,1,0,1,11,03,1,1,없음,50,1,0,0,0,2,2,4,1,10,2,1,1,1,1,8,2,3,1,1,S,961,3,1,3,3,4,7,5,4,10900,1,1,0,3,4,7,5,4,10900,1,1,0,3,4,7,5,4,10900,1,1,0,2025,3,9,4450000,3820000,1,1
202601,6,,성남옥교동,31110,22,0,0,0,1,0,1,11,03,1,1,없음,50,1,0,0,0,2,2,4,1,10,2,1,1,1,1,8,2,3,2,1,S,961,3,1,3,3,4,6,4,4,7800,1,1,0,3,4,6,4,4,7800,1,1,0,3,4,6,4,4,7800,1,1,0,2025,3,9,4450000,3820000,1,1
202601,6,,성남옥교동,31110,22,0,0,0,1,0,1,11,03,1,1,없음,43,8,0,0,0,2,2,4,1,9,2,1,1,1,1,8,2,3,1,1,G,472,4,1,4,6,5,6,6,5,8300,2,1,0,6,5,6,6,5,8300,2,1,0,6,5,6,6,5,8300,2,1,0,2025,3,5,2800000,3120000,1,1
202601,6,,성남옥교동,31110,22,0,0,0,1,0,1,11,03,1,1,없음,43,8,0,0,0,2,2,4,1,9,2,1,1,1,1,8,2,3,2,2,0,999,3,1,3,1,1,1,6,3,5000,2,1,0,1,1,1,6,3,5000,2,1,0,1,1,1,6,3,5000,2,1,0,0,1,1,2800000,3120000,1,1
202601,6,,성남옥교동,31110,14,0,0,0,1,0,7,31,03,3,1,없음,54,5,0,1,0,3,2,4,1,9,2,1,1,1,1,8,3,3,1,1,S,952,4,1,4,5,5,7,5,5,13700,1,1,0,5,5,7,5,5,13700,1,1,0,5,5,7,5,5,13700,1,1,0,2024,3,10,3210000,5330000,1,1
202601,6,,성남옥교동,31110,14,0,0,0,1,0,7,31,03,3,1,없음,54,5,0,1,0,3,2,4,1,9,2,1,1,1,1,8,3,3,2,1,S,952,4,1,4,6,3,3,6,4,5100,1,1,0,6,3,3,6,4,5100,1,1,0,6,3,3,6,4,5100,1,1,0,2024,3,10,3210000,5330000,1,1
202601,6,,성남옥교동,31110,22,0,0,0,1,0,3,32,03,6,1,없음,50,7,0,0,0,3,2,4,1,10,2,1,1,1,1,8,3,3,1,1,G,472,4,1,4,7,6,7,7,6,10900,4,1,0,7,6,7,7,6,10900,4,1,0,7,6,7,7,6,10900,4,1,0,2023,4,9,3920000,7040000,2,1
202601,6,,성남옥교동,31110,22,0,0,0,1,0,3,32,04,6,1,없음,69,1,0,0,0,2,2,4,1,10,2,1,1,1,1,8,2,3,1,1,L,682,2,1,2,4,3,7,4,3,9800,1,1,0,4,3,7,4,3,9800,1,1,0,4,3,7,4,3,9800,1,1,0,2025,3,8,3920000,6790000,1,2
202601,6,,성남옥교동,31110,22,0,0,0,1,0,3,32,04,6,1,없음,69,1,0,0,0,2,2,4,1,10,2,1,1,1,1,8,2,3,1,1,S,961,2,1,2,4,3,6,4,3,9800,1,1,0,4,3,6,4,3,9800,1,1,0,4,3,6,4,3,9800,1,1,0,2025,3,10,3920000,6790000,1,2
202601,6,,성남옥교동,31110,22,0,0,0,1,0,3,32,04,6,1,없음,69,1,0,0,0,2,2,4,1,10,2,1,1,1,1,8,2,3,1,1,R,912,2,1,2,4,3,7,4,3,10000,1,1,0,4,3,7,4,3,10000,1,1,0,4,3,7,4,3,10000,1,1,0,2025,3,9,3920000,6790000,1,2
202601,6,,성남옥교동,31110,14,0,0,0,1,0,3,32,03,6,1,없음,200,7,0,0,0,2,1,3,1,10,1,1,1,1,1,8,2,3,1,1,G,474,3,1,3,4,3,4,4,4,6800,1,1,0,4,3,4,4,4,6800,1,1,0,4,3,4,4,4,6800,1,1,0,2024,3,10,2670000,4880000,1,2
202601,6,,성남옥교동,31110,14,0,0,0,1,0,5,31,03,6,2,없음,200,7,0,1,0,2,2,4,2,9,2,2,1,1,1,8,2,3,1,1,I,561,4,1,4,5,5,6,5,5,9000,1,1,0,5,5,6,5,5,9000,1,1,0,5,5,6,5,5,9000,1,1,0,2025,3,10,2990000,2540000,1,1
202601,6,,성남옥교동,31110,14,0,0,0,1,0,5,31,03,6,2,없음,200,7,0,1,0,2,2,4,2,9,2,2,1,1,1,8,2,3,2,6,0,999,4,1,4,1,1,1,4,4,5000,1,1,1,1,1,1,4,4,5000,1,1,1,1,1,1,4,4,5000,1,1,1,0,1,1,2990000,2540000,1,1
202601,6,,성남옥교동,31110,14,0,0,0,1,0,5,32,03,6,1,없음,200,6,0,0,0,2,2,4,1,10,2,1,1,1,1,8,2,3,1,1,S,961,2,1,2,3,3,7,3,3,9000,1,1,0,3,3,7,3,3,9000,1,1,0,3,3,7,3,3,9000,1,1,0,2024,3,10,2630000,4550000,1,1
202601,6,,성남옥교동,31110,14,0,0,0,1,0,5,32,03,6,1,없음,200,6,0,0,0,2,2,4,1,10,2,1,1,1,1,8,2,3,1,1,G,466,2,1,2,3,3,7,3,3,9000,1,1,0,3,3,7,3,3,9000,1,1,0,3,3,7,3,3,9000,1,1,0,2025,3,10,2630000,4550000,1,1
202601,6,,성남옥교동,31110,14,0,0,0,1,0,5,32,03,6,1,없음,200,6,0,0,0,2,2,4,1,10,2,1,1,1,1,8,2,3,1,1,G,474,2,1,2,3,3,7,3,3,9000,1,1,0,3,3,7,3,3,9000,1,1,0,3,3,7,3,3,9000,1,1,0,2025,3,10,2630000,4550000,1,1
202601,6,,성남옥교동,31110,14,0,0,0,1,0,3,11,03,6,1,없음,100,5,0,0,0,2,2,4,1,10,2,1,1,1,1,8,2,3,1,1,D,352,3,1,3,4,4,7,4,4,10000,1,1,0,4,4,7,4,4,10000,1,1,0,4,4,7,4,4,10000,1,1,0,2025,3,9,3250000,3440000,1,1
202601,6,,성남옥교동,31110,14,0,0,0,1,0,3,11,03,6,1,없음,100,5,0,0,0,2,2,4,1,10,2,1,1,1,1,8,2,3,2,1,D,352,3,1,3,3,4,6,3,4,6900,1,1,0,3,4,6,3,4,6900,1,1,0,3,4,6,3,4,6900,1,1,0,2025,3,9,3250000,3440000,1,1
202601,6,,0.비상권,31140,14,0,0,0,1,0,7,32,04,6,1,없음,200,7,0,1,0,2,1,3,1,10,1,1,1,1,1,8,2,3,1,1,G,478,3,1,3,6,4,7,6,4,12300,1,1,0,6,4,7,6,4,12300,1,1,0,6,4,7,6,4,12300,1,1,0,2024,3,9,2660000,4450000,1,1
202601,6,,울산대,31140,14,0,0,0,1,0,4,21,03,6,1,없음,300,6,0,0,0,2,1,3,1,10,1,1,1,1,1,8,2,3,1,1,I,561,3,1,3,5,5,7,5,5,14200,1,1,0,5,5,7,5,5,14200,1,1,0,5,5,7,5,5,14200,1,1,0,2024,3,9,3570000,6040000,1,2
202601,6,,울산대,31140,14,0,0,0,1,0,3,32,04,6,1,없음,70,7,0,0,0,2,1,3,1,10,1,1,1,1,1,8,2,3,1,1,I,561,2,1,2,3,3,4,3,3,6400,1,1,0,3,3,4,3,3,6400,1,1,0,3,3,4,3,3,6400,1,1,0,2025,3,10,3330000,5580000,1,2
202601,6,,울산대,31140,14,0,0,0,1,0,3,32,04,6,1,없음,70,7,0,0,0,2,1,3,1,10,1,1,1,1,1,8,2,3,1,1,I,561,2,1,2,3,3,4,3,3,7200,1,1,0,3,3,4,3,3,7200,1,1,0,3,3,4,3,3,7200,1,1,0,2025,2,9,3330000,5580000,1,2
202601,6,,울산대,31140,14,0,0,0,1,0,5,21,04,3,1,없음,33,1,0,0,0,3,1,3,1,10,1,1,1,1,1,8,3,3,1,1,G,462,2,1,2,4,4,7,4,4,15800,1,1,0,4,4,7,4,4,15800,1,1,0,4,4,7,4,4,15800,1,1,0,2024,3,6,5850000,21890000,1,1
202601,6,,울산대,31140,14,0,0,0,1,0,5,21,04,3,1,없음,33,1,0,0,0,3,1,3,1,10,1,1,1,1,1,8,3,3,1,6,0,999,2,1,2,1,1,1,4,4,17600,1,1,1,1,1,1,4,4,17600,1,1,1,1,1,1,4,4,17600,1,1,1,0,1,1,5850000,21890000,1,1
202601,6,,울산대,31140,16,0,0,0,1,0,4,51,04,6,2,없음,72,7,0,1,0,2,2,4,1,10,1,2,1,1,1,8,2,3,1,6,0,999,3,1,3,1,1,1,5,5,20900,1,1,1,1,1,1,5,5,20900,1,1,1,1,1,1,5,5,20900,1,1,1,0,1,1,6390000,5330000,1,1
202601,6,,울산대,31140,16,0,0,0,1,0,4,51,04,6,2,없음,72,7,0,1,0,2,2,4,1,10,1,2,1,1,1,8,2,3,1,1,I,562,3,1,3,6,5,7,6,4,13300,1,1,0,6,5,7,6,4,13300,1,1,0,6,5,7,6,4,13300,1,1,0,2025,4,9,6390000,5330000,1,1
202601,6,,울산대,31140,16,0,0,0,1,0,4,51,04,6,2,없음,72,7,0,1,0,2,2,4,1,10,1,2,1,1,1,8,2,3,2,6,0,999,4,1,4,1,1,1,4,3,3400,1,1,1,1,1,1,4,3,3400,1,1,1,1,1,1,4,3,3400,1,1,1,0,1,1,6390000,5330000,1,1
202601,6,,울산대,31140,16,0,0,0,1,0,3,11,03,1,1,없음,40,2,0,0,0,2,1,3,1,10,1,1,1,1,1,8,2,3,1,6,0,999,2,1,2,1,1,1,5,4,20500,1,1,1,1,1,1,5,4,20500,1,1,1,1,1,1,5,4,20500,1,1,1,0,1,1,4950000,8040000,1,2
202601,6,,울산대,31140,16,0,0,0,1,0,3,11,03,1,1,없음,40,2,0,0,0,2,1,3,1,10,1,1,1,1,1,8,2,3,1,6,0,999,2,1,2,1,1,1,5,4,20400,1,1,1,1,1,1,5,4,20400,1,1,1,1,1,1,5,4,20400,1,1,1,0,1,1,4950000,8040000,1,2
202601,6,,울산대,31140,14,0,0,0,1,0,7,21,03,6,2,없음,65,6,0,1,0,2,2,4,1,9,2,1,1,1,1,8,2,3,1,1,P,855,3,1,4,6,5,7,6,5,13000,1,1,0,6,5,7,6,5,13000,1,1,0,6,5,7,6,5,13000,1,1,0,2025,3,9,4560000,4130000,1,1
202601,6,,울산대,31140,14,0,0,0,1,0,7,21,03,6,2,없음,65,6,0,1,0,2,2,4,1,9,2,1,1,1,1,8,2,3,2,1,P,855,3,1,4,5,3,4,5,3,5900,1,1,0,5,3,4,5,3,5900,1,1,0,5,3,4,5,3,5900,1,1,0,2025,3,9,4560000,4130000,1,1
202601,6,,울산대,31140,14,0,0,0,1,0,4,32,03,6,1,없음,59,6,0,0,0,2,2,4,1,10,2,1,1,1,1,8,2,3,1,1,I,562,2,1,2,6,5,8,5,5,25600,1,1,0,6,5,8,5,5,25600,1,1,0,6,5,8,5,5,25600,1,1,0,2025,3,9,3980000,6640000,1,2
202601,6,,울산대,31140,14,0,0,0,1,0,4,32,03,6,1,없음,59,6,0,0,0,2,2,4,1,10,2,1,1,1,1,8,2,3,1,1,I,561,2,1,2,5,5,8,5,5,22500,1,1,0,5,5,8,5,5,22500,1,1,0,5,5,8,5,5,22500,1,1,0,2025,2,7,3980000,6640000,1,2
202601,6,,울산대,31140,14,0,0,0,1,0,2,21,03,6,2,없음,160,6,0,0,0,2,2,4,1,10,2,1,1,1,1,8,2,3,1,1,I,562,4,1,4,6,6,8,6,6,25800,1,1,0,6,6,8,6,6,25800,1,1,0,6,6,8,6,6,25800,1,1,0,2024,3,9,5580000,5300000,1,1
202601,6,,울산대,31140,14,0,0,0,1,0,2,21,03,6,2,없음,160,6,0,0,0,2,2,4,1,10,2,1,1,1,1,8,2,3,2,1,I,562,3,1,3,5,5,7,5,5,11600,1,1,0,5,5,7,5,5,11600,1,1,0,5,5,7,5,5,11600,1,1,0,2025,3,7,5580000,5300000,1,1
202601,6,,울산대,31140,22,0,0,0,1,0,3,32,03,7,1,없음,300,6,0,0,0,2,2,4,1,10,2,1,1,1,1,8,2,3,1,1,I,561,3,1,3,6,5,7,6,5,13100,1,1,0,6,5,7,6,5,13100,1,1,0,6,5,7,6,5,13100,1,1,0,2026,2,9,2730000,4450000,1,1
202601,6,,울산대,31140,22,0,0,0,1,0,3,32,03,7,1,없음,300,6,0,0,0,2,2,4,1,10,2,1,1,1,1,8,2,3,1,1,I,561,3,1,3,5,4,7,5,5,12900,1,1,0,5,4,7,5,5,12900,1,1,0,5,4,7,5,5,12900,1,1,0,2025,3,10,2730000,4450000,1,1
202601,6,,울산대,31140,22,0,0,0,1,0,8,21,03,7,1,없음,210,7,0,1,0,2,2,4,1,10,2,1,1,1,1,8,2,3,1,1,I,562,4,1,4,6,5,8,6,5,18200,1,1,0,6,5,8,6,5,18200,1,1,0,6,5,8,6,5,18200,1,1,0,2025,2,9,5290000,5480000,1,2
202601,6,,울산대,31140,22,0,0,0,1,0,8,21,03,7,1,없음,210,7,0,1,0,2,2,4,1,10,2,1,1,1,1,8,2,3,2,1,S,961,2,1,2,3,3,7,3,3,10700,1,1,0,3,3,7,3,3,10700,1,1,0,3,3,7,3,3,10700,1,1,0,2025,2,10,5290000,5480000,1,2
202601,6,,0.비상권,31140,22,0,0,0,1,0,3,11,03,8,2,없음,100,3,0,0,0,2,2,4,1,10,2,1,1,1,1,8,2,3,1,1,G,474,3,1,3,6,6,9,6,6,33500,1,1,0,6,6,9,6,6,33500,1,1,0,6,6,9,6,6,33500,1,1,0,2026,3,9,7110000,7000000,1,1
202601,6,,0.비상권,31140,22,0,0,0,1,0,3,11,03,8,2,없음,100,3,0,0,0,2,2,4,1,10,2,1,1,1,1,8,2,3,1,1,G,474,3,1,3,6,6,9,6,6,32400,1,1,0,6,6,9,6,6,32400,1,1,0,6,6,9,6,6,32400,1,1,0,2024,3,8,7110000,7000000,1,1
202601,6,,0.비상권,31140,22,0,0,0,1,0,3,11,03,8,2,없음,100,3,0,0,0,2,2,4,1,10,2,1,1,1,1,8,2,3,2,2,0,999,3,1,3,1,1,1,5,3,6700,1,1,0,1,1,1,5,3,6700,1,1,0,1,1,1,5,3,6700,1,1,0,0,1,1,7110000,7000000,1,1
202601,6,,신정동,31140,22,0,0,0,1,0,8,32,03,6,1,없음,120,6,0,0,0,1,1,2,1,10,1,1,1,1,1,8,1,3,1,1,I,561,2,1,2,4,4,7,4,4,20600,1,1,0,4,4,7,4,4,20600,1,1,0,4,4,7,4,4,20600,1,1,0,2026,3,9,3940000,6760000,1,1
202601,6,,신정동,31140,22,0,0,0,1,0,7,32,03,7,1,없음,170,7,0,1,0,3,2,4,1,10,2,1,1,1,1,8,3,3,1,1,G,472,4,1,4,6,6,7,7,6,12100,1,1,0,6,6,7,7,6,12100,1,1,0,6,6,7,7,6,12100,1,1,0,2025,3,8,3780000,5450000,1,1
202601,6,,신정동,31140,22,0,0,0,1,0,1,21,04,8,2,없음,140,6,0,0,0,2,2,4,1,9,1,1,1,1,1,8,2,3,1,1,I,561,2,1,2,4,3,5,4,3,7000,1,1,0,4,3,5,4,3,7000,1,1,0,4,3,5,4,3,7000,1,1,0,2024,3,8,2930000,2350000,1,1
202601,6,,신정동,31140,22,0,0,0,1,0,1,21,04,8,2,없음,140,6,0,0,0,2,2,4,1,9,1,1,1,1,1,8,2,3,1,2,G,475,1,1,1,1,1,1,3,3,8300,1,1,0,1,1,1,3,3,8300,1,1,0,1,1,1,3,3,8300,1,1,0,0,1,1,2930000,2350000,1,1
202601,6,,신정동,31140,22,0,0,0,1,0,1,21,04,8,2,없음,140,6,0,0,0,2,2,4,1,9,1,1,1,1,1,8,2,3,2,2,0,999,2,1,3,1,1,1,3,3,5000,1,1,0,1,1,1,3,3,5000,1,1,0,1,1,1,3,3,5000,1,1,0,0,1,1,2930000,2350000,1,1
202601,6,,신정동,31140,22,0,0,0,1,0,6,32,04,8,1,없음,50,5,0,0,0,2,2,4,1,10,2,1,1,1,1,8,2,3,1,1,I,561,3,1,3,5,5,8,5,5,24000,1,1,0,5,5,8,5,5,24000,1,1,0,5,5,8,5,5,24000,1,1,0,2024,3,10,5400000,6810000,1,2
202601,6,,신정동,31140,22,0,0,0,1,0,6,32,04,8,1,없음,50,5,0,0,0,2,2,4,1,10,2,1,1,1,1,8,2,3,1,1,L,682,2,1,2,4,4,8,4,4,24400,1,1,0,4,4,8,4,4,24400,1,1,0,4,4,8,4,4,24400,1,1,0,2025,3,10,5400000,6810000,1,2
202601,6,,신정동,31140,22,0,0,0,1,0,1,11,03,1,1,없음,80,4,0,0,0,2,2,4,1,10,2,1,1,1,1,8,2,3,1,1,L,682,1,1,1,4,4,7,4,4,18800,1,1,0,4,4,7,4,4,18800,1,1,0,4,4,7,4,4,18800,1,1,0,2024,3,7,4640000,3900000,1,2
202601,6,,신정동,31140,22,0,0,0,1,0,1,11,03,1,1,없음,80,4,0,0,0,2,2,4,1,10,2,1,1,1,1,8,2,3,1,1,G,475,1,1,1,4,4,7,4,4,18500,1,1,0,4,4,7,4,4,18500,1,1,0,4,4,7,4,4,18500,1,1,0,2024,3,7,4640000,3900000,1,2
202601,6,,신정동,31140,22,0,0,0,1,0,1,11,03,1,1,없음,80,4,0,0,0,2,2,4,1,10,2,1,1,1,1,8,2,3,1,1,R,912,1,1,1,4,4,8,4,4,18400,1,1,0,4,4,8,4,4,18400,1,1,0,4,4,8,4,4,18400,1,1,0,2026,3,10,4640000,3900000,1,2
202601,6,,신정동,31140,22,0,0,0,1,0,1,11,03,1,1,없음,80,4,0,0,0,2,2,4,1,10,2,1,1,1,1,8,2,3,2,1,S,949,3,1,3,4,4,5,5,4,8300,1,1,0,4,4,5,5,4,8300,1,1,0,4,4,5,5,4,8300,1,1,0,2024,3,7,4640000,3900000,1,2
202601,6,,신정동,31140,22,0,0,0,1,1,1,21,04,1,1,없음,130,1,0,0,0,2,2,4,1,10,2,1,1,1,1,8,2,3,-1,1,R,912,2,1,3,3,3,5,3,3,6100,1,1,0,3,3,5,3,3,6100,1,1,0,3,3,5,3,3,6100,1,1,0,2024,3,8,5750000,4080000,1,1
202601,6,,신정동,31140,22,0,0,0,1,1,1,21,04,1,1,없음,130,1,0,0,0,2,2,4,1,10,2,1,1,1,1,8,2,3,1,1,I,562,4,1,4,6,4,6,6,4,8800,1,1,0,6,4,6,6,4,8800,1,1,0,6,4,6,6,4,8800,1,1,0,2025,3,8,5750000,4080000,1,1
202601,6,,신정동,31140,22,0,0,0,1,1,1,21,04,1,1,없음,130,1,0,0,0,2,2,4,1,10,2,1,1,1,1,8,2,3,2,1,R,912,3,1,3,3,3,4,3,3,5700,1,1,0,3,3,4,3,3,5700,1,1,0,3,3,4,3,3,5700,1,1,0,2025,3,9,5750000,4080000,1,1
202601,6,,신정동,31140,22,0,0,0,1,0,5,21,04,8,2,없음,60,7,0,1,0,2,2,4,1,10,2,1,1,1,1,8,2,3,1,1,R,912,4,1,4,4,4,6,4,4,9200,1,1,0,4,4,6,4,4,9200,1,1,0,4,4,6,4,4,9200,1,1,0,2024,3,10,3900000,2930000,1,1
202601,6,,신정동,31140,22,0,0,0,1,0,5,21,04,8,2,없음,60,7,0,1,0,2,2,4,1,10,2,1,1,1,1,8,2,3,2,2,0,999,3,1,3,1,1,1,5,3,5200,1,1,0,1,1,1,5,3,5200,1,1,0,1,1,1,5,3,5200,1,1,0,0,1,1,3900000,2930000,1,1
202601,6,,신정동,31140,22,0,0,0,1,0,1,11,03,6,1,없음,102,8,0,0,0,2,2,4,1,10,2,1,1,1,1,8,2,3,1,1,I,561,4,1,4,4,3,3,4,3,4400,1,1,0,4,3,3,4,3,4400,1,1,0,4,3,3,4,3,4400,1,1,0,2025,3,9,2950000,5400000,1,1
202601,6,,신정동,31140,16,0,0,0,1,0,8,32,04,7,1,없음,102,6,0,0,0,2,2,4,1,10,2,1,1,1,1,8,2,3,1,1,I,561,4,1,4,6,5,7,6,5,15100,1,1,0,6,5,7,6,5,15100,1,1,0,6,5,7,6,5,15100,1,1,0,2026,3,9,4060000,6330000,1,1
202601,6,,신정동,31140,14,0,0,0,1,0,6,32,04,6,2,없음,49,7,0,0,0,1,1,3,1,10,1,1,1,1,1,8,1,3,1,1,G,472,2,1,2,4,4,8,4,4,23300,1,1,0,4,4,8,4,4,23300,1,1,0,4,4,8,4,4,23300,1,1,0,2024,3,9,4370000,4080000,1,2
202601,6,,신정동,31140,14,0,0,0,1,0,6,32,04,6,2,없음,49,7,0,0,0,1,1,3,1,10,1,1,1,1,1,8,1,3,2,1,P,856,2,1,2,5,3,7,5,3,12100,1,1,0,5,3,7,5,3,12100,1,1,0,5,3,7,5,3,12100,1,1,0,2025,3,9,4370000,4080000,1,2
202601,6,,신정동,31140,14,0,0,0,1,0,7,32,03,6,1,없음,155,6,0,1,0,2,1,3,1,10,1,1,1,1,1,8,2,3,1,1,G,474,3,1,3,4,4,6,4,4,10700,1,1,0,4,4,6,4,4,10700,1,1,0,4,4,6,4,4,10700,1,1,0,2025,2,10,3880000,6770000,1,1
202601,6,,신정동,31140,15,0,0,0,1,0,4,21,04,6,1,없음,500,7,0,0,0,2,2,4,1,10,1,1,1,1,1,8,2,3,1,1,G,472,3,1,3,6,5,7,5,5,18700,1,1,0,6,5,7,5,5,18700,1,1,0,6,5,7,5,5,18700,1,1,0,2024,3,8,4580000,4710000,1,1
202601,6,,신정동,31140,15,0,0,0,1,0,4,21,04,6,1,없음,500,7,0,0,0,2,2,4,1,10,1,1,1,1,1,8,2,3,2,6,0,999,2,1,3,1,1,1,4,4,13300,1,1,1,1,1,1,4,4,13300,1,1,1,1,1,1,4,4,13300,1,1,1,0,1,1,4580000,4710000,1,1
202601,6,,신정동,31140,15,0,0,0,1,0,7,31,03,5,1,없음,400,6,0,1,0,2,2,4,1,10,2,1,1,1,1,8,2,3,1,1,I,561,3,1,3,6,5,7,6,5,21100,1,1,0,6,5,7,6,5,21100,1,1,0,6,5,7,6,5,21100,1,1,0,2024,3,10,4590000,4700000,1,1
202601,6,,신정동,31140,15,0,0,0,1,0,7,31,03,5,1,없음,400,6,0,1,0,2,2,4,1,10,2,1,1,1,1,8,2,3,2,1,I,562,3,1,3,4,4,6,4,4,9900,1,1,0,4,4,6,4,4,9900,1,1,0,4,4,6,4,4,9900,1,1,0,2024,3,10,4590000,4700000,1,1
202601,6,,신정동,31140,14,0,0,0,1,0,3,11,03,1,1,없음,140,7,0,0,0,3,2,4,1,10,2,1,1,1,1,8,3,3,1,1,G,475,1,1,2,3,3,7,3,3,13900,1,1,0,3,3,7,3,3,13900,1,1,0,3,3,7,3,3,13900,1,1,0,2025,3,8,4000000,6840000,1,2
202601,6,,신정동,31140,14,0,0,0,1,0,3,11,03,1,1,없음,140,7,0,0,0,3,2,4,1,10,2,1,1,1,1,8,3,3,1,1,I,561,2,1,2,3,4,7,3,4,11000,1,1,0,3,4,7,3,4,11000,1,1,0,3,4,7,3,4,11000,1,1,0,2024,3,10,4000000,6840000,1,2
202601,6,,신정동,31140,14,0,0,0,1,0,3,11,03,1,1,없음,140,7,0,0,0,3,2,4,1,10,2,1,1,1,1,8,3,3,1,1,S,953,1,1,1,3,3,7,3,3,13100,1,1,0,3,3,7,3,3,13100,1,1,0,3,3,7,3,3,13100,1,1,0,2024,3,10,4000000,6840000,1,2
202601,6,,신정동,31140,14,0,0,0,1,0,3,11,03,1,1,없음,140,7,0,0,0,3,2,4,1,10,2,1,1,1,1,8,3,3,1,1,S,961,1,1,1,3,3,7,3,3,13800,1,1,0,3,3,7,3,3,13800,1,1,0,3,3,7,3,3,13800,1,1,0,2025,3,10,4000000,6840000,1,2
202601,6,,신정동,31140,14,0,0,0,1,0,3,11,03,1,1,없음,140,7,0,0,0,3,2,4,1,10,2,1,1,1,1,8,3,3,1,1,S,961,1,1,1,3,3,7,3,3,13600,1,1,0,3,3,7,3,3,13600,1,1,0,3,3,7,3,3,13600,1,1,0,2024,3,9,4000000,6840000,1,2
202601,6,,신정동,31140,14,0,0,0,1,0,8,32,04,6,1,없음,85,6,0,0,0,2,1,3,1,9,1,1,1,1,1,8,2,3,1,1,G,474,1,1,1,4,4,8,4,4,25000,1,1,0,4,4,8,4,4,25000,1,1,0,4,4,8,4,4,25000,1,1,0,2024,3,10,4090000,6880000,1,2
202601,6,,신정동,31140,14,0,0,0,1,0,8,32,04,6,1,없음,85,6,0,0,0,2,1,3,1,9,1,1,1,1,1,8,2,3,1,1,I,561,1,1,1,4,4,8,4,4,23600,1,1,0,4,4,8,4,4,23600,1,1,0,4,4,8,4,4,23600,1,1,0,2025,3,10,4090000,6880000,1,2
202601,6,,신정동,31140,14,0,0,0,1,0,8,32,04,6,1,없음,85,6,0,0,0,2,1,3,1,9,1,1,1,1,1,8,2,3,1,1,L,682,1,1,1,4,3,7,4,4,24000,1,1,0,4,3,7,4,4,24000,1,1,0,4,3,7,4,4,24000,1,1,0,2025,2,10,4090000,6880000,1,2
202601,6,,삼산동,31140,16,0,0,0,1,0,2,11,03,5,1,없음,5,1,0,0,0,2,2,4,1,10,2,1,1,1,1,8,2,3,1,1,I,561,2,1,2,4,4,7,4,4,14000,1,1,0,4,4,7,4,4,14000,1,1,0,4,4,7,4,4,14000,1,1,0,2024,3,9,4760000,9760000,1,2
202601,6,,삼산동,31140,16,0,0,0,1,0,2,11,03,5,1,없음,5,1,0,0,0,2,2,4,1,10,2,1,1,1,1,8,2,3,1,1,I,562,3,1,3,5,5,7,5,5,14500,1,1,0,5,5,7,5,5,14500,1,1,0,5,5,7,5,5,14500,1,1,0,2025,3,10,4760000,9760000,1,2
202601,6,,삼산동,31140,16,0,0,0,1,0,5,32,03,7,1,없음,35,7,0,0,0,2,2,4,1,10,2,1,1,1,1,8,2,3,1,1,I,561,2,1,2,4,4,7,4,4,9700,1,1,0,4,4,7,4,4,9700,1,1,0,4,4,7,4,4,9700,1,1,0,2025,3,8,4540000,6730000,1,2
202601,6,,삼산동,31140,16,0,0,0,1,0,5,32,03,7,1,없음,35,7,0,0,0,2,2,4,1,10,2,1,1,1,1,8,2,3,1,1,R,912,2,1,2,4,4,7,4,4,11300,1,1,0,4,4,7,4,4,11300,1,1,0,4,4,7,4,4,11300,1,1,0,2025,3,10,4540000,6730000,1,2
202601,6,,삼산동,31140,14,0,0,0,1,0,2,11,03,1,1,없음,125,6,0,0,0,2,2,4,1,10,1,1,1,1,1,8,2,3,1,1,L,681,2,1,2,3,3,6,3,3,8300,1,1,0,3,3,6,3,3,8300,1,1,0,3,3,6,3,3,8300,1,1,0,2024,3,9,3270000,3230000,1,1
202601,6,,삼산동,31140,14,0,0,0,1,0,2,11,03,1,1,없음,125,6,0,0,0,2,2,4,1,10,1,1,1,1,1,8,2,3,1,1,S,961,2,1,2,3,3,6,3,3,10600,1,1,0,3,3,6,3,3,10600,1,1,0,3,3,6,3,3,10600,1,1,0,2025,3,9,3270000,3230000,1,1
202601,6,,삼산동,31140,14,0,0,0,1,0,2,11,03,1,1,없음,125,6,0,0,0,2,2,4,1,10,1,1,1,1,1,8,2,3,2,2,0,999,3,1,3,1,1,1,6,3,5700,1,1,0,1,1,1,6,3,5700,1,1,0,1,1,1,6,3,5700,1,1,0,0,1,1,3270000,3230000,1,1
202601,6,,삼산동,31140,14,0,0,0,1,0,5,21,04,6,2,없음,135,7,0,1,0,2,2,4,1,10,2,1,1,1,1,8,2,3,1,1,M,732,2,1,2,3,3,7,3,3,10000,1,1,0,3,3,7,3,3,10000,1,1,0,3,3,7,3,3,10000,1,1,0,2025,3,10,4140000,3920000,1,1
202601,6,,삼산동,31140,14,0,0,0,1,0,5,21,04,6,2,없음,135,7,0,1,0,2,2,4,1,10,2,1,1,1,1,8,2,3,1,1,M,716,2,1,2,3,3,7,3,3,10100,1,1,0,3,3,7,3,3,10100,1,1,0,3,3,7,3,3,10100,1,1,0,2025,3,9,4140000,3920000,1,1
202601,6,,삼산동,31140,14,0,0,0,1,0,5,21,04,6,2,없음,135,7,0,1,0,2,2,4,1,10,2,1,1,1,1,8,2,3,2,2,0,999,3,1,3,1,1,1,6,3,7200,1,1,0,1,1,1,6,3,7200,1,1,0,1,1,1,6,3,7200,1,1,0,0,1,1,4140000,3920000,1,1
202601,6,,신정동,31140,16,0,0,0,1,0,4,32,04,6,1,없음,165,10,0,1,0,3,2,4,1,10,2,1,1,1,1,8,3,3,1,1,G,464,4,1,4,4,4,4,4,4,5200,1,1,0,4,4,4,4,4,5200,1,1,0,4,4,4,4,4,5200,1,1,0,2025,2,9,2740000,4950000,1,1
202601,6,,신정동,31140,16,0,0,0,1,0,3,32,04,3,1,없음,360,6,0,0,0,3,2,4,1,10,2,1,1,1,1,8,3,3,1,1,S,952,4,1,4,5,5,7,5,5,14700,1,1,0,5,5,7,5,5,14700,1,1,0,5,5,7,5,5,14700,1,1,0,2025,3,7,3170000,9920000,1,1
202601,6,,신정동,31140,16,0,0,0,1,0,3,32,04,3,1,없음,360,6,0,0,0,3,2,4,1,10,2,1,1,1,1,8,3,3,2,1,S,952,1,1,1,3,3,5,3,3,7200,1,1,0,3,3,5,3,3,7200,1,1,0,3,3,5,3,3,7200,1,1,0,2025,3,9,3170000,9920000,1,1
202601,6,,신정동,31140,16,0,0,0,1,0,7,32,03,6,1,없음,30,1,0,1,0,3,2,4,1,10,2,1,1,1,1,8,3,3,1,1,S,969,4,1,4,6,6,7,6,6,15300,1,1,0,6,6,7,6,6,15300,1,1,0,6,6,7,6,6,15300,1,1,0,2024,5,10,4740000,9100000,1,1
202601,6,,신정동,31140,22,0,0,0,1,0,7,32,03,3,1,없음,86,1,0,0,0,3,1,3,1,10,1,1,1,1,1,8,3,3,1,1,G,478,3,1,3,7,6,9,7,6,33200,1,1,0,7,6,9,7,6,33200,1,1,0,7,6,9,7,6,33200,1,1,0,2025,3,8,5580000,24660000,1,2
202601,6,,신정동,31140,22,0,0,0,1,0,6,31,03,5,1,없음,10,1,0,1,0,3,2,4,1,10,2,1,1,1,1,8,3,3,1,1,G,475,3,1,4,5,5,7,5,5,17100,1,1,0,5,5,7,5,5,17100,1,1,0,5,5,7,5,5,17100,1,1,0,2024,3,7,6480000,7500000,1,1
202601,6,,신정동,31140,22,0,0,0,1,0,6,31,03,5,1,없음,10,1,0,1,0,3,2,4,1,10,2,1,1,1,1,8,3,3,1,1,S,961,2,1,2,6,4,7,6,4,17000,1,1,0,6,4,7,6,4,17000,1,1,0,6,4,7,6,4,17000,1,1,0,2026,3,8,6480000,7500000,1,1
202601,6,,신정동,31140,22,0,0,0,1,0,6,31,03,5,1,없음,10,1,0,1,0,3,2,4,1,10,2,1,1,1,1,8,3,3,2,1,R,911,4,1,4,4,4,4,4,4,5300,2,1,0,4,4,4,4,4,5300,2,1,0,4,4,4,4,4,5300,2,1,0,2025,3,9,6480000,7500000,1,1
202601,6,,신정동,31140,22,0,0,0,1,0,1,11,03,1,1,없음,50,6,0,0,0,3,2,4,1,10,2,1,1,1,1,8,3,3,1,1,I,561,2,1,2,4,4,7,4,4,11100,1,1,0,4,4,7,4,4,11100,1,1,0,4,4,7,4,4,11100,1,1,0,2022,5,8,3390000,7830000,1,1
202601,6,,신정동,31140,22,0,0,0,1,0,1,11,03,1,1,없음,50,6,0,0,0,3,2,4,1,10,2,1,1,1,1,8,3,3,1,1,I,561,4,1,4,4,4,5,4,4,7500,1,1,0,4,4,5,4,4,7500,1,1,0,4,4,5,4,4,7500,1,1,0,2026,3,9,3390000,7830000,1,1
202601,6,,신정동,31140,22,0,0,0,1,0,2,32,03,1,1,없음,120,8,0,0,0,2,2,4,1,10,2,1,1,1,1,8,2,3,1,1,F,421,4,1,4,4,3,4,4,4,5400,1,1,0,4,3,4,4,4,5400,1,1,0,4,3,4,4,4,5400,1,1,0,2025,3,9,3160000,3790000,1,1
202601,6,,신정동,31140,22,0,0,0,1,0,2,32,03,1,1,없음,120,8,0,0,0,2,2,4,1,10,2,1,1,1,1,8,2,3,2,1,0,999,2,1,2,3,3,4,3,3,4400,1,1,0,3,3,4,3,3,4400,1,1,0,3,3,4,3,3,4400,1,1,0,2026,3,8,3160000,3790000,1,1
202601,6,,삼산동,31140,14,0,0,0,1,0,8,32,04,6,1,없음,27,4,0,1,0,3,2,4,1,10,2,1,1,1,1,8,3,3,1,1,I,561,4,1,4,5,6,7,6,6,14200,2,1,0,5,6,7,6,6,14200,2,1,0,5,6,7,6,6,14200,2,1,0,2025,3,9,5360000,9700000,1,1
202601,6,,삼산동,31140,14,0,0,0,1,0,5,32,04,6,1,없음,200,6,0,0,0,2,2,4,1,10,2,1,1,1,1,8,2,3,1,1,I,561,4,1,4,5,5,7,5,5,13300,1,1,0,5,5,7,5,5,13300,1,1,0,5,5,7,5,5,13300,1,1,0,2024,3,10,4010000,6760000,1,2
202601,6,,삼산동,31140,14,0,0,0,1,0,4,21,04,8,2,없음,60,6,0,1,0,2,2,4,1,10,2,1,2,1,1,8,2,3,1,1,I,561,4,1,4,5,5,6,5,5,8500,1,1,0,5,5,6,5,5,8500,1,1,0,5,5,6,5,5,8500,1,1,0,2025,3,8,4480000,3560000,1,1
202601,6,,삼산동,31140,14,0,0,0,1,0,4,21,04,8,2,없음,60,6,0,1,0,2,2,4,1,10,2,1,2,1,1,8,2,3,2,2,0,999,4,1,4,1,1,1,7,2,3800,1,1,0,1,1,1,7,2,3800,1,1,0,1,1,1,7,2,3800,1,1,0,0,1,1,4480000,3560000,1,1
202601,6,,삼산동,31140,16,0,0,0,1,0,3,21,04,6,1,없음,140,6,0,0,0,3,2,4,1,10,2,1,1,1,1,8,3,3,1,1,I,561,4,1,4,5,5,7,5,5,10100,1,1,0,5,5,7,5,5,10100,1,1,0,5,5,7,5,5,10100,1,1,0,2025,3,7,3570000,3590000,1,1
202601,6,,삼산동,31140,16,0,0,0,1,0,3,21,04,6,1,없음,140,6,0,0,0,3,2,4,1,10,2,1,1,1,1,8,3,3,2,1,M,732,2,1,2,4,3,5,3,3,6700,1,1,0,4,3,5,3,3,6700,1,1,0,4,3,5,3,3,6700,1,1,0,2024,3,10,3570000,3590000,1,1
202601,6,,삼산동,31140,16,0,0,0,1,0,3,21,04,6,1,없음,140,6,0,0,0,3,2,4,1,10,2,1,1,1,1,8,3,3,2,1,M,732,1,1,1,3,3,6,3,3,9900,1,1,0,3,3,6,3,3,9900,1,1,0,3,3,6,3,3,9900,1,1,0,2025,3,9,3570000,3590000,1,1
202601,6,,삼산동,31140,16,0,0,0,1,0,3,21,04,6,1,없음,140,6,0,0,0,3,2,4,1,10,2,1,1,1,1,8,3,3,2,6,0,999,2,1,2,1,1,1,3,3,7800,1,1,1,1,1,1,3,3,7800,1,1,1,1,1,1,3,3,7800,1,1,1,0,1,1,3570000,3590000,1,1
202601,6,,삼산동,31140,14,0,0,0,1,0,3,21,03,6,1,없음,50,4,0,0,0,3,2,4,1,10,2,1,1,1,1,8,3,3,1,1,I,561,4,1,4,6,6,7,6,6,13900,1,1,0,6,6,7,6,6,13900,1,1,0,6,6,7,6,6,13900,1,1,0,2024,3,7,5240000,5260000,1,1
202601,6,,삼산동,31140,14,0,0,0,1,0,3,21,03,6,1,없음,50,4,0,0,0,3,2,4,1,10,2,1,1,1,1,8,3,3,2,1,R,912,4,1,4,5,4,5,5,4,6800,1,1,0,5,4,5,5,4,6800,1,1,0,5,4,5,5,4,6800,1,1,0,2024,3,7,5240000,5260000,1,1
202601,6,,삼산동,31140,14,0,0,0,1,0,5,32,04,6,1,없음,120,8,0,0,0,2,2,4,1,10,2,1,1,1,1,8,2,3,1,1,I,561,2,1,2,5,4,7,5,4,15600,1,1,0,5,4,7,5,4,15600,1,1,0,5,4,7,5,4,15600,1,1,0,2025,3,8,3130000,5290000,1,1
202601,6,,삼산동,31140,14,0,0,0,1,0,5,32,04,6,1,없음,120,8,0,0,0,2,2,4,1,10,2,1,1,1,1,8,2,3,1,1,I,561,2,1,2,4,4,7,5,4,15600,1,1,0,4,4,7,5,4,15600,1,1,0,4,4,7,5,4,15600,1,1,0,2025,3,9,3130000,5290000,1,1
202601,6,,삼산동,31140,14,0,0,0,1,0,4,32,04,6,1,없음,35,4,0,0,0,2,2,4,1,10,2,1,1,1,1,8,2,3,1,1,I,561,4,1,4,6,6,8,6,6,29200,1,1,0,6,6,8,6,6,29200,1,1,0,6,6,8,6,6,29200,1,1,0,2025,3,10,5780000,9920000,1,3
202601,6,,삼산동,31140,16,0,0,0,1,0,8,32,04,2,1,없음,13,1,0,1,0,4,1,3,1,10,1,1,1,1,1,8,2,3,1,1,S,952,3,1,3,6,5,7,6,5,16600,1,1,0,6,5,7,6,5,16600,1,1,0,6,5,7,6,5,16600,1,1,0,2021,5,9,3450000,4400000,1,1
202601,6,,삼산동,31140,14,0,0,0,1,0,7,21,03,6,2,없음,80,4,0,1,0,2,2,4,2,9,2,1,2,1,1,8,2,3,1,1,S,969,4,1,4,6,6,7,6,6,19600,1,1,0,6,6,7,6,6,19600,1,1,0,6,6,7,6,6,19600,1,1,0,2025,3,8,5890000,5110000,1,1
202601,6,,삼산동,31140,14,0,0,0,1,0,7,21,03,6,2,없음,80,4,0,1,0,2,2,4,2,9,2,1,2,1,1,8,2,3,2,2,0,999,4,1,4,1,1,1,7,3,5900,1,1,0,1,1,1,7,3,5900,1,1,0,1,1,1,7,3,5900,1,1,0,0,1,1,5890000,5110000,1,1
202601,6,,삼산동,31140,14,0,0,0,1,0,5,31,04,6,1,없음,97,4,0,0,0,2,2,4,1,10,2,1,1,1,1,8,2,3,1,1,G,478,4,1,4,5,5,7,5,5,11600,1,1,0,5,5,7,5,5,11600,1,1,0,5,5,7,5,5,11600,1,1,0,2025,3,8,4210000,5810000,1,1
202601,6,,삼산동,31140,14,0,0,0,1,0,5,31,04,6,1,없음,97,4,0,0,0,2,2,4,1,10,2,1,1,1,1,8,2,3,2,1,S,969,2,1,2,3,3,5,3,3,6100,1,1,0,3,3,5,3,3,6100,1,1,0,3,3,5,3,3,6100,1,1,0,2025,3,8,4210000,5810000,1,1
202601,6,,삼산동,31140,14,0,0,0,1,0,4,21,04,8,1,없음,200,6,0,0,0,2,2,4,1,10,1,1,1,1,1,8,2,3,1,1,R,912,2,1,2,3,3,4,3,3,6300,1,1,0,3,3,4,3,3,6300,1,1,0,3,3,4,3,3,6300,1,1,0,2025,2,9,2940000,4270000,1,1
202601,6,,삼산동,31140,14,0,0,0,1,0,4,21,04,8,1,없음,200,6,0,0,0,2,2,4,1,10,1,1,1,1,1,8,2,3,1,1,S,961,1,1,1,3,3,7,3,3,8700,1,1,0,3,3,7,3,3,8700,1,1,0,3,3,7,3,3,8700,1,1,0,2024,3,10,2940000,4270000,1,1
202601,6,,삼산동,31140,14,0,0,0,1,0,4,21,04,8,1,없음,200,6,0,0,0,2,2,4,1,10,1,1,1,1,1,8,2,3,1,2,0,999,2,1,2,1,1,1,3,3,7100,1,1,0,1,1,1,3,3,7100,1,1,0,1,1,1,3,3,7100,1,1,0,0,1,1,2940000,4270000,1,1
202601,6,,삼산동,31140,14,0,0,0,1,0,6,32,04,5,1,없음,250,7,0,0,0,2,1,3,1,10,1,1,1,1,1,8,2,3,1,1,S,952,3,1,3,5,4,6,5,4,9300,1,1,0,5,4,6,5,4,9300,1,1,0,5,4,6,5,4,9300,1,1,0,2025,3,7,3530000,7990000,1,1
202601,6,,삼산동,31140,14,0,0,0,1,0,4,32,04,8,1,없음,150,4,0,1,0,2,2,4,1,10,2,1,1,1,1,8,2,3,1,1,I,562,4,1,4,6,6,7,6,6,13300,1,1,0,6,6,7,6,6,13300,1,1,0,6,6,7,6,6,13300,1,1,0,2024,3,10,4670000,6640000,1,1
202601,6,,삼산동,31140,14,0,0,0,1,0,6,32,03,5,1,없음,220,4,0,0,0,2,2,4,1,10,2,1,1,1,1,8,2,3,1,1,I,561,2,1,2,4,5,8,4,5,28400,1,1,0,4,5,8,4,5,28400,1,1,0,4,5,8,4,5,28400,1,1,0,2025,3,10,4500000,9070000,1,2
202601,6,,삼산동,31140,14,0,0,0,1,0,6,32,03,5,1,없음,220,4,0,0,0,2,2,4,1,10,2,1,1,1,1,8,2,3,1,1,G,478,2,1,2,4,5,9,4,5,30100,1,1,0,4,5,9,4,5,30100,1,1,0,4,5,9,4,5,30100,1,1,0,2024,3,10,4500000,9070000,1,2
202601,6,,삼산동,31140,14,0,0,0,1,0,6,32,03,5,1,없음,220,4,0,0,0,2,2,4,1,10,2,1,1,1,1,8,2,3,1,1,I,561,2,1,2,4,5,8,4,5,28800,1,1,0,4,5,8,4,5,28800,1,1,0,4,5,8,4,5,28800,1,1,0,2024,3,10,4500000,9070000,1,2
202601,6,,삼산동,31140,16,0,0,0,1,0,5,32,04,6,1,없음,150,1,0,1,0,3,2,4,1,10,2,2,1,1,1,8,3,3,1,1,G,476,4,1,4,5,5,7,5,5,13100,1,1,0,5,5,7,5,5,13100,1,1,0,5,5,7,5,5,13100,1,1,0,2025,3,9,4470000,8120000,1,2
202601,6,,삼산동,31140,16,0,0,0,1,0,5,32,04,6,1,없음,150,1,0,1,0,3,2,4,1,10,2,2,1,1,1,8,3,3,1,6,0,999,4,1,4,4,5,7,4,5,14900,1,1,0,1,1,1,4,5,14900,1,1,1,1,1,1,4,5,14900,1,1,1,0,1,1,4470000,8120000,1,2
202601,6,,삼산동,31140,14,0,0,0,1,0,6,31,04,6,1,없음,200,6,1,0,0,3,2,4,1,10,2,1,1,1,1,8,3,3,1,1,I,561,1,1,1,3,3,7,3,3,13100,1,1,0,3,3,7,3,3,13100,1,1,0,3,3,7,3,3,13100,1,1,0,2024,4,8,3350000,5710000,1,1
202601,6,,삼산동,31140,14,0,0,0,1,0,6,31,04,6,1,없음,200,6,1,0,0,3,2,4,1,10,2,1,1,1,1,8,3,3,2,1,I,561,4,1,4,6,6,7,6,6,11700,1,1,0,6,6,7,6,6,11700,1,1,0,6,6,7,6,6,11700,1,1,0,2024,4,8,3350000,5710000,1,1
202601,6,,삼산동,31140,14,0,0,0,1,0,8,32,04,6,1,없음,165,6,0,1,0,2,2,4,1,10,2,1,1,1,1,8,2,3,1,1,G,472,2,1,2,5,5,8,5,5,24200,1,1,0,5,5,8,5,5,24200,1,1,0,5,5,8,5,5,24200,1,1,0,2025,3,10,3720000,6230000,1,3
202601,6,,삼산동,31140,14,0,0,0,1,0,8,32,04,6,1,없음,165,6,0,1,0,2,2,4,1,10,2,1,1,1,1,8,2,3,1,6,0,999,2,1,2,1,1,1,4,5,24200,1,1,1,1,1,1,4,5,24200,1,1,1,1,1,1,4,5,24200,1,1,1,0,1,1,3720000,6230000,1,3
202601,6,,삼산동,31140,14,0,0,0,1,0,8,32,04,6,1,없음,165,6,0,1,0,2,2,4,1,10,2,1,1,1,1,8,2,3,1,1,I,561,2,1,2,4,5,8,4,5,24200,1,1,0,4,5,8,4,5,24200,1,1,0,4,5,8,4,5,24200,1,1,0,2025,3,10,3720000,6230000,1,3
202601,6,,삼산동,31140,16,0,0,0,1,0,4,32,04,5,1,없음,53,7,0,0,0,2,1,3,1,10,1,1,1,1,1,8,2,3,1,1,S,952,3,1,3,4,5,7,4,5,17500,1,1,0,4,5,7,4,5,17500,1,1,0,4,5,7,4,5,17500,1,1,0,2024,3,6,3220000,6840000,1,2
202601,6,,삼산동,31140,14,0,0,0,1,0,6,32,04,6,1,없음,110,7,0,1,0,3,2,4,1,10,2,1,1,1,1,8,3,3,1,1,I,561,4,1,4,6,6,7,6,6,15200,1,1,0,6,6,7,6,6,15200,1,1,0,6,6,7,6,6,15200,1,1,0,2025,3,9,3540000,7020000,1,3
202601,6,,삼산동,31140,14,0,0,0,1,0,3,11,04,4,1,없음,70,4,0,0,0,3,2,4,1,10,2,1,1,1,1,8,3,3,1,1,I,562,2,1,2,4,4,7,4,4,12400,1,1,0,4,4,7,4,4,12400,1,1,0,4,4,7,4,4,12400,1,1,0,2025,3,9,4090000,6940000,1,1
202601,6,,삼산동,31140,14,0,0,0,1,0,3,11,04,4,1,없음,70,4,0,0,0,3,2,4,1,10,2,1,1,1,1,8,3,3,1,1,S,961,2,1,2,4,3,6,4,3,9600,1,1,0,4,3,6,4,3,9600,1,1,0,4,3,6,4,3,9600,1,1,0,2024,3,9,4090000,6940000,1,1
202601,6,,삼산동,31140,14,0,0,0,1,0,3,11,04,4,1,없음,70,4,0,0,0,3,2,4,1,10,2,1,1,1,1,8,3,3,1,1,G,474,2,1,2,3,3,6,3,3,9400,1,1,0,3,3,6,3,3,9400,1,1,0,3,3,6,3,3,9400,1,1,0,2024,3,9,4090000,6940000,1,1
202601,6,,삼산동,31140,14,0,0,0,1,0,3,11,04,4,1,없음,70,4,0,0,0,3,2,4,1,10,2,1,1,1,1,8,3,3,1,1,G,475,2,1,2,5,3,5,5,3,8800,1,1,0,5,3,5,5,3,8800,1,1,0,5,3,5,5,3,8800,1,1,0,2025,3,8,4090000,6940000,1,1
202601,6,,삼산동,31140,22,0,0,0,1,0,5,32,04,5,1,없음,150,4,0,0,0,2,1,3,1,10,1,1,1,1,1,8,2,3,1,1,S,952,3,1,3,4,4,7,4,4,11500,1,1,0,4,4,7,4,4,11500,1,1,0,4,4,7,4,4,11500,1,1,0,2025,3,7,4820000,10820000,1,1
202601,6,,삼산동,31140,14,0,0,0,1,0,5,32,04,6,1,없음,200,6,0,0,0,2,2,4,1,10,2,1,1,1,1,8,2,3,1,1,I,561,4,1,4,5,5,7,6,5,16600,1,1,0,5,5,7,6,5,16600,1,1,0,5,5,7,6,5,16600,1,1,0,2024,3,7,4910000,8620000,1,2
202601,6,,삼산동,31140,16,0,0,0,1,0,4,32,04,5,1,없음,170,6,0,1,0,3,2,4,1,10,2,1,1,1,1,8,3,3,1,1,M,721,3,1,3,4,4,5,4,4,8300,1,1,0,4,4,5,4,4,8300,1,1,0,4,4,5,4,4,8300,1,1,0,2025,3,9,2900000,4520000,1,1
202601,6,,삼산동,31140,16,0,0,0,1,0,4,32,04,5,1,없음,170,6,0,1,0,3,2,4,1,10,2,1,1,1,1,8,3,3,1,1,G,478,2,1,2,3,3,5,3,3,8300,1,1,0,3,3,5,3,3,8300,1,1,0,3,3,5,3,3,8300,1,1,0,2025,3,9,2900000,4520000,1,1
202601,6,,삼산동,31140,16,0,0,0,1,0,4,32,04,5,1,없음,170,6,0,1,0,3,2,4,1,10,2,1,1,1,1,8,3,3,2,1,G,478,2,1,2,3,3,3,3,3,4000,1,1,0,3,3,3,3,3,4000,1,1,0,3,3,3,3,3,4000,1,1,0,2025,3,9,2900000,4520000,1,1
202601,6,,삼산동,31140,16,0,0,0,1,0,6,31,04,4,1,없음,270,6,0,1,0,3,2,4,1,10,2,1,1,1,1,8,3,3,1,1,G,466,4,1,4,6,5,6,6,6,13900,1,1,0,6,5,6,6,6,13900,1,1,0,6,5,6,6,6,13900,1,1,0,2025,3,8,2900000,7020000,1,1
202601,6,,삼산동,31140,16,0,0,0,1,0,6,31,04,4,1,없음,270,6,0,1,0,3,2,4,1,10,2,1,1,1,1,8,3,3,2,1,G,466,1,1,1,3,2,4,3,3,5600,1,1,0,3,2,4,3,3,5600,1,1,0,3,2,4,3,3,5600,1,1,0,2025,3,8,2900000,7020000,1,1
202601,6,,삼산동,31140,16,0,0,0,1,0,5,21,03,7,1,없음,170,7,0,1,0,3,2,4,1,9,2,1,1,1,1,8,3,3,1,1,L,682,2,1,2,4,4,7,4,4,12400,1,1,0,4,4,7,4,4,12400,1,1,0,4,4,7,4,4,12400,1,1,0,2025,3,8,3220000,4990000,1,1
202601,6,,삼산동,31140,16,0,0,0,1,0,5,21,03,7,1,없음,170,7,0,1,0,3,2,4,1,9,2,1,1,1,1,8,3,3,1,1,I,562,1,1,1,3,3,7,3,3,14600,1,1,0,3,3,7,3,3,14600,1,1,0,3,3,7,3,3,14600,1,1,0,2026,3,9,3220000,4990000,1,1
202601,6,,삼산동,31140,16,0,0,0,1,0,5,21,03,7,1,없음,170,7,0,1,0,3,2,4,1,9,2,1,1,1,1,8,3,3,1,1,E,390,4,1,4,5,5,7,5,5,11200,1,1,0,5,5,7,5,5,11200,1,1,0,5,5,7,5,5,11200,1,1,0,2025,3,7,3220000,4990000,1,1
202601,6,,삼산동,31140,16,0,0,0,1,0,5,21,03,7,1,없음,170,7,0,1,0,3,2,4,1,9,2,1,1,1,1,8,3,3,1,1,G,466,2,1,3,5,4,6,5,4,9900,1,1,0,5,4,6,5,4,9900,1,1,0,5,4,6,5,4,9900,1,1,0,2026,3,7,3220000,4990000,1,1
202601,6,,삼산동,31140,16,0,0,0,1,0,5,21,03,7,1,없음,170,7,0,1,0,3,2,4,1,9,2,1,1,1,1,8,3,3,1,1,J,581,1,1,2,3,3,7,3,3,14300,1,1,0,3,3,7,3,3,14300,1,1,0,3,3,7,3,3,14300,1,1,0,2024,3,9,3220000,4990000,1,1
202601,6,,삼산동,31140,24,0,0,0,1,0,4,32,03,4,1,없음,200,1,0,1,0,4,2,4,1,10,2,1,1,1,1,8,4,3,1,1,G,467,2,1,2,4,4,7,4,4,15800,1,1,0,4,4,7,4,4,15800,1,1,0,4,4,7,4,4,15800,1,1,0,2024,3,7,4210000,11120000,1,1
202601,6,,삼산동,31140,24,0,0,0,1,0,4,32,03,4,1,없음,200,1,0,1,0,4,2,4,1,10,2,1,1,1,1,8,4,3,1,1,G,467,2,1,2,4,4,7,4,4,15800,1,1,0,4,4,7,4,4,15800,1,1,0,4,4,7,4,4,15800,1,1,0,2023,5,6,4210000,11120000,1,1
202601,6,,삼산동,31140,24,0,0,0,1,0,4,32,03,4,1,없음,200,1,0,1,0,4,2,4,1,10,2,1,1,1,1,8,4,3,1,1,G,478,3,1,4,5,5,7,5,5,15800,1,1,0,5,5,7,5,5,15800,1,1,0,5,5,7,5,5,15800,1,1,0,2024,3,6,4210000,11120000,1,1
202601,6,,삼산동,31140,24,0,0,0,1,0,4,32,03,4,1,없음,200,1,0,1,0,4,2,4,1,10,2,1,1,1,1,8,4,3,1,1,G,467,2,1,2,4,4,7,4,4,15800,1,1,0,4,4,7,4,4,15800,1,1,0,4,4,7,4,4,15800,1,1,0,2024,3,7,4210000,11120000,1,1
202601,6,,삼산동,31140,24,0,0,0,1,0,5,32,03,7,1,없음,220,5,0,1,0,3,2,4,1,10,2,1,1,1,1,8,3,3,1,1,M,713,3,1,3,5,4,7,5,4,13300,1,1,0,5,4,7,5,4,13300,1,1,0,5,4,7,5,4,13300,1,1,0,2024,3,6,3720000,5830000,1,1
202601,6,,삼산동,31140,24,0,0,0,1,0,5,32,03,7,1,없음,220,5,0,1,0,3,2,4,1,10,2,1,1,1,1,8,3,3,1,1,G,466,4,1,4,6,5,7,6,5,11800,1,1,0,6,5,7,6,5,11800,1,1,0,6,5,7,6,5,11800,1,1,0,2024,3,10,3720000,5830000,1,1
202601,6,,삼산동,31140,14,0,0,0,1,0,7,32,04,2,1,없음,290,7,0,1,0,4,2,4,1,9,2,1,2,1,1,8,4,3,1,1,S,952,1,1,1,3,3,7,3,3,10200,1,1,0,3,3,7,3,3,10200,1,1,0,3,3,7,3,3,10200,1,1,0,2025,3,9,2860000,9350000,1,2
202601,6,,삼산동,31140,14,0,0,0,1,0,7,32,04,2,1,없음,290,7,0,1,0,4,2,4,1,9,2,1,2,1,1,8,4,3,1,2,S,952,1,1,1,1,1,1,3,3,10200,1,1,0,1,1,1,3,3,10200,1,1,0,1,1,1,3,3,10200,1,1,0,0,1,1,2860000,9350000,1,2
202601,6,,삼산동,31140,14,0,0,0,1,0,7,32,04,2,1,없음,290,7,0,1,0,4,2,4,1,9,2,1,2,1,1,8,4,3,1,1,S,969,3,1,3,1,1,1,6,4,10800,1,1,1,6,4,7,6,4,10800,1,1,0,6,4,7,6,4,10800,1,1,0,2026,3,10,2860000,9350000,1,2
202601,6,,삼산동,31140,14,0,0,0,1,0,7,32,04,2,1,없음,290,7,0,1,0,4,2,4,1,9,2,1,2,1,1,8,4,3,2,6,0,999,2,1,2,1,1,1,3,3,6300,1,1,1,1,1,1,3,3,6300,1,1,1,1,1,1,3,3,6300,1,1,1,0,1,1,2860000,9350000,1,2
202601,6,,삼산동,31140,14,0,0,0,1,0,7,32,04,2,1,없음,290,7,0,1,0,4,2,4,1,9,2,1,2,1,1,8,4,3,2,2,S,952,3,1,3,1,1,1,4,3,6400,1,1,0,1,1,1,4,3,6400,1,1,0,1,1,1,4,3,6400,1,1,0,0,1,1,2860000,9350000,1,2
202601,6,,0.비상권,31170,14,0,0,0,1,0,5,31,04,6,2,없음,85,1,0,1,0,2,2,4,1,10,2,1,1,1,1,8,2,3,1,1,G,452,4,1,4,3,5,6,4,5,9900,1,1,0,3,5,6,4,5,9900,1,1,0,3,5,6,4,5,9900,1,1,0,2025,2,8,2710000,2660000,1,1
202601,6,,0.비상권,31170,14,0,0,0,1,0,5,31,04,6,2,없음,85,1,0,1,0,2,2,4,1,10,2,1,1,1,1,8,2,3,2,1,G,452,4,1,4,3,3,2,4,3,1500,1,1,0,3,3,2,4,3,1500,1,1,0,3,3,2,4,3,1500,1,1,0,2025,2,8,2710000,2660000,1,1
202601,6,,전하동,31170,22,0,0,0,1,0,3,12,03,6,1,없음,34,4,0,0,0,3,2,4,1,10,2,1,1,1,1,8,3,3,1,1,I,561,2,1,2,5,5,8,5,5,20500,1,1,0,5,5,8,5,5,20500,1,1,0,5,5,8,5,5,20500,1,1,0,2025,3,9,5520000,9730000,1,2
202601,6,,전하동,31170,22,0,0,0,1,0,3,12,03,6,1,없음,34,4,0,0,0,3,2,4,1,10,2,1,1,1,1,8,3,3,1,1,R,912,1,1,2,3,4,8,3,4,22300,1,1,0,3,4,8,3,4,22300,1,1,0,3,4,8,3,4,22300,1,1,0,2024,3,5,5520000,9730000,1,2
202601,6,,전하동,31170,22,0,0,0,1,0,3,12,03,6,1,없음,34,4,0,0,0,3,2,4,1,10,2,1,1,1,1,8,3,3,1,1,I,561,3,1,4,5,5,7,5,5,18800,1,1,0,5,5,7,5,5,18800,1,1,0,5,5,7,5,5,18800,1,1,0,2026,3,4,5520000,9730000,1,2
202601,6,,전하동,31170,22,0,0,0,1,0,3,32,03,6,1,없음,120,1,0,0,0,3,2,4,1,10,2,1,1,1,1,8,3,3,1,1,G,475,4,1,4,6,5,5,6,5,6500,1,1,0,6,5,5,6,5,6500,1,1,0,6,5,5,6,5,6500,1,1,0,2024,3,10,4220000,7180000,1,1
202601,6,,전하동,31170,22,0,0,0,1,0,2,21,03,6,1,없음,35,1,0,0,0,2,2,4,1,10,2,1,1,1,1,8,2,3,1,6,0,999,3,1,3,1,1,1,5,5,17900,1,1,1,1,1,1,5,5,17900,1,1,1,1,1,1,5,5,17900,1,1,1,0,1,1,3110000,3180000,1,2
202601,6,,전하동,31170,22,0,0,0,1,0,2,21,03,6,1,없음,35,1,0,0,0,2,2,4,1,10,2,1,1,1,1,8,2,3,2,1,R,912,3,1,4,4,4,6,4,4,8400,1,1,0,4,4,6,4,4,8400,1,1,0,4,4,6,4,4,8400,1,1,0,2024,3,8,3110000,3180000,1,2
202601,6,,전하동,31170,22,0,0,0,1,0,1,32,03,7,2,없음,50,5,0,1,0,2,2,4,1,10,2,1,1,1,1,8,2,3,1,1,S,952,4,1,4,6,5,8,6,5,22000,1,1,0,6,5,8,6,5,22000,1,1,0,6,5,8,6,5,22000,1,1,0,2025,5,8,3840000,3660000,1,2
202601,6,,전하동,31170,22,0,0,0,1,0,1,32,03,7,2,없음,50,5,0,1,0,2,2,4,1,10,2,1,1,1,1,8,2,3,2,1,R,912,3,1,3,4,5,7,4,5,15500,1,1,0,4,5,7,4,5,15500,1,1,0,4,5,7,4,5,15500,1,1,0,2025,2,10,3840000,3660000,1,2
202601,6,,전하동,31170,14,0,0,0,1,0,2,11,03,6,2,없음,113,6,0,0,0,2,2,4,1,10,1,1,1,1,1,8,2,3,1,6,0,999,2,1,2,1,1,1,3,3,9400,1,1,1,1,1,1,3,3,9400,1,1,1,1,1,1,3,3,9400,1,1,1,0,1,1,2600000,2300000,1,1
202601,6,,전하동,31170,14,0,0,0,1,0,2,11,03,6,2,없음,113,6,0,0,0,2,2,4,1,10,1,1,1,1,1,8,2,3,1,1,S,961,2,1,2,3,3,6,3,3,9100,1,1,0,3,3,6,3,3,9100,1,1,0,3,3,6,3,3,9100,1,1,0,2025,3,8,2600000,2300000,1,1
202601,6,,전하동,31170,14,0,0,0,1,0,2,11,03,6,2,없음,113,6,0,0,0,2,2,4,1,10,1,1,1,1,1,8,2,3,2,2,0,999,3,1,3,1,1,1,6,3,5100,1,1,0,1,1,1,6,3,5100,1,1,0,1,1,1,6,3,5100,1,1,0,0,1,1,2600000,2300000,1,1
202601,6,,전하동,31170,22,0,0,0,1,0,4,21,03,7,2,없음,67,4,0,1,0,2,2,4,1,10,2,1,2,1,1,8,2,3,1,1,I,562,3,1,3,6,5,8,6,5,25200,1,1,0,6,5,8,6,5,25200,1,1,0,6,5,8,6,5,25200,1,1,0,2025,3,8,4570000,3980000,1,2
202601,6,,전하동,31170,22,0,0,0,1,0,4,21,03,7,2,없음,67,4,0,1,0,2,2,4,1,10,2,1,2,1,1,8,2,3,1,1,I,562,3,1,3,5,5,7,5,5,23800,1,1,0,5,5,7,5,5,23800,1,1,0,5,5,7,5,5,23800,1,1,0,2025,3,10,4570000,3980000,1,2
202601,6,,전하동,31170,22,0,0,0,1,0,4,21,03,7,2,없음,67,4,0,1,0,2,2,4,1,10,2,1,2,1,1,8,2,3,2,2,0,999,4,1,4,1,1,1,7,3,5900,1,1,0,1,1,1,7,3,5900,1,1,0,1,1,1,7,3,5900,1,1,0,0,1,1,4570000,3980000,1,2
202601,6,,전하동,31170,14,0,0,0,1,0,1,11,03,6,1,없음,192,4,0,0,0,2,2,4,1,10,1,1,1,1,1,8,2,3,1,1,P,856,2,1,2,4,3,5,4,3,7500,1,1,0,4,3,5,4,3,7500,1,1,0,4,3,5,4,3,7500,1,1,0,2025,3,8,2720000,2770000,1,1
202601,6,,전하동,31170,14,0,0,0,1,0,1,11,03,6,1,없음,192,4,0,0,0,2,2,4,1,10,1,1,1,1,1,8,2,3,1,1,S,961,2,1,2,4,3,5,4,3,7700,1,1,0,4,3,5,4,3,7700,1,1,0,4,3,5,4,3,7700,1,1,0,2024,3,9,2720000,2770000,1,1
202601,6,,전하동,31170,14,0,0,0,1,0,1,11,03,6,1,없음,192,4,0,0,0,2,2,4,1,10,1,1,1,1,1,8,2,3,2,2,0,999,2,1,2,1,1,1,3,3,5400,1,1,0,1,1,1,3,3,5400,1,1,0,1,1,1,3,3,5400,1,1,0,0,1,1,2720000,2770000,1,1
202601,6,,전하동,31170,14,0,0,0,1,0,2,11,04,6,2,없음,150,7,0,0,0,2,2,4,1,10,1,1,1,1,1,8,2,3,1,1,G,471,3,1,3,6,5,7,6,5,18400,1,1,0,6,5,7,6,5,18400,1,1,0,6,5,7,6,5,18400,1,1,0,2025,3,10,2780000,2560000,1,1
202601,6,,전하동,31170,14,0,0,0,1,0,2,11,04,6,2,없음,150,7,0,0,0,2,2,4,1,10,1,1,1,1,1,8,2,3,2,6,0,999,3,1,3,1,1,1,5,4,9600,1,1,1,1,1,1,5,4,9600,1,1,1,1,1,1,5,4,9600,1,1,1,0,1,1,2780000,2560000,1,1
202601,6,,전하동,31170,22,0,0,0,1,0,1,11,03,1,1,없음,170,6,0,0,0,2,2,4,1,10,1,1,1,1,1,8,2,3,1,1,I,561,2,1,2,3,4,7,3,4,17900,1,1,0,3,4,7,3,4,17900,1,1,0,3,4,7,3,4,17900,1,1,0,2025,3,10,2990000,2850000,1,2
202601,6,,전하동,31170,22,0,0,0,1,0,1,11,03,1,1,없음,170,6,0,0,0,2,2,4,1,10,1,1,1,1,1,8,2,3,1,1,I,562,2,1,2,3,4,7,3,4,17400,1,1,0,3,4,7,3,4,17400,1,1,0,3,4,7,3,4,17400,1,1,0,2024,3,9,2990000,2850000,1,2
202601,6,,전하동,31170,22,0,0,0,1,0,1,11,03,1,1,없음,170,6,0,0,0,2,2,4,1,10,1,1,1,1,1,8,2,3,2,2,0,999,2,1,2,1,1,1,5,4,9800,1,1,0,1,1,1,5,4,9800,1,1,0,1,1,1,5,4,9800,1,1,0,0,1,1,2990000,2850000,1,2
202601,6,,전하동,31170,14,0,0,0,1,0,4,21,03,6,2,없음,50,5,0,0,0,2,2,4,1,10,2,1,1,1,1,8,2,3,1,1,I,561,3,1,3,6,6,8,6,6,27600,1,1,0,6,6,8,6,6,27600,1,1,0,6,6,8,6,6,27600,1,1,0,2025,3,10,4440000,3860000,1,3
202601,6,,전하동,31170,14,0,0,0,1,0,4,21,03,6,2,없음,50,5,0,0,0,2,2,4,1,10,2,1,1,1,1,8,2,3,2,1,I,562,3,1,3,5,5,7,5,4,11900,1,1,0,5,5,7,5,4,11900,1,1,0,5,5,7,5,4,11900,1,1,0,2025,3,10,4440000,3860000,1,3
202601,6,,전하동,31170,22,0,0,0,1,0,3,32,03,7,1,없음,67,6,0,0,0,2,2,4,1,10,1,1,1,1,1,8,2,3,1,1,I,561,3,1,3,6,5,7,6,5,17900,1,1,0,6,5,7,6,5,17900,1,1,0,6,5,7,6,5,17900,1,1,0,2025,4,10,2710000,4100000,1,3
202601,6,,전하동,31170,22,0,0,0,1,0,3,32,03,7,1,없음,67,6,0,0,0,2,2,4,1,10,1,1,1,1,1,8,2,3,1,6,0,999,1,1,1,1,1,1,4,4,18700,1,1,1,1,1,1,4,4,18700,1,1,1,1,1,1,4,4,18700,1,1,1,0,1,1,2710000,4100000,1,3
202601,6,,전하동,31170,22,0,0,0,1,0,1,12,04,6,1,없음,73,10,0,0,0,2,2,4,1,10,1,1,1,1,1,8,2,3,1,1,I,561,3,1,3,5,4,6,5,4,10000,1,1,0,5,4,6,5,4,10000,1,1,0,5,4,6,5,4,10000,1,1,0,2024,3,10,2000000,3420000,1,1
202601,6,,전하동,31170,22,0,0,0,1,0,1,12,04,6,1,없음,73,10,0,0,0,2,2,4,1,10,1,1,1,1,1,8,2,3,2,2,0,999,1,1,1,1,1,1,2,2,4600,1,1,0,1,1,1,2,2,4600,1,1,0,1,1,1,2,2,4600,1,1,0,0,1,1,2000000,3420000,1,1
202601,6,,전하동,31170,22,0,0,0,1,0,3,32,04,6,1,없음,150,8,0,1,0,3,2,4,1,10,2,1,1,1,1,8,2,3,1,1,I,561,3,1,3,4,4,7,4,5,11500,1,1,0,4,4,7,4,5,11500,1,1,0,4,4,7,4,5,11500,1,1,0,2024,3,5,2630000,4330000,1,2
202601,6,,전하동,31170,22,0,0,0,1,0,3,32,04,6,1,없음,150,8,0,1,0,3,2,4,1,10,2,1,1,1,1,8,2,3,1,1,I,562,3,1,3,4,5,7,4,5,11600,1,1,0,4,5,7,4,5,11600,1,1,0,4,5,7,4,5,11600,1,1,0,2024,3,8,2630000,4330000,1,2
202601,6,,울산농소,31200,14,0,0,0,1,0,7,32,04,4,1,없음,229,7,0,1,0,3,2,4,1,10,2,1,1,1,1,8,3,3,1,1,I,561,4,1,4,6,5,7,6,5,15200,1,1,0,6,5,7,6,5,15200,1,1,0,6,5,7,6,5,15200,1,1,0,2025,4,8,2380000,6510000,1,2
202601,6,,울산농소,31200,14,0,0,0,1,0,7,32,04,6,1,없음,30,7,0,1,0,3,2,4,1,10,1,2,1,1,1,8,3,3,1,6,0,999,4,1,4,1,1,1,6,5,12000,1,1,1,1,1,1,6,5,12000,1,1,1,1,1,1,6,5,12000,1,1,1,0,1,1,2460000,4100000,1,1
202601,6,,울산농소,31200,14,0,0,0,1,0,7,32,04,6,1,없음,30,7,0,1,0,3,2,4,1,10,1,2,1,1,1,8,3,3,1,6,0,999,3,1,3,1,1,1,4,5,16900,1,1,1,1,1,1,4,5,16900,1,1,1,1,1,1,4,5,16900,1,1,1,0,1,1,2460000,4100000,1,1
202601,6,,울산농소,31200,16,0,0,0,1,0,5,21,03,7,2,없음,140,6,0,0,0,2,2,4,1,9,2,1,1,1,1,8,2,3,1,1,I,561,3,1,3,5,4,6,5,4,8900,1,1,0,5,4,6,5,4,8900,1,1,0,5,4,6,5,4,8900,1,1,0,2024,4,9,2920000,2320000,1,1
202601,6,,울산농소,31200,16,0,0,0,1,0,5,21,03,7,2,없음,140,6,0,0,0,2,2,4,1,9,2,1,1,1,1,8,2,3,2,1,S,969,3,1,3,4,3,5,4,3,6100,1,1,0,4,3,5,4,3,6100,1,1,0,4,3,5,4,3,6100,1,1,0,2024,4,8,2920000,2320000,1,1
202601,6,,울산농소,31200,16,0,0,0,1,0,5,31,04,7,2,없음,60,1,0,0,0,2,2,4,1,10,2,1,1,1,1,8,2,3,1,1,I,561,4,1,4,6,5,7,6,5,11600,1,1,0,6,5,7,6,5,11600,1,1,0,6,5,7,6,5,11600,1,1,0,2022,5,10,4410000,3460000,1,1
202601,6,,울산농소,31200,16,0,0,0,1,0,5,31,04,7,2,없음,60,1,0,0,0,2,2,4,1,10,2,1,1,1,1,8,2,3,2,6,0,999,3,1,3,1,1,1,4,3,5500,1,1,1,1,1,1,4,3,5500,1,1,1,1,1,1,4,3,5500,1,1,1,0,1,1,4410000,3460000,1,1
202601,6,,울산농소,31200,14,0,0,0,1,0,7,32,04,6,1,없음,200,6,0,1,0,2,2,4,1,10,2,1,1,1,1,8,2,3,1,1,I,561,4,1,4,5,5,6,5,5,9300,1,1,0,5,5,6,5,5,9300,1,1,0,5,5,6,5,5,9300,1,1,0,2025,3,8,2340000,4120000,1,2
202601,6,,울산농소,31200,16,0,0,0,1,0,7,32,03,6,1,없음,200,4,0,1,0,2,2,4,1,10,2,1,1,1,1,8,2,3,1,1,I,561,3,1,3,5,4,7,5,4,11800,1,1,0,5,4,7,5,4,11800,1,1,0,5,4,7,5,4,11800,1,1,0,2025,3,10,2640000,4640000,1,2
202601,6,,울산농소,31200,16,0,0,0,1,0,7,32,03,6,1,없음,200,4,0,1,0,2,2,4,1,10,2,1,1,1,1,8,2,3,1,1,I,561,3,1,3,5,4,7,5,4,11800,1,1,0,5,4,7,5,4,11800,1,1,0,5,4,7,5,4,11800,1,1,0,2025,3,10,2640000,4640000,1,2
202601,6,,0.비상권,31200,14,0,0,0,1,0,6,32,04,6,1,없음,80,1,0,1,0,2,2,4,1,10,2,1,1,1,1,8,2,3,1,1,Q,872,3,1,3,4,4,6,6,4,9200,1,1,0,4,4,6,6,4,9200,1,1,0,4,4,6,6,4,9200,1,1,0,2024,3,10,2720000,4720000,1,2
202601,6,,0.비상권,31200,14,0,0,0,1,0,6,32,04,6,1,없음,80,1,0,1,0,2,2,4,1,10,2,1,1,1,1,8,2,3,1,1,S,969,3,1,3,5,4,6,6,4,9800,1,1,0,5,4,6,6,4,9800,1,1,0,5,4,6,6,4,9800,1,1,0,2026,3,10,2720000,4720000,1,2
202601,6,,0.비상권,31200,14,0,0,0,1,0,5,32,04,6,1,없음,340,3,0,0,0,2,1,3,1,10,1,1,1,1,1,8,2,3,1,6,0,999,2,1,2,1,1,1,5,4,15900,1,1,1,1,1,1,5,4,15900,1,1,1,1,1,1,5,4,15900,1,1,1,0,1,1,2680000,4680000,1,1
202601,6,,0.비상권,31200,14,0,0,0,1,0,5,32,04,6,1,없음,340,3,0,0,0,2,1,3,1,10,1,1,1,1,1,8,2,3,1,2,I,561,2,1,2,1,1,1,5,4,15900,1,1,0,1,1,1,5,4,15900,1,1,0,1,1,1,5,4,15900,1,1,0,0,1,1,2680000,4680000,1,1
202601,6,,0.비상권,31200,15,0,0,0,1,0,6,32,04,5,1,없음,83,8,0,1,0,3,2,4,1,10,2,1,1,1,1,8,3,3,1,1,I,561,4,1,4,6,5,6,6,5,8100,1,1,0,6,5,6,6,5,8100,1,1,0,6,5,6,6,5,8100,1,1,0,2025,3,10,1740000,3870000,1,1
202601,6,,0.비상권,31200,13,0,0,0,1,0,8,31,03,6,1,없음,185,2,0,1,0,2,2,4,1,10,2,1,1,1,1,8,2,3,1,1,I,561,4,1,4,6,6,7,6,6,14800,1,1,0,6,6,7,6,6,14800,1,1,0,6,6,7,6,6,14800,1,1,0,2025,3,10,2610000,4400000,1,1
202601,6,,0.비상권,31200,16,0,0,0,1,0,9,31,04,7,1,없음,490,5,0,1,0,2,2,4,1,9,2,1,1,1,1,8,2,3,1,1,I,561,3,1,4,5,5,7,5,5,18400,1,1,0,5,5,7,5,5,18400,1,1,0,5,5,7,5,5,18400,1,1,0,2026,3,10,4580000,6800000,1,3
202601,6,,0.비상권,31200,16,0,0,0,1,0,9,31,04,7,1,없음,490,5,0,1,0,2,2,4,1,9,2,1,1,1,1,8,2,3,1,1,I,561,3,1,3,5,5,7,5,5,18300,1,1,0,5,5,7,5,5,18300,1,1,0,5,5,7,5,5,18300,1,1,0,2024,3,10,4580000,6800000,1,3
202601,6,,0.비상권,31200,14,0,0,0,1,0,9,32,04,4,1,없음,160,6,0,0,0,2,1,3,1,10,1,1,1,1,1,8,2,3,1,1,I,561,3,1,3,5,5,8,5,5,21200,1,1,0,5,5,8,5,5,21200,1,1,0,5,5,8,5,5,21200,1,1,0,2025,3,10,2560000,7530000,1,2
202601,6,,울산농소,31200,22,0,0,0,1,0,8,32,04,4,1,없음,30,8,0,1,0,4,2,4,1,10,2,1,1,1,1,8,4,3,1,1,R,911,4,1,4,6,6,7,6,6,13000,1,1,0,6,6,7,6,6,13000,1,1,0,6,6,7,6,6,13000,1,1,0,2024,4,10,2230000,6410000,1,2
202601,6,,울산농소,31200,22,0,0,0,1,0,8,32,03,7,1,없음,10,3,0,0,0,2,2,4,1,10,2,1,1,1,1,2,2,3,1,1,R,912,3,1,3,6,6,9,6,6,42900,1,1,0,6,6,9,6,6,42900,1,1,0,6,6,9,6,6,42900,1,1,0,2024,3,10,5140000,7380000,1,3
202601,6,,울산농소,31200,22,0,0,0,1,0,8,32,03,7,1,없음,10,3,0,0,0,2,2,4,1,10,2,1,1,1,1,2,2,3,1,1,G,478,2,1,2,4,5,9,5,5,46600,1,1,0,4,5,9,5,5,46600,1,1,0,4,5,9,5,5,46600,1,1,0,2024,3,9,5140000,7380000,1,3
202601,6,,울산농소,31200,22,0,0,0,1,0,7,21,03,7,2,없음,20,5,0,1,0,2,2,4,1,10,2,1,1,1,1,8,2,3,1,1,G,467,2,1,2,5,4,8,4,4,26500,1,1,0,5,4,8,4,4,26500,1,1,0,5,4,8,4,4,26500,1,1,0,2025,3,10,5130000,4050000,1,3
202601,6,,울산농소,31200,22,0,0,0,1,0,7,21,03,7,2,없음,20,5,0,1,0,2,2,4,1,10,2,1,1,1,1,8,2,3,1,6,0,999,2,1,2,1,1,1,5,4,25200,1,1,1,1,1,1,5,4,25200,1,1,1,1,1,1,5,4,25200,1,1,1,0,1,1,5130000,4050000,1,3
202601,6,,울산농소,31200,22,0,0,0,1,0,7,21,03,7,2,없음,20,5,0,1,0,2,2,4,1,10,2,1,1,1,1,8,2,3,1,1,M,733,3,1,3,6,5,8,6,5,25200,1,1,0,6,5,8,6,5,25200,1,1,0,6,5,8,6,5,25200,1,1,0,2025,3,10,5130000,4050000,1,3
202601,6,,울산농소,31200,22,0,0,0,1,0,7,21,03,7,2,없음,20,5,0,1,0,2,2,4,1,10,2,1,1,1,1,8,2,3,2,1,I,561,4,1,4,5,5,6,6,5,8600,1,1,0,5,5,6,6,5,8600,1,1,0,5,5,6,6,5,8600,1,1,0,2025,3,10,5130000,4050000,1,3
202601,6,,0.비상권,31200,15,0,0,0,1,0,7,32,04,5,1,없음,200,4,0,1,0,2,1,3,1,10,1,1,1,1,1,8,2,3,1,1,L,682,1,1,1,5,3,8,5,3,24100,1,1,0,5,3,8,5,3,24100,1,1,0,5,3,8,5,3,24100,1,1,0,2025,3,10,3490000,7030000,1,2
202601,6,,0.비상권,31200,15,0,0,0,1,0,7,32,04,5,1,없음,200,4,0,1,0,2,1,3,1,10,1,1,1,1,1,8,2,3,1,1,G,467,2,1,2,6,4,8,6,4,24600,1,1,0,6,4,8,6,4,24600,1,1,0,6,4,8,6,4,24600,1,1,0,2025,3,10,3490000,7030000,1,2
202601,6,,0.비상권,31200,23,0,0,0,1,0,1,51,03,1,1,없음,90,5,0,0,0,1,1,2,1,10,1,1,1,1,1,8,1,3,1,1,A,020,2,1,2,4,3,7,4,3,11800,1,1,0,4,3,7,4,3,11800,1,1,0,4,3,7,4,3,11800,1,1,0,2023,5,10,3850000,3850000,1,1
202601,6,,0.비상권,31200,23,0,0,0,1,0,5,21,03,5,1,없음,50,4,0,1,0,2,2,4,1,10,2,1,1,1,1,8,2,3,1,1,I,561,2,1,2,5,4,7,5,4,19100,1,1,0,5,4,7,5,4,19100,1,1,0,5,4,7,5,4,19100,1,1,0,2024,3,10,3480000,3980000,1,1
202601,6,,0.비상권,31200,23,0,0,0,1,0,5,21,03,5,1,없음,50,4,0,1,0,2,2,4,1,10,2,1,1,1,1,8,2,3,1,1,G,463,2,1,2,5,4,7,5,4,19000,1,1,0,5,4,7,5,4,19000,1,1,0,5,4,7,5,4,19000,1,1,0,2024,3,10,3480000,3980000,1,1
202601,6,,0.비상권,31200,23,0,0,0,1,0,5,21,03,5,1,없음,50,4,0,1,0,2,2,4,1,10,2,1,1,1,1,8,2,3,2,1,0,999,4,1,4,5,4,7,5,4,10100,1,1,0,5,4,7,5,4,10100,1,1,0,5,4,7,5,4,10100,1,1,0,2024,3,10,3480000,3980000,1,1
202601,6,,0.비상권,31200,43,0,0,0,1,0,6,31,04,2,1,없음,100,4,0,1,0,5,2,4,2,9,2,1,1,1,1,8,5,3,1,1,I,561,4,1,4,5,5,7,5,5,12100,1,1,0,5,5,7,5,5,12100,1,1,0,5,5,7,5,5,12100,1,1,0,2025,4,10,1600000,8270000,1,1
202601,6,,0.비상권,31200,43,0,0,0,1,0,6,31,04,2,1,없음,100,4,0,1,0,5,2,4,2,9,2,1,1,1,1,8,5,3,1,1,I,561,4,1,4,5,5,7,5,5,12100,1,1,0,5,5,7,5,5,12100,1,1,0,5,5,7,5,5,12100,1,1,0,2021,5,8,1600000,8270000,1,1
202601,6,,0.비상권,31200,23,0,0,0,1,0,3,21,04,6,2,없음,150,8,0,0,0,2,2,4,1,10,1,2,1,1,1,8,2,3,1,6,0,999,2,1,3,1,1,1,6,6,36900,1,1,1,1,1,1,6,6,36900,1,1,1,1,1,1,6,6,36900,1,1,1,0,1,1,4000000,4000000,1,3
202601,6,,0.비상권,31200,23,0,0,0,1,0,3,21,04,6,2,없음,150,8,0,0,0,2,2,4,1,10,1,2,1,1,1,8,2,3,2,6,0,999,2,1,2,1,1,1,5,4,17400,1,1,1,1,1,1,5,4,17400,1,1,1,1,1,1,5,4,17400,1,1,1,0,1,1,4000000,4000000,1,3
202601,6,,0.비상권,31200,23,0,0,0,1,0,3,11,04,6,2,없음,150,8,0,0,0,1,1,3,1,10,1,1,1,1,1,8,1,3,1,1,G,472,2,1,2,5,5,8,5,5,27200,1,1,0,5,5,8,5,5,27200,1,1,0,5,5,8,5,5,27200,1,1,0,2022,5,8,3940000,3590000,1,2
202601,6,,0.비상권,31200,23,0,0,0,1,0,3,11,04,6,2,없음,150,8,0,0,0,1,1,3,1,10,1,1,1,1,1,8,1,3,2,1,0,999,2,1,2,4,3,7,4,3,10300,1,1,0,4,3,7,4,3,10300,1,1,0,4,3,7,4,3,10300,1,1,0,2024,3,9,3940000,3590000,1,2
202601,6,,0.비상권,31200,22,0,0,0,1,0,8,32,04,3,1,없음,100,5,0,1,0,3,1,3,1,10,1,1,1,1,1,8,3,3,1,1,R,912,3,1,3,6,4,7,6,4,13000,1,1,0,6,4,7,6,4,13000,1,1,0,6,4,7,6,4,13000,1,1,0,2024,3,10,2050000,8990000,1,1
202601,6,,0.비상권,31200,22,0,0,0,1,0,8,32,04,3,1,없음,100,5,0,1,0,3,1,3,1,10,1,1,1,1,1,8,3,3,2,6,0,999,1,1,1,1,1,1,3,2,12700,1,1,1,1,1,1,3,2,12700,1,1,1,1,1,1,3,2,12700,1,1,1,0,1,1,2050000,8990000,1,1
202601,6,,0.비상권,31200,14,0,0,0,1,0,4,32,04,3,1,없음,80,7,0,0,0,2,1,2,1,10,1,1,1,1,1,8,2,3,1,1,S,952,2,1,2,3,3,7,3,4,13000,1,1,0,3,3,7,3,4,13000,1,1,0,3,3,7,3,4,13000,1,1,0,2025,3,6,1710000,5860000,1,2
202601,6,,0.비상권,31200,14,0,0,0,1,0,5,21,03,5,1,없음,336,6,0,1,0,3,2,4,1,10,2,1,2,1,1,8,3,3,1,1,C,131,4,1,4,4,4,4,4,4,4200,1,1,0,4,4,4,4,4,4200,1,1,0,4,4,4,4,4,4200,1,1,0,2025,3,8,1960000,2910000,1,1
202601,6,,0.비상권,31200,14,0,0,0,1,0,5,21,03,5,1,없음,336,6,0,1,0,3,2,4,1,10,2,1,2,1,1,8,3,3,2,2,0,999,4,1,4,1,1,1,4,3,3300,1,1,0,1,1,1,4,3,3300,1,1,0,1,1,1,4,3,3300,1,1,0,0,1,1,1960000,2910000,1,1
202601,6,,0.비상권,31200,16,0,0,0,1,0,9,31,03,4,1,없음,250,5,0,1,0,3,2,4,1,10,2,1,1,1,1,8,3,3,1,1,S,952,3,1,4,6,5,7,6,5,19600,1,1,0,6,5,7,6,5,19600,1,1,0,6,5,7,6,5,19600,1,1,0,2024,3,10,3950000,10700000,1,1
202601,6,,0.비상권,31200,16,0,0,0,1,0,9,31,03,4,1,없음,250,5,0,1,0,3,2,4,1,10,2,1,1,1,1,8,3,3,1,2,G,463,3,1,3,1,1,1,6,5,19800,1,1,0,1,1,1,6,5,19800,1,1,0,1,1,1,6,5,19800,1,1,0,0,1,1,3950000,10700000,1,1
202601,6,,0.비상권,31710,16,0,0,0,1,0,5,32,04,7,1,없음,5,3,0,1,0,2,2,4,1,10,2,1,1,1,1,8,2,3,1,1,I,561,3,1,3,5,5,8,4,5,17100,1,1,0,5,5,8,4,5,17100,1,1,0,5,5,8,4,5,17100,1,1,0,2025,3,8,3890000,5560000,1,1
202601,6,,0.비상권,31710,16,0,0,0,1,0,5,32,04,7,1,없음,5,3,0,1,0,2,2,4,1,10,2,1,1,1,1,8,2,3,1,1,I,562,3,1,3,5,5,8,4,5,17800,1,1,0,5,5,8,4,5,17800,1,1,0,5,5,8,4,5,17800,1,1,0,2025,3,10,3890000,5560000,1,1
202601,6,,0.비상권,31710,22,0,0,0,1,0,8,32,03,6,1,없음,186,5,0,1,0,2,2,4,1,10,2,1,1,1,1,8,2,3,1,1,I,561,4,1,4,6,5,7,6,6,14800,1,1,0,6,5,7,6,6,14800,1,1,0,6,5,7,6,6,14800,1,1,0,2024,3,10,3200000,5370000,1,2
202601,6,,0.비상권,31710,22,0,0,0,1,0,4,32,03,8,1,없음,228,8,0,0,0,2,2,4,1,10,2,1,1,1,1,8,2,3,1,1,I,561,2,1,2,4,3,6,4,3,9100,1,1,0,4,3,6,4,3,9100,1,1,0,4,3,6,4,3,9100,1,1,0,2025,3,10,2410000,3080000,1,1
202601,6,,0.비상권,31710,22,0,0,0,1,0,4,32,03,8,1,없음,228,8,0,0,0,2,2,4,1,10,2,1,1,1,1,8,2,3,1,1,I,561,2,1,2,4,3,6,4,3,9100,1,1,0,4,3,6,4,3,9100,1,1,0,4,3,6,4,3,9100,1,1,0,2025,3,9,2410000,3080000,1,1
202601,6,,0.비상권,31710,22,0,0,0,1,0,4,32,03,8,1,없음,228,8,0,0,0,2,2,4,1,10,2,1,1,1,1,8,2,3,1,1,I,562,3,1,3,4,4,6,4,4,8700,1,1,0,4,4,6,4,4,8700,1,1,0,4,4,6,4,4,8700,1,1,0,2025,3,10,2410000,3080000,1,1
202601,6,,0.비상권,31710,14,0,0,0,1,0,2,11,03,6,2,없음,251,4,0,0,0,2,2,4,1,10,2,1,1,1,1,8,2,3,1,1,I,561,3,1,3,4,4,7,4,4,11100,1,1,0,4,4,7,4,4,11100,1,1,0,4,4,7,4,4,11100,1,1,0,2025,3,10,2460000,2430000,1,1
202601,6,,0.비상권,31710,14,0,0,0,1,0,2,11,03,6,2,없음,251,4,0,0,0,2,2,4,1,10,2,1,1,1,1,8,2,3,1,1,I,561,3,1,3,5,4,7,4,4,11200,1,1,0,5,4,7,4,4,11200,1,1,0,5,4,7,4,4,11200,1,1,0,2025,3,10,2460000,2430000,1,1
202601,6,,0.비상권,31710,14,0,0,0,1,0,2,11,03,6,2,없음,251,4,0,0,0,2,2,4,1,10,2,1,1,1,1,8,2,3,2,2,0,999,3,1,3,1,1,1,4,3,5900,1,1,0,1,1,1,4,3,5900,1,1,0,1,1,1,4,3,5900,1,1,0,0,1,1,2460000,2430000,1,1
202601,6,,0.비상권,31710,14,0,0,0,1,0,5,21,04,6,2,없음,284,4,0,1,0,2,2,4,1,10,2,1,1,1,1,8,2,3,1,1,I,562,4,1,4,6,5,7,6,5,14200,1,1,0,6,5,7,6,5,14200,1,1,0,6,5,7,6,5,14200,1,1,0,2025,3,10,2940000,2540000,1,1
202601,6,,0.비상권,31710,14,0,0,0,1,0,5,21,04,6,2,없음,284,4,0,1,0,2,2,4,1,10,2,1,1,1,1,8,2,3,2,1,I,562,4,1,4,4,5,6,4,5,9200,1,1,0,4,5,6,4,5,9200,1,1,0,4,5,6,4,5,9200,1,1,0,2025,3,9,2940000,2540000,1,1
202601,6,,0.비상권,31710,14,0,0,0,1,0,7,32,04,6,1,없음,304,4,0,0,0,2,2,4,1,10,2,1,1,1,1,8,2,3,1,1,I,561,4,1,4,6,5,7,6,5,16800,1,1,0,6,5,7,6,5,16800,1,1,0,6,5,7,6,5,16800,1,1,0,2025,3,10,2680000,4650000,1,3
202601,6,,0.비상권,31710,14,0,0,0,1,0,6,31,04,6,2,없음,142,4,0,1,0,2,2,4,1,9,2,1,1,1,1,8,2,3,1,1,I,561,4,1,4,5,5,7,5,5,13500,1,1,0,5,5,7,5,5,13500,1,1,0,5,5,7,5,5,13500,1,1,0,2025,2,10,3100000,2590000,1,1
202601,6,,0.비상권,31710,14,0,0,0,1,0,6,31,04,6,2,없음,142,4,0,1,0,2,2,4,1,9,2,1,1,1,1,8,2,3,2,1,S,961,4,1,4,4,4,4,4,4,5900,1,1,0,4,4,4,4,4,5900,1,1,0,4,4,4,4,4,5900,1,1,0,2025,2,9,3100000,2590000,1,1
202601,6,,0.비상권,31710,14,0,0,0,1,0,3,21,03,6,1,없음,112,8,0,0,0,2,2,4,1,10,2,1,1,1,1,8,2,3,1,1,I,561,2,1,2,4,3,4,3,3,5900,1,1,0,4,3,4,3,3,5900,1,1,0,4,3,4,3,3,5900,1,1,0,2025,2,8,1610000,1880000,1,1
202601,6,,0.비상권,31710,14,0,0,0,1,0,3,21,03,6,1,없음,112,8,0,0,0,2,2,4,1,10,2,1,1,1,1,8,2,3,1,1,I,562,2,1,2,3,3,5,3,3,6500,1,1,0,3,3,5,3,3,6500,1,1,0,3,3,5,3,3,6500,1,1,0,2025,2,10,1610000,1880000,1,1
202601,6,,0.비상권,31710,14,0,0,0,1,0,3,21,03,6,1,없음,112,8,0,0,0,2,2,4,1,10,2,1,1,1,1,8,2,3,2,2,0,999,3,1,3,1,1,1,4,3,4600,1,1,0,1,1,1,4,3,4600,1,1,0,1,1,1,4,3,4600,1,1,0,0,1,1,1610000,1880000,1,1
202601,6,,0.비상권,31710,22,0,0,0,1,0,8,21,04,7,2,없음,180,1,0,1,0,2,2,4,1,10,2,1,1,1,1,8,2,3,1,1,G,476,3,1,3,4,4,7,4,4,10200,1,1,0,4,4,7,4,4,10200,1,1,0,4,4,7,4,4,10200,1,1,0,2023,4,9,4080000,3490000,1,1
202601,6,,0.비상권,31710,22,0,0,0,1,0,8,21,04,7,2,없음,180,1,0,1,0,2,2,4,1,10,2,1,1,1,1,8,2,3,2,1,M,732,3,1,3,3,3,3,4,3,5500,1,1,0,3,3,3,4,3,5500,1,1,0,3,3,3,4,3,5500,1,1,0,2025,3,9,4080000,3490000,1,1
202601,6,,0.비상권,31710,22,0,0,0,1,0,1,51,03,1,1,없음,80,4,0,0,0,2,1,3,1,10,1,1,1,1,1,8,2,3,1,1,C,106,3,1,3,7,3,6,7,3,9100,1,1,0,7,3,6,7,3,9100,1,1,0,7,3,6,7,3,9100,1,1,0,2025,5,5,3250000,3600000,1,1
202601,6,,0.비상권,31710,22,0,0,0,1,0,6,21,04,7,2,없음,350,9,0,0,0,2,2,4,1,10,1,1,1,1,1,8,2,3,1,1,S,961,3,1,3,5,3,5,5,3,7000,1,1,0,5,3,5,5,3,7000,1,1,0,5,3,5,5,3,7000,1,1,0,2025,2,9,2800000,2710000,1,1
202601,6,,0.비상권,31710,22,0,0,0,1,0,6,21,04,7,2,없음,350,9,0,0,0,2,2,4,1,10,1,1,1,1,1,8,2,3,2,2,0,999,2,1,2,1,1,1,4,3,4600,1,1,0,1,1,1,4,3,4600,1,1,0,1,1,1,4,3,4600,1,1,0,0,1,1,2800000,2710000,1,1
202601,6,,0.비상권,31710,22,0,0,0,1,0,1,11,03,1,1,없음,66,4,0,0,0,1,1,3,1,10,1,1,1,1,1,8,1,3,1,1,G,478,1,1,1,5,3,7,4,3,18200,1,1,0,5,3,7,4,3,18200,1,1,0,5,3,7,4,3,18200,1,1,0,2024,3,9,4110000,3620000,1,2
202601,6,,0.비상권,31710,22,0,0,0,1,0,1,11,03,1,1,없음,66,4,0,0,0,1,1,3,1,10,1,1,1,1,1,8,1,3,1,1,I,561,2,1,2,4,4,7,5,4,16900,1,1,0,4,4,7,5,4,16900,1,1,0,4,4,7,5,4,16900,1,1,0,2024,3,10,4110000,3620000,1,2
202601,6,,0.비상권,31710,22,0,0,0,1,0,3,32,04,7,1,없음,66,8,0,0,0,3,2,4,1,10,2,1,1,1,1,8,3,3,1,1,I,561,2,1,3,6,3,6,6,3,9900,1,1,0,6,3,6,6,3,9900,1,1,0,6,3,6,6,3,9900,1,1,0,2025,3,4,3300000,5490000,1,1
202601,6,,0.비상권,31710,22,0,0,0,1,0,3,32,04,7,1,없음,66,8,0,0,0,3,2,4,1,10,2,1,1,1,1,8,3,3,1,1,I,561,4,1,4,4,4,5,4,4,6600,1,1,0,4,4,5,4,4,6600,1,1,0,4,4,5,4,4,6600,1,1,0,2025,3,10,3300000,5490000,1,1
202601,6,,0.비상권,31710,22,0,0,0,1,0,8,32,04,7,1,없음,100,7,0,0,0,1,1,2,1,10,1,1,1,1,1,8,1,3,1,1,G,472,2,1,2,5,5,8,5,5,21700,1,1,0,5,5,8,5,5,21700,1,1,0,5,5,8,5,5,21700,1,1,0,2025,3,9,4180000,6050000,1,1
202601,6,,0.비상권,31710,22,0,0,0,1,0,6,21,03,7,1,없음,112,5,0,0,0,2,2,4,1,10,2,1,1,1,1,8,2,3,1,1,S,961,2,1,2,4,4,7,4,4,14500,1,1,0,4,4,7,4,4,14500,1,1,0,4,4,7,4,4,14500,1,1,0,2025,3,10,4110000,7010000,1,3
202601,6,,0.비상권,31710,22,0,0,0,1,0,6,21,03,7,1,없음,112,5,0,0,0,2,2,4,1,10,2,1,1,1,1,8,2,3,1,1,I,561,3,1,3,6,5,8,6,5,24500,1,1,0,6,5,8,6,5,24500,1,1,0,6,5,8,6,5,24500,1,1,0,2024,3,7,4110000,7010000,1,3
202601,6,,0.비상권,31710,14,0,0,0,1,0,5,21,03,6,2,없음,50,5,0,1,0,2,2,4,1,9,2,1,1,1,1,8,2,3,1,1,G,471,2,1,2,4,4,7,4,4,17100,1,1,0,4,4,7,4,4,17100,1,1,0,4,4,7,4,4,17100,1,1,0,2026,3,8,3940000,3290000,1,2
202601,6,,0.비상권,31710,14,0,0,0,1,0,5,21,03,6,2,없음,50,5,0,1,0,2,2,4,1,9,2,1,1,1,1,8,2,3,1,1,G,474,2,1,2,5,5,8,5,5,20600,1,1,0,5,5,8,5,5,20600,1,1,0,5,5,8,5,5,20600,1,1,0,2024,3,7,3940000,3290000,1,2
202601,6,,0.비상권,31710,14,0,0,0,1,0,5,21,03,6,2,없음,50,5,0,1,0,2,2,4,1,9,2,1,1,1,1,8,2,3,1,1,G,478,2,1,2,4,4,7,5,4,17400,1,1,0,4,4,7,5,4,17400,1,1,0,4,4,7,5,4,17400,1,1,0,2024,3,7,3940000,3290000,1,2
202601,6,,0.비상권,31710,14,0,0,0,1,0,5,21,03,6,2,없음,50,5,0,1,0,2,2,4,1,9,2,1,1,1,1,8,2,3,2,1,Q,862,4,1,4,6,5,6,6,5,9300,1,1,0,6,5,6,6,5,9300,1,1,0,6,5,6,6,5,9300,1,1,0,2026,3,6,3940000,3290000,1,2
202601,6,,0.비상권,31710,14,0,0,0,1,0,5,32,04,2,1,없음,200,6,0,0,0,3,1,2,1,10,1,1,1,1,1,8,3,3,1,1,I,561,2,1,2,5,3,7,5,4,12100,1,1,0,5,3,7,5,4,12100,1,1,0,5,3,7,5,4,12100,1,1,0,2025,3,7,1740000,13570000,1,1
202601,6,,0.비상권,31710,14,0,0,0,1,0,9,32,03,6,1,없음,150,7,0,1,0,2,2,4,1,10,2,1,1,1,1,8,2,3,1,1,G,473,3,1,3,6,4,7,6,4,15200,1,1,0,6,4,7,6,4,15200,1,1,0,6,4,7,6,4,15200,1,1,0,2024,3,10,3240000,5450000,1,1
202601,6,,0.비상권,31710,14,0,0,0,1,0,9,32,03,6,1,없음,150,7,0,1,0,2,2,4,1,10,2,1,1,1,1,8,2,3,1,1,M,732,3,1,3,5,4,7,5,4,13000,1,1,0,5,4,7,5,4,13000,1,1,0,5,4,7,5,4,13000,1,1,0,2024,3,10,3240000,5450000,1,1
202601,6,,0.비상권,31710,14,0,0,0,1,0,8,32,04,5,1,없음,235,4,0,1,0,2,1,3,1,10,1,1,1,1,1,8,2,3,1,1,F,424,3,1,3,4,4,7,4,4,11300,1,1,0,4,4,7,4,4,11300,1,1,0,4,4,7,4,4,11300,1,1,0,2025,4,9,2300000,5570000,1,1
202601,6,,0.비상권,31710,14,0,0,0,1,0,4,11,04,3,1,없음,260,4,0,0,0,2,1,3,1,10,1,1,1,1,1,8,2,3,1,1,I,561,3,1,3,5,4,7,5,4,11200,1,1,0,5,4,7,5,4,11200,1,1,0,5,4,7,5,4,11200,1,1,0,2026,3,10,2030000,5300000,1,1
202601,6,,0.비상권,31710,14,0,0,0,1,0,7,32,04,6,1,없음,100,4,0,1,0,3,2,4,1,10,2,1,1,1,1,8,3,3,1,1,I,561,4,1,4,5,5,6,5,6,10300,1,1,0,5,5,6,5,6,10300,1,1,0,5,5,6,5,6,10300,1,1,0,2025,3,8,2670000,5260000,1,1
202601,6,,0.비상권,31710,14,0,0,0,1,0,9,32,03,6,1,없음,80,6,0,1,0,2,2,4,1,10,2,1,1,1,1,8,2,3,1,1,I,561,2,1,2,5,4,7,5,4,13200,1,1,0,5,4,7,5,4,13200,1,1,0,5,4,7,5,4,13200,1,1,0,2025,3,10,2360000,4090000,1,1
202601,6,,0.비상권,31710,14,0,0,0,1,0,9,32,03,6,1,없음,80,6,0,1,0,2,2,4,1,10,2,1,1,1,1,8,2,3,1,1,M,721,2,1,2,5,4,7,5,4,13200,1,1,0,5,4,7,5,4,13200,1,1,0,5,4,7,5,4,13200,1,1,0,2024,3,10,2360000,4090000,1,1
202601,6,,0.비상권,31710,14,0,0,0,1,0,9,32,03,6,1,없음,80,6,0,1,0,2,2,4,1,10,2,1,1,1,1,8,2,3,1,1,G,465,2,1,2,5,4,7,5,4,13200,1,1,0,5,4,7,5,4,13200,1,1,0,5,4,7,5,4,13200,1,1,0,2025,3,10,2360000,4090000,1,1
202601,6,,0.비상권,31710,14,0,0,0,1,0,5,21,04,5,1,없음,5,6,0,1,0,3,2,4,4,7,2,1,1,1,1,5,3,3,1,1,I,561,4,3,4,3,5,6,3,5,8300,1,1,0,3,5,6,3,5,8300,1,1,0,3,5,6,3,5,8300,1,1,0,2025,3,8,2360000,5530000,1,1
202601,6,,0.비상권,31710,14,0,0,0,1,0,5,21,04,5,1,없음,5,6,0,1,0,3,2,4,4,7,2,1,1,1,1,5,3,3,1,1,G,478,2,1,3,3,3,5,3,3,7200,1,1,0,3,3,5,3,3,7200,1,1,0,3,3,5,3,3,7200,1,1,0,2025,3,9,2360000,5530000,1,1
202601,6,,0.비상권,36110,11,0,0,0,1,0,8,21,04,5,1,없음,100,5,0,1,0,3,2,4,2,9,2,1,1,1,1,8,3,3,1,1,I,561,4,1,4,6,6,8,6,6,22100,1,1,0,6,6,8,6,6,22100,1,1,0,6,6,8,6,6,22100,1,1,0,2024,3,9,4550000,5730000,1,1
202601,6,,0.비상권,36110,11,0,0,0,1,0,8,21,04,5,1,없음,100,5,0,1,0,3,2,4,2,9,2,1,1,1,1,8,3,3,2,1,I,561,3,1,4,6,5,7,6,5,14300,1,1,0,6,5,7,6,5,14300,1,1,0,6,5,7,6,5,14300,1,1,0,2024,3,9,4550000,5730000,1,1
202601,6,,0.비상권,36110,11,0,0,0,1,0,7,21,04,5,1,없음,130,4,0,1,0,3,2,4,1,10,2,1,2,1,1,8,3,3,1,2,I,561,4,1,4,1,1,1,6,6,23700,2,1,0,1,1,1,6,6,23700,2,1,0,1,1,1,6,6,23700,1,1,0,0,1,1,4550000,5710000,1,1
202601,6,,0.비상권,36110,11,0,0,0,1,0,7,21,04,5,1,없음,130,4,0,1,0,3,2,4,1,10,2,1,2,1,1,8,3,3,2,1,L,681,4,1,4,6,5,7,6,5,14700,1,1,0,6,5,7,6,5,14700,1,1,0,6,5,7,6,5,14700,1,1,0,2025,3,10,4550000,5710000,1,1
202601,6,,0.비상권,36110,11,0,0,0,1,0,8,21,03,5,1,없음,220,5,0,1,0,3,2,4,2,9,2,1,1,1,1,8,3,3,1,1,I,562,2,1,2,5,5,9,5,5,30200,1,1,0,5,5,9,5,5,30200,1,1,0,5,5,9,5,5,30200,1,1,0,2024,3,9,4880000,6210000,1,1
202601,6,,0.비상권,36110,11,0,0,0,1,0,8,21,03,5,1,없음,220,5,0,1,0,3,2,4,2,9,2,1,1,1,1,8,3,3,1,1,I,561,2,1,2,5,5,9,5,5,30200,1,1,0,5,5,9,5,5,30200,1,1,0,5,5,9,5,5,30200,1,1,0,2025,3,10,4880000,6210000,1,1
202601,6,,0.비상권,36110,11,0,0,0,1,0,8,21,03,5,1,없음,220,5,0,1,0,3,2,4,2,9,2,1,1,1,1,8,3,3,1,1,G,472,3,1,4,6,6,9,6,6,35500,1,1,0,6,6,9,6,6,35500,1,1,0,6,6,9,6,6,35500,1,1,0,2024,3,9,4880000,6210000,1,1
202601,6,,0.비상권,36110,11,0,0,0,1,0,8,21,03,5,1,없음,220,5,0,1,0,3,2,4,2,9,2,1,1,1,1,8,3,3,2,1,G,472,3,1,4,6,5,7,6,5,14400,1,1,0,6,5,7,6,5,14400,1,1,0,6,5,7,6,5,14400,1,1,0,2024,3,9,4880000,6210000,1,1
202601,6,,0.비상권,36110,11,0,0,0,1,0,7,21,04,5,1,없음,150,5,0,1,0,3,2,4,1,10,1,2,1,1,1,8,3,3,1,6,0,999,4,1,4,1,1,1,6,6,26700,1,1,1,1,1,1,6,6,26700,1,1,1,1,1,1,6,6,26700,1,1,1,0,1,1,5000000,6220000,1,1
202601,6,,0.비상권,36110,11,0,0,0,1,0,7,21,04,5,1,없음,150,5,0,1,0,3,2,4,1,10,1,2,1,1,1,8,3,3,2,6,0,999,4,1,4,1,1,1,5,5,15000,1,1,1,1,1,1,5,5,15000,1,1,1,1,1,1,5,5,15000,1,1,1,0,1,1,5000000,6220000,1,1
202601,6,,조치원,36110,22,0,0,0,1,0,1,11,03,7,2,없음,79,5,0,0,0,1,1,3,1,9,1,1,1,1,1,8,1,3,1,1,G,474,2,1,2,5,4,8,5,4,23000,1,1,0,5,4,8,5,4,23000,1,1,0,5,4,8,5,4,23000,1,1,0,2024,3,7,4540000,3680000,1,1
202601,6,,조치원,36110,22,0,0,0,1,0,1,11,03,7,2,없음,79,5,0,0,0,1,1,3,1,9,1,1,1,1,1,8,1,3,2,1,N,751,2,1,2,4,3,7,4,4,13600,1,1,0,4,3,7,4,4,13600,1,1,0,4,3,7,4,4,13600,1,1,0,2024,3,7,4540000,3680000,1,1
202601,6,,조치원,36110,22,0,0,0,1,0,1,11,03,9,2,없음,100,4,0,0,0,1,2,3,1,9,2,1,1,1,1,8,1,3,1,1,S,961,1,1,1,6,3,8,6,3,23200,1,1,0,6,3,8,6,3,23200,1,1,0,6,3,8,6,3,23200,1,1,0,2024,3,9,4950000,2980000,1,1
202601,6,,조치원,36110,22,0,0,0,1,0,1,11,03,9,2,없음,100,4,0,0,0,1,2,3,1,9,2,1,1,1,1,8,1,3,1,1,S,969,1,1,1,5,4,8,6,4,24600,1,1,0,5,4,8,6,4,24600,1,1,0,5,4,8,6,4,24600,1,1,0,2024,3,8,4950000,2980000,1,1
202601,6,,조치원,36110,22,0,0,0,1,0,1,11,03,9,2,없음,100,4,0,0,0,1,2,3,1,9,2,1,1,1,1,8,1,3,2,1,S,969,2,1,2,4,3,4,4,3,6500,1,1,0,4,3,4,4,3,6500,1,1,0,4,3,4,4,3,6500,1,1,0,2026,3,8,4950000,2980000,1,1
202601,6,,조치원,36110,22,0,0,0,1,0,1,21,03,8,2,없음,80,5,0,0,0,1,2,3,1,10,2,1,1,1,1,8,1,3,1,1,L,682,2,1,2,6,5,8,6,5,28800,1,1,0,6,5,8,6,5,28800,1,1,0,6,5,8,6,5,28800,1,1,0,2024,3,9,5720000,3800000,1,1
202601,6,,조치원,36110,22,0,0,0,1,0,1,21,03,8,2,없음,80,5,0,0,0,1,2,3,1,10,2,1,1,1,1,8,1,3,2,1,I,562,2,1,2,4,3,5,4,3,7300,1,1,0,4,3,5,4,3,7300,1,1,0,4,3,5,4,3,7300,1,1,0,2024,3,9,5720000,3800000,1,1
202601,6,,조치원,36110,22,0,0,0,1,0,1,11,04,7,2,없음,160,6,0,0,0,2,2,4,1,9,2,1,1,1,1,8,2,3,1,1,I,561,3,1,3,4,5,7,4,5,12100,1,1,0,4,5,7,4,5,12100,1,1,0,4,5,7,4,5,12100,1,1,0,2025,2,6,3380000,2460000,1,1
202601,6,,조치원,36110,22,0,0,0,1,0,1,11,04,7,2,없음,160,6,0,0,0,2,2,4,1,9,2,1,1,1,1,8,2,3,2,1,I,562,3,1,3,4,4,5,4,4,7200,1,1,0,4,4,5,4,4,7200,1,1,0,4,4,5,4,4,7200,1,1,0,2025,2,7,3380000,2460000,1,1
202601,6,,조치원,36110,22,0,0,0,1,0,1,11,03,9,2,없음,5,4,0,0,0,1,1,3,1,10,1,1,1,1,1,8,1,3,1,1,G,474,2,1,2,6,4,8,6,4,25300,1,1,0,6,4,8,6,4,25300,1,1,0,6,4,8,6,4,25300,1,1,0,2024,3,9,5590000,3370000,1,1
202601,6,,조치원,36110,22,0,0,0,1,0,1,11,03,9,2,없음,5,4,0,0,0,1,1,3,1,10,1,1,1,1,1,8,1,3,2,1,G,474,2,1,2,4,3,5,4,3,7700,1,1,0,4,3,5,4,3,7700,1,1,0,4,3,5,4,3,7700,1,1,0,2024,3,9,5590000,3370000,1,1
202601,6,,조치원,36110,22,0,0,0,1,0,1,11,03,9,1,없음,200,7,0,0,0,1,1,2,1,10,1,1,1,1,1,8,1,3,1,1,I,561,1,1,1,4,3,7,4,3,15000,1,1,0,4,3,7,4,3,15000,1,1,0,4,3,7,4,3,15000,1,1,0,2025,3,9,3240000,3930000,1,2
202601,6,,조치원,36110,22,0,0,0,1,0,1,11,03,9,1,없음,200,7,0,0,0,1,1,2,1,10,1,1,1,1,1,8,1,3,1,1,S,961,2,1,2,3,3,7,3,3,12200,1,1,0,3,3,7,3,3,12200,1,1,0,3,3,7,3,3,12200,1,1,0,2025,3,10,3240000,3930000,1,2
202601,6,,조치원,36110,22,0,0,0,1,0,3,11,04,10,2,없음,50,6,0,0,0,2,2,3,2,8,1,1,1,1,1,8,2,3,1,1,I,561,2,1,3,3,4,6,3,4,10200,1,1,0,3,4,6,3,4,10200,1,1,0,3,4,6,3,4,10200,1,1,0,2024,4,8,3240000,2970000,1,1
202601,6,,조치원,36110,22,0,0,0,1,0,3,11,04,10,2,없음,50,6,0,0,0,2,2,3,2,8,1,1,1,1,1,8,2,3,2,2,0,999,2,1,2,1,1,1,3,3,4700,1,1,0,1,1,1,3,3,4700,1,1,0,1,1,1,3,3,4700,1,1,0,0,1,1,3240000,2970000,1,1
202601,6,,조치원,36110,22,0,0,0,1,0,4,21,03,8,2,없음,90,6,0,0,0,2,2,4,1,10,2,1,1,1,1,8,2,3,1,1,I,561,4,1,4,3,4,5,5,4,7100,1,1,0,3,4,5,5,4,7100,1,1,0,3,4,5,5,4,7100,1,1,0,2025,3,10,3680000,2510000,1,2
202601,6,,조치원,36110,22,0,0,0,1,0,4,21,03,8,2,없음,90,6,0,0,0,2,2,4,1,10,2,1,1,1,1,8,2,3,2,1,R,912,3,1,3,3,3,4,4,3,5500,1,1,0,3,3,4,4,3,5500,1,1,0,3,3,4,4,3,5500,1,1,0,2025,3,8,3680000,2510000,1,2
202601,6,,조치원,36110,22,0,0,0,1,0,1,11,03,8,2,없음,60,4,0,0,0,2,2,4,1,10,2,1,1,1,1,8,2,3,1,1,I,561,2,1,2,6,5,9,6,4,24500,1,1,0,6,5,9,6,4,24500,1,1,0,6,5,9,6,4,24500,1,1,0,2025,3,10,6060000,4180000,1,2
202601,6,,조치원,36110,22,0,0,0,1,0,1,11,03,8,2,없음,60,4,0,0,0,2,2,4,1,10,2,1,1,1,1,8,2,3,1,6,0,999,2,1,2,1,1,1,6,4,24300,1,1,1,1,1,1,6,4,24300,1,1,1,1,1,1,6,4,24300,1,1,1,0,1,1,6060000,4180000,1,2
202601,6,,조치원,36110,22,0,0,0,1,0,1,11,03,8,2,없음,60,4,0,0,0,2,2,4,1,10,2,1,1,1,1,8,2,3,2,1,S,961,3,1,3,5,4,7,5,4,12800,1,1,0,5,4,7,5,4,12800,1,1,0,5,4,7,5,4,12800,1,1,0,2024,3,5,6060000,4180000,1,2
202601,6,,조치원,36110,22,0,0,0,1,0,1,11,03,10,2,없음,30,8,0,0,0,1,1,2,1,10,1,1,1,1,1,8,1,3,1,1,S,961,1,1,1,3,3,7,3,3,13100,1,1,0,3,3,7,3,3,13100,1,1,0,3,3,7,3,3,13100,1,1,0,2026,3,10,2350000,1210000,1,3
202601,6,,조치원,36110,22,0,0,0,1,0,1,11,03,10,2,없음,30,8,0,0,0,1,1,2,1,10,1,1,1,1,1,8,1,3,2,1,S,961,1,1,1,2,2,3,2,2,3300,1,1,0,2,2,3,2,2,3300,1,1,0,2,2,3,2,2,3300,1,1,0,2026,3,10,2350000,1210000,1,3
202601,6,,조치원,36110,14,0,0,0,1,0,4,21,04,6,2,없음,83,6,0,0,0,2,2,4,1,10,2,1,1,1,1,8,2,3,1,1,J,581,2,1,2,3,3,5,3,3,6400,1,1,0,3,3,5,3,3,6400,1,1,0,3,3,5,3,3,6400,1,1,0,2026,3,9,2270000,2160000,1,1
202601,6,,조치원,36110,14,0,0,0,1,0,4,21,04,6,2,없음,83,6,0,0,0,2,2,4,1,10,2,1,1,1,1,8,2,3,2,1,0,999,2,1,2,3,3,4,3,3,5300,1,1,0,3,3,4,3,3,5300,1,1,0,3,3,4,3,3,5300,1,1,0,2024,3,9,2270000,2160000,1,1
202601,6,,조치원,36110,14,0,0,0,1,0,1,51,03,6,1,없음,100,4,0,0,0,2,1,2,1,10,1,1,1,1,1,8,2,3,1,1,M,713,1,1,1,3,3,6,3,3,8600,1,1,0,3,3,6,3,3,8600,1,1,0,3,3,6,3,3,8600,1,1,0,2025,3,10,2250000,4100000,1,1
202601,6,,조치원,36110,14,0,0,0,1,0,1,51,03,6,1,없음,100,4,0,0,0,2,1,2,1,10,1,1,1,1,1,8,2,3,1,1,M,713,1,1,1,3,3,6,3,3,8400,1,1,0,3,3,6,3,3,8400,1,1,0,3,3,6,3,3,8400,1,1,0,2025,3,10,2250000,4100000,1,1
202601,6,,조치원,36110,14,0,0,0,1,0,8,31,04,6,2,없음,64,6,0,0,0,2,2,4,1,10,2,1,1,1,1,8,2,3,1,1,G,462,2,1,3,4,4,6,4,4,8100,1,1,0,4,4,6,4,4,8100,1,1,0,4,4,6,4,4,8100,1,1,0,2025,3,10,2590000,2440000,1,1
202601,6,,조치원,36110,14,0,0,0,1,0,8,31,04,6,2,없음,64,6,0,0,0,2,2,4,1,10,2,1,1,1,1,8,2,3,2,1,I,561,2,1,2,4,3,5,4,3,6900,1,1,0,4,3,5,4,3,6900,1,1,0,4,3,5,4,3,6900,1,1,0,2024,3,10,2590000,2440000,1,1
202601,6,,조치원,36110,16,0,0,0,1,0,1,51,03,6,1,없음,20,4,0,0,0,2,2,3,1,9,2,1,1,1,1,8,2,3,1,1,M,721,3,1,3,4,4,6,4,4,10200,1,1,0,4,4,6,4,4,10200,1,1,0,4,4,6,4,4,10200,1,1,0,2024,3,9,2530000,3510000,1,1
202601,6,,조치원,36110,16,0,0,0,1,0,1,51,03,6,1,없음,20,4,0,0,0,2,2,3,1,9,2,1,1,1,1,8,2,3,2,1,M,721,1,1,1,3,3,5,3,3,7100,1,1,0,3,3,5,3,3,7100,1,1,0,3,3,5,3,3,7100,1,1,0,2024,3,9,2530000,3510000,1,1
202601,6,,조치원,36110,16,0,0,0,1,0,8,31,03,1,1,없음,100,5,0,1,0,3,2,4,1,10,2,1,1,1,1,8,2,3,1,1,I,561,1,1,1,3,3,7,3,3,13900,1,1,0,3,3,7,3,3,13900,1,1,0,3,3,7,3,3,13900,1,1,0,2025,3,9,3370000,4920000,1,1
202601,6,,조치원,36110,16,0,0,0,1,0,8,31,03,1,1,없음,100,5,0,1,0,3,2,4,1,10,2,1,1,1,1,8,2,3,1,1,Q,869,2,1,2,5,3,6,5,3,10600,1,1,0,5,3,6,5,3,10600,1,1,0,5,3,6,5,3,10600,1,1,0,2024,3,10,3370000,4920000,1,1
202601,6,,조치원,36110,16,0,0,0,1,0,8,31,03,1,1,없음,100,5,0,1,0,3,2,4,1,10,2,1,1,1,1,8,2,3,1,2,G,478,2,1,2,1,1,1,3,4,16600,1,1,0,1,1,1,3,4,16600,1,1,0,1,1,1,3,4,16600,1,1,0,0,1,1,3370000,4920000,1,1
202601,6,,조치원,36110,16,0,0,0,1,0,8,31,03,1,1,없음,100,5,0,1,0,3,2,4,1,10,2,1,1,1,1,8,2,3,1,1,F,424,1,1,1,3,3,7,3,3,13800,1,1,0,3,3,7,3,3,13800,1,1,0,3,3,7,3,3,13800,1,1,0,2025,3,9,3370000,4920000,1,1
202601,6,,조치원,36110,16,0,0,0,1,0,1,21,04,1,1,없음,80,4,0,0,0,2,2,4,1,9,2,2,1,1,1,8,2,3,1,1,L,682,2,1,2,4,4,7,4,4,10600,1,1,0,4,4,7,4,4,10600,1,1,0,4,4,7,4,4,10600,1,1,0,2025,3,8,2810000,1760000,1,1
202601,6,,조치원,36110,16,0,0,0,1,0,1,21,04,1,1,없음,80,4,0,0,0,2,2,4,1,9,2,2,1,1,1,8,2,3,1,1,I,561,1,1,1,3,3,7,3,3,13500,1,1,0,3,3,7,3,3,13500,1,1,0,3,3,7,3,3,13500,1,1,0,2025,3,7,2810000,1760000,1,1
202601,6,,조치원,36110,16,0,0,0,1,0,1,21,04,1,1,없음,80,4,0,0,0,2,2,4,1,9,2,2,1,1,1,8,2,3,1,1,F,424,1,1,1,3,3,7,3,3,11300,1,1,0,3,3,7,3,3,11300,1,1,0,3,3,7,3,3,11300,1,1,0,2025,3,8,2810000,1760000,1,1
202601,6,,조치원,36110,16,0,0,0,1,0,1,21,04,1,1,없음,80,4,0,0,0,2,2,4,1,9,2,2,1,1,1,8,2,3,2,6,0,999,2,1,2,1,1,1,3,3,5400,1,1,1,1,1,1,3,3,5400,1,1,1,1,1,1,3,3,5400,1,1,1,0,1,1,2810000,1760000,1,1
202601,6,,조치원,36110,16,0,0,0,1,0,1,21,04,1,1,없음,80,4,0,0,0,2,2,4,1,9,2,2,1,1,1,8,2,3,2,6,0,999,2,1,2,1,1,1,3,3,5700,1,1,1,1,1,1,3,3,5700,1,1,1,1,1,1,3,3,5700,1,1,1,0,1,1,2810000,1760000,1,1
202601,6,,조치원,36110,22,0,0,0,1,0,1,11,03,7,2,없음,400,6,0,0,0,1,2,4,1,10,1,1,1,1,1,8,1,3,1,1,S,969,1,1,1,3,4,7,3,3,18100,1,1,0,3,4,7,3,3,18100,1,1,0,3,4,7,3,3,18100,1,1,0,2024,3,10,3160000,2600000,1,1
202601,6,,조치원,36110,22,0,0,0,1,0,1,11,03,7,2,없음,400,6,0,0,0,1,2,4,1,10,1,1,1,1,1,8,1,3,1,6,0,999,1,1,1,1,1,1,3,3,17700,1,1,1,1,1,1,3,3,17700,1,1,1,1,1,1,3,3,17700,1,1,1,0,1,1,3160000,2600000,1,1
202601,6,,조치원,36110,22,0,0,0,1,0,1,11,03,7,2,없음,400,6,0,0,0,1,2,4,1,10,1,1,1,1,1,8,1,3,2,2,0,999,2,1,2,1,1,1,3,3,7000,1,1,0,1,1,1,3,3,7000,1,1,0,1,1,1,3,3,7000,1,1,0,0,1,1,3160000,2600000,1,1
202601,6,,조치원,36110,22,0,0,0,1,0,1,21,03,7,2,없음,180,7,0,0,0,2,2,4,1,10,2,1,1,1,1,8,2,3,1,6,0,999,2,1,2,1,1,1,5,3,11600,1,1,1,1,1,1,5,3,11600,1,1,1,1,1,1,5,3,11600,1,1,1,0,1,1,3950000,3710000,1,1
202601,6,,조치원,36110,22,0,0,0,1,0,1,21,03,7,2,없음,180,7,0,0,0,2,2,4,1,10,2,1,1,1,1,8,2,3,1,1,G,474,4,1,4,5,5,7,5,5,11200,1,1,0,5,5,7,5,5,11200,1,1,0,5,5,7,5,5,11200,1,1,0,2025,3,8,3950000,3710000,1,1
202601,6,,조치원,36110,22,0,0,0,1,0,1,21,03,7,2,없음,180,7,0,0,0,2,2,4,1,10,2,1,1,1,1,8,2,3,2,1,0,999,3,1,3,4,3,4,5,3,5100,1,1,0,4,3,4,5,3,5100,1,1,0,4,3,4,5,3,5100,1,1,0,2025,3,10,3950000,3710000,1,1
202601,6,,조치원,36110,22,0,0,0,1,0,7,32,03,7,1,없음,180,6,0,0,0,2,1,3,1,10,1,1,1,1,1,8,2,3,1,1,G,472,3,1,3,6,4,7,6,4,11200,1,1,0,6,4,7,6,4,11200,1,1,0,6,4,7,6,4,11200,1,1,0,2024,3,8,4130000,6020000,1,1
202601,6,,조치원,36110,22,0,0,0,1,0,7,32,03,8,1,없음,180,6,0,0,0,1,1,2,1,10,1,1,1,1,1,8,1,3,1,1,G,474,1,1,1,4,3,7,4,3,16400,1,1,0,4,3,7,4,3,16400,1,1,0,4,3,7,4,3,16400,1,1,0,2024,3,9,4500000,5990000,1,2
202601,6,,조치원,36110,22,0,0,0,1,0,7,32,03,8,1,없음,180,6,0,0,0,1,1,2,1,10,1,1,1,1,1,8,1,3,1,1,S,969,1,1,1,4,3,7,4,3,18800,1,1,0,4,3,7,4,3,18800,1,1,0,4,3,7,4,3,18800,1,1,0,2025,3,9,4500000,5990000,1,2
202601,6,,조치원,36110,14,0,0,0,1,0,6,11,03,6,2,없음,30,4,0,0,0,2,2,4,1,10,2,1,1,1,1,8,2,3,1,1,G,476,2,1,2,3,3,6,3,3,8700,1,1,0,3,3,6,3,3,8700,1,1,0,3,3,6,3,3,8700,1,1,0,2025,3,10,2480000,2200000,1,1
202601,6,,조치원,36110,14,0,0,0,1,0,6,11,03,6,2,없음,30,4,0,0,0,2,2,4,1,10,2,1,1,1,1,8,2,3,1,1,S,969,2,1,2,3,3,6,3,3,9300,1,1,0,3,3,6,3,3,9300,1,1,0,3,3,6,3,3,9300,1,1,0,2026,3,8,2480000,2200000,1,1
202601,6,,조치원,36110,14,0,0,0,1,0,6,11,03,6,2,없음,30,4,0,0,0,2,2,4,1,10,2,1,1,1,1,8,2,3,2,1,0,999,3,1,3,3,3,3,3,3,3500,1,1,0,3,3,3,3,3,3500,1,1,0,3,3,3,3,3,3500,1,1,0,2025,3,8,2480000,2200000,1,1
202601,6,,조치원,36110,22,0,0,0,1,0,5,31,04,8,2,없음,110,8,0,0,0,2,2,4,1,10,2,1,1,1,1,8,2,3,1,1,I,561,3,1,3,4,4,5,4,4,8000,1,1,0,4,4,5,4,4,8000,1,1,0,4,4,5,4,4,8000,1,1,0,2025,3,8,2910000,1980000,1,1
202601,6,,조치원,36110,22,0,0,0,1,0,5,31,04,8,2,없음,110,8,0,0,0,2,2,4,1,10,2,1,1,1,1,8,2,3,2,1,I,562,3,1,3,3,3,3,3,3,3700,1,1,0,3,3,3,3,3,3700,1,1,0,3,3,3,3,3,3700,1,1,0,2025,3,10,2910000,1980000,1,1
202601,6,,조치원,36110,22,0,0,0,1,0,3,21,03,8,2,없음,300,5,0,0,0,2,2,4,1,9,2,1,1,1,1,8,2,3,1,1,G,472,2,1,3,4,4,7,5,4,15100,1,1,0,4,4,7,5,4,15100,1,1,0,4,4,7,5,4,15100,1,1,0,2025,3,10,3160000,2730000,1,1
202601,6,,조치원,36110,22,0,0,0,1,0,3,21,03,8,2,없음,300,5,0,0,0,2,2,4,1,9,2,1,1,1,1,8,2,3,1,1,S,961,1,1,2,4,3,7,4,3,10800,1,1,0,4,3,7,4,3,10800,1,1,0,4,3,7,4,3,11100,1,1,0,2025,3,10,3160000,2730000,1,1
202601,6,,조치원,36110,22,0,0,0,1,0,3,21,03,8,2,없음,300,5,0,0,0,2,2,4,1,9,2,1,1,1,1,8,2,3,1,1,G,478,1,1,2,4,3,7,4,3,16000,1,1,0,4,3,7,4,3,16000,1,1,0,4,3,7,4,3,16000,1,1,0,2023,4,9,3160000,2730000,1,1
202601,6,,조치원,36110,22,0,0,0,1,0,3,21,03,8,2,없음,300,5,0,0,0,2,2,4,1,9,2,1,1,1,1,8,2,3,2,1,S,949,1,1,1,2,3,4,3,3,4700,1,1,0,2,3,4,3,3,4700,1,1,0,2,3,4,3,3,4700,1,1,0,2024,3,8,3160000,2730000,1,1
202601,6,,조치원,36110,22,0,0,0,1,0,3,21,03,8,2,없음,300,5,0,0,0,2,2,4,1,9,2,1,1,1,1,8,2,3,2,1,S,949,1,1,1,3,3,4,3,3,4600,1,1,0,3,3,4,3,3,4600,1,1,0,3,3,4,3,3,4600,1,1,0,2025,3,10,3160000,2730000,1,1
202601,6,,조치원,36110,14,0,0,0,1,0,3,21,04,6,2,없음,386,6,0,0,0,2,2,4,1,10,1,1,1,1,1,1,2,3,1,1,I,561,3,1,3,4,3,4,4,4,6600,1,1,0,4,3,4,4,4,6600,1,1,0,4,3,4,4,4,6600,1,1,0,2024,3,7,1540000,1470000,1,1
202601,6,,조치원,36110,14,0,0,0,1,0,3,21,04,6,2,없음,386,6,0,0,0,2,2,4,1,10,1,1,1,1,1,1,2,3,2,2,0,999,3,1,3,1,1,1,5,3,3100,1,1,0,1,1,1,5,3,3100,1,1,0,1,1,1,5,3,3100,1,1,0,0,1,1,1540000,1470000,1,1
202601,6,,0.비상권,36110,14,0,0,0,1,0,7,21,04,6,2,없음,20,1,0,1,0,2,2,4,2,9,2,1,1,1,1,8,2,3,1,1,S,961,2,1,2,4,3,7,4,3,14500,1,1,0,4,3,7,4,3,14500,1,1,0,4,3,7,4,3,14500,1,1,0,2024,3,9,2960000,2510000,1,1
202601,6,,0.비상권,36110,14,0,0,0,1,0,7,21,04,6,2,없음,20,1,0,1,0,2,2,4,2,9,2,1,1,1,1,8,2,3,1,2,F,422,1,1,2,1,1,1,4,3,14500,1,1,0,1,1,1,4,3,14500,1,1,0,1,1,1,4,3,14500,1,1,0,0,1,1,2960000,2510000,1,1
202601,6,,0.비상권,36110,14,0,0,0,1,0,7,21,04,6,2,없음,20,1,0,1,0,2,2,4,2,9,2,1,1,1,1,8,2,3,1,1,S,961,2,1,2,4,4,7,4,4,14400,1,1,0,4,4,7,4,4,14400,1,1,0,4,4,7,4,4,14400,1,1,0,2025,3,8,2960000,2510000,1,1
202601,6,,0.비상권,36110,14,0,0,0,1,0,7,21,04,6,2,없음,20,1,0,1,0,2,2,4,2,9,2,1,1,1,1,8,2,3,2,6,0,999,1,1,2,1,1,1,3,3,4400,1,1,1,1,1,1,3,3,4400,1,1,1,1,1,1,3,3,4400,1,1,1,0,1,1,2960000,2510000,1,1
202601,6,,0.비상권,36110,14,0,0,0,1,0,7,21,04,6,2,없음,20,1,0,1,0,2,2,4,2,9,2,1,1,1,1,8,2,3,2,1,F,423,3,1,3,4,3,4,4,3,4600,1,1,0,4,3,4,4,3,4600,1,1,0,4,3,4,4,3,4600,1,1,0,2024,3,9,2960000,2510000,1,1
202601,6,,0.비상권,36110,14,0,0,0,1,0,6,32,04,6,1,없음,220,8,0,0,0,2,2,4,1,10,2,1,1,1,1,8,2,3,1,1,I,561,3,1,3,4,5,7,4,5,12300,1,1,0,4,5,7,4,5,12300,1,1,0,4,5,7,4,5,12300,1,1,0,2024,3,10,2040000,3490000,1,1
202601,6,,0.비상권,36110,14,0,0,0,1,0,6,32,04,6,1,없음,220,8,0,0,0,2,2,4,1,10,2,1,1,1,1,8,2,3,1,1,I,561,3,1,3,4,4,7,4,4,12000,1,1,0,4,4,7,4,4,12000,1,1,0,4,4,7,4,4,12000,1,1,0,2024,3,10,2040000,3490000,1,1
202601,6,,0.비상권,36110,14,0,0,0,1,0,8,21,03,6,2,없음,80,3,0,0,0,2,2,4,1,10,2,1,1,1,1,8,2,3,1,1,I,562,3,1,3,4,4,5,6,4,14700,1,1,0,4,4,5,6,4,14700,1,1,0,4,4,5,6,4,14700,1,1,0,2023,4,10,3190000,2520000,1,1
202601,6,,0.비상권,36110,14,0,0,0,1,0,8,21,03,6,2,없음,80,3,0,0,0,2,2,4,1,10,2,1,1,1,1,8,2,3,2,1,S,949,3,1,3,4,3,4,4,3,5300,1,1,0,4,3,4,4,3,5300,1,1,0,4,3,4,4,3,5300,1,1,0,2026,3,9,3190000,2520000,1,1
202601,6,,0.비상권,36110,14,0,0,0,1,0,7,32,04,3,1,없음,70,1,0,0,0,3,2,4,1,10,1,1,1,1,1,8,3,3,1,6,0,999,1,1,1,1,1,1,4,3,14700,1,1,1,1,1,1,4,3,14700,1,1,1,1,1,1,4,3,14700,1,1,1,0,1,1,1650000,6340000,1,1
202601,6,,0.비상권,36110,14,0,0,0,1,0,7,32,04,3,1,없음,70,1,0,0,0,3,2,4,1,10,1,1,1,1,1,8,3,3,1,6,0,999,1,1,1,1,1,1,4,3,15400,1,1,1,1,1,1,4,3,15400,1,1,1,1,1,1,4,3,15400,1,1,1,0,1,1,1650000,6340000,1,1
202601,6,,0.비상권,36110,14,0,0,0,1,0,7,32,04,3,1,없음,70,1,0,0,0,3,2,4,1,10,1,1,1,1,1,8,3,3,1,1,G,478,1,1,1,4,3,7,4,3,15400,1,1,0,4,3,7,4,3,15400,1,1,0,4,3,7,4,3,15400,1,1,0,2025,2,8,1650000,6340000,1,1
202601,6,,0.비상권,36110,14,0,0,0,1,0,7,32,04,3,1,없음,70,1,0,0,0,3,2,4,1,10,1,1,1,1,1,8,3,3,1,1,F,411,2,1,2,6,3,7,5,4,14700,1,1,0,6,3,7,5,4,14700,1,1,0,6,3,7,5,4,14700,1,1,0,2024,3,10,1650000,6340000,1,1
202601,6,,0.비상권,36110,22,0,0,0,1,1,1,11,04,1,1,없음,60,4,0,0,0,2,2,4,1,10,2,1,1,1,1,8,2,3,-1,1,I,562,3,1,3,4,4,5,4,3,5800,1,1,0,4,4,5,4,3,5800,1,1,0,4,4,5,4,3,5800,1,1,0,2024,3,9,2470000,3660000,3,1
202601,6,,0.비상권,36110,22,0,0,0,1,1,1,11,04,1,1,없음,60,4,0,0,0,2,2,4,1,10,2,1,1,1,1,8,2,3,1,1,R,911,1,1,1,4,3,8,4,3,24800,1,1,0,4,3,8,4,3,24800,1,1,0,4,3,8,4,3,24800,1,1,0,2024,3,7,2470000,3660000,3,1
202601,6,,0.비상권,36110,22,0,0,0,1,1,1,11,04,1,1,없음,60,4,0,0,0,2,2,4,1,10,2,1,1,1,1,8,2,3,1,2,0,999,3,1,3,1,1,1,5,3,4400,1,1,0,1,1,1,5,3,4400,1,1,0,1,1,1,5,3,4400,1,1,0,0,1,1,2470000,3660000,3,1
202601,6,,0.비상권,36110,22,0,0,0,1,1,1,11,04,1,1,없음,60,4,0,0,0,2,2,4,1,10,2,1,1,1,1,8,2,3,1,1,S,961,1,1,1,4,4,8,4,4,20400,1,1,0,4,4,8,4,4,20400,1,1,0,4,4,8,4,4,20400,1,1,0,2024,3,9,2470000,3660000,3,1
202601,6,,0.비상권,36110,22,0,0,0,1,0,1,21,03,6,1,없음,120,4,0,0,0,2,2,4,1,10,2,1,1,1,1,8,2,3,1,2,0,999,2,1,2,1,1,1,4,3,4800,1,1,0,1,1,1,4,3,4800,1,1,0,1,1,1,4,3,4800,1,1,0,0,1,1,3820000,4210000,1,1
202601,6,,0.비상권,36110,22,0,0,0,1,0,1,21,03,6,1,없음,120,4,0,0,0,2,2,4,1,10,2,1,1,1,1,8,2,3,1,1,R,912,3,1,3,4,4,6,6,4,12700,1,1,0,4,4,6,6,4,12700,1,1,0,4,4,6,6,4,12700,1,1,0,2025,3,10,3820000,4210000,1,1
202601,6,,0.비상권,36110,22,0,0,0,1,0,1,21,03,6,1,없음,120,4,0,0,0,2,2,4,1,10,2,1,1,1,1,8,2,3,2,1,I,562,3,1,3,3,4,5,3,4,7300,1,1,0,3,4,5,3,4,7300,1,1,0,3,4,5,3,4,7300,1,1,0,2024,3,6,3820000,4210000,1,1
202601,6,,0.비상권,41111,43,0,0,0,1,0,5,31,04,2,1,없음,200,4,0,1,0,5,2,4,1,10,2,1,1,1,1,9,5,3,1,1,I,561,4,1,4,7,6,8,7,6,27800,1,1,0,7,6,8,7,6,27800,1,1,0,7,6,8,7,6,27800,1,1,0,2026,3,10,2000000,6700000,1,2
202601,6,,0.비상권,41111,43,0,0,0,1,0,5,31,04,2,1,없음,200,4,0,1,0,5,2,4,1,10,2,1,1,1,1,9,5,3,2,1,I,561,4,1,4,5,4,5,5,5,7500,1,1,0,5,4,5,5,5,7500,1,1,0,5,4,5,5,5,7500,1,1,0,2026,3,10,2000000,6700000,1,2
202601,6,,수원파장동,41111,14,0,0,0,1,0,1,11,04,1,1,없음,752,4,0,0,0,2,2,4,1,10,2,1,1,1,1,8,2,3,1,1,I,561,2,1,2,4,5,7,4,5,22900,1,1,0,4,5,7,4,5,22900,1,1,0,4,5,7,4,5,22900,1,1,0,2024,4,9,3650000,3840000,1,1
202601,6,,수원파장동,41111,14,0,0,0,1,0,1,11,04,1,1,없음,752,4,0,0,0,2,2,4,1,10,2,1,1,1,1,8,2,3,2,1,0,999,2,1,2,3,3,7,3,3,10300,1,1,0,3,3,7,3,3,10300,1,1,0,3,3,7,3,3,10300,1,1,0,2024,4,9,3650000,3840000,1,1
202601,6,,수원파장동,41111,14,0,0,0,1,0,1,11,04,6,1,없음,130,8,0,0,0,2,1,3,1,10,1,1,1,1,1,8,2,3,1,1,F,424,1,1,1,3,3,7,3,3,13700,1,1,0,3,3,7,3,3,13700,1,1,0,3,3,7,3,3,13700,1,1,0,2024,4,10,3140000,4080000,1,2
202601,6,,수원파장동,41111,14,0,0,0,1,0,1,11,04,6,1,없음,130,8,0,0,0,2,1,3,1,10,1,1,1,1,1,8,2,3,1,6,0,999,2,1,2,1,1,1,4,4,13000,1,1,1,1,1,1,4,4,13000,1,1,1,1,1,1,4,4,13000,1,1,1,0,1,1,3140000,4080000,1,2
202601,6,,수원파장동,41111,14,0,0,0,1,0,1,11,04,6,1,없음,130,8,0,0,0,2,1,3,1,10,1,1,1,1,1,8,2,3,2,2,0,999,1,1,1,1,1,1,3,3,8200,1,1,0,1,1,1,3,3,8200,1,1,0,1,1,1,3,3,8200,1,1,0,0,1,1,3140000,4080000,1,2
202601,6,,수원파장동,41111,14,0,0,0,1,0,3,32,04,3,1,없음,169,8,0,0,0,3,1,3,1,10,1,1,1,1,1,8,3,3,1,1,S,952,3,1,3,3,3,4,4,4,13200,1,1,0,3,3,4,4,4,13200,1,1,0,3,3,4,4,4,13200,1,1,0,2024,4,7,2910000,12580000,1,1
202601,6,,수원파장동,41111,14,0,0,0,1,0,7,32,04,6,1,없음,194,5,0,1,0,2,1,3,1,10,1,1,1,1,1,8,2,3,1,1,I,561,3,1,3,6,6,9,6,6,30200,1,1,0,6,6,9,6,6,30200,1,1,0,6,6,9,6,6,30200,1,1,0,2024,4,9,3860000,7290000,1,1
202601,6,,수원파장동,41111,14,0,0,0,1,0,4,21,04,6,2,없음,90,6,0,1,0,2,2,4,1,10,2,1,1,1,1,8,2,3,1,1,G,478,2,1,3,5,4,7,4,5,17000,1,1,0,5,4,7,4,5,17000,1,1,0,5,4,7,4,5,17000,1,1,0,2025,3,10,4280000,3850000,1,1
202601,6,,수원파장동,41111,14,0,0,0,1,0,4,21,04,6,2,없음,90,6,0,1,0,2,2,4,1,10,2,1,1,1,1,8,2,3,2,1,0,999,2,1,2,4,3,6,4,3,8400,1,1,0,4,3,6,4,3,8400,1,1,0,4,3,6,4,3,8400,1,1,0,2025,3,10,4280000,3850000,1,1
202601,6,,0.비상권,41111,14,0,0,0,1,0,3,32,03,6,1,없음,100,9,0,0,0,2,1,3,1,10,1,1,1,1,1,8,2,3,1,1,I,561,3,1,3,5,4,7,5,4,12200,1,1,0,5,4,7,5,4,12200,1,1,0,5,4,7,5,4,12200,1,1,0,2025,3,10,2910000,5460000,1,1
202601,6,,팔달문로터리,41115,22,0,200,120,1,0,1,51,03,3,1,없음,170,3,0,0,0,2,1,2,1,10,1,1,1,1,1,8,2,3,1,2,G,474,1,1,1,1,1,1,4,4,37000,1,1,0,1,1,1,4,4,37000,1,1,0,1,1,1,4,4,37000,1,1,0,0,1,1,4160000,16770000,1,3
202601,6,,팔달문로터리,41115,22,0,200,120,1,0,1,51,03,3,1,없음,170,3,0,0,0,2,1,2,1,10,1,1,1,1,1,8,2,3,1,1,I,562,1,1,1,4,4,9,4,4,41000,1,1,0,4,4,9,4,4,41000,1,1,0,4,4,9,4,4,41000,1,1,0,2025,3,10,4160000,16770000,1,3
202601,6,,팔달문로터리,41115,22,0,200,300,1,0,1,51,04,7,1,없음,93,7,0,0,0,2,2,3,1,10,2,1,1,1,1,8,2,3,1,1,I,561,3,1,4,4,6,8,5,6,25300,1,1,0,4,6,8,5,6,25300,1,1,0,4,6,8,5,6,25300,1,1,0,2024,4,8,3910000,6360000,1,3
202601,6,,팔달문로터리,41115,22,0,200,120,1,0,1,51,03,1,1,없음,70,1,0,0,0,1,1,1,1,9,1,1,1,1,1,8,1,3,1,1,G,478,1,1,1,5,4,9,5,4,44200,1,1,0,5,4,9,5,4,44200,1,1,0,5,4,9,5,4,44200,1,1,0,2023,5,6,8800000,10900000,1,3
202601,6,,팔달문로터리,41115,22,0,200,300,1,0,1,51,04,5,1,없음,175,8,0,0,0,2,1,2,1,9,1,1,1,1,1,8,2,3,1,1,S,969,2,1,3,4,5,7,4,5,16800,1,1,0,4,5,7,4,5,16800,1,1,0,4,5,7,4,5,16800,1,1,0,2025,5,5,3160000,7240000,1,2
202601,6,,팔달문로터리,41115,22,0,200,300,1,0,1,12,03,1,1,없음,120,8,0,0,0,2,2,4,1,9,2,1,1,1,1,8,2,3,1,1,I,561,4,1,4,5,5,7,5,5,15900,1,1,0,5,5,7,5,5,15900,1,1,0,5,5,7,5,5,15900,1,1,0,2023,4,7,3170000,7540000,1,1
202601,6,,팔달문로터리,41115,22,0,200,120,1,0,1,11,03,1,1,없음,35,1,0,0,0,1,1,3,1,9,1,1,1,1,1,8,1,3,1,1,G,472,1,1,1,5,5,12,5,5,116200,1,1,0,5,5,12,5,5,116200,1,1,0,5,5,12,5,5,116200,1,1,0,2026,3,8,18180000,12750000,1,3
202601,6,,팔달문로터리,41115,22,0,200,120,1,0,1,11,03,1,1,없음,35,1,0,0,0,1,1,3,1,9,1,1,1,1,1,8,1,3,1,2,G,472,1,1,1,1,1,1,3,3,210800,1,1,0,1,1,1,3,3,210800,1,1,0,1,1,1,3,3,210800,1,1,0,0,1,1,18180000,12750000,1,3
202601,6,,팔달문로터리,41115,22,0,200,120,1,0,1,11,03,1,1,없음,35,1,0,0,0,1,1,3,1,9,1,1,1,1,1,8,1,3,1,1,G,478,1,1,1,8,6,12,8,6,195700,1,1,0,8,6,12,8,6,195700,1,1,0,8,6,12,8,6,195700,1,1,0,2026,3,7,18180000,12750000,1,3
202601,6,,팔달문로터리,41115,22,0,200,120,1,0,1,11,03,1,1,없음,35,1,0,0,0,1,1,3,1,9,1,1,1,1,1,8,1,3,2,1,Q,862,2,1,2,6,4,9,6,4,31800,1,1,0,6,4,9,6,4,31800,1,1,0,6,4,9,6,4,31800,1,1,0,2025,4,7,18180000,12750000,1,3
202601,6,,팔달문로터리,41115,22,0,300,0,1,0,4,21,03,8,2,없음,100,8,0,0,0,2,2,4,1,10,2,1,1,1,1,8,2,3,1,1,I,561,4,1,4,6,5,7,6,5,16300,1,1,0,6,5,7,6,5,16300,1,1,0,6,5,7,6,5,16300,1,1,0,2025,3,10,8950000,5680000,1,2
202601,6,,팔달문로터리,41115,22,0,300,0,1,0,4,21,03,8,2,없음,100,8,0,0,0,2,2,4,1,10,2,1,1,1,1,8,2,3,2,1,I,561,3,1,3,5,4,7,5,4,11300,1,1,0,5,4,7,5,4,11300,1,1,0,5,4,7,5,4,11300,1,1,0,2025,3,10,8950000,5680000,1,2
202601,6,,팔달문로터리,41115,22,0,300,0,1,0,4,19,03,9,1,없음,100,8,0,0,0,1,1,2,1,10,1,1,1,1,1,8,1,3,1,1,S,953,2,1,2,3,3,7,3,4,17100,1,1,0,3,3,7,3,4,17100,1,1,0,3,3,7,3,4,17100,1,1,0,2025,3,9,7110000,8550000,1,3
202601,6,,팔달문로터리,41115,22,0,120,300,1,0,2,51,04,1,1,없음,120,1,0,0,0,2,1,2,1,10,1,1,1,1,1,8,2,3,1,1,L,682,2,1,2,6,5,9,6,5,34000,1,1,0,6,5,9,6,5,34000,1,1,0,6,5,9,6,5,34000,1,1,0,2026,3,7,12900000,32850000,1,3
202601,6,,팔달문로터리,41115,22,0,200,300,1,1,1,11,04,1,1,없음,100,7,0,0,0,3,2,4,1,10,2,1,1,1,1,8,3,3,-1,1,G,478,1,1,1,3,3,6,3,3,9800,1,1,0,3,3,6,3,3,9800,1,1,0,3,3,6,3,3,9800,1,1,0,2024,4,8,5330000,9400000,1,2
202601,6,,팔달문로터리,41115,22,0,200,300,1,1,1,11,04,1,1,없음,100,7,0,0,0,3,2,4,1,10,2,1,1,1,1,8,3,3,1,6,0,999,1,1,1,1,1,1,5,4,27700,1,1,1,1,1,1,5,4,27700,1,1,1,1,1,1,5,4,27700,1,1,1,0,1,1,5330000,9400000,1,2
202601,6,,팔달문로터리,41115,22,0,200,300,1,1,1,11,04,1,1,없음,100,7,0,0,0,3,2,4,1,10,2,1,1,1,1,8,3,3,1,1,G,478,4,1,4,5,6,8,5,6,29000,1,1,0,5,6,8,5,6,29000,1,1,0,5,6,8,5,6,29000,1,1,0,2026,3,8,5330000,9400000,1,2
202601,6,,팔달문로터리,41115,22,0,200,300,1,1,1,11,04,1,1,없음,100,7,0,0,0,3,2,4,1,10,2,1,1,1,1,8,3,3,1,1,G,478,2,1,2,5,5,8,5,5,26000,1,1,0,5,5,8,5,5,26000,1,1,0,5,5,8,5,5,26000,1,1,0,2023,4,9,5330000,9400000,1,2
202601,6,,팔달문로터리,41115,13,0,0,0,1,0,1,11,04,1,1,없음,50,6,0,0,0,2,2,4,1,10,2,1,1,1,1,8,2,3,1,2,I,562,2,1,2,1,1,1,5,5,29800,1,1,0,1,1,1,5,5,29800,1,1,0,1,1,1,5,5,29800,1,1,0,0,1,1,4190000,2870000,1,3
202601,6,,팔달문로터리,41115,13,0,0,0,1,0,1,11,04,1,1,없음,50,6,0,0,0,2,2,4,1,10,2,1,1,1,1,8,2,3,1,1,I,562,2,1,2,6,5,8,6,5,26000,1,1,0,6,5,8,6,5,26000,1,1,0,6,5,8,6,5,26000,1,1,0,2025,3,10,4190000,2870000,1,3
202601,6,,팔달문로터리,41115,13,0,0,0,1,0,1,11,04,1,1,없음,50,6,0,0,0,2,2,4,1,10,2,1,1,1,1,8,2,3,2,1,G,474,3,1,3,4,4,7,4,4,10200,1,1,0,4,4,7,4,4,10200,1,1,0,4,4,7,4,4,10200,1,1,0,2025,3,10,4190000,2870000,1,3
202601,6,,팔달문로터리,41115,13,0,0,0,1,1,3,21,03,6,2,없음,100,6,0,0,0,2,2,4,2,9,1,2,1,1,1,8,2,3,-1,6,0,999,3,1,3,1,1,1,3,3,4800,1,1,1,1,1,1,3,3,4800,1,1,1,1,1,1,3,3,4800,1,1,1,0,1,1,5340000,2770000,1,2
202601,6,,팔달문로터리,41115,13,0,0,0,1,1,3,21,03,6,2,없음,100,6,0,0,0,2,2,4,2,9,1,2,1,1,1,8,2,3,1,1,G,474,1,1,1,4,4,8,4,4,24200,1,1,0,4,4,8,4,4,24200,1,1,0,4,4,8,4,4,24200,1,1,0,2025,3,10,5340000,2770000,1,2
202601,6,,팔달문로터리,41115,13,0,0,0,1,1,3,21,03,6,2,없음,100,6,0,0,0,2,2,4,2,9,1,2,1,1,1,8,2,3,1,1,S,969,1,1,1,4,3,8,4,3,25100,1,1,0,4,3,8,4,3,25100,1,1,0,4,3,8,4,3,25100,1,1,0,2025,3,9,5340000,2770000,1,2
202601,6,,팔달문로터리,41115,13,0,0,0,1,1,3,21,03,6,2,없음,100,6,0,0,0,2,2,4,2,9,1,2,1,1,1,8,2,3,1,6,0,999,1,1,1,1,1,1,4,4,23500,1,1,1,1,1,1,4,4,23500,1,1,1,1,1,1,4,4,23500,1,1,1,0,1,1,5340000,2770000,1,2
202601,6,,팔달문로터리,41115,13,0,0,0,1,1,3,21,03,6,2,없음,100,6,0,0,0,2,2,4,2,9,1,2,1,1,1,8,2,3,2,6,0,999,2,1,3,1,1,1,4,4,9300,1,1,1,1,1,1,4,4,9300,1,1,1,1,1,1,4,4,9300,1,1,1,0,1,1,5340000,2770000,1,2
202601,6,,팔달문로터리,41115,13,0,0,0,1,0,7,31,04,3,1,없음,200,6,0,1,0,5,2,4,1,10,1,2,1,1,1,8,5,3,1,6,0,999,2,1,2,1,1,1,5,4,24300,1,1,1,1,1,1,5,4,24300,1,1,1,1,1,1,5,4,24300,1,1,1,0,1,1,4060000,15750000,1,3
202601,6,,팔달문로터리,41115,13,0,0,0,1,0,7,31,04,3,1,없음,200,6,0,1,0,5,2,4,1,10,1,2,1,1,1,8,5,3,1,6,0,999,2,1,2,1,1,1,5,5,23300,1,1,1,1,1,1,5,5,23300,1,1,1,1,1,1,5,5,23300,1,1,1,0,1,1,4060000,15750000,1,3
202601,6,,팔달문로터리,41115,13,0,0,0,1,0,7,31,04,3,1,없음,200,6,0,1,0,5,2,4,1,10,1,2,1,1,1,8,5,3,1,1,S,961,2,1,2,5,5,8,5,5,22700,1,1,0,5,5,8,5,5,22700,1,1,0,5,5,8,5,5,22700,1,1,0,2025,3,10,4060000,15750000,1,3
202601,6,,팔달문로터리,41115,13,0,0,0,1,0,7,31,04,3,1,없음,200,6,0,1,0,5,2,4,1,10,1,2,1,1,1,8,5,3,1,6,0,999,2,1,2,1,1,1,5,5,22700,1,1,1,1,1,1,5,5,22700,1,1,1,1,1,1,5,5,22700,1,1,1,0,1,1,4060000,15750000,1,3
202601,6,,팔달문로터리,41115,13,0,0,0,1,0,7,31,04,3,1,없음,200,6,0,1,0,5,2,4,1,10,1,2,1,1,1,8,5,3,1,6,0,999,2,1,2,1,1,1,5,5,21300,1,1,1,1,1,1,5,5,21300,1,1,1,1,1,1,5,5,21300,1,1,1,0,1,1,4060000,15750000,1,3
202601,6,,팔달문로터리,41115,22,0,300,0,1,0,1,21,04,10,2,없음,45,9,0,0,0,2,2,4,1,10,1,2,1,1,1,8,2,3,1,6,0,999,3,1,3,1,1,1,5,5,16200,1,1,1,1,1,1,5,5,16200,1,1,1,1,1,1,5,5,16200,1,1,1,0,1,1,3580000,2000000,1,1
202601,6,,팔달문로터리,41115,22,0,300,0,1,0,1,21,04,10,2,없음,45,9,0,0,0,2,2,4,1,10,1,2,1,1,1,8,2,3,1,1,G,474,1,1,1,3,4,8,4,4,24200,1,1,0,3,4,8,4,4,24200,1,1,0,3,4,8,4,4,24200,1,1,0,2025,3,10,3580000,2000000,1,1
202601,6,,팔달문로터리,41115,22,0,300,0,1,0,1,21,04,10,2,없음,45,9,0,0,0,2,2,4,1,10,1,2,1,1,1,8,2,3,2,6,0,999,4,1,4,1,1,1,5,4,5600,1,1,1,1,1,1,5,4,5600,1,1,1,1,1,1,5,4,5600,1,1,1,0,1,1,3580000,2000000,1,1
202601,6,,팔달문로터리,41115,22,0,200,300,1,0,1,11,04,1,1,없음,120,7,0,0,0,1,2,4,1,10,2,1,1,1,1,8,1,3,1,1,I,561,3,1,3,5,5,7,5,5,15400,1,1,0,5,5,7,5,5,15400,1,1,0,5,5,7,5,5,15400,1,1,0,2025,3,7,4310000,3210000,1,1
202601,6,,팔달문로터리,41115,22,0,200,300,1,0,1,11,04,1,1,없음,120,7,0,0,0,1,2,4,1,10,2,1,1,1,1,8,1,3,2,1,I,561,2,1,2,4,3,6,4,3,8700,1,1,0,4,3,6,4,3,8700,1,1,0,4,3,6,4,3,8700,1,1,0,2025,3,7,4310000,3210000,1,1
202601,6,,팔달문로터리,41115,22,0,200,300,1,0,1,11,04,1,1,없음,70,8,0,0,0,2,2,4,1,9,2,1,1,1,1,8,2,3,1,1,G,474,3,1,3,5,5,7,5,5,16800,1,1,0,5,5,7,5,5,16800,1,1,0,5,5,7,5,5,16800,1,1,0,2025,3,5,8150000,8750000,1,1
202601,6,,팔달문로터리,41115,22,0,200,300,1,0,1,11,04,1,1,없음,70,8,0,0,0,2,2,4,1,9,2,1,1,1,1,8,2,3,1,1,G,474,2,1,3,5,4,7,5,4,15500,1,1,0,5,4,7,5,4,15500,1,1,0,5,4,7,5,4,15500,1,1,0,2025,3,7,8150000,8750000,1,1
202601,6,,팔달문로터리,41115,22,0,200,300,1,0,1,11,04,1,1,없음,70,8,0,0,0,2,2,4,1,9,2,1,1,1,1,8,2,3,2,6,0,999,3,1,3,1,1,1,4,4,7900,1,1,1,1,1,1,4,4,7900,1,1,1,1,1,1,4,4,7900,1,1,1,0,1,1,8150000,8750000,1,1
202601,6,,팔달문로터리,41115,22,0,200,300,1,0,1,51,04,1,1,없음,100,8,0,0,0,1,1,1,1,9,1,1,1,1,1,8,1,3,1,1,G,478,1,1,1,4,4,11,4,4,75200,1,1,0,4,4,11,4,4,75200,1,1,0,4,4,11,4,4,75200,1,1,0,2024,3,10,17060000,17460000,1,3
202601,6,,팔달문로터리,41115,22,0,300,0,1,0,1,11,04,1,1,없음,100,8,0,0,0,1,1,1,1,10,1,1,1,1,1,8,1,3,1,1,G,474,1,1,1,6,4,11,6,4,72800,1,1,0,6,4,11,6,4,72800,1,1,0,6,4,11,6,4,72800,1,1,0,2025,3,8,10600000,11080000,1,4
202601,6,,팔달문로터리,41115,22,0,300,0,1,0,8,31,03,1,1,없음,140,7,0,1,0,2,2,4,1,10,2,1,1,1,1,8,2,3,1,1,G,475,2,1,2,7,6,11,7,6,79900,2,1,0,7,6,11,7,6,79900,2,1,0,7,6,11,7,6,79900,2,1,0,2024,3,9,13700000,19410000,1,3
202601,6,,팔달문로터리,41115,22,0,300,0,1,0,8,31,03,1,1,없음,140,7,0,1,0,2,2,4,1,10,2,1,1,1,1,8,2,3,1,1,G,474,2,1,2,6,6,11,7,6,79400,1,1,0,6,6,11,7,6,79400,1,1,0,6,6,11,7,6,79400,1,1,0,2024,3,9,13700000,19410000,1,3
202601,6,,팔달문로터리,41115,22,0,300,0,1,0,8,31,03,1,1,없음,140,7,0,1,0,2,2,4,1,10,2,1,1,1,1,8,2,3,1,1,G,474,2,1,2,7,6,12,7,6,114100,1,1,0,7,6,12,7,6,114100,1,1,0,7,6,12,7,6,114100,1,1,0,2026,3,10,13700000,19410000,1,3
202601,6,,팔달문로터리,41115,22,0,300,0,1,0,8,31,03,1,1,없음,140,7,0,1,0,2,2,4,1,10,2,1,1,1,1,8,2,3,1,1,G,474,2,1,2,6,6,11,7,6,79400,1,1,0,6,6,11,7,6,79400,1,1,0,6,6,11,7,6,79400,1,1,0,2025,3,10,13700000,19410000,1,3
202601,6,,팔달문로터리,41115,22,0,300,0,1,0,1,21,04,9,2,없음,100,8,0,0,0,1,2,4,1,10,2,1,1,1,1,8,1,3,1,1,S,961,3,1,3,5,5,7,5,5,17000,1,1,0,5,5,7,5,5,17000,1,1,0,5,5,7,5,5,17000,1,1,0,2026,3,10,7130000,4400000,1,3
202601,6,,팔달문로터리,41115,22,0,300,0,1,0,1,21,04,9,2,없음,100,8,0,0,0,1,2,4,1,10,2,1,1,1,1,8,1,3,2,1,S,961,3,1,3,3,3,4,3,3,5800,1,1,0,3,3,4,3,3,5800,1,1,0,3,3,4,3,3,5800,1,1,0,2026,3,10,7130000,4400000,1,3
202601,6,,팔달문로터리,41115,22,0,300,0,1,0,1,21,04,1,1,없음,120,7,0,0,0,1,1,2,1,10,1,1,1,1,1,8,1,3,1,1,G,474,1,1,1,6,5,11,6,5,82000,1,1,0,6,5,11,6,5,82000,1,1,0,6,5,11,6,5,82000,1,1,0,2024,3,9,12500000,8070000,1,3
202601,6,,팔달문로터리,41115,22,0,300,0,1,0,1,21,04,1,1,없음,120,7,0,0,0,1,1,2,1,10,1,1,1,1,1,8,1,3,2,1,G,474,1,1,1,5,4,9,5,4,37700,1,1,0,5,4,9,5,4,37700,1,1,0,5,4,9,5,4,37700,1,1,0,2024,3,9,12500000,8070000,1,3
202601,6,,팔달문로터리,41115,22,0,300,0,1,0,4,11,03,9,2,없음,100,7,0,0,0,1,1,2,1,10,1,1,1,1,1,8,1,3,1,1,G,474,1,1,1,4,4,8,4,4,21300,1,1,0,4,4,8,4,4,21300,1,1,0,4,4,8,4,4,21300,1,1,0,2026,3,10,11400000,7210000,1,1
202601,6,,팔달문로터리,41115,22,0,300,0,1,0,4,11,03,9,2,없음,100,7,0,0,0,1,1,2,1,10,1,1,1,1,1,8,1,3,2,1,G,474,1,1,1,4,3,5,3,3,6500,1,1,0,4,3,5,3,3,6500,1,1,0,4,3,5,3,3,6500,1,1,0,2026,3,10,11400000,7210000,1,1
202601,6,,팔달문로터리,41115,22,0,120,300,1,0,1,51,04,1,1,880,50,2,0,0,0,2,1,3,1,10,1,1,1,1,1,8,2,3,1,1,S,969,3,1,3,5,5,7,5,5,17300,1,1,0,5,5,7,5,5,17300,1,1,0,5,5,7,5,5,17400,1,1,0,2025,3,9,5270000,8190000,1,2
202601,6,,팔달문로터리,41115,22,0,300,0,1,0,3,12,04,9,1,820,100,6,0,0,0,1,1,2,1,10,1,1,1,1,1,8,1,3,1,1,I,561,2,1,2,4,4,8,4,4,21200,1,1,0,4,4,8,4,4,21200,1,1,0,4,4,8,4,4,21200,1,1,0,2026,3,10,4960000,6150000,1,3
202601,6,,팔달문로터리,41115,22,0,120,300,1,0,1,21,03,1,1,없음,20,1,0,0,0,1,2,4,1,10,2,1,1,1,1,8,1,3,1,1,G,478,2,1,2,6,5,8,6,5,22400,1,1,0,6,5,8,6,5,22400,1,1,0,6,5,8,6,5,22400,1,1,0,2025,3,10,7180000,4550000,1,3
202601,6,,팔달문로터리,41115,22,0,120,300,1,0,1,21,03,1,1,없음,20,1,0,0,0,1,2,4,1,10,2,1,1,1,1,8,1,3,2,1,N,751,2,1,2,3,3,6,3,4,10100,1,1,0,3,3,6,3,4,10100,1,1,0,3,3,6,3,4,9900,1,1,0,2025,3,6,7180000,4550000,1,3
202601,6,,팔달문로터리,41115,22,0,120,300,1,0,5,32,04,6,1,없음,15,8,0,1,0,2,2,4,1,10,2,1,1,1,1,8,2,3,1,1,G,472,4,1,4,4,4,6,5,5,9300,1,1,0,4,4,6,5,5,9300,1,1,0,4,4,6,5,5,9300,1,1,0,2024,3,10,4580000,8080000,1,3
202601,6,,팔달문로터리,41115,22,0,200,300,1,0,1,51,03,10,1,없음,90,6,0,0,0,1,1,3,1,10,1,1,1,1,1,8,1,3,1,1,I,561,3,1,3,4,5,7,4,5,18400,1,1,0,4,5,7,4,5,18400,1,1,0,4,5,7,4,5,18400,1,1,0,2025,3,9,4710000,4810000,1,3
202601,6,,팔달문로터리,41115,22,0,200,300,1,0,5,21,03,7,2,없음,150,7,0,1,0,2,2,4,1,9,1,1,1,1,1,8,2,3,1,1,I,561,3,1,3,6,6,9,6,6,33200,1,1,0,6,6,9,6,6,33200,1,1,0,6,6,9,6,6,33200,1,1,0,2025,3,9,4930000,3940000,1,2
202601,6,,팔달문로터리,41115,22,0,200,300,1,0,5,21,03,7,2,없음,150,7,0,1,0,2,2,4,1,9,1,1,1,1,1,8,2,3,2,2,0,999,3,1,3,1,1,1,4,4,11600,1,1,0,1,1,1,4,4,11600,1,1,0,1,1,1,4,4,11600,1,1,0,0,1,1,4930000,3940000,1,2
202601,6,,0.비상권,41115,22,0,200,300,1,0,1,21,04,5,1,없음,70,6,0,0,0,1,1,2,1,9,1,1,1,1,1,8,1,3,1,1,G,478,1,1,1,4,4,8,4,4,20900,1,1,0,4,4,8,4,4,20900,1,1,0,4,4,8,4,4,20900,1,1,0,2024,3,10,3370000,3790000,1,1
202601,6,,0.비상권,41115,22,0,200,300,1,0,1,21,04,5,1,없음,70,6,0,0,0,1,1,2,1,9,1,1,1,1,1,8,1,3,2,1,G,478,1,1,1,3,3,6,3,3,8200,1,1,0,3,3,6,3,3,8200,1,1,0,3,3,6,3,3,8200,1,1,0,2024,3,10,3370000,3790000,1,1
202601,6,,0.비상권,41115,22,0,200,300,1,0,1,11,03,7,1,없음,50,7,0,0,0,2,1,3,1,10,1,1,1,1,1,8,2,3,1,1,G,471,3,1,3,4,4,7,4,4,14300,1,1,0,4,4,7,4,4,14300,1,1,0,4,4,7,4,4,14300,1,1,0,2024,3,9,3610000,6000000,1,2
202601,6,,0.비상권,41115,22,0,120,200,1,0,3,51,04,1,1,없음,100,5,0,0,0,2,1,3,1,10,1,1,1,1,1,8,2,3,1,1,G,471,2,1,2,5,5,9,5,5,40600,1,1,0,5,5,9,5,5,40600,1,1,0,5,5,9,5,5,40600,1,1,0,2025,3,10,3990000,14670000,1,3
202601,6,,0.비상권,41115,22,0,120,200,1,0,3,51,04,1,1,없음,100,5,0,0,0,2,1,3,1,10,1,1,1,1,1,8,2,3,1,1,0,999,2,1,2,3,3,7,3,3,11300,1,1,0,3,3,7,3,3,11300,1,1,0,3,3,7,3,3,11300,1,1,0,2025,3,10,3990000,14670000,1,3
202601,6,,0.비상권,41115,13,0,130,0,1,0,5,19,04,6,2,없음,300,10,0,0,0,2,2,4,1,9,2,1,1,1,1,8,2,3,1,1,I,562,2,1,2,5,5,8,5,5,25300,1,1,0,5,5,8,5,5,25300,1,1,0,5,5,8,5,5,25300,1,1,0,2025,3,10,3430000,3010000,1,1
202601,6,,0.비상권,41115,13,0,130,0,1,0,5,19,04,6,2,없음,300,10,0,0,0,2,2,4,1,9,2,1,1,1,1,8,2,3,2,1,I,562,2,1,2,4,4,7,3,4,11500,1,1,0,4,4,7,3,4,11500,1,1,0,4,4,7,3,4,11500,1,1,0,2025,3,10,3430000,3010000,1,1
202601,6,,0.비상권,41115,13,0,0,0,1,0,1,11,04,1,1,없음,270,8,0,0,0,1,1,2,1,10,1,1,1,1,1,8,1,3,1,1,I,562,2,1,2,5,6,10,5,6,60300,1,1,0,5,6,10,5,6,60300,1,1,0,5,6,10,5,6,60300,1,1,0,2024,3,10,2500000,6770000,1,5
202601,6,,0.비상권,41115,13,0,0,0,1,0,3,19,04,6,2,없음,220,7,0,0,0,2,2,4,1,9,2,1,1,1,1,8,2,3,1,1,I,561,2,1,3,6,6,9,6,6,45800,1,1,0,6,6,9,6,6,45800,1,1,0,6,6,9,6,6,45800,1,1,0,2025,3,10,3480000,3190000,1,4
202601,6,,0.비상권,41115,13,0,0,0,1,0,3,19,04,6,2,없음,220,7,0,0,0,2,2,4,1,9,2,1,1,1,1,8,2,3,2,1,I,561,2,1,3,5,5,8,5,5,22100,1,1,0,5,5,8,5,5,22100,1,1,0,5,5,8,5,5,22100,1,1,0,2025,3,10,3480000,3190000,1,4
202601,6,,0.비상권,41115,13,0,0,0,1,0,5,21,04,6,2,없음,350,7,0,1,0,2,2,4,1,9,2,1,1,1,1,8,2,3,1,1,I,562,2,1,3,6,6,9,6,6,36000,1,1,0,6,6,9,6,6,36000,1,1,0,6,6,9,6,6,36000,1,1,0,2025,3,10,3860000,3260000,1,3
202601,6,,0.비상권,41115,13,0,0,0,1,0,5,21,04,6,2,없음,350,7,0,1,0,2,2,4,1,9,2,1,1,1,1,8,2,3,2,1,I,561,2,1,3,5,5,7,5,5,17200,1,1,0,5,5,7,5,5,17200,1,1,0,5,5,7,5,5,17200,1,1,0,2024,3,10,3860000,3260000,1,3
202601,6,,팔달문로터리,41115,22,0,300,0,1,0,1,32,03,1,1,없음,280,7,0,0,0,1,1,2,1,10,1,1,1,1,1,8,1,3,1,1,R,912,1,1,1,5,4,9,5,4,39500,1,1,0,5,4,9,5,4,39500,1,1,0,5,4,9,5,4,39500,1,1,0,2024,3,10,7070000,5700000,1,2
202601,6,,팔달문로터리,41115,22,0,300,0,1,0,1,32,03,1,1,없음,280,7,0,0,0,1,1,2,1,10,1,1,1,1,1,8,1,3,2,1,R,912,1,1,1,4,3,7,4,3,18700,1,1,0,4,3,7,4,3,18700,1,1,0,4,3,7,4,3,18300,1,1,0,2024,3,10,7070000,5700000,1,2
202601,6,,팔달문로터리,41115,22,0,120,300,1,1,2,11,03,1,1,없음,100,6,0,0,0,1,2,4,1,9,2,1,1,1,1,8,1,3,-1,1,R,901,2,1,3,4,3,5,3,3,5800,2,1,0,4,3,5,3,3,5800,2,1,0,4,3,5,3,3,5800,2,1,0,2025,3,9,5200000,2200000,1,2
202601,6,,팔달문로터리,41115,22,0,120,300,1,1,2,11,03,1,1,없음,100,6,0,0,0,1,2,4,1,9,2,1,1,1,1,8,1,3,1,1,I,561,1,1,2,4,4,7,3,4,18900,1,1,0,4,4,7,3,4,18900,1,1,0,4,4,7,3,4,18900,1,1,0,2025,3,8,5200000,2200000,1,2
202601,6,,팔달문로터리,41115,22,0,120,300,1,1,2,11,03,1,1,없음,100,6,0,0,0,1,2,4,1,9,2,1,1,1,1,8,1,3,1,1,I,561,2,1,2,4,4,7,4,4,19200,1,1,0,4,4,7,4,4,19200,1,1,0,4,4,7,4,4,19200,1,1,0,2026,3,9,5200000,2200000,1,2
202601,6,,팔달문로터리,41115,22,0,120,300,1,1,2,11,03,1,1,없음,100,6,0,0,0,1,2,4,1,9,2,1,1,1,1,8,1,3,2,1,0,999,2,1,3,3,3,5,3,3,7100,1,1,0,3,3,5,3,3,7100,1,1,0,3,3,5,3,3,7100,1,1,0,2026,3,9,5200000,2200000,1,2
202601,6,,팔달문로터리,41115,22,0,300,0,1,0,1,12,03,5,1,810,100,2,0,0,0,1,1,2,1,10,1,1,1,1,1,8,1,3,1,1,S,969,1,1,1,3,3,8,3,3,25400,1,1,0,3,3,8,3,3,25400,1,1,0,3,3,8,3,3,25400,1,1,0,2026,3,10,5680000,11830000,1,3
202601,6,,팔달문로터리,41115,22,0,300,0,1,0,1,12,03,5,1,810,100,2,0,0,0,1,1,2,1,10,1,1,1,1,1,8,1,3,1,1,G,472,1,1,1,3,4,9,4,4,41600,1,1,0,3,4,9,4,4,41600,1,1,0,3,4,9,4,4,41600,1,1,0,2025,3,9,5680000,11830000,1,3
202601,6,,팔달문로터리,41115,22,0,300,0,1,0,1,12,03,5,1,810,100,2,0,0,0,1,1,2,1,10,1,1,1,1,1,8,1,3,1,1,G,472,1,1,1,3,3,8,3,3,25400,1,1,0,3,3,8,3,3,25400,1,1,0,3,3,8,3,3,25400,1,1,0,2025,3,9,5680000,11830000,1,3
202601,6,,0.비상권,41115,22,0,300,0,1,0,1,12,03,1,1,450,10,4,0,0,0,1,1,2,1,10,1,1,1,1,1,8,1,3,1,1,L,682,2,1,2,4,4,7,4,4,14100,1,1,0,4,4,7,4,4,14100,1,1,0,4,4,7,4,4,14100,1,1,0,2025,3,10,3990000,5850000,1,1
202601,6,,수원역,41115,22,0,120,300,1,0,1,21,04,7,2,40,10,1,0,0,0,2,2,4,1,9,2,1,1,1,1,8,2,3,1,1,I,561,4,1,4,7,7,9,7,7,46500,1,1,0,7,7,9,7,7,46500,1,1,0,7,7,9,7,7,46500,1,1,0,2024,5,7,20730000,18610000,1,3
202601,6,,수원역,41115,22,0,120,300,1,0,1,21,04,7,2,40,10,1,0,0,0,2,2,4,1,9,2,1,1,1,1,8,2,3,2,1,S,961,4,1,4,6,6,8,6,6,25400,1,1,0,6,6,8,6,6,25400,1,1,0,6,6,8,6,6,25400,1,1,0,2025,3,10,20730000,18610000,1,3
202601,6,,수원역,41115,22,0,300,0,1,0,1,51,03,1,1,120,250,6,0,0,0,1,1,2,1,10,1,1,1,1,1,8,1,3,1,1,S,969,1,1,1,6,5,11,6,5,92600,1,1,0,6,5,11,6,5,92600,1,1,0,6,5,11,6,5,92600,1,1,0,2024,3,10,25290000,52300000,1,3
202601,6,,수원역,41115,22,0,300,0,1,0,1,51,03,1,1,120,250,6,0,0,0,1,1,2,1,10,1,1,1,1,1,8,1,3,1,1,I,561,1,1,1,7,6,12,7,6,166600,1,1,0,7,6,12,7,6,166600,1,1,0,7,6,12,7,6,166600,1,1,0,2023,5,10,25290000,52300000,1,3
202601,6,,수원역,41115,22,0,300,0,1,0,7,31,04,7,2,150,140,6,0,0,0,1,2,4,1,9,2,1,1,1,1,8,1,2,1,1,J,620,2,1,2,8,7,12,8,7,132400,1,1,0,8,7,12,8,7,132400,1,1,0,8,7,12,8,7,132400,1,1,0,2024,3,10,23150000,17260000,1,3
202601,6,,수원역,41115,22,0,300,0,1,0,7,31,04,7,2,150,140,6,0,0,0,1,2,4,1,9,2,1,1,1,1,8,1,2,2,1,I,561,2,1,2,6,6,11,5,6,69200,1,1,0,6,6,11,5,6,69200,1,1,0,6,6,11,5,6,69200,1,1,0,2025,3,9,23150000,17260000,1,3
202601,6,,수원역,41115,22,0,300,0,1,0,1,51,04,1,1,100,90,6,0,0,0,1,1,2,1,10,1,1,1,1,1,8,1,3,1,1,G,471,2,1,2,6,6,12,6,7,123600,1,1,0,6,6,12,6,7,123600,1,1,0,6,6,12,6,7,123600,1,1,0,2025,3,10,18680000,30250000,1,3
202601,6,,수원역,41115,22,0,120,300,1,0,1,11,03,1,1,200,10,3,0,0,0,2,2,4,1,10,2,1,1,1,1,8,2,2,1,1,I,561,2,1,2,7,6,11,7,6,73900,1,1,0,7,6,11,7,6,73900,1,1,0,7,6,11,7,6,73900,1,1,0,2025,3,10,12700000,8140000,1,3
202601,6,,수원역,41115,22,0,120,300,1,0,1,11,03,1,1,200,10,3,0,0,0,2,2,4,1,10,2,1,1,1,1,8,2,2,1,1,G,473,2,1,2,7,6,10,7,6,59100,1,1,0,7,6,10,7,6,59100,1,1,0,7,6,10,7,6,59100,1,1,0,2024,3,9,12700000,8140000,1,3
202601,6,,수원역,41115,22,0,120,300,1,0,1,11,03,1,1,200,10,3,0,0,0,2,2,4,1,10,2,1,1,1,1,8,2,2,2,1,S,961,4,1,4,6,6,9,6,6,28400,1,1,0,6,6,9,6,6,28400,1,1,0,6,6,9,6,6,28400,1,1,0,2024,3,9,12700000,8140000,1,3
202601,6,,수원역,41115,22,14,120,300,1,0,1,51,04,1,1,230,30,6,0,0,0,1,1,2,1,10,1,1,1,1,1,8,1,2,1,1,S,961,2,1,2,5,4,9,5,4,29900,1,1,0,5,4,9,5,4,29900,1,1,0,5,4,9,5,4,29900,1,1,0,2024,3,9,6690000,5350000,1,3
202601,6,,수원역,41115,22,0,120,300,1,0,1,11,03,1,1,150,50,1,0,0,0,1,1,2,1,10,1,1,1,1,1,8,1,2,1,1,G,475,1,1,1,7,6,12,7,6,156600,1,1,0,7,6,12,7,6,156600,1,1,0,7,6,12,7,6,156600,1,1,0,2024,3,9,24340000,25940000,1,4
202601,6,,수원역,41115,22,0,120,300,1,0,1,11,03,1,1,150,50,1,0,0,0,1,1,2,1,10,1,1,1,1,1,8,1,2,1,6,0,999,1,1,1,1,1,1,7,6,148200,1,1,1,1,1,1,7,6,148200,1,1,1,1,1,1,7,6,148200,1,1,1,0,1,1,24340000,25940000,1,4
202601,6,,수원역,41115,22,0,120,300,1,0,1,11,04,1,1,50,50,3,0,0,0,1,1,1,1,10,1,1,1,1,1,8,1,2,1,1,G,478,1,1,1,4,5,10,4,5,64000,1,1,0,4,5,10,4,5,64000,1,1,0,4,5,10,4,5,64000,1,1,0,2026,3,9,17630000,19220000,1,3
202601,6,,수원역,41115,22,0,300,0,1,0,3,12,04,5,1,700,400,6,0,0,0,2,1,3,1,10,1,1,1,1,1,8,2,3,1,1,I,562,3,1,3,6,5,8,6,5,20400,1,1,0,6,5,8,6,5,20400,1,1,0,6,5,8,6,5,20400,1,1,0,2024,3,10,5360000,12860000,1,2
202601,6,,수원역,41115,22,0,300,0,1,0,2,11,03,1,1,500,260,6,0,0,0,2,1,2,1,10,1,1,1,1,1,8,2,3,1,1,I,562,2,1,2,6,6,10,6,6,55400,1,1,0,6,6,10,6,6,55400,1,1,0,6,6,10,6,6,55400,1,1,0,2025,3,9,9840000,21820000,1,3
202601,6,,수원역,41115,22,0,300,0,1,0,8,32,04,7,1,380,330,6,0,0,0,2,1,3,1,10,1,1,1,1,1,8,2,3,1,1,R,912,3,1,3,6,6,9,6,6,30200,1,1,0,6,6,9,6,6,30200,1,1,0,6,6,9,6,6,30200,1,1,0,2025,3,9,6700000,10320000,1,2
202601,6,,수원역,41115,22,0,120,300,1,0,1,11,04,6,2,300,220,1,0,0,0,2,2,4,1,10,2,1,1,1,1,8,2,3,1,1,G,463,3,1,3,7,6,9,7,6,32300,1,1,0,7,6,9,7,6,32300,1,1,0,7,6,9,7,6,32300,1,1,0,2024,3,10,10350000,8990000,1,2
202601,6,,수원역,41115,22,0,120,300,1,0,1,11,04,6,2,300,220,1,0,0,0,2,2,4,1,10,2,1,1,1,1,8,2,3,2,1,G,472,3,1,3,6,4,7,6,4,10200,1,1,0,6,4,7,6,4,10200,1,1,0,6,4,7,6,4,10200,1,1,0,2024,3,10,10350000,8990000,1,2
202601,6,,수원역,41115,22,0,120,300,1,0,1,51,04,1,1,500,10,1,0,0,0,2,2,4,1,10,2,1,1,1,1,8,2,3,1,1,M,711,1,1,1,3,3,9,3,3,34400,1,1,0,3,3,9,3,3,34400,1,1,0,3,3,9,3,3,34400,1,1,0,2025,3,9,8770000,15010000,3,2
202601,6,,수원역,41115,22,0,120,300,1,0,1,51,04,1,1,500,10,1,0,0,0,2,2,4,1,10,2,1,1,1,1,8,2,3,1,1,S,961,1,1,1,5,4,9,5,4,36700,1,1,0,5,4,9,5,4,36700,1,1,0,5,4,9,5,4,36700,1,1,0,2025,3,10,8770000,15010000,3,2
202601,6,,수원역,41115,22,0,120,300,1,0,1,51,04,1,1,500,10,1,0,0,0,2,2,4,1,10,2,1,1,1,1,8,2,3,1,1,N,751,2,1,2,5,4,8,5,4,20600,1,1,0,5,4,8,5,4,20600,1,1,0,5,4,8,5,4,20600,1,1,0,2025,3,10,8770000,15010000,3,2
202601,6,,수원역,41115,22,0,120,300,1,0,1,51,04,1,1,500,10,1,0,0,0,2,2,4,1,10,2,1,1,1,1,8,2,3,1,1,G,474,2,1,2,5,4,7,5,4,16500,1,1,0,5,4,7,5,4,16500,1,1,0,5,4,7,5,4,16500,1,1,0,2025,3,10,8770000,15010000,3,2
202601,6,,수원역,41115,22,0,120,300,1,0,1,51,04,1,1,500,10,1,0,0,0,2,2,4,1,10,2,1,1,1,1,8,2,3,1,6,0,999,1,1,1,1,1,1,3,3,17800,1,1,1,1,1,1,3,3,17800,1,1,1,1,1,1,3,3,17800,1,1,1,0,1,1,8770000,15010000,3,2
202601,6,,수원역,41115,22,0,300,0,1,0,4,32,04,1,1,500,150,8,0,1,0,4,2,4,1,10,2,1,1,1,1,8,3,3,1,1,I,561,4,1,4,8,6,9,8,6,32000,2,1,0,8,6,9,8,6,32000,2,1,0,8,6,9,8,6,32000,2,1,0,2025,3,9,4600000,13880000,1,2
202601,6,,수원역,41115,22,0,300,0,1,0,1,51,04,1,1,200,100,6,0,0,0,1,1,1,1,10,1,1,1,1,1,8,1,2,1,1,G,472,1,1,1,4,4,9,4,4,39300,1,1,0,4,4,9,4,4,39300,1,1,0,4,4,9,4,4,39300,1,1,0,2026,3,6,7650000,8570000,1,3
202601,6,,수원역,41115,22,0,300,0,1,0,4,19,04,6,1,220,100,6,0,0,0,2,1,3,1,10,1,1,1,1,1,8,2,2,1,1,G,472,2,1,2,6,5,9,6,5,37100,1,1,0,6,5,9,6,5,37100,1,1,0,6,5,9,6,5,37100,1,1,0,2026,3,6,7520000,13980000,1,2
202601,6,,수원역,41115,22,0,300,0,1,0,4,19,04,6,1,220,100,6,0,0,0,2,1,3,1,10,1,1,1,1,1,8,2,2,1,1,G,472,2,1,2,5,4,8,6,5,33300,1,1,0,5,4,8,6,5,33300,1,1,0,5,4,8,6,5,33300,1,1,0,2024,3,5,7520000,13980000,1,2
202601,6,,수원역,41115,22,0,300,0,1,0,1,11,04,1,1,없음,50,6,0,0,0,2,2,4,1,10,2,1,1,1,1,8,2,3,1,1,G,472,4,1,4,7,6,9,7,6,30500,1,1,0,7,6,9,7,6,30500,1,1,0,7,6,9,7,6,30500,1,1,0,2025,3,9,7770000,8850000,1,2
202601,6,,0.비상권,41115,14,0,0,0,1,0,8,32,03,5,1,740,40,6,0,0,0,1,1,2,1,10,1,1,1,1,1,8,1,3,1,1,S,969,2,1,2,4,5,8,5,5,27300,1,1,0,4,5,8,5,5,27300,1,1,0,4,5,8,5,5,27300,1,1,0,2025,3,10,5480000,12690000,1,2
202601,6,,0.비상권,41115,22,0,300,0,1,0,1,12,03,8,1,없음,200,6,0,0,0,2,2,4,1,10,1,1,1,2,1,8,2,3,1,6,0,999,1,1,1,1,1,1,4,4,18400,1,1,1,1,1,1,4,4,18400,1,1,1,1,1,1,4,4,18400,1,1,1,0,1,1,4720000,6590000,3,3
202601,6,,0.비상권,41115,22,0,300,0,1,0,1,12,03,8,1,없음,200,6,0,0,0,2,2,4,1,10,1,1,1,2,1,8,2,3,1,1,G,475,2,1,2,5,5,7,5,5,18400,1,1,0,5,5,7,5,5,18400,1,1,0,5,5,7,5,5,18400,1,1,0,2024,3,9,4720000,6590000,3,3
202601,6,,0.비상권,41115,22,0,300,0,1,0,1,12,03,8,1,없음,200,6,0,0,0,2,2,4,1,10,1,1,1,2,1,8,2,3,1,1,S,961,1,1,1,4,4,8,4,4,19800,1,1,0,4,4,8,4,4,19800,1,1,0,4,4,8,4,4,19800,1,1,0,2026,4,6,4720000,6590000,3,3
202601,6,,인계동,41115,21,0,120,300,1,0,5,31,03,5,1,200,180,7,0,1,0,3,2,4,1,10,2,1,1,1,1,8,3,3,1,1,G,471,4,1,4,7,6,8,7,6,28200,1,1,0,7,6,8,7,6,28200,1,1,0,7,6,8,7,6,28200,1,1,0,2024,3,9,6260000,15230000,1,1
202601,6,,인계동,41115,21,0,120,300,1,0,4,42,03,4,1,300,250,6,0,1,0,3,2,4,1,9,2,1,1,1,1,8,3,3,1,1,I,561,4,1,4,6,6,8,6,6,29400,1,1,0,6,6,8,6,6,29400,1,1,0,6,6,8,6,6,29400,1,1,0,2023,4,9,5590000,11100000,1,2
202601,6,,인계동,41115,21,0,120,300,1,0,4,42,03,4,1,300,250,6,0,1,0,3,2,4,1,9,2,1,1,1,1,8,3,3,2,1,I,562,2,1,3,5,4,7,5,4,13600,1,1,0,5,4,7,5,4,13600,1,1,0,5,4,7,5,4,13600,1,1,0,2025,3,9,5590000,11100000,1,2
202601,6,,인계동,41115,21,0,120,300,1,1,2,11,04,6,1,700,200,6,0,0,0,3,2,4,1,10,2,1,1,1,1,8,3,3,-1,5,0,999,1,1,1,1,1,1,1,1,0,1,1,0,1,1,1,1,1,0,1,1,0,1,1,1,1,1,0,1,1,0,0,1,1,5650000,10830000,1,3
202601,6,,인계동,41115,21,0,120,300,1,1,2,11,04,6,1,700,200,6,0,0,0,3,2,4,1,10,2,1,1,1,1,8,3,3,1,1,I,561,4,1,4,7,6,8,7,6,20300,1,1,0,7,6,8,7,6,20300,1,1,0,7,6,8,7,6,20300,1,1,0,2024,3,10,5650000,10830000,1,3
202601,6,,인계동,41115,21,0,120,300,1,0,3,11,04,3,1,800,200,5,0,0,0,3,1,3,1,10,1,1,1,1,1,8,3,3,1,1,I,562,3,1,3,6,6,9,6,6,34500,1,1,0,6,6,9,6,6,34500,1,1,0,6,6,9,6,6,34500,1,1,0,2025,3,8,6750000,26460000,1,2
202601,6,,인계동,41115,21,0,120,300,1,0,2,21,03,1,1,580,200,6,0,0,0,3,2,4,2,9,2,1,1,1,1,8,3,3,1,1,I,561,4,2,4,7,7,8,7,7,27900,1,1,0,7,7,8,7,7,27900,1,1,0,7,7,8,7,7,27900,1,1,0,2024,3,10,5660000,13530000,1,2
202601,6,,인계동,41115,21,0,120,300,1,1,2,21,04,1,1,300,150,5,0,0,0,3,2,4,1,10,2,1,1,1,1,8,3,3,-1,5,0,999,1,1,1,1,1,1,1,1,0,1,1,0,1,1,1,1,1,0,1,1,0,1,1,1,1,1,0,1,1,0,0,1,1,5140000,13090000,1,2
202601,6,,인계동,41115,21,0,120,300,1,1,2,21,04,1,1,300,150,5,0,0,0,3,2,4,1,10,2,1,1,1,1,8,3,3,1,1,I,561,4,1,4,6,6,8,6,6,23900,1,1,0,6,6,8,6,6,23900,1,1,0,6,6,8,6,6,23900,1,1,0,2025,3,7,5140000,13090000,1,2
202601,6,,인계동,41115,21,0,120,300,1,1,3,21,03,1,1,250,200,4,0,0,0,3,2,4,1,10,1,1,1,1,1,8,3,3,-1,5,0,999,1,1,1,1,1,1,1,1,0,1,1,0,1,1,1,1,1,0,1,1,0,1,1,1,1,1,0,1,1,0,0,1,1,4950000,13180000,1,2
202601,6,,인계동,41115,21,0,120,300,1,1,3,21,03,1,1,250,200,4,0,0,0,3,2,4,1,10,1,1,1,1,1,8,3,3,1,1,I,561,3,1,3,5,5,7,6,5,18400,1,1,0,5,5,7,6,5,18400,1,1,0,5,5,7,6,5,18400,1,1,0,2025,3,8,4950000,13180000,1,2
202601,6,,0.비상권,41117,14,0,0,0,1,0,7,32,04,5,1,570,50,5,0,1,0,2,2,4,1,10,2,1,1,1,1,8,2,3,1,1,S,952,4,1,4,6,6,8,6,6,23800,1,1,0,6,6,8,6,6,23800,1,1,0,6,6,8,6,6,23900,1,1,0,2025,3,9,5580000,11730000,1,1
202601,6,,성남구시가지,41131,22,0,120,300,1,0,1,12,03,9,1,10,30,1,0,0,0,1,1,3,1,10,1,1,1,1,1,8,1,3,1,1,G,474,3,1,3,6,6,11,6,6,63600,1,1,0,6,6,11,6,6,63600,1,1,0,6,6,11,6,6,63600,1,1,0,2025,3,8,20970000,23840000,1,3
202601,6,,성남구시가지,41131,15,0,0,0,1,0,5,21,04,8,2,230,130,8,0,0,0,2,2,4,2,8,1,2,1,1,1,8,2,3,1,1,R,912,2,1,2,5,5,8,5,5,29300,1,1,0,5,5,8,5,5,29300,1,1,0,5,5,8,5,5,29300,1,1,0,2026,3,10,11960000,7790000,1,2
202601,6,,성남구시가지,41131,15,0,0,0,1,0,5,21,04,8,2,230,130,8,0,0,0,2,2,4,2,8,1,2,1,1,1,8,2,3,1,6,0,999,2,1,2,1,1,1,5,5,29300,1,1,1,1,1,1,5,5,29300,1,1,1,1,1,1,5,5,29300,1,1,1,0,1,1,11960000,7790000,1,2
202601,6,,성남구시가지,41131,15,0,0,0,1,0,5,21,04,8,2,230,130,8,0,0,0,2,2,4,2,8,1,2,1,1,1,8,2,3,2,6,0,999,3,1,3,1,1,1,5,5,13700,1,1,1,1,1,1,5,5,13700,1,1,1,1,1,1,5,5,13700,1,1,1,0,1,1,11960000,7790000,1,2
202601,6,,성남구시가지,41131,15,0,0,0,1,0,1,11,03,1,1,없음,165,9,0,0,0,1,1,3,1,10,1,1,1,1,1,8,1,3,1,1,F,424,2,1,2,3,4,7,3,4,12100,1,1,0,3,4,7,3,4,12100,1,1,0,3,4,7,3,4,12100,1,1,0,2025,3,10,5870000,4040000,1,3
202601,6,,성남구시가지,41131,15,0,0,0,1,0,1,11,03,1,1,없음,165,9,0,0,0,1,1,3,1,10,1,1,1,1,1,8,1,3,2,1,0,999,1,1,2,3,3,7,3,3,11200,1,1,0,3,3,7,3,3,11200,1,1,0,3,3,7,3,3,11200,1,1,0,2024,3,9,5870000,4040000,1,3
202601,6,,성남구시가지,41131,22,0,300,0,1,1,1,21,04,9,2,300,200,8,0,0,0,1,2,4,1,9,2,1,1,1,1,8,1,3,-1,1,I,561,1,1,2,3,2,3,3,2,3100,1,1,0,3,2,3,3,2,3100,1,1,0,3,2,3,3,2,3100,1,1,0,2024,3,10,11130000,4890000,1,2
202601,6,,성남구시가지,41131,22,0,300,0,1,1,1,21,04,9,2,300,200,8,0,0,0,1,2,4,1,9,2,1,1,1,1,8,1,3,1,1,I,561,2,1,2,5,5,8,5,5,21300,1,1,0,5,5,8,5,5,21300,1,1,0,5,5,8,5,5,21300,1,1,0,2024,3,10,11130000,4890000,1,2
202601,6,,성남구시가지,41131,22,0,300,0,1,1,1,21,04,9,2,300,200,8,0,0,0,1,2,4,1,9,2,1,1,1,1,8,1,3,2,1,I,561,2,1,2,4,4,7,4,4,11700,1,1,0,4,4,7,4,4,11700,1,1,0,4,4,7,4,4,11700,1,1,0,2024,3,10,11130000,4890000,1,2
202601,6,,성남구시가지,41131,22,0,300,0,1,0,1,11,03,1,1,없음,54,10,0,0,0,1,2,3,1,10,2,1,1,1,1,8,1,3,1,1,I,561,2,1,2,5,4,7,5,4,16400,1,1,0,5,4,7,5,4,16400,1,1,0,5,4,7,5,4,16400,1,1,0,2024,3,10,9990000,5770000,1,3
202601,6,,성남구시가지,41131,22,0,300,0,1,0,1,11,03,1,1,없음,54,10,0,0,0,1,2,3,1,10,2,1,1,1,1,8,1,3,2,1,I,561,2,1,2,4,3,5,4,3,8000,1,1,0,4,3,5,4,3,8000,1,1,0,4,3,5,4,3,8000,1,1,0,2024,3,10,9990000,5770000,1,3
202601,6,,성남구시가지,41131,22,0,120,300,1,1,1,11,03,8,2,400,80,4,0,0,0,2,2,4,1,10,1,2,1,1,1,8,2,3,-1,5,0,999,1,1,1,1,1,1,1,1,0,1,1,0,1,1,1,1,1,0,1,1,0,1,1,1,1,1,0,1,1,0,0,1,1,9380000,7380000,1,3
202601,6,,성남구시가지,41131,22,0,120,300,1,1,1,11,03,8,2,400,80,4,0,0,0,2,2,4,1,10,1,2,1,1,1,8,2,3,1,1,I,562,2,1,2,5,5,9,5,5,34500,1,1,0,5,5,9,5,5,34500,1,1,0,5,5,9,5,5,34500,1,1,0,2026,3,10,9380000,7380000,1,3
202601,6,,성남구시가지,41131,22,0,120,300,1,1,1,11,03,8,2,400,80,4,0,0,0,2,2,4,1,10,1,2,1,1,1,8,2,3,1,1,G,474,2,1,2,4,4,8,4,5,31500,1,1,0,4,4,8,4,5,31500,1,1,0,4,4,8,4,5,31500,1,1,0,2025,2,9,9380000,7380000,1,3
202601,6,,성남구시가지,41131,22,0,120,300,1,1,1,11,03,8,2,400,80,4,0,0,0,2,2,4,1,10,1,2,1,1,1,8,2,3,2,6,0,999,4,1,4,1,1,1,4,4,7600,1,1,1,1,1,1,4,4,7600,1,1,1,1,1,1,4,4,7600,1,1,1,0,1,1,9380000,7380000,1,3
202601,6,,성남구시가지,41131,15,0,0,0,1,0,1,21,03,1,1,900,120,6,0,0,0,1,1,3,1,10,1,1,1,1,1,8,1,3,1,1,S,969,1,1,1,3,3,8,3,3,28600,1,1,0,3,3,8,3,3,28600,1,1,0,3,3,8,3,3,28600,1,1,0,2025,3,9,12210000,9140000,1,3
202601,6,,성남구시가지,41131,15,0,0,0,1,0,1,21,03,1,1,900,120,6,0,0,0,1,1,3,1,10,1,1,1,1,1,8,1,3,1,1,M,716,1,1,1,4,4,8,4,4,28700,1,1,0,4,4,8,4,4,28700,1,1,0,4,4,8,4,4,28700,1,1,0,2024,3,9,12210000,9140000,1,3
202601,6,,성남구시가지,41131,15,0,0,0,1,0,1,21,03,1,1,900,120,6,0,0,0,1,1,3,1,10,1,1,1,1,1,8,1,3,2,1,S,961,2,1,2,3,3,7,3,3,14100,1,1,0,3,3,7,3,3,14100,1,1,0,3,3,7,3,3,14100,1,1,0,2023,4,9,12210000,9140000,1,3
202601,6,,성남구시가지,41131,15,0,0,0,1,0,1,12,04,1,1,920,104,6,0,0,0,1,1,2,1,10,1,1,1,1,1,8,1,3,1,1,S,961,2,1,2,5,4,7,5,4,16700,2,1,0,5,4,7,5,4,16700,2,1,0,5,4,7,5,4,16700,2,1,0,2024,3,8,13510000,15210000,1,3
202601,6,,성남구시가지,41131,22,0,300,0,1,0,1,11,04,1,1,550,50,8,0,0,0,2,2,4,1,10,2,1,2,1,1,8,2,2,1,1,I,561,4,1,4,4,5,7,4,5,12200,1,1,0,4,5,7,4,5,12200,1,1,0,4,5,7,4,5,12200,1,1,0,2026,3,9,9280000,5420000,1,2
202601,6,,성남구시가지,41131,22,0,300,0,1,0,1,11,04,1,1,550,50,8,0,0,0,2,2,4,1,10,2,1,2,1,1,8,2,2,2,2,0,999,3,1,4,1,1,1,6,3,6000,1,1,0,1,1,1,6,3,6000,1,1,0,1,1,1,6,3,6000,1,1,0,0,1,1,9280000,5420000,1,2
202601,6,,성남구시가지,41131,22,0,120,300,1,0,1,19,03,1,1,850,40,1,0,0,0,2,2,4,1,10,2,1,1,1,1,8,2,3,1,1,I,561,2,1,2,6,5,10,6,5,50800,1,1,0,6,5,10,6,5,50800,1,1,0,6,5,10,6,5,51300,1,1,0,2025,4,8,15700000,24440000,1,3
202601,6,,성남구시가지,41131,22,0,120,300,1,0,1,19,03,1,1,850,40,1,0,0,0,2,2,4,1,10,2,1,1,1,1,8,2,3,1,1,Q,869,2,1,2,6,5,10,6,5,50800,1,1,0,6,5,10,6,5,50800,1,1,0,6,5,10,6,5,51800,1,1,0,2025,4,9,15700000,24440000,1,3
202601,6,,성남구시가지,41131,22,0,120,300,1,0,1,19,03,1,1,850,40,1,0,0,0,2,2,4,1,10,2,1,1,1,1,8,2,3,1,1,I,562,2,1,2,6,5,10,6,5,52100,1,1,0,6,5,10,6,5,52100,1,1,0,6,5,10,6,5,52100,1,1,0,2024,4,8,15700000,24440000,1,3
202601,6,,성남구시가지,41131,22,0,120,300,1,0,1,19,03,1,1,850,40,1,0,0,0,2,2,4,1,10,2,1,1,1,1,8,2,3,1,1,G,472,2,1,2,6,5,10,6,5,50800,1,1,0,6,5,10,6,5,50800,1,1,0,6,5,10,6,5,51300,1,1,0,2024,4,9,15700000,24440000,1,3
202601,6,,성남구시가지,41131,22,0,120,300,1,0,1,19,03,1,1,850,40,1,0,0,0,2,2,4,1,10,2,1,1,1,1,8,2,3,1,1,I,561,2,1,2,6,5,10,6,5,46100,1,1,0,6,5,10,6,5,46100,1,1,0,6,5,10,6,5,46100,1,1,0,2026,3,10,15700000,24440000,1,3
202601,6,,성남구시가지,41131,22,0,300,0,1,0,3,21,04,9,2,3,70,8,0,0,0,2,2,4,1,9,2,1,1,1,1,8,2,3,1,1,I,561,3,1,3,6,5,7,6,5,14100,1,1,0,6,5,7,6,5,14100,1,1,0,6,5,7,6,5,14100,1,1,0,2026,3,8,9910000,6590000,1,1
202601,6,,성남구시가지,41131,22,0,300,0,1,0,3,21,04,9,2,3,70,8,0,0,0,2,2,4,1,9,2,1,1,1,1,8,2,3,2,1,0,999,3,1,3,4,4,6,4,4,8600,1,1,0,4,4,6,4,4,8600,1,1,0,4,4,6,4,4,8600,1,1,0,2026,3,8,9910000,6590000,1,1
202601,6,,성남구시가지,41131,22,0,0,0,1,0,1,11,03,1,1,900,50,6,0,0,0,1,2,4,1,10,1,1,1,1,1,8,1,3,1,1,R,901,2,1,2,5,5,8,5,5,21100,1,1,0,5,5,8,5,5,21100,1,1,0,5,5,8,5,5,21100,1,1,0,2025,4,9,10980000,6400000,1,2
202601,6,,성남구시가지,41131,22,0,0,0,1,0,1,11,03,1,1,900,50,6,0,0,0,1,2,4,1,10,1,1,1,1,1,8,1,3,2,2,H,529,2,1,2,1,1,1,4,3,11300,1,1,0,1,1,1,4,3,11300,1,1,0,1,1,1,4,3,11300,1,1,0,0,1,1,10980000,6400000,1,2
202601,6,,성남구시가지,41131,15,0,0,0,1,0,1,11,03,1,1,650,107,8,0,0,0,1,1,2,1,10,1,1,1,1,1,8,1,3,1,1,S,953,2,1,2,4,4,7,4,4,14800,2,1,0,4,4,7,4,4,14800,2,1,0,4,4,7,4,3,14700,2,1,0,2025,3,9,9750000,16440000,1,3
202601,6,,0.비상권,41131,15,0,0,0,1,0,1,21,03,6,2,없음,30,5,0,0,0,2,2,4,1,10,2,1,1,1,1,8,2,3,1,1,L,682,1,1,1,4,3,8,4,3,26400,1,1,0,4,3,8,4,3,26400,1,1,0,4,3,8,4,3,26400,1,1,0,2025,3,7,9120000,7610000,1,2
202601,6,,0.비상권,41131,15,0,0,0,1,0,1,21,03,6,2,없음,30,5,0,0,0,2,2,4,1,10,2,1,1,1,1,8,2,3,1,1,S,949,1,1,1,4,3,8,4,3,24100,1,1,0,4,3,8,4,3,25700,1,1,0,4,3,8,4,3,25700,1,1,0,2026,3,10,9120000,7610000,1,2
202601,6,,0.비상권,41131,15,0,0,0,1,0,1,21,03,6,2,없음,30,5,0,0,0,2,2,4,1,10,2,1,1,1,1,8,2,3,1,1,M,721,1,1,1,4,3,8,4,3,24100,1,1,0,4,3,8,4,3,24100,1,1,0,4,3,8,4,3,24100,1,1,0,2025,3,8,9120000,7610000,1,2
202601,6,,0.비상권,41131,15,0,0,0,1,0,1,21,03,6,2,없음,30,5,0,0,0,2,2,4,1,10,2,1,1,1,1,8,2,3,1,1,G,478,1,1,1,4,3,8,4,3,24100,1,1,0,4,3,8,4,3,24100,1,1,0,4,3,8,4,3,24100,1,1,0,2024,3,6,9120000,7610000,1,2
202601,6,,0.비상권,41131,15,0,0,0,1,0,1,21,03,6,2,없음,30,5,0,0,0,2,2,4,1,10,2,1,1,1,1,8,2,3,2,1,S,969,3,1,3,4,4,6,4,4,8700,1,1,0,4,4,6,4,4,8700,1,1,0,4,4,6,4,4,8700,1,1,0,2025,3,10,9120000,7610000,1,2
202601,6,,0.비상권,41131,14,0,0,0,1,0,1,21,04,9,1,450,30,5,0,0,0,1,1,2,1,10,1,1,1,1,1,8,1,3,1,1,G,472,1,1,1,4,3,8,4,3,20000,1,1,0,4,3,8,4,3,20000,1,1,0,4,3,8,4,3,20000,1,1,0,2024,3,10,9260000,10690000,1,2
202601,6,,0.비상권,41131,14,0,0,0,1,0,1,21,04,9,1,450,30,5,0,0,0,1,1,2,1,10,1,1,1,1,1,8,1,3,1,1,S,961,1,1,1,4,3,7,4,3,19600,1,1,0,4,3,7,4,3,19600,1,1,0,4,3,7,4,3,19600,1,1,0,2024,3,7,9260000,10690000,1,2
202601,6,,0.비상권,41131,14,0,0,0,1,0,1,11,04,6,2,450,70,4,0,0,0,2,2,4,1,10,2,1,1,1,1,8,2,3,1,1,G,478,1,1,2,5,5,9,5,5,40100,1,1,0,5,5,9,5,5,40100,1,1,0,5,5,9,5,5,40100,1,1,0,2024,3,9,10930000,10760000,1,1
202601,6,,0.비상권,41131,14,0,0,0,1,0,1,11,04,6,2,450,70,4,0,0,0,2,2,4,1,10,2,1,1,1,1,8,2,3,1,1,I,562,1,1,2,5,5,9,5,5,37200,1,1,0,5,5,9,5,5,37200,1,1,0,5,5,9,5,5,37200,1,1,0,2025,3,10,10930000,10760000,1,1
202601,6,,0.비상권,41131,14,0,0,0,1,0,1,11,04,6,2,450,70,4,0,0,0,2,2,4,1,10,2,1,1,1,1,8,2,3,2,1,0,999,2,1,3,4,3,6,4,4,8500,1,1,0,4,3,6,4,4,8500,1,1,0,4,3,6,4,4,8500,1,1,0,2024,3,8,10930000,10760000,1,1
202601,6,,성남구시가지,41131,15,0,0,0,1,0,1,11,04,7,2,580,150,6,0,0,0,1,1,3,1,10,1,1,1,1,1,8,1,2,1,1,G,474,1,1,1,5,5,10,5,4,48700,1,1,0,5,5,10,5,4,48700,1,1,0,5,5,10,5,4,48700,1,1,0,2025,3,8,12360000,10300000,1,3
202601,6,,성남구시가지,41131,15,0,0,0,1,0,1,11,04,7,2,580,150,6,0,0,0,1,1,3,1,10,1,1,1,1,1,8,1,2,1,1,L,682,1,1,1,5,4,10,5,4,54000,1,1,0,5,4,10,5,4,54000,1,1,0,5,4,10,5,4,54000,1,1,0,2025,3,8,12360000,10300000,1,3
202601,6,,성남구시가지,41131,15,0,0,0,1,0,1,11,04,7,2,580,150,6,0,0,0,1,1,3,1,10,1,1,1,1,1,8,1,2,2,1,A,014,2,1,2,4,4,7,4,4,16000,1,1,0,4,4,7,4,4,16000,1,1,0,4,4,7,4,4,16000,1,1,0,2025,3,10,12360000,10300000,1,3
202601,6,,성남구시가지,41131,15,0,0,0,1,0,1,12,04,9,1,없음,154,8,0,0,0,1,1,2,1,10,1,1,1,1,1,8,1,2,1,1,I,561,2,1,2,4,4,7,4,4,15200,2,1,0,4,4,7,4,4,15200,2,1,0,4,4,7,4,4,15200,2,1,0,2025,3,9,12310000,15200000,1,1
202601,6,,성남구시가지,41131,15,0,0,0,1,0,4,11,03,9,2,없음,176,9,0,0,0,1,1,3,1,9,1,1,1,1,1,8,1,2,1,1,S,961,2,1,2,4,4,8,4,4,19800,2,1,0,4,4,8,4,4,19800,2,1,0,4,4,8,4,4,19800,2,1,0,2024,3,9,13220000,10120000,1,2
202601,6,,성남구시가지,41131,15,0,0,0,1,0,4,11,03,9,2,없음,176,9,0,0,0,1,1,3,1,9,1,1,1,1,1,8,1,2,2,1,0,999,1,1,2,4,3,7,4,3,13000,1,1,0,4,3,7,4,3,13000,1,1,0,4,3,7,4,3,13000,1,1,0,2024,3,9,13220000,10120000,1,2
202601,6,,성남구시가지,41131,15,0,0,0,1,0,1,12,03,10,1,없음,83,6,0,0,0,1,1,2,1,10,1,1,1,1,1,8,1,2,1,1,N,752,1,1,1,4,4,9,4,4,42600,1,1,0,4,4,9,4,4,42600,1,1,0,4,4,9,4,4,42600,1,1,0,2025,4,8,11290000,12390000,1,2
202601,6,,성남구시가지,41131,15,0,0,0,1,0,1,12,03,10,1,없음,83,6,0,0,0,1,1,2,1,10,1,1,1,1,1,8,1,2,1,1,I,561,2,1,2,5,5,9,5,5,29600,1,1,0,5,5,9,5,5,29600,1,1,0,5,5,9,5,5,29600,1,1,0,2023,4,6,11290000,12390000,1,2
202601,6,,성남구시가지,41131,22,0,300,0,1,0,3,21,03,8,1,330,95,6,0,0,0,2,2,4,1,10,2,1,1,1,1,8,2,3,1,1,I,561,2,1,2,5,5,9,5,5,29800,1,1,0,5,5,9,5,5,29800,1,1,0,5,5,9,5,5,29800,1,1,0,2023,4,9,11350000,15360000,1,1
202601,6,,성남구시가지,41131,22,0,300,0,1,0,3,21,03,8,1,330,95,6,0,0,0,2,2,4,1,10,2,1,1,1,1,8,2,3,1,1,I,561,2,1,2,5,5,9,5,5,29800,1,1,0,5,5,9,5,5,29800,1,1,0,5,5,9,5,5,29800,1,1,0,2025,4,9,11350000,15360000,1,1
202601,6,,성남구시가지,41131,22,0,300,0,1,0,3,21,03,8,1,330,95,6,0,0,0,2,2,4,1,10,2,1,1,1,1,8,2,3,1,1,I,561,2,1,2,5,5,9,5,5,29800,1,1,0,5,5,9,5,5,29800,1,1,0,5,5,9,5,5,29800,1,1,0,2023,4,9,11350000,15360000,1,1
202601,6,,성남구시가지,41131,22,0,300,0,1,0,3,21,03,8,1,330,95,6,0,0,0,2,2,4,1,10,2,1,1,1,1,8,2,3,1,1,I,561,2,1,2,5,5,9,5,5,29800,1,1,0,5,5,9,5,5,29800,1,1,0,5,5,9,5,5,29800,1,1,0,2025,3,10,11350000,15360000,1,1
202601,6,,성남구시가지,41131,22,0,300,0,1,0,5,32,03,8,1,200,50,9,0,1,0,2,2,4,1,10,2,1,1,1,1,8,2,3,1,1,G,471,4,1,4,7,6,8,7,6,20500,1,1,0,7,6,8,7,6,20500,1,1,0,7,6,8,7,6,20500,1,1,0,2024,3,9,8590000,11010000,1,1
202601,6,,0.비상권,41131,16,0,0,0,1,0,5,21,04,5,1,없음,120,4,0,1,0,2,2,4,1,10,2,1,1,1,1,8,2,3,1,1,G,472,3,1,3,6,6,9,6,6,30500,1,1,0,6,6,9,6,6,30300,1,1,0,6,6,9,6,6,30300,1,1,0,2023,4,10,14490000,14540000,1,1
202601,6,,0.비상권,41131,16,0,0,0,1,0,5,21,04,5,1,없음,120,4,0,1,0,2,2,4,1,10,2,1,1,1,1,8,2,3,2,1,G,472,3,1,3,4,4,7,4,4,10100,1,1,0,4,4,7,4,4,10100,1,1,0,4,4,7,4,4,10000,1,1,0,2023,4,10,14490000,14540000,1,1
202601,6,,0.비상권,41131,44,43,0,0,1,0,7,21,04,6,1,없음,10,4,0,1,0,2,2,4,1,10,2,1,1,1,1,8,2,3,1,1,I,561,4,1,4,6,6,7,6,6,18700,4,1,0,6,6,7,6,6,18600,4,1,0,6,6,7,6,6,18600,4,1,0,2025,3,10,5350000,7700000,1,3
202601,6,,0.비상권,41131,44,43,0,0,1,0,7,21,04,6,1,없음,10,4,0,1,0,2,2,4,1,10,2,1,1,1,1,8,2,3,2,1,I,561,2,1,2,4,3,6,4,3,8200,1,1,0,4,3,6,4,3,8000,1,1,0,4,3,6,4,3,8000,1,1,0,2025,3,10,5350000,7700000,1,3
202601,6,,0.비상권,41131,44,13,0,0,1,0,9,31,04,6,1,없음,125,1,0,1,0,2,2,4,2,9,2,2,1,1,1,8,2,3,1,1,G,474,4,2,4,7,7,9,7,7,29700,1,1,0,7,7,9,7,7,29600,1,1,0,7,7,9,7,7,29600,1,1,0,2025,3,10,10420000,11600000,1,3
202601,6,,0.비상권,41131,44,13,0,0,1,0,9,31,04,6,1,없음,125,1,0,1,0,2,2,4,2,9,2,2,1,1,1,8,2,3,2,6,0,999,3,1,4,1,1,1,6,5,14600,1,1,1,1,1,1,6,5,14400,1,1,1,1,1,1,6,5,14400,1,1,1,0,1,1,10420000,11600000,1,3
202601,6,,모란,41133,22,0,0,0,1,0,2,12,04,6,1,240,170,4,0,0,0,2,1,2,1,10,1,1,1,1,1,8,2,3,1,1,S,969,2,1,2,6,5,9,6,6,40700,1,1,0,6,5,9,6,6,40700,1,1,0,6,5,9,6,6,40600,1,1,0,2024,6,5,15810000,27920000,1,3
202601,6,,모란,41133,14,0,0,0,1,0,4,32,04,6,2,180,180,8,0,0,0,2,2,4,1,10,2,1,1,1,1,8,2,3,1,1,I,561,3,1,3,6,6,9,6,6,44000,2,1,0,6,6,9,6,6,44000,2,1,0,6,6,9,6,6,44000,2,1,0,2025,3,8,10030000,9890000,1,3
202601,6,,모란,41133,14,0,0,0,1,0,4,32,04,6,2,180,180,8,0,0,0,2,2,4,1,10,2,1,1,1,1,8,2,3,2,1,I,561,3,1,3,5,5,8,5,5,19200,2,1,0,5,5,8,5,5,19200,2,1,0,5,5,8,5,5,19200,2,1,0,2025,3,8,10030000,9890000,1,3
202601,6,,모란,41133,14,0,0,0,1,0,5,21,04,6,2,125,125,6,0,0,0,2,2,4,1,10,2,1,1,1,1,8,2,3,1,1,G,472,2,1,2,7,5,10,7,5,53400,1,1,0,7,5,10,7,5,53400,1,1,0,7,5,10,7,5,53400,1,1,0,2024,3,10,13560000,11440000,1,3
202601,6,,모란,41133,14,0,0,0,1,0,5,21,04,6,2,125,125,6,0,0,0,2,2,4,1,10,2,1,1,1,1,8,2,3,1,1,R,901,2,1,2,7,5,10,6,6,61200,2,1,0,7,5,10,6,6,61200,2,1,0,7,5,10,6,6,61200,2,1,0,2025,3,10,13560000,11440000,1,3
202601,6,,모란,41133,14,0,0,0,1,0,5,21,04,6,2,125,125,6,0,0,0,2,2,4,1,10,2,1,1,1,1,8,2,3,2,1,I,562,3,1,3,7,5,8,6,5,21100,1,1,0,7,5,8,6,5,21100,1,1,0,7,5,8,6,5,21100,1,1,0,2024,3,7,13560000,11440000,1,3
202601,6,,모란,41133,14,0,0,0,1,1,2,11,04,6,2,130,130,8,0,0,0,2,2,4,1,10,2,1,1,1,1,8,2,3,-1,1,I,561,2,1,2,3,3,5,3,3,7400,1,1,0,3,3,5,3,3,7400,1,1,0,3,3,5,3,3,7400,1,1,0,2024,3,10,10450000,6210000,1,3
202601,6,,모란,41133,14,0,0,0,1,1,2,11,04,6,2,130,130,8,0,0,0,2,2,4,1,10,2,1,1,1,1,8,2,3,1,1,I,561,2,1,2,6,6,9,6,6,37500,1,1,0,6,6,9,6,6,37500,1,1,0,6,6,9,6,6,37500,1,1,0,2024,3,10,10450000,6210000,1,3
202601,6,,모란,41133,14,0,0,0,1,1,2,11,04,6,2,130,130,8,0,0,0,2,2,4,1,10,2,1,1,1,1,8,2,3,2,2,0,999,2,1,2,1,1,1,4,4,15500,1,1,0,1,1,1,4,4,15500,1,1,0,1,1,1,4,4,15500,1,1,0,0,1,1,10450000,6210000,1,3
202601,6,,0.비상권,41133,15,0,0,0,1,0,1,11,04,1,1,없음,50,7,0,0,0,1,2,3,1,10,1,1,1,1,1,8,1,3,1,1,S,953,1,1,1,3,3,7,3,3,11900,1,1,0,3,3,7,3,3,11900,1,1,0,3,3,7,3,3,11900,1,1,0,2024,5,9,5720000,4040000,1,1
202601,6,,0.비상권,41133,15,0,0,0,1,0,1,11,04,1,1,없음,50,7,0,0,0,1,2,3,1,10,1,1,1,1,1,8,1,3,1,1,S,953,1,1,1,3,3,7,3,3,12900,1,1,0,3,3,7,3,3,12900,1,1,0,3,3,7,3,3,12900,1,1,0,2024,5,9,5720000,4040000,1,1
202601,6,,0.비상권,41133,15,0,0,0,1,0,1,11,04,1,1,없음,50,7,0,0,0,1,2,3,1,10,1,1,1,1,1,8,1,3,2,2,0,999,2,1,2,1,1,1,4,3,10800,1,1,0,1,1,1,4,3,10800,1,1,0,1,1,1,4,3,10800,1,1,0,0,1,1,5720000,4040000,1,1
202601,6,,0.비상권,41133,22,0,300,0,1,1,2,11,04,1,1,150,100,8,0,0,0,1,2,4,1,9,1,1,1,1,1,8,1,3,-1,1,I,562,2,1,2,4,4,7,4,4,13700,1,1,0,4,4,7,4,4,13500,1,1,0,4,4,7,4,4,13500,1,1,0,2025,4,9,8330000,3970000,1,2
202601,6,,0.비상권,41133,22,0,300,0,1,1,2,11,04,1,1,150,100,8,0,0,0,1,2,4,1,9,1,1,1,1,1,8,1,3,1,1,I,562,2,1,2,6,6,9,6,5,38800,1,1,0,6,6,9,6,5,38600,1,1,0,6,6,9,6,5,38600,1,1,0,2025,3,10,8330000,3970000,1,2
202601,6,,0.비상권,41133,22,0,300,0,1,1,2,11,04,1,1,150,100,8,0,0,0,1,2,4,1,9,1,1,1,1,1,8,1,3,2,2,0,999,2,1,2,1,1,1,4,4,15500,1,1,0,1,1,1,4,4,15500,1,1,0,1,1,1,4,4,15500,1,1,0,0,1,1,8330000,3970000,1,2
202601,6,,0.비상권,41133,15,0,0,0,1,0,1,12,04,1,1,200,100,4,0,0,0,1,1,3,1,9,1,1,1,1,1,8,1,3,1,1,N,741,1,1,1,4,3,7,4,3,11500,1,1,0,4,3,7,4,3,11500,1,1,0,4,3,7,4,3,11300,1,1,0,2025,4,10,8380000,5770000,1,2
202601,6,,0.비상권,41133,15,0,0,0,1,0,1,12,04,1,1,200,100,4,0,0,0,1,1,3,1,9,1,1,1,1,1,8,1,3,1,2,L,682,1,1,1,1,1,1,4,3,11900,1,1,0,1,1,1,4,3,11900,1,1,0,1,1,1,4,3,11700,1,1,0,0,1,1,8380000,5770000,1,2
202601,6,,0.비상권,41133,15,0,0,0,1,0,1,12,04,1,1,200,100,4,0,0,0,1,1,3,1,9,1,1,1,1,1,8,1,3,2,1,I,561,2,1,2,4,3,7,4,3,10900,1,1,0,4,3,7,4,3,10700,1,1,0,4,3,7,4,3,10700,1,1,0,2023,4,7,8380000,5770000,1,2
202601,6,,0.비상권,41135,43,0,610,0,1,0,5,32,04,4,1,없음,100,9,0,1,0,2,2,4,2,8,2,1,1,1,1,8,2,3,1,1,I,561,3,1,4,7,6,9,7,6,32400,1,1,0,7,6,9,7,6,32400,1,1,0,7,6,9,7,6,32400,1,1,0,2025,3,9,6710000,11550000,1,1
202601,6,,0.비상권,41135,43,0,610,0,1,0,5,32,04,4,1,없음,100,9,0,1,0,2,2,4,2,8,2,1,1,1,1,8,2,3,2,1,I,561,2,1,3,6,4,7,6,4,13800,1,1,0,6,4,7,6,4,13800,1,1,0,6,4,7,6,4,13800,1,1,0,2025,3,9,6710000,11550000,1,1
202601,6,,0.비상권,41135,43,0,610,0,1,0,1,11,03,2,1,없음,100,9,0,1,0,3,2,4,1,8,2,1,1,1,1,8,3,3,1,1,I,562,3,1,3,7,6,9,7,6,40000,1,1,0,7,6,9,7,6,40000,1,1,0,7,6,9,7,6,40000,1,1,0,2025,3,8,6430000,28820000,3,1
202601,6,,0.비상권,41135,43,0,610,0,1,0,1,11,03,2,1,없음,100,9,0,1,0,3,2,4,1,8,2,1,1,1,1,8,3,3,2,1,I,562,2,1,2,6,4,7,6,4,18200,1,1,0,6,4,7,6,4,18200,1,1,0,6,4,7,6,4,18200,1,1,0,2025,3,8,6430000,28820000,3,1
202601,6,,0.비상권,41135,43,0,610,0,1,0,7,21,03,2,1,없음,100,9,1,0,0,4,2,4,2,8,2,1,1,1,1,8,4,3,1,1,I,561,4,1,4,7,6,9,7,6,37100,1,1,0,7,6,9,7,6,37100,1,1,0,7,6,9,7,6,37100,1,1,0,2024,3,9,6260000,17850000,1,1
202601,6,,0.비상권,41135,43,0,610,0,1,0,7,21,03,2,1,없음,100,9,1,0,0,4,2,4,2,8,2,1,1,1,1,8,4,3,2,1,I,561,4,1,4,6,6,8,6,6,22100,1,1,0,6,6,8,6,6,22100,1,1,0,6,6,8,6,6,22100,1,1,0,2024,3,9,6260000,17850000,1,1
202601,6,,0.비상권,41135,43,0,610,0,1,0,5,21,04,2,1,없음,250,9,0,1,0,3,2,4,1,9,2,1,1,1,1,8,3,3,1,1,I,561,2,1,3,7,6,10,7,6,66500,1,1,0,7,6,10,7,6,66500,1,1,0,7,6,10,7,6,66500,1,1,0,2025,3,8,9220000,24650000,1,2
202601,6,,0.비상권,41135,43,0,610,0,1,0,5,21,04,2,1,없음,250,9,0,1,0,3,2,4,1,9,2,1,1,1,1,8,3,3,2,1,I,561,2,1,3,6,5,9,6,5,30000,1,1,0,6,5,9,6,5,30000,1,1,0,6,5,9,6,5,30000,1,1,0,2025,3,8,9220000,24650000,1,2
202601,6,,0.비상권,41135,43,0,610,0,1,1,4,21,04,2,1,없음,250,8,0,1,0,3,2,4,2,8,1,2,1,1,1,8,3,3,-1,6,0,999,2,1,3,1,1,1,4,3,6800,1,1,1,1,1,1,4,3,6800,1,1,1,1,1,1,4,3,6800,1,1,1,0,1,1,6840000,14190000,1,2
202601,6,,0.비상권,41135,43,0,610,0,1,1,4,21,04,2,1,없음,250,8,0,1,0,3,2,4,2,8,1,2,1,1,1,8,3,3,1,6,0,999,2,1,3,1,1,1,7,6,42700,1,1,1,1,1,1,7,6,42700,1,1,1,1,1,1,7,6,42700,1,1,1,0,1,1,6840000,14190000,1,2
202601,6,,0.비상권,41135,43,0,610,0,1,1,4,21,04,2,1,없음,250,8,0,1,0,3,2,4,2,8,1,2,1,1,1,8,3,3,2,6,0,999,1,1,2,1,1,1,5,4,17700,1,1,1,1,1,1,5,4,17700,1,1,1,1,1,1,5,4,17700,1,1,1,0,1,1,6840000,14190000,1,2
202601,6,,0.비상권,41135,16,0,0,0,1,0,8,32,03,6,1,없음,70,7,0,1,0,3,2,4,1,10,2,1,1,1,1,8,3,3,1,1,I,561,4,1,4,7,7,9,7,7,36800,1,1,0,7,7,9,7,7,36800,1,1,0,7,7,9,7,7,36800,1,1,0,2025,3,10,9800000,17530000,1,3
202601,6,,0.비상권,41135,43,0,610,0,1,0,4,21,04,2,1,없음,100,6,0,1,0,5,2,4,1,10,2,1,1,1,1,8,5,3,1,1,I,561,4,1,4,7,6,7,7,6,19400,1,1,0,7,6,7,7,6,19200,1,1,0,7,6,7,7,6,19200,1,1,0,2021,5,9,6000000,21990000,1,2
202601,6,,0.비상권,41135,43,0,610,0,1,0,4,21,04,2,1,없음,100,6,0,1,0,5,2,4,1,10,2,1,1,1,1,8,5,3,2,1,I,561,3,1,3,6,5,7,6,5,15000,1,1,0,6,5,7,6,5,14900,1,1,0,6,5,7,6,5,14900,1,1,0,2021,5,9,6000000,21990000,1,2
202601,6,,0.비상권,41135,43,0,610,0,1,0,5,31,04,2,1,900,30,8,0,0,0,3,1,3,1,10,1,1,1,1,1,8,3,2,1,1,S,952,3,1,3,6,6,10,6,6,49900,1,1,0,6,6,10,6,6,49900,1,1,0,6,6,10,6,6,49900,1,1,0,2025,3,9,3990000,20010000,1,2
202601,6,,0.비상권,41135,43,0,610,0,1,0,5,32,04,4,1,없음,95,6,0,0,0,1,1,2,1,9,1,1,1,1,1,8,1,3,1,1,I,562,1,1,2,4,5,9,4,5,33400,1,1,0,4,5,9,4,5,33400,1,1,0,4,5,9,4,5,33400,1,1,0,2025,3,10,6790000,8680000,1,2
202601,6,,0.비상권,41135,43,0,610,0,1,0,5,32,04,4,1,없음,95,6,0,0,0,1,1,2,1,9,1,1,1,1,1,8,1,3,2,2,0,999,1,1,2,1,1,1,4,3,15900,1,1,0,1,1,1,4,3,15900,1,1,0,1,1,1,4,3,15900,1,1,0,0,1,1,6790000,8680000,1,2
202601,6,,0.비상권,41135,41,0,0,0,1,0,5,21,03,2,1,없음,130,4,0,1,0,5,2,4,1,10,2,1,1,1,1,8,5,3,1,6,0,999,3,1,3,1,1,1,6,6,46100,1,1,1,1,1,1,6,6,46100,1,1,1,1,1,1,6,6,46100,1,1,1,0,1,1,6020000,25380000,1,1
202601,6,,0.비상권,41135,41,0,0,0,1,0,5,21,03,2,1,없음,130,4,0,1,0,5,2,4,1,10,2,1,1,1,1,8,5,3,1,1,R,901,3,1,3,6,6,9,6,6,40800,1,1,0,6,6,9,6,6,40800,1,1,0,6,6,9,6,6,40800,1,1,0,2025,3,10,6020000,25380000,1,1
202601,6,,0.비상권,41135,41,0,0,0,1,0,5,21,03,2,1,없음,130,4,0,1,0,5,2,4,1,10,2,1,1,1,1,8,5,3,1,1,L,682,2,1,2,5,5,9,5,5,42900,1,1,0,5,5,9,5,5,42900,1,1,0,5,5,9,5,5,42900,1,1,0,2025,3,9,6020000,25380000,1,1
202601,6,,0.비상권,41135,41,0,0,0,1,0,8,21,03,2,1,없음,20,7,0,1,0,4,2,4,1,10,2,1,1,1,1,8,4,2,1,1,I,561,4,1,4,8,7,10,8,8,63800,1,1,0,8,7,10,8,8,63800,1,1,0,8,7,10,8,8,63800,1,1,0,2025,4,9,5930000,30020000,1,2
202601,6,,의정부역,41150,22,0,0,0,1,0,5,31,03,7,1,250,30,2,0,0,0,2,1,3,1,10,1,1,1,1,1,8,2,3,1,1,G,478,3,1,3,6,5,8,6,5,24800,1,1,0,6,5,8,6,5,24800,1,1,0,6,5,8,6,5,24800,1,1,0,2024,3,7,6640000,9530000,1,1
202601,6,,의정부역,41150,22,0,0,0,1,0,1,12,04,10,1,700,10,4,0,0,0,1,1,2,1,10,1,1,1,1,1,8,1,3,1,1,G,478,1,1,1,6,4,9,6,4,46700,1,1,0,6,4,9,6,4,46700,1,1,0,6,4,9,6,4,46700,1,1,0,2024,3,9,12150000,12980000,1,2
202601,6,,의정부역,41150,22,0,0,0,1,0,1,12,04,10,1,700,10,4,0,0,0,1,1,2,1,10,1,1,1,1,1,8,1,3,1,1,G,474,1,1,1,4,4,9,5,4,38600,1,1,0,4,4,9,5,4,38600,1,1,0,4,4,9,5,4,38600,1,1,0,2024,3,9,12150000,12980000,1,2
202601,6,,의정부역,41150,22,0,0,0,1,0,5,11,03,7,1,600,50,6,0,0,0,2,1,3,1,10,1,1,1,1,1,8,2,3,1,6,0,999,1,1,1,1,1,1,5,4,37200,1,1,1,1,1,1,5,4,37200,1,1,1,1,1,1,5,4,37200,1,1,1,0,1,1,6540000,9540000,1,2
202601,6,,의정부역,41150,22,0,0,0,1,0,5,11,03,7,1,600,50,6,0,0,0,2,1,3,1,10,1,1,1,1,1,8,2,3,1,2,I,562,1,1,1,1,1,1,5,4,38000,1,1,0,1,1,1,5,4,38000,1,1,0,1,1,1,5,4,38000,1,1,0,0,1,1,6540000,9540000,1,2
202601,6,,의정부역,41150,22,0,0,0,1,0,5,11,03,7,1,600,50,6,0,0,0,2,1,3,1,10,1,1,1,1,1,8,2,3,1,2,I,562,1,1,1,1,1,1,5,4,38000,1,1,0,1,1,1,5,4,38000,1,1,0,1,1,1,5,4,38000,1,1,0,0,1,1,6540000,9540000,1,2
202601,6,,의정부역,41150,22,0,0,0,1,0,1,21,03,1,1,500,70,6,0,0,0,1,2,4,1,10,2,1,1,1,1,8,1,3,1,1,G,472,2,1,3,6,6,9,6,6,37000,1,1,0,6,6,9,6,6,37000,1,1,0,6,6,9,6,6,37000,1,1,0,2024,3,4,7860000,4370000,1,2
202601,6,,의정부역,41150,22,0,0,0,1,0,1,21,03,1,1,500,70,6,0,0,0,1,2,4,1,10,2,1,1,1,1,8,1,3,2,1,S,961,2,1,3,6,4,7,6,4,16400,1,1,0,6,4,7,6,4,16400,1,1,0,6,4,7,6,4,16400,1,1,0,2024,3,8,7860000,4370000,1,2
202601,6,,의정부역,41150,22,0,0,0,1,0,1,51,03,5,1,400,230,6,0,0,0,1,1,1,1,10,1,1,1,1,1,8,1,3,1,1,I,561,1,1,1,4,4,9,4,4,30000,1,1,0,4,4,9,4,4,30000,1,1,0,4,4,9,4,4,30000,1,1,0,2025,3,7,4840000,11390000,1,1
202601,6,,의정부역,41150,22,0,0,0,1,0,1,12,03,5,1,375,150,2,0,0,0,1,1,1,1,10,1,1,1,1,1,8,1,3,1,1,L,682,1,1,1,4,4,9,4,4,35100,1,1,0,4,4,9,4,4,35100,1,1,0,4,4,9,4,4,35100,1,1,0,2024,3,9,7060000,16500000,1,2
202601,6,,의정부역,41150,22,0,0,0,1,0,1,51,03,1,1,500,300,6,0,0,0,1,1,2,1,10,1,1,1,1,1,8,1,3,1,1,G,472,2,1,2,6,6,10,6,6,47300,1,1,0,6,6,10,6,6,47300,1,1,0,6,6,10,6,6,47300,1,1,0,2024,3,10,7990000,10930000,1,3
202601,6,,의정부역,41150,22,0,0,0,1,0,2,12,03,1,1,600,100,4,0,0,0,1,1,2,1,10,1,1,1,1,1,8,1,3,1,1,G,466,1,1,1,6,5,11,6,4,69700,1,1,0,6,5,11,6,4,69700,1,1,0,6,5,11,6,4,69700,1,1,0,2024,3,3,9840000,13930000,1,3
202601,6,,의정부역,41150,22,0,0,0,1,0,2,12,03,1,1,600,100,4,0,0,0,1,1,2,1,10,1,1,1,1,1,8,1,3,1,1,G,472,1,1,1,6,5,11,6,4,69700,1,1,0,6,5,11,6,4,69700,1,1,0,6,5,11,6,4,69700,1,1,0,2025,3,7,9840000,13930000,1,3
202601,6,,의정부역,41150,22,0,0,0,1,0,2,12,03,1,1,600,100,4,0,0,0,1,1,2,1,10,1,1,1,1,1,8,1,3,1,1,G,463,1,1,1,6,5,11,6,4,69700,1,1,0,6,5,11,6,4,69700,1,1,0,6,5,11,6,4,69700,1,1,0,2025,3,8,9840000,13930000,1,3
202601,6,,의정부역,41150,22,0,0,0,1,0,1,12,03,1,1,500,60,6,0,0,0,1,1,1,1,9,1,1,1,1,1,8,1,3,1,1,I,561,1,1,1,3,3,9,3,3,33700,1,1,0,3,3,9,3,3,33700,1,1,0,3,3,9,3,3,33700,1,1,0,2026,3,7,7650000,14390000,1,2
202601,6,,의정부역,41150,22,0,0,0,1,0,1,12,03,1,1,500,60,6,0,0,0,1,1,1,1,9,1,1,1,1,1,8,1,3,1,1,I,561,1,1,1,3,3,9,3,3,33700,1,1,0,3,3,9,3,3,33700,1,1,0,3,3,9,3,3,33700,1,1,0,2024,3,9,7650000,14390000,1,2
202601,6,,의정부역,41150,22,0,0,0,1,0,8,31,03,6,2,750,40,5,0,1,0,2,2,4,1,10,2,1,1,1,1,8,2,3,1,1,G,475,2,1,2,7,6,9,7,6,39900,1,1,0,7,6,9,7,6,39900,1,1,0,7,6,9,7,6,39900,1,1,0,2025,3,9,9050000,8450000,1,1
202601,6,,의정부역,41150,22,0,0,0,1,0,8,31,03,6,2,750,40,5,0,1,0,2,2,4,1,10,2,1,1,1,1,8,2,3,1,1,G,475,2,1,2,7,6,9,7,6,38300,1,1,0,7,6,9,7,6,38300,1,1,0,7,6,9,7,6,38300,1,1,0,2025,3,9,9050000,8450000,1,1
202601,6,,의정부역,41150,22,0,0,0,1,0,8,31,03,6,2,750,40,5,0,1,0,2,2,4,1,10,2,1,1,1,1,8,2,3,2,1,G,476,4,1,4,4,4,5,4,4,7500,1,1,0,4,4,5,4,4,7500,1,1,0,4,4,5,4,4,7500,1,1,0,2025,3,9,9050000,8450000,1,1
202601,6,,의정부역,41150,22,0,0,0,1,0,1,11,16,7,2,800,90,5,0,0,0,1,2,4,1,10,2,1,1,1,1,8,1,3,1,1,I,561,2,1,2,6,6,9,6,5,33700,1,1,0,6,6,9,6,5,33700,1,1,0,6,6,9,6,5,33700,1,1,0,2025,3,10,8030000,6040000,1,2
202601,6,,의정부역,41150,22,0,0,0,1,0,1,11,16,7,2,800,90,5,0,0,0,1,2,4,1,10,2,1,1,1,1,8,1,3,2,1,I,561,2,1,2,4,5,7,4,4,18000,1,1,0,4,5,7,4,4,18000,1,1,0,4,5,7,4,4,18000,1,1,0,2025,3,10,8030000,6040000,1,2
202601,6,,의정부역,41150,22,0,0,0,1,0,1,11,03,8,2,344,50,6,0,0,0,1,1,2,1,10,1,1,1,1,1,8,1,3,1,1,I,561,1,1,1,6,5,10,5,4,50800,1,1,0,6,5,10,5,4,50800,1,1,0,6,5,10,5,4,50800,1,1,0,2025,3,10,12180000,7690000,1,3
202601,6,,의정부역,41150,22,0,0,0,1,0,1,11,03,8,2,344,50,6,0,0,0,1,1,2,1,10,1,1,1,1,1,8,1,3,2,1,I,561,1,1,1,4,4,8,3,4,27700,1,1,0,4,4,8,3,4,27700,1,1,0,4,4,8,3,4,27700,1,1,0,2025,3,10,12180000,7690000,1,3
202601,6,,의정부역,41150,22,0,0,0,1,0,6,32,04,7,1,370,130,6,0,0,0,2,1,2,1,10,1,1,1,1,1,8,2,3,1,1,I,562,2,1,3,6,5,8,6,5,29800,1,1,0,6,5,8,6,5,29800,1,1,0,6,5,8,6,5,29800,1,1,0,2025,5,8,10470000,16580000,1,1
202601,6,,의정부역,41150,22,0,0,0,1,0,1,51,03,1,1,390,30,4,0,0,0,2,1,3,1,10,1,1,1,1,1,8,2,3,1,6,0,999,2,1,2,1,1,1,5,4,18700,1,1,1,1,1,1,5,4,18700,1,1,1,1,1,1,5,4,18700,1,1,1,0,1,1,11030000,15490000,1,1
202601,6,,의정부역,41150,22,0,0,0,1,0,1,51,03,1,1,390,30,4,0,0,0,2,1,3,1,10,1,1,1,1,1,8,2,3,1,6,0,999,2,1,2,1,1,1,5,4,19000,1,1,1,1,1,1,5,4,19000,1,1,1,1,1,1,5,4,19000,1,1,1,0,1,1,11030000,15490000,1,1
202601,6,,의정부역,41150,22,0,0,0,1,1,1,11,03,1,1,380,140,6,0,0,0,1,2,4,1,9,1,2,1,1,1,8,1,3,-1,6,0,999,2,1,2,1,1,1,4,4,12700,1,1,1,1,1,1,4,4,12700,1,1,1,1,1,1,4,4,12700,1,1,1,0,1,1,12670000,5400000,1,1
202601,6,,의정부역,41150,22,0,0,0,1,1,1,11,03,1,1,380,140,6,0,0,0,1,2,4,1,9,1,2,1,1,1,8,1,3,1,6,0,999,1,1,2,1,1,1,4,4,24000,1,1,1,1,1,1,4,4,24000,1,1,1,1,1,1,4,4,24000,1,1,1,0,1,1,12670000,5400000,1,1
202601,6,,의정부역,41150,22,0,0,0,1,1,1,11,03,1,1,380,140,6,0,0,0,1,2,4,1,9,1,2,1,1,1,8,1,3,1,6,0,999,1,1,2,1,1,1,4,4,24000,1,1,1,1,1,1,4,4,24000,1,1,1,1,1,1,4,4,24000,1,1,1,0,1,1,12670000,5400000,1,1
202601,6,,의정부역,41150,22,0,0,0,1,1,1,11,03,1,1,380,140,6,0,0,0,1,2,4,1,9,1,2,1,1,1,8,1,3,2,6,0,999,2,1,3,1,1,1,4,4,12000,1,1,1,1,1,1,4,4,12000,1,1,1,1,1,1,4,4,12000,1,1,1,0,1,1,12670000,5400000,1,1
202601,6,,의정부역,41150,22,0,0,0,1,0,1,12,03,1,1,400,200,7,0,0,0,1,1,1,1,10,1,1,1,1,1,8,1,3,1,1,I,561,1,1,1,6,6,12,6,6,130800,1,1,0,6,6,12,6,6,130800,1,1,0,6,6,12,6,6,130800,1,1,0,2024,3,8,23870000,27870000,1,3
202601,6,,의정부역,41150,22,0,0,0,1,0,1,51,03,5,1,350,200,6,0,0,0,2,1,2,1,10,1,1,1,1,1,8,2,3,1,1,G,474,2,1,2,7,6,12,7,6,88100,1,1,0,7,6,12,7,6,88100,1,1,0,7,6,12,7,6,88100,1,1,0,2025,3,8,15370000,35390000,1,3
202601,6,,의정부역,41150,22,0,0,0,1,0,1,11,03,1,1,430,210,6,0,0,0,2,2,4,1,10,2,1,1,1,1,8,2,3,1,1,I,561,2,1,2,7,6,10,7,6,65900,1,1,0,7,6,10,7,6,65900,1,1,0,7,6,10,7,6,65900,1,1,0,2026,3,10,18300000,22740000,3,3
202601,6,,의정부역,41150,22,0,0,0,1,0,1,11,03,1,1,430,210,6,0,0,0,2,2,4,1,10,2,1,1,1,1,8,2,3,2,1,I,562,2,1,2,5,5,8,5,5,18100,1,1,0,5,5,8,5,5,18100,1,1,0,5,5,8,5,5,18100,1,1,0,2025,3,10,18300000,22740000,3,3
202601,6,,의정부역,41150,22,0,0,0,1,0,1,51,03,4,1,610,100,6,0,0,0,1,1,1,1,10,1,1,1,1,1,8,1,3,1,1,S,961,1,1,1,3,3,8,3,3,26100,1,1,0,3,3,8,3,3,26100,1,1,0,3,3,8,3,3,26100,1,1,0,2026,3,9,5760000,15010000,1,1
202601,6,,의정부역,41150,22,0,0,0,1,0,1,51,03,4,1,610,100,6,0,0,0,1,1,1,1,10,1,1,1,1,1,8,1,3,1,1,F,424,1,1,1,3,3,8,3,3,26000,1,1,0,3,3,8,3,3,26000,1,1,0,3,3,8,3,3,26000,1,1,0,2025,3,8,5760000,15010000,1,1
202601,6,,의정부역,41150,22,0,0,0,1,0,1,11,03,1,1,330,190,6,0,0,0,1,2,3,1,10,2,1,1,1,1,8,1,3,1,1,M,733,2,1,2,6,6,10,6,6,62600,1,1,0,6,6,10,6,6,62600,1,1,0,6,6,10,6,6,62600,1,1,0,2025,3,10,18470000,10410000,1,3
202601,6,,의정부역,41150,22,0,0,0,1,0,1,11,03,1,1,330,190,6,0,0,0,1,2,3,1,10,2,1,1,1,1,8,1,3,2,1,M,733,2,1,2,4,4,8,4,4,20100,1,1,0,4,4,8,4,4,20100,1,1,0,4,4,8,4,4,20100,1,1,0,2025,3,9,18470000,10410000,1,3
202601,6,,의정부역,41150,22,0,0,0,1,0,1,21,03,10,2,346,50,2,0,0,0,1,2,4,1,10,1,1,1,1,1,8,1,3,1,6,0,999,2,1,2,1,1,1,6,6,59100,1,1,1,1,1,1,6,6,59100,1,1,1,1,1,1,6,6,59100,1,1,1,0,1,1,10700000,5810000,1,2
202601,6,,의정부역,41150,22,0,0,0,1,0,1,21,03,10,2,346,50,2,0,0,0,1,2,4,1,10,1,1,1,1,1,8,1,3,2,1,S,961,3,1,3,5,5,8,5,5,19800,1,1,0,5,5,8,5,5,19800,1,1,0,5,5,8,5,5,19800,1,1,0,2024,3,10,10700000,5810000,1,2
202601,6,,의정부역,41150,22,0,0,0,1,0,1,51,03,1,1,140,140,8,0,0,0,1,1,1,1,10,1,1,1,1,1,8,1,3,1,1,I,561,1,1,1,4,4,9,4,4,37300,1,1,0,4,4,9,4,4,37300,1,1,0,4,4,9,4,4,37300,1,1,0,2024,3,9,7660000,11360000,1,2
202601,6,,의정부역,41150,22,0,800,0,1,0,3,11,03,8,1,370,40,3,0,0,0,2,1,3,1,10,1,1,1,1,1,8,2,3,1,1,S,961,2,1,2,4,4,8,4,4,21500,1,1,0,4,4,8,4,4,21500,1,1,0,4,4,8,4,4,21500,1,1,0,2026,3,4,7090000,9550000,1,1
202601,6,,의정부역,41150,22,0,800,0,1,0,3,11,03,8,1,370,40,3,0,0,0,2,1,3,1,10,1,1,1,1,1,8,2,3,1,1,S,969,2,1,2,3,4,8,4,4,21700,1,1,0,3,4,8,4,4,21700,1,1,0,3,4,8,4,4,21700,1,1,0,2025,3,8,7090000,9550000,1,1
202601,6,,의정부역,41150,22,0,800,0,1,0,3,11,03,8,1,370,40,3,0,0,0,2,1,3,1,10,1,1,1,1,1,8,2,3,1,6,0,999,2,1,2,1,1,1,4,4,21700,1,1,1,1,1,1,4,4,21700,1,1,1,1,1,1,4,4,21700,1,1,1,0,1,1,7090000,9550000,1,1
202601,6,,의정부역,41150,22,0,120,0,1,0,7,32,04,1,1,130,80,8,0,0,0,2,2,4,1,10,2,1,1,1,1,8,2,3,1,1,I,561,4,1,4,6,6,8,6,6,24500,1,1,0,6,6,8,6,6,24500,1,1,0,6,6,8,6,6,24500,1,1,0,2024,3,8,5600000,7080000,1,1
202601,6,,의정부역,41150,22,0,120,0,1,0,7,32,04,1,1,130,80,8,0,0,0,2,2,4,1,10,2,1,1,1,1,8,2,3,2,1,I,561,1,1,1,3,2,5,3,3,6600,1,1,0,3,2,5,3,3,6600,1,1,0,3,2,5,3,3,6600,1,1,0,2024,3,8,5600000,7080000,1,1
202601,6,,의정부역,41150,22,0,120,0,1,0,7,31,04,7,1,152,60,8,0,0,0,2,2,4,1,10,2,1,1,1,1,8,2,3,1,1,I,561,3,1,3,6,5,8,6,5,22500,1,1,0,6,5,8,6,5,22500,1,1,0,6,5,8,6,5,22500,1,1,0,2025,3,10,6920000,7530000,1,1
202601,6,,의정부역,41150,22,0,120,0,1,0,7,31,04,7,1,152,60,8,0,0,0,2,2,4,1,10,2,1,1,1,1,8,2,3,2,1,I,561,1,1,1,4,3,6,4,3,9200,1,1,0,4,3,6,4,3,9200,1,1,0,4,3,6,4,3,9200,1,1,0,2025,3,10,6920000,7530000,1,1
202601,6,,의정부역,41150,14,0,0,0,1,0,3,19,03,6,1,175,없음,7,0,0,0,2,2,4,1,10,2,1,1,1,1,8,2,3,1,1,G,471,3,1,4,7,5,8,6,5,21600,1,1,0,7,5,8,6,5,21600,1,1,0,7,5,8,6,5,21600,1,1,0,2026,3,9,5300000,9320000,1,1
202601,6,,의정부역,41150,14,0,0,0,1,0,3,19,03,6,1,175,없음,7,0,0,0,2,2,4,1,10,2,1,1,1,1,8,2,3,1,1,G,467,2,1,3,4,4,7,4,4,11400,1,1,0,4,4,7,4,4,11400,1,1,0,4,4,7,4,4,11400,1,1,0,2024,3,10,5300000,9320000,1,1
202601,6,,의정부역,41150,22,0,800,0,1,0,3,21,03,5,1,200,50,4,0,0,0,3,2,4,1,10,2,1,1,1,1,8,3,3,1,1,I,561,3,1,3,6,5,8,6,5,23600,1,1,0,6,5,8,6,5,23600,1,1,0,6,5,8,6,5,23600,1,1,0,2025,3,10,8440000,16980000,1,2
202601,6,,의정부역,41150,22,0,800,0,1,0,3,21,03,5,1,200,50,4,0,0,0,3,2,4,1,10,2,1,1,1,1,8,3,3,1,1,I,561,3,1,3,6,5,8,6,5,23600,1,1,0,6,5,8,6,5,23600,1,1,0,6,5,8,6,5,23600,1,1,0,2024,3,6,8440000,16980000,1,2
202601,6,,의정부역,41150,14,0,0,0,1,0,5,32,04,6,1,500,300,8,0,0,0,2,2,4,1,10,2,1,1,1,1,8,2,3,1,1,I,561,4,1,4,6,5,7,6,5,10600,1,1,0,6,5,7,6,5,10600,1,1,0,6,5,7,6,5,10600,1,1,0,2024,3,9,3970000,6800000,1,1
202601,6,,0.비상권,41150,13,0,0,0,1,0,9,21,03,6,2,368,80,3,0,1,0,2,2,4,1,10,1,1,1,1,1,8,2,3,1,6,0,999,3,1,3,1,1,1,6,6,29600,1,1,1,1,1,1,6,6,29600,1,1,1,1,1,1,6,6,29600,1,1,1,0,1,1,6430000,5380000,1,1
202601,6,,0.비상권,41150,13,0,0,0,1,0,9,21,03,6,2,368,80,3,0,1,0,2,2,4,1,10,1,1,1,1,1,8,2,3,2,1,S,961,3,1,3,6,5,7,6,5,17000,1,1,0,6,5,7,6,5,17000,1,1,0,6,5,7,6,5,17000,1,1,0,2024,3,10,6430000,5380000,1,1
202601,6,,0.비상권,41150,13,0,0,0,1,0,9,32,04,6,1,365,77,1,0,0,0,1,1,2,1,10,1,1,1,1,1,8,1,3,1,1,S,961,2,1,2,4,4,8,4,4,21100,1,1,0,4,4,8,4,4,21100,1,1,0,4,4,8,4,4,21100,1,1,0,2025,3,10,4790000,8010000,1,1
202601,6,,0.비상권,41150,13,0,0,0,1,0,6,32,03,6,1,370,100,1,0,0,0,1,1,1,1,9,1,1,1,1,1,8,1,3,1,1,S,961,1,1,1,4,4,9,4,4,34300,2,1,0,4,4,9,4,4,34300,2,1,0,4,4,9,4,4,34300,2,1,0,2024,3,10,5280000,9570000,1,3
202601,6,,0.비상권,41150,14,0,0,0,1,0,6,32,04,6,1,400,170,4,0,0,0,1,1,2,1,9,1,1,1,1,1,8,1,3,1,1,I,561,2,1,2,5,5,8,5,5,29200,2,1,0,5,5,8,5,5,29200,2,1,0,5,5,8,5,5,29200,2,1,0,2025,3,10,4110000,6980000,1,3
202601,6,,0.비상권,41150,13,0,0,0,1,0,1,51,04,5,1,650,50,6,0,0,0,2,2,3,1,10,2,1,1,1,1,8,2,3,1,1,I,561,3,1,4,5,5,7,5,5,15800,3,1,0,5,5,7,5,5,15800,3,1,0,5,5,7,5,5,15800,3,1,0,2025,3,10,4080000,8340000,1,2
202601,6,,0.비상권,41150,14,0,0,0,1,0,1,11,03,6,2,860,170,1,0,0,0,2,2,4,1,10,1,1,1,1,1,8,2,3,1,1,M,721,1,1,1,3,3,7,3,3,14500,1,1,0,3,3,7,3,3,14500,1,1,0,3,3,7,3,3,14500,1,1,0,2024,3,9,4530000,3950000,1,2
202601,6,,0.비상권,41150,14,0,0,0,1,0,1,11,03,6,2,860,170,1,0,0,0,2,2,4,1,10,1,1,1,1,1,8,2,3,1,1,G,466,1,1,1,3,3,7,3,3,14600,1,1,0,3,3,7,3,3,14600,1,1,0,3,3,7,3,3,14600,1,1,0,2024,3,6,4530000,3950000,1,2
202601,6,,0.비상권,41150,14,0,0,0,1,0,1,11,03,6,2,860,170,1,0,0,0,2,2,4,1,10,1,1,1,1,1,8,2,3,1,1,Q,869,1,1,1,3,3,7,3,3,14700,1,1,0,3,3,7,3,3,14700,1,1,0,3,3,7,3,3,14700,1,1,0,2025,3,10,4530000,3950000,1,2
202601,6,,0.비상권,41150,14,0,0,0,1,0,1,11,03,6,2,860,170,1,0,0,0,2,2,4,1,10,1,1,1,1,1,8,2,3,2,6,0,999,3,1,3,1,1,1,5,4,9100,1,1,1,1,1,1,5,4,9100,1,1,1,1,1,1,5,4,9100,1,1,1,0,1,1,4530000,3950000,1,2
202601,6,,0.비상권,41150,14,0,0,0,1,0,6,21,04,1,2,830,140,3,0,1,0,2,2,4,2,9,2,1,1,1,1,8,2,3,1,1,C,320,4,1,4,5,5,7,5,5,10800,2,1,0,5,5,7,5,5,10800,2,1,0,5,5,7,5,5,10800,2,1,0,2025,2,9,4340000,3750000,1,1
202601,6,,0.비상권,41150,14,0,0,0,1,0,6,21,04,1,2,830,140,3,0,1,0,2,2,4,2,9,2,1,1,1,1,8,2,3,2,1,S,961,4,1,4,4,4,4,4,4,5400,2,1,0,4,4,4,4,4,5400,2,1,0,4,4,4,4,4,5400,2,1,0,2025,3,10,4340000,3750000,1,1
202601,6,,0.비상권,41150,14,0,0,0,1,0,6,31,03,5,1,500,20,4,0,1,0,4,2,4,1,10,2,1,1,1,1,8,4,3,1,1,S,952,3,1,3,6,5,8,6,5,23800,1,1,0,6,5,8,6,5,23800,1,1,0,6,5,8,6,5,23800,1,1,0,2025,3,10,3900000,8920000,1,1
202601,6,,0.비상권,41150,14,0,0,0,1,0,6,31,03,5,1,500,20,4,0,1,0,4,2,4,1,10,2,1,1,1,1,8,4,3,1,1,G,452,4,1,4,6,5,7,6,6,21700,1,1,0,6,5,7,6,6,21700,1,1,0,6,5,7,6,6,21700,1,1,0,2024,3,7,3900000,8920000,1,1
202601,6,,0.비상권,41150,14,0,0,0,1,0,6,31,03,5,1,500,20,4,0,1,0,4,2,4,1,10,2,1,1,1,1,8,4,3,1,1,S,952,3,1,3,5,5,7,6,5,23100,1,1,0,5,5,7,6,5,23100,1,1,0,5,5,7,6,5,23100,1,1,0,2025,3,7,3900000,8920000,1,1
202601,6,,0.비상권,41150,14,0,0,0,1,0,5,32,04,3,1,500,20,7,0,0,0,3,2,4,1,10,2,1,1,1,1,8,3,3,1,1,S,952,4,1,4,6,6,9,6,6,28400,1,1,0,6,6,9,6,6,28400,1,1,0,6,6,9,6,6,28400,1,1,0,2024,3,10,3740000,16170000,1,2
202601,6,,0.비상권,41150,14,0,0,0,1,0,5,32,04,4,1,550,110,4,0,0,0,2,1,3,1,10,1,1,1,1,1,8,2,3,1,1,I,561,3,1,3,5,5,7,5,5,18500,3,1,0,5,5,7,5,5,18500,3,1,0,5,5,7,5,5,18500,3,1,0,2025,3,10,4460000,11300000,1,2
202601,6,,0.비상권,41150,14,0,0,0,1,0,6,31,03,6,1,400,100,6,0,1,0,3,2,4,1,10,2,1,1,1,1,8,3,3,1,1,I,561,4,1,4,6,6,8,6,6,22900,1,1,0,6,6,8,6,6,22900,1,1,0,6,6,8,6,6,22900,1,1,0,2024,3,9,4310000,7690000,1,2
202601,6,,0.비상권,41150,14,0,0,0,1,0,7,32,04,6,1,500,60,7,0,0,0,2,2,4,1,10,1,1,1,1,1,8,2,3,1,1,M,713,2,1,2,5,4,7,5,4,12400,1,1,0,5,4,7,5,4,12400,1,1,0,5,4,7,5,4,12400,1,1,0,2024,3,8,3780000,6320000,1,3
202601,6,,0.비상권,41150,14,0,0,0,1,0,7,32,04,6,1,500,60,7,0,0,0,2,2,4,1,10,1,1,1,1,1,8,2,3,1,2,I,561,2,1,2,1,1,1,5,4,12500,1,1,0,1,1,1,5,4,12500,1,1,0,1,1,1,5,4,12500,1,1,0,0,1,1,3780000,6320000,1,3
202601,6,,0.비상권,41171,14,0,0,0,1,0,1,21,04,6,2,560,20,4,0,0,0,1,2,4,1,10,2,1,1,1,1,8,1,3,1,1,I,561,2,1,2,5,4,7,5,4,18200,1,1,0,5,4,7,5,4,18200,1,1,0,5,4,7,5,4,18200,1,1,0,2025,3,10,5580000,5000000,1,1
202601,6,,0.비상권,41171,14,0,0,0,1,0,1,21,04,6,2,560,20,4,0,0,0,1,2,4,1,10,2,1,1,1,1,8,1,3,2,1,0,999,2,1,2,4,3,6,4,3,9000,1,1,0,4,3,6,4,3,9000,1,1,0,4,3,6,4,3,9000,1,1,0,2025,3,10,5580000,5000000,1,1
202601,6,,안양역,41171,22,0,0,0,1,0,1,12,03,1,1,250,50,7,0,0,0,1,1,2,1,9,1,1,1,1,1,8,1,3,1,1,G,472,2,1,2,6,5,9,5,5,32500,1,1,0,6,5,9,5,5,32500,1,1,0,6,5,9,5,5,32500,1,1,0,2025,3,7,7720000,6690000,1,3
202601,6,,안양역,41171,22,0,0,0,1,1,1,21,03,5,1,500,120,6,0,0,0,2,2,4,1,10,2,1,1,1,1,8,2,3,-1,1,I,561,1,1,1,3,3,6,3,3,9600,1,1,0,3,3,6,3,3,9600,1,1,0,3,3,6,3,3,9600,1,1,0,2024,3,10,7180000,6710000,1,1
202601,6,,안양역,41171,22,0,0,0,1,1,1,21,03,5,1,500,120,6,0,0,0,2,2,4,1,10,2,1,1,1,1,8,2,3,1,1,I,561,4,1,4,7,6,9,7,6,29300,1,1,0,7,6,9,7,6,29300,1,1,0,7,6,9,7,6,29300,1,1,0,2024,3,10,7180000,6710000,1,1
202601,6,,안양역,41171,22,0,0,0,1,1,1,21,03,5,1,500,120,6,0,0,0,2,2,4,1,10,2,1,1,1,1,8,2,3,2,1,L,682,4,1,4,5,5,7,5,5,12800,1,1,0,5,5,7,5,5,12800,1,1,0,5,5,7,5,5,12800,1,1,0,2024,3,8,7180000,6710000,1,1
202601,6,,안양역,41171,22,0,0,0,1,1,1,21,03,1,1,없음,23,5,0,0,0,2,2,4,1,10,2,1,1,1,1,8,2,3,-1,5,0,999,1,1,1,1,1,1,1,1,0,1,1,0,1,1,1,1,1,0,1,1,0,1,1,1,1,1,0,1,1,0,0,1,1,14110000,10070000,1,2
202601,6,,안양역,41171,22,0,0,0,1,1,1,21,03,1,1,없음,23,5,0,0,0,2,2,4,1,10,2,1,1,1,1,8,2,3,1,1,I,561,3,1,3,6,6,9,6,6,34800,1,1,0,6,6,9,6,6,34800,1,1,0,6,6,9,6,6,34800,1,1,0,2025,3,9,14110000,10070000,1,2
202601,6,,안양역,41171,22,0,0,0,1,1,1,21,03,1,1,없음,23,5,0,0,0,2,2,4,1,10,2,1,1,1,1,8,2,3,2,1,G,478,3,1,3,4,4,7,4,5,11900,1,1,0,4,4,7,4,5,11900,1,1,0,4,4,7,4,5,11900,1,1,0,2025,3,10,14110000,10070000,1,2
202601,6,,안양역,41171,22,0,120,0,1,0,1,21,03,7,2,300,30,5,0,0,0,2,2,4,1,9,1,1,1,1,1,8,2,3,1,1,G,465,1,1,1,6,4,9,6,4,36200,1,1,0,6,4,9,6,4,36200,1,1,0,6,4,9,6,4,36200,1,1,0,2024,3,10,7480000,6180000,1,2
202601,6,,안양역,41171,22,0,120,0,1,0,1,21,03,7,2,300,30,5,0,0,0,2,2,4,1,9,1,1,1,1,1,8,2,3,1,6,0,999,2,1,2,1,1,1,6,5,36000,1,1,1,1,1,1,6,5,36000,1,1,1,1,1,1,6,5,36000,1,1,1,0,1,1,7480000,6180000,1,2
202601,6,,안양역,41171,22,0,120,0,1,0,1,21,03,7,2,300,30,5,0,0,0,2,2,4,1,9,1,1,1,1,1,8,2,3,2,1,I,559,2,1,3,6,4,7,6,4,16900,1,1,0,6,4,7,6,4,16900,1,1,0,6,4,7,6,4,16900,1,1,0,2024,3,10,7480000,6180000,1,2
202601,6,,안양역,41171,13,0,0,0,1,0,1,11,03,6,1,없음,170,7,0,1,0,3,2,4,2,9,2,1,2,1,1,8,3,3,1,1,G,474,1,1,1,4,4,8,4,4,20800,1,1,0,4,4,8,4,4,20800,1,1,0,4,4,8,4,4,20800,1,1,0,2025,3,8,4880000,5150000,1,3
202601,6,,안양역,41171,13,0,0,0,1,0,1,11,03,6,1,없음,170,7,0,1,0,3,2,4,2,9,2,1,2,1,1,8,3,3,1,1,I,561,2,1,2,5,5,8,5,5,26900,1,1,0,5,5,8,5,5,26900,1,1,0,5,5,8,5,5,26900,1,1,0,2026,3,10,4880000,5150000,1,3
202601,6,,안양역,41171,13,0,0,0,1,0,1,11,03,6,1,없음,170,7,0,1,0,3,2,4,2,9,2,1,2,1,1,8,3,3,1,1,C,339,1,1,1,4,4,8,4,4,22900,1,1,0,4,4,8,4,4,22900,1,1,0,4,4,8,4,4,22900,1,1,0,2024,3,9,4880000,5150000,1,3
202601,6,,안양역,41171,13,0,0,0,1,0,1,11,03,6,1,없음,170,7,0,1,0,3,2,4,2,9,2,1,2,1,1,8,3,3,1,1,I,562,2,1,2,5,5,9,5,5,27400,1,1,0,5,5,9,5,5,27400,1,1,0,5,5,9,5,5,27400,1,1,0,2026,3,9,4880000,5150000,1,3
202601,6,,안양역,41171,13,0,0,0,1,0,1,11,03,6,1,없음,170,7,0,1,0,3,2,4,2,9,2,1,2,1,1,8,3,3,1,1,L,682,1,1,1,4,4,8,4,4,25500,1,1,0,4,4,8,4,4,25500,1,1,0,4,4,8,4,4,25500,1,1,0,2024,3,8,4880000,5150000,1,3
202601,6,,안양역,41171,13,0,0,0,1,0,1,11,03,6,1,없음,170,7,0,1,0,3,2,4,2,9,2,1,2,1,1,8,3,3,2,2,0,999,4,1,4,1,1,1,8,3,9100,1,1,0,1,1,1,8,3,9100,1,1,0,1,1,1,8,3,9100,1,1,0,0,1,1,4880000,5150000,1,3
202601,6,,안양역,41171,22,0,120,0,1,0,1,12,03,1,1,180,110,5,0,0,0,1,2,4,1,9,2,1,1,1,1,8,1,3,1,1,I,562,2,1,2,7,5,9,7,5,42900,1,1,0,7,5,9,7,5,42900,1,1,0,7,5,9,7,5,42900,1,1,0,2025,3,10,16910000,9330000,1,3
202601,6,,안양역,41171,22,0,120,0,1,0,1,12,03,1,1,180,110,5,0,0,0,1,2,4,1,9,2,1,1,1,1,8,1,3,1,1,L,682,1,1,1,7,4,9,7,4,40500,1,1,0,7,4,9,7,4,40500,1,1,0,7,4,9,7,4,40500,1,1,0,2025,3,8,16910000,9330000,1,3
202601,6,,안양역,41171,22,0,120,0,1,0,1,12,03,1,1,180,110,5,0,0,0,1,2,4,1,9,2,1,1,1,1,8,1,3,2,1,S,961,2,1,3,5,5,8,5,5,22400,1,1,0,5,5,8,5,5,22400,1,1,0,5,5,8,5,5,22400,1,1,0,2025,3,10,16910000,9330000,1,3
202601,6,,안양역,41171,22,0,120,0,1,0,1,21,03,1,1,150,5,4,0,0,0,1,2,4,1,10,1,1,1,1,1,8,1,3,1,1,I,561,3,1,3,6,6,9,6,6,36500,1,1,0,6,6,9,6,6,36500,1,1,0,6,6,9,6,6,36500,1,1,0,2025,3,9,12580000,8050000,1,3
202601,6,,안양역,41171,22,0,120,0,1,0,1,21,03,1,1,150,5,4,0,0,0,1,2,4,1,10,1,1,1,1,1,8,1,3,2,6,0,999,2,1,2,1,1,1,6,5,20400,1,1,1,1,1,1,6,5,20400,1,1,1,1,1,1,6,5,20400,1,1,1,0,1,1,12580000,8050000,1,3
202601,6,,안양역,41171,22,0,0,0,1,0,1,11,03,8,2,200,없음,8,0,0,0,1,2,4,1,9,2,1,1,1,1,8,1,3,1,1,I,561,3,1,3,6,6,9,6,6,38700,1,1,0,6,6,9,6,6,38700,1,1,0,6,6,9,6,6,38700,1,1,0,2025,3,4,17400000,10960000,1,2
202601,6,,안양역,41171,22,0,0,0,1,0,1,11,03,8,2,200,없음,8,0,0,0,1,2,4,1,9,2,1,1,1,1,8,1,3,2,1,S,961,3,1,3,6,5,8,6,5,22000,1,1,0,6,5,8,6,5,22000,1,1,0,6,5,8,6,5,22000,1,1,0,2025,3,9,17400000,10960000,1,2
202601,6,,안양역,41171,22,0,0,0,1,0,8,21,03,7,2,500,100,7,0,0,0,1,2,4,1,9,1,1,1,1,1,8,1,3,1,1,G,472,2,1,2,6,5,9,6,5,33800,1,1,0,6,5,9,6,5,33800,1,1,0,6,5,9,6,5,33800,1,1,0,2026,3,10,10880000,8660000,1,2
202601,6,,안양역,41171,22,0,0,0,1,0,8,21,03,7,2,500,100,7,0,0,0,1,2,4,1,9,1,1,1,1,1,8,1,3,2,2,G,472,2,1,2,1,1,1,5,4,18900,1,1,0,1,1,1,5,4,18900,1,1,0,1,1,1,5,4,18900,1,1,0,0,1,1,10880000,8660000,1,2
202601,6,,0.비상권,41171,14,0,0,0,1,0,6,31,03,6,2,650,100,4,0,0,0,1,1,3,1,10,1,1,1,1,1,8,1,3,1,1,G,472,2,1,2,6,6,9,6,6,45300,1,1,0,6,6,9,6,6,45300,1,1,0,6,6,9,6,6,45300,1,1,0,2025,3,10,7510000,6760000,1,1
202601,6,,0.비상권,41171,14,0,0,0,1,0,6,31,03,6,2,650,100,4,0,0,0,1,1,3,1,10,1,1,1,1,1,8,1,3,2,1,M,733,2,1,2,4,4,7,4,4,18400,1,1,0,4,4,7,4,4,18400,1,1,0,4,4,7,4,4,18400,1,1,0,2025,3,7,7510000,6760000,1,1
202601,6,,0.비상권,41171,13,0,0,0,1,0,1,11,04,1,1,없음,30,5,0,0,0,2,2,4,1,10,2,1,1,1,1,8,2,3,1,1,I,562,2,1,2,4,5,8,4,5,21900,1,1,0,4,5,8,4,5,21900,1,1,0,4,5,8,4,5,21900,1,1,0,2025,3,10,5390000,4590000,1,2
202601,6,,0.비상권,41171,13,0,0,0,1,0,1,11,04,1,1,없음,30,5,0,0,0,2,2,4,1,10,2,1,1,1,1,8,2,3,1,1,L,682,1,1,1,4,3,9,4,3,31500,1,1,0,4,3,9,4,3,31500,1,1,0,4,3,9,4,3,31500,1,1,0,2025,3,10,5390000,4590000,1,2
202601,6,,0.비상권,41171,13,0,0,0,1,0,1,11,04,1,1,없음,30,5,0,0,0,2,2,4,1,10,2,1,1,1,1,8,2,3,2,1,L,682,3,1,3,4,4,7,4,4,12700,1,1,0,4,4,7,4,4,12700,1,1,0,4,4,7,4,4,12700,1,1,0,2025,3,10,5390000,4590000,1,2
202601,6,,0.비상권,41171,22,16,0,0,1,0,1,21,03,1,1,400,100,4,0,0,0,2,2,4,1,9,2,1,1,1,1,8,2,3,1,1,S,969,2,1,2,6,4,8,6,4,21000,1,1,0,6,4,8,6,4,21000,1,1,0,6,4,8,6,4,21000,1,1,0,2024,3,10,6460000,7020000,1,1
202601,6,,0.비상권,41171,22,16,0,0,1,0,1,21,03,1,1,400,100,4,0,0,0,2,2,4,1,9,2,1,1,1,1,8,2,3,1,1,R,901,1,1,2,6,3,8,6,3,20900,1,1,0,6,3,8,6,3,20900,1,1,0,6,3,8,6,3,20900,1,1,0,2024,3,9,6460000,7020000,1,1
202601,6,,0.비상권,41171,22,16,0,0,1,0,1,21,03,1,1,400,100,4,0,0,0,2,2,4,1,9,2,1,1,1,1,8,2,3,2,1,0,999,2,1,2,4,4,8,4,4,19100,1,1,0,4,4,8,4,4,19100,1,1,0,4,4,8,4,4,19100,1,1,0,2024,3,9,6460000,7020000,1,1
202601,6,,0.비상권,41171,14,0,120,0,1,1,2,21,03,1,1,없음,30,5,0,0,0,2,2,4,1,10,2,1,1,1,1,8,2,3,-1,5,0,999,1,1,1,1,1,1,1,1,0,1,1,0,1,1,1,1,1,0,1,1,0,1,1,1,1,1,0,1,1,0,0,1,1,5620000,4670000,1,2
202601,6,,0.비상권,41171,14,0,120,0,1,1,2,21,03,1,1,없음,30,5,0,0,0,2,2,4,1,10,2,1,1,1,1,8,2,3,1,1,S,952,3,1,3,6,5,8,6,5,23500,1,1,0,6,5,8,6,5,23500,1,1,0,6,5,8,6,5,23500,1,1,0,2025,3,7,5620000,4670000,1,2
202601,6,,0.비상권,41171,14,0,120,0,1,1,2,21,03,1,1,없음,30,5,0,0,0,2,2,4,1,10,2,1,1,1,1,8,2,3,2,1,F,424,3,1,3,5,5,7,5,4,14800,1,1,0,5,5,7,5,4,14800,1,1,0,5,5,7,5,4,14800,1,1,0,2025,3,10,5620000,4670000,1,2
202601,6,,0.비상권,41173,14,0,0,0,1,1,1,21,03,1,1,없음,150,7,0,0,0,2,2,4,1,10,2,1,1,1,1,8,2,3,-1,1,I,561,1,1,1,3,3,4,3,3,5700,1,1,0,3,3,4,3,3,5700,1,1,0,3,3,4,3,3,5700,1,1,0,2022,5,8,5840000,8800000,1,1
202601,6,,0.비상권,41173,14,0,0,0,1,1,1,21,03,1,1,없음,150,7,0,0,0,2,2,4,1,10,2,1,1,1,1,8,2,3,1,1,I,561,4,1,4,6,6,7,6,6,16900,1,1,0,6,6,7,6,6,16900,1,1,0,6,6,7,6,6,16900,1,1,0,2022,5,8,5840000,8800000,1,1
202601,6,,0.비상권,41173,14,0,120,0,1,0,3,12,03,6,1,없음,10,2,0,0,0,3,2,4,1,10,2,1,1,1,1,8,3,3,1,1,G,475,4,1,4,6,6,7,6,6,18900,1,1,0,6,6,7,6,6,18900,1,1,0,6,6,7,6,6,18900,1,1,0,2023,5,9,5830000,9770000,1,1
202601,6,,0.비상권,41173,14,0,0,0,1,0,7,31,04,6,1,없음,200,4,0,1,0,2,2,4,1,10,2,1,1,1,1,8,2,3,1,1,I,561,4,1,4,6,6,8,6,6,20400,1,1,0,6,6,8,6,6,20400,1,1,0,6,6,8,6,6,20400,1,1,0,2023,5,10,7950000,13280000,1,1
202601,6,,0.비상권,41173,14,0,120,0,1,0,3,11,03,1,1,없음,50,6,0,0,0,2,1,2,1,10,1,1,1,1,1,8,2,3,1,6,0,999,1,1,2,1,1,1,6,4,32400,1,1,1,1,1,1,6,4,32400,1,1,1,1,1,1,6,4,32400,1,1,1,0,1,1,6730000,11670000,1,1
202601,6,,0.비상권,41173,14,0,120,0,1,0,3,11,03,1,1,없음,50,6,0,0,0,2,1,2,1,10,1,1,1,1,1,8,2,3,1,1,G,473,1,1,2,6,4,9,6,4,33300,1,1,0,6,4,9,6,4,33300,1,1,0,6,4,9,6,4,33300,1,1,0,2024,4,7,6730000,11670000,1,1
202601,6,,0.비상권,41173,14,0,0,0,1,0,4,32,03,6,2,없음,500,6,0,0,0,2,2,4,1,10,2,1,1,1,1,8,2,3,1,1,I,562,2,1,3,2,5,7,2,5,16500,1,1,0,2,5,7,2,5,16500,1,1,0,2,5,7,2,5,16500,1,1,0,2025,3,10,6950000,6100000,1,2
202601,6,,0.비상권,41173,14,0,0,0,1,0,4,32,03,6,2,없음,500,6,0,0,0,2,2,4,1,10,2,1,1,1,1,8,2,3,2,1,I,562,2,1,3,4,4,7,4,4,11000,1,1,0,4,4,7,4,4,11000,1,1,0,4,4,7,4,4,11000,1,1,0,2025,3,10,6950000,6100000,1,2
202601,6,,0.비상권,41173,14,0,0,0,1,1,2,21,04,1,1,없음,100,6,0,0,0,2,2,4,1,10,1,1,1,1,1,8,2,3,-1,5,0,999,1,1,1,1,1,1,1,1,0,1,1,0,1,1,1,1,1,0,1,1,0,1,1,1,1,1,0,1,1,0,0,1,1,6220000,5130000,1,1
202601,6,,0.비상권,41173,14,0,0,0,1,1,2,21,04,1,1,없음,100,6,0,0,0,2,2,4,1,10,1,1,1,1,1,8,2,3,1,1,S,969,1,1,1,4,4,7,4,4,21300,1,1,0,4,4,7,4,4,21300,1,1,0,4,4,7,4,4,21300,1,1,0,2023,5,6,6220000,5130000,1,1
202601,6,,0.비상권,41173,14,0,0,0,1,1,2,21,04,1,1,없음,100,6,0,0,0,2,2,4,1,10,1,1,1,1,1,8,2,3,1,1,L,681,1,1,1,4,4,8,4,4,22300,1,1,0,4,4,8,4,4,22300,1,1,0,4,4,8,4,4,22300,1,1,0,2023,5,10,6220000,5130000,1,1
202601,6,,0.비상권,41173,14,0,0,0,1,1,2,21,04,1,1,없음,100,6,0,0,0,2,2,4,1,10,1,1,1,1,1,8,2,3,2,2,0,999,2,1,2,1,1,1,4,3,7600,1,1,0,1,1,1,4,3,7600,1,1,0,1,1,1,4,3,7600,1,1,0,0,1,1,6220000,5130000,1,1
202601,6,,0.비상권,41173,14,0,0,0,1,1,2,11,03,1,1,없음,100,7,0,0,0,2,2,4,1,10,2,1,1,1,1,8,2,3,-1,1,S,949,3,1,3,4,3,4,4,3,4700,1,1,0,4,3,4,4,3,4700,1,1,0,4,3,4,4,3,4700,1,1,0,2023,5,10,6410000,3780000,1,1
202601,6,,0.비상권,41173,14,0,0,0,1,1,2,11,03,1,1,없음,100,7,0,0,0,2,2,4,1,10,2,1,1,1,1,8,2,3,1,1,L,681,1,1,2,4,4,8,4,4,21200,1,1,0,4,4,8,4,4,21200,1,1,0,4,4,8,4,4,21200,1,1,0,2023,5,10,6410000,3780000,1,1
202601,6,,0.비상권,41173,14,0,0,0,1,1,2,11,03,1,1,없음,100,7,0,0,0,2,2,4,1,10,2,1,1,1,1,8,2,3,1,1,S,961,1,1,2,4,4,8,4,4,21200,1,1,0,4,4,8,4,4,21200,1,1,0,4,4,8,4,4,21200,1,1,0,2023,5,10,6410000,3780000,1,1
202601,6,,0.비상권,41173,14,0,0,0,1,1,2,11,03,1,1,없음,100,7,0,0,0,2,2,4,1,10,2,1,1,1,1,8,2,3,1,1,S,969,1,1,2,4,4,8,4,4,20900,1,1,0,4,4,8,4,4,20900,1,1,0,4,4,8,4,4,20900,1,1,0,2023,5,5,6410000,3780000,1,1
202601,6,,0.비상권,41173,14,0,0,0,1,1,2,11,03,1,1,없음,100,7,0,0,0,2,2,4,1,10,2,1,1,1,1,8,2,3,2,2,0,999,3,1,3,1,1,1,6,3,7500,1,1,0,1,1,1,6,3,7500,1,1,0,1,1,1,6,3,7500,1,1,0,0,1,1,6410000,3780000,1,1
202601,6,,0.비상권,41173,14,0,120,0,1,0,5,21,03,6,2,없음,50,1,0,0,0,1,2,3,1,9,2,1,1,1,1,8,1,3,1,1,S,952,2,1,2,6,5,8,6,5,29100,1,1,0,6,5,8,6,5,29100,1,1,0,6,5,8,6,5,29000,1,1,0,2026,3,9,10060000,8550000,1,2
202601,6,,0.비상권,41173,14,0,120,0,1,0,5,21,03,6,2,없음,50,1,0,0,0,1,2,3,1,9,2,1,1,1,1,8,1,3,2,1,S,952,2,1,2,4,4,7,4,4,15200,1,1,0,4,4,7,4,4,15200,1,1,0,4,4,7,4,4,15200,1,1,0,2026,3,9,10060000,8550000,1,2
202601,6,,인덕원,41173,14,0,0,0,1,1,2,11,03,1,1,없음,196,7,0,0,0,2,2,4,1,10,2,1,1,1,1,8,2,3,-1,5,0,999,1,1,1,1,1,1,1,1,0,1,1,0,1,1,1,1,1,0,1,1,0,1,1,1,1,1,0,1,1,0,0,1,1,10790000,8080000,1,1
202601,6,,인덕원,41173,14,0,0,0,1,1,2,11,03,1,1,없음,196,7,0,0,0,2,2,4,1,10,2,1,1,1,1,8,2,3,1,1,I,562,2,1,2,5,4,8,6,4,29500,1,1,0,5,4,8,6,4,29500,1,1,0,5,4,8,6,4,29500,1,1,0,2024,3,7,10790000,8080000,1,1
202601,6,,인덕원,41173,14,0,0,0,1,1,2,11,03,1,1,없음,196,7,0,0,0,2,2,4,1,10,2,1,1,1,1,8,2,3,1,1,I,562,1,1,1,4,4,8,4,4,32500,1,1,0,4,4,8,4,4,32500,1,1,0,4,4,8,4,4,32500,1,1,0,2025,3,9,10790000,8080000,1,1
202601,6,,인덕원,41173,14,0,0,0,1,1,2,11,03,1,1,없음,196,7,0,0,0,2,2,4,1,10,2,1,1,1,1,8,2,3,2,1,0,999,3,1,3,4,4,6,5,4,10000,1,1,0,4,4,6,5,4,10000,1,1,0,4,4,6,5,4,10000,1,1,0,2025,3,9,10790000,8080000,1,1
202601,6,,인덕원,41173,14,0,0,0,1,0,1,11,03,1,1,없음,213,6,0,0,0,2,2,4,1,9,1,1,1,1,1,8,2,3,1,1,I,561,1,1,1,1,1,1,5,4,30600,1,1,1,1,1,1,5,4,30600,1,1,1,5,4,8,5,4,30600,1,1,0,2026,3,10,9430000,7550000,1,2
202601,6,,인덕원,41173,14,0,0,0,1,0,1,11,03,1,1,없음,213,6,0,0,0,2,2,4,1,9,1,1,1,1,1,8,2,3,1,1,G,462,1,1,1,5,4,8,5,4,30600,1,1,0,5,4,8,5,4,30600,1,1,0,5,4,8,5,4,30600,1,1,0,2024,3,5,9430000,7550000,1,2
202601,6,,인덕원,41173,14,0,0,0,1,0,1,11,03,1,1,없음,213,6,0,0,0,2,2,4,1,9,1,1,1,1,1,8,2,3,1,1,G,478,1,1,1,1,1,1,5,4,30600,1,1,1,5,4,8,5,4,30600,1,1,0,5,4,8,5,4,30600,1,1,0,2026,3,10,9430000,7550000,1,2
202601,6,,인덕원,41173,14,0,0,0,1,0,1,11,03,1,1,없음,213,6,0,0,0,2,2,4,1,9,1,1,1,1,1,8,2,3,2,2,0,999,3,1,3,1,1,1,6,4,12900,1,1,0,1,1,1,6,4,12900,1,1,0,1,1,1,6,4,12900,1,1,0,0,1,1,9430000,7550000,1,2
202601,6,,인덕원,41173,14,0,0,0,1,0,3,19,04,1,1,없음,266,6,0,0,0,2,1,3,1,10,1,1,1,1,1,8,2,3,1,1,I,561,3,1,3,6,6,9,6,6,34300,1,1,0,6,6,9,6,6,34300,1,1,0,6,6,9,6,6,34300,1,1,0,2025,3,10,9900000,20420000,1,3
202601,6,,인덕원,41173,16,0,0,0,1,0,6,21,04,5,1,70,70,6,0,1,0,2,1,3,1,10,1,1,1,1,1,8,2,3,1,1,I,561,2,1,2,5,5,8,5,5,30500,1,1,0,5,5,8,5,5,30500,1,1,0,5,5,8,5,5,30500,1,1,0,2023,4,7,9680000,13240000,1,1
202601,6,,인덕원,41173,16,0,0,0,1,0,6,21,04,5,1,70,70,6,0,1,0,2,1,3,1,10,1,1,1,1,1,8,2,3,2,6,0,999,2,1,2,1,1,1,5,4,14200,1,1,1,1,1,1,5,4,14200,1,1,1,1,1,1,5,4,14200,1,1,1,0,1,1,9680000,13240000,1,1
202601,6,,0.비상권,41173,16,0,120,0,1,1,1,11,03,1,1,없음,300,1,0,0,0,2,2,4,1,9,1,1,1,1,1,8,2,3,-1,6,0,999,1,1,1,1,1,1,4,3,13200,1,1,1,1,1,1,4,3,13200,1,1,1,1,1,1,4,3,13200,1,1,1,0,1,1,6600000,7100000,1,1
202601,6,,0.비상권,41173,16,0,120,0,1,1,1,11,03,1,1,없음,300,1,0,0,0,2,2,4,1,9,1,1,1,1,1,8,2,3,1,1,I,561,2,1,2,6,5,9,6,5,44400,1,1,0,6,5,9,6,5,44400,1,1,0,6,5,9,6,5,44400,1,1,0,2025,3,10,6600000,7100000,1,1
202601,6,,0.비상권,41173,16,0,120,0,1,1,1,11,03,1,1,없음,300,1,0,0,0,2,2,4,1,9,1,1,1,1,1,8,2,3,1,1,M,713,2,1,2,6,5,9,6,5,31100,1,1,0,6,5,9,6,5,31100,1,1,0,6,5,9,6,5,31200,1,1,0,2025,3,5,6600000,7100000,1,1
202601,6,,0.비상권,41173,16,0,120,0,1,1,1,11,03,1,1,없음,300,1,0,0,0,2,2,4,1,9,1,1,1,1,1,8,2,3,2,2,0,999,2,1,2,1,1,1,3,4,16700,1,1,0,1,1,1,3,4,16700,1,1,0,1,1,1,3,4,16700,1,1,0,0,1,1,6600000,7100000,1,1
202601,6,,부천역,41192,22,0,300,0,1,1,1,11,04,7,2,780,500,4,0,0,0,2,2,4,1,10,1,1,2,1,1,8,2,3,-1,5,0,999,1,1,1,1,1,1,1,1,0,1,1,0,1,1,1,1,1,0,1,1,0,1,1,1,1,1,0,1,1,0,0,1,1,7340000,5240000,1,1
202601,6,,부천역,41192,22,0,300,0,1,1,1,11,04,7,2,780,500,4,0,0,0,2,2,4,1,10,1,1,2,1,1,8,2,3,1,1,S,961,1,1,1,4,4,8,4,4,26800,1,1,0,4,4,8,4,4,26800,1,1,0,4,4,8,4,4,26800,1,1,0,2024,3,10,7340000,5240000,1,1
202601,6,,부천역,41192,22,0,300,0,1,1,1,11,04,7,2,780,500,4,0,0,0,2,2,4,1,10,1,1,2,1,1,8,2,3,1,6,0,999,1,1,1,1,1,1,3,3,41500,1,1,1,1,1,1,3,3,41500,1,1,1,1,1,1,3,3,41500,1,1,1,0,1,1,7340000,5240000,1,1
202601,6,,부천역,41192,22,0,300,0,1,1,1,11,04,7,2,780,500,4,0,0,0,2,2,4,1,10,1,1,2,1,1,8,2,3,1,1,S,961,1,1,1,4,3,8,4,3,31700,1,1,0,4,3,8,4,3,31700,1,1,0,4,3,8,4,3,31700,1,1,0,2025,3,6,7340000,5240000,1,1
202601,6,,부천역,41192,22,0,300,0,1,1,1,11,04,7,2,780,500,4,0,0,0,2,2,4,1,10,1,1,2,1,1,8,2,3,1,1,I,562,2,1,2,5,5,9,5,5,33200,1,1,0,5,5,9,5,5,33200,1,1,0,5,5,9,5,5,33200,1,1,0,2021,5,9,7340000,5240000,1,1
202601,6,,부천역,41192,22,0,300,0,1,1,1,11,04,7,2,780,500,4,0,0,0,2,2,4,1,10,1,1,2,1,1,8,2,3,2,2,0,999,3,1,3,1,1,1,5,4,8800,1,1,0,1,1,1,5,4,8800,1,1,0,1,1,1,5,4,8800,1,1,0,0,1,1,7340000,5240000,1,1
202601,6,,부천역,41192,22,0,300,0,1,1,1,21,03,8,1,310,210,6,0,0,0,2,2,4,1,10,2,1,1,1,1,8,2,3,-1,5,0,999,1,1,1,1,1,1,1,1,0,1,1,0,1,1,1,1,1,0,1,1,0,1,1,1,1,1,0,1,1,0,0,1,1,7660000,9230000,1,1
202601,6,,부천역,41192,22,0,300,0,1,1,1,21,03,8,1,310,210,6,0,0,0,2,2,4,1,10,2,1,1,1,1,8,2,3,1,1,I,561,4,1,4,5,5,7,5,5,11700,1,1,0,5,5,7,5,5,11700,1,1,0,5,5,7,5,5,11700,1,1,0,2025,3,10,7660000,9230000,1,1
202601,6,,부천역,41192,16,0,300,0,1,1,1,11,03,6,2,620,250,5,0,0,0,2,2,4,1,10,2,1,1,1,1,8,2,3,-1,5,0,999,1,1,1,1,1,1,1,1,0,1,1,0,1,1,1,1,1,0,1,1,0,1,1,1,1,1,0,1,1,0,0,1,1,6340000,4940000,1,1
202601,6,,부천역,41192,16,0,300,0,1,1,1,11,03,6,2,620,250,5,0,0,0,2,2,4,1,10,2,1,1,1,1,8,2,3,1,1,M,733,1,1,1,4,4,7,4,4,20600,1,1,0,4,4,7,4,4,20600,1,1,0,4,4,7,4,4,20600,1,1,0,2025,4,10,6340000,4940000,1,1
202601,6,,부천역,41192,16,0,300,0,1,1,1,11,03,6,2,620,250,5,0,0,0,2,2,4,1,10,2,1,1,1,1,8,2,3,1,1,G,472,2,1,2,4,4,8,4,4,22400,1,1,0,4,4,8,4,4,22400,1,1,0,4,4,8,4,4,22400,1,1,0,2021,5,10,6340000,4940000,1,1
202601,6,,부천역,41192,16,0,300,0,1,1,1,11,03,6,2,620,250,5,0,0,0,2,2,4,1,10,2,1,1,1,1,8,2,3,2,1,0,999,3,1,3,4,4,7,4,4,11500,1,1,0,4,4,7,4,4,11500,1,1,0,4,4,7,4,4,11500,1,1,0,2025,3,10,6340000,4940000,1,1
202601,6,,부천역,41192,16,0,300,0,1,0,1,11,04,6,1,620,200,5,0,0,0,2,2,4,1,10,1,1,1,1,1,8,2,3,1,1,I,562,3,1,3,5,5,7,5,5,20300,1,1,0,5,5,7,5,5,20300,1,1,0,5,5,7,5,5,20300,1,1,0,2024,3,10,5840000,6650000,1,1
202601,6,,부천역,41192,16,0,300,0,1,0,1,11,04,6,1,620,200,5,0,0,0,2,2,4,1,10,1,1,1,1,1,8,2,3,2,2,0,999,2,1,2,1,1,1,5,4,15000,1,1,0,1,1,1,5,4,15000,1,1,0,1,1,1,5,4,15000,1,1,0,0,1,1,5840000,6650000,1,1
202601,6,,부천역,41192,16,0,300,0,1,1,2,11,03,6,2,600,180,4,0,0,0,2,2,4,1,10,1,1,1,1,1,8,2,3,-1,6,0,999,1,1,1,1,1,1,3,3,14000,1,1,1,1,1,1,3,3,14000,1,1,1,1,1,1,3,3,14000,1,1,1,0,1,1,5810000,4500000,1,1
202601,6,,부천역,41192,16,0,300,0,1,1,2,11,03,6,2,600,180,4,0,0,0,2,2,4,1,10,1,1,1,1,1,8,2,3,1,1,I,562,2,1,3,5,5,8,5,5,24200,1,1,0,5,5,8,5,5,24200,1,1,0,5,5,8,5,5,24200,1,1,0,2021,5,10,5810000,4500000,1,1
202601,6,,부천역,41192,16,0,300,0,1,1,2,11,03,6,2,600,180,4,0,0,0,2,2,4,1,10,1,1,1,1,1,8,2,3,2,2,0,999,2,1,3,1,1,1,5,4,13000,1,1,0,1,1,1,5,4,13000,1,1,0,1,1,1,5,4,13000,1,1,0,0,1,1,5810000,4500000,1,1
202601,6,,부천역,41192,22,0,120,300,1,0,1,11,03,8,1,150,100,1,0,0,0,1,1,2,1,9,1,1,1,1,1,8,1,3,1,6,0,999,1,1,2,1,1,1,6,6,94800,1,1,1,1,1,1,6,6,94800,1,1,1,1,1,1,6,6,94800,1,1,1,0,1,1,14130000,17830000,1,3
202601,6,,부천역,41192,22,0,120,300,1,0,1,11,03,8,1,150,100,1,0,0,0,1,1,2,1,9,1,1,1,1,1,8,1,3,1,1,G,473,1,1,2,6,6,12,6,6,94500,1,1,0,6,6,12,6,6,94500,1,1,0,6,6,12,6,6,94500,1,1,0,2025,3,9,14130000,17830000,1,3
202601,6,,부천역,41192,16,0,300,0,1,0,1,11,04,7,2,390,120,8,0,0,0,2,2,4,1,10,2,1,1,1,1,8,2,3,1,1,I,562,4,1,4,6,6,8,6,6,22400,1,1,0,6,6,8,6,6,22400,1,1,0,6,6,8,6,6,22400,1,1,0,2024,3,10,5820000,4400000,1,1
202601,6,,부천역,41192,16,0,300,0,1,0,1,11,04,7,2,390,120,8,0,0,0,2,2,4,1,10,2,1,1,1,1,8,2,3,2,1,I,562,3,1,4,5,5,7,6,5,15300,1,1,0,5,5,7,6,5,15300,1,1,0,5,5,7,6,5,15300,1,1,0,2024,3,10,5820000,4400000,1,1
202601,6,,부천역,41192,22,0,120,300,1,0,1,11,04,8,1,350,150,6,0,0,0,2,1,3,1,10,1,1,1,1,1,8,2,3,1,1,I,562,2,1,2,6,5,9,6,5,31600,1,1,0,6,5,9,6,5,31600,1,1,0,6,5,9,6,5,31600,1,1,0,2026,3,10,7450000,9350000,1,3
202601,6,,부천역,41192,22,0,120,300,1,0,1,11,04,8,1,350,150,6,0,0,0,2,1,3,1,10,1,1,1,1,1,8,2,3,1,1,I,561,2,1,2,6,5,9,6,5,31400,1,1,0,6,5,9,6,5,31400,1,1,0,6,5,9,6,5,31400,1,1,0,2025,4,9,7450000,9350000,1,3
202601,6,,부천역,41192,22,0,120,300,1,0,1,21,03,10,1,560,260,2,0,0,0,2,2,4,1,10,1,1,1,1,1,8,2,3,1,1,G,471,3,1,3,5,5,9,5,5,30000,1,1,0,5,5,9,5,5,30000,1,1,0,5,5,9,5,5,30000,1,1,0,2025,5,9,6760000,7260000,1,1
202601,6,,부천역,41192,22,0,120,300,1,0,1,21,03,10,1,560,260,2,0,0,0,2,2,4,1,10,1,1,1,1,1,8,2,3,1,6,0,999,2,1,2,1,1,1,4,4,22100,1,1,1,1,1,1,4,4,22100,1,1,1,1,1,1,4,4,22100,1,1,1,0,1,1,6760000,7260000,1,1
202601,6,,부천역,41192,22,0,120,300,1,0,1,21,03,10,1,560,260,2,0,0,0,2,2,4,1,10,1,1,1,1,1,8,2,3,1,1,S,961,1,1,1,4,4,8,4,4,26400,1,1,0,4,4,8,4,4,26400,1,1,0,4,4,8,4,4,26400,1,1,0,2021,5,9,6760000,7260000,1,1
202601,6,,부천역,41192,14,0,0,0,1,0,5,32,04,4,1,없음,10,5,0,0,0,2,1,3,1,10,1,1,1,1,1,8,2,3,1,1,S,952,2,1,3,6,5,9,6,5,32600,1,1,0,6,5,9,6,5,32600,1,1,0,6,5,9,6,5,32600,1,1,0,2025,4,6,4380000,9180000,1,1
202601,6,,부천역,41192,14,0,0,0,1,0,5,32,04,4,1,없음,10,5,0,0,0,2,1,3,1,10,1,1,1,1,1,8,2,3,2,2,S,952,1,1,1,1,1,1,3,3,16500,1,1,0,1,1,1,3,3,16500,1,1,0,1,1,1,3,3,16500,1,1,0,0,1,1,4380000,9180000,1,1
202601,6,,0.비상권,41192,15,0,0,0,1,0,1,11,03,6,1,90,120,8,0,0,0,2,2,4,1,10,1,1,2,1,1,8,2,3,1,2,F,424,2,1,2,1,1,1,3,3,12000,1,1,0,1,1,1,3,3,12000,1,1,0,1,1,1,3,3,12000,1,1,0,0,1,1,4390000,4650000,1,2
202601,6,,0.비상권,41192,15,0,0,0,1,0,1,11,03,6,1,90,120,8,0,0,0,2,2,4,1,10,1,1,2,1,1,8,2,3,1,1,S,961,2,1,2,3,3,7,3,3,11100,1,1,0,3,3,7,3,3,11100,1,1,0,3,3,7,3,3,11100,1,1,0,2025,3,10,4390000,4650000,1,2
202601,6,,0.비상권,41192,15,0,0,0,1,0,1,11,03,6,1,90,120,8,0,0,0,2,2,4,1,10,1,1,2,1,1,8,2,3,2,2,0,999,2,1,2,1,1,1,5,3,9100,1,1,0,1,1,1,5,3,9100,1,1,0,1,1,1,5,3,9100,1,1,0,0,1,1,4390000,4650000,1,2
202601,6,,0.비상권,41192,14,0,0,0,1,1,2,11,04,4,1,420,30,4,0,0,0,2,2,4,1,10,1,1,1,1,1,8,2,3,-1,6,0,999,1,1,1,1,1,1,2,2,4700,1,1,1,1,1,1,2,2,4700,1,1,1,1,1,1,2,2,4700,1,1,1,0,1,1,5250000,6060000,1,1
202601,6,,0.비상권,41192,14,0,0,0,1,1,2,11,04,4,1,420,30,4,0,0,0,2,2,4,1,10,1,1,1,1,1,8,2,3,1,1,S,952,2,1,2,6,3,7,6,4,10900,1,1,0,6,3,7,6,4,10900,1,1,0,6,3,7,6,4,10900,1,1,0,2025,3,10,5250000,6060000,1,1
202601,6,,0.비상권,41192,14,0,0,0,1,1,2,11,04,4,1,420,30,4,0,0,0,2,2,4,1,10,1,1,1,1,1,8,2,3,2,2,0,999,2,1,2,1,1,1,4,3,5700,1,1,0,1,1,1,4,3,5700,1,1,0,1,1,1,4,3,5700,1,1,0,0,1,1,5250000,6060000,1,1
202601,6,,0.비상권,41192,14,0,0,0,1,1,1,11,03,6,1,780,60,4,0,0,0,3,2,4,2,9,1,1,2,1,1,8,3,3,-1,6,0,999,1,1,1,1,1,1,2,2,3400,1,1,1,1,1,1,2,2,3400,1,1,1,1,1,1,2,2,3400,1,1,1,0,1,1,4870000,5090000,1,1
202601,6,,0.비상권,41192,14,0,0,0,1,1,1,11,03,6,1,780,60,4,0,0,0,3,2,4,2,9,1,1,2,1,1,8,3,3,1,2,F,411,3,1,3,1,1,1,5,4,13700,1,1,0,1,1,1,5,4,13700,1,1,0,1,1,1,5,4,13700,1,1,0,0,1,1,4870000,5090000,1,1
202601,6,,0.비상권,41192,14,0,0,0,1,1,1,11,03,6,1,780,60,4,0,0,0,3,2,4,2,9,1,1,2,1,1,8,3,3,1,1,G,472,2,1,2,4,4,7,4,4,13400,1,1,0,4,4,7,4,4,13400,1,1,0,4,4,7,4,4,13400,1,1,0,2026,3,9,4870000,5090000,1,1
202601,6,,0.비상권,41192,14,0,0,0,1,1,1,11,03,6,1,780,60,4,0,0,0,3,2,4,2,9,1,1,2,1,1,8,3,3,1,1,G,472,1,1,2,4,3,7,4,3,13700,1,1,0,4,3,7,4,3,13700,1,1,0,4,3,7,4,3,13700,1,1,0,2024,3,6,4870000,5090000,1,1
202601,6,,0.비상권,41192,14,0,0,0,1,1,1,11,03,6,1,780,60,4,0,0,0,3,2,4,2,9,1,1,2,1,1,8,3,3,2,2,0,999,4,1,4,1,1,1,6,4,7100,1,1,0,1,1,1,6,4,7100,1,1,0,1,1,1,6,4,7100,1,1,0,0,1,1,4870000,5090000,1,1
202601,6,,0.비상권,41192,14,0,0,0,1,1,1,11,03,1,1,없음,230,6,0,0,0,2,2,4,1,10,1,1,1,1,1,8,2,3,-1,1,G,471,1,1,1,3,1,2,3,1,900,1,1,0,3,1,2,3,1,900,1,1,0,3,1,2,3,1,900,1,1,0,2022,5,9,4410000,3500000,1,1
202601,6,,0.비상권,41192,14,0,0,0,1,1,1,11,03,1,1,없음,230,6,0,0,0,2,2,4,1,10,1,1,1,1,1,8,2,3,1,1,G,471,2,1,2,5,3,7,5,3,9900,1,1,0,5,3,7,5,3,9900,1,1,0,5,3,7,5,3,9900,1,1,0,2024,5,9,4410000,3500000,1,1
202601,6,,0.비상권,41192,14,0,0,0,1,1,1,11,03,1,1,없음,230,6,0,0,0,2,2,4,1,10,1,1,1,1,1,8,2,3,2,2,0,999,2,1,2,1,1,1,6,3,7900,1,1,0,1,1,1,6,3,7900,1,1,0,1,1,1,6,3,7900,1,1,0,0,1,1,4410000,3500000,1,1
202601,6,,0.비상권,41192,14,0,0,0,1,1,1,11,03,6,2,없음,70,6,0,0,0,2,2,4,1,10,2,1,1,1,1,8,2,3,-1,1,H,521,2,1,2,3,2,3,3,2,2800,1,1,0,3,2,3,3,2,2800,1,1,0,3,2,3,3,2,2800,1,1,0,2025,3,8,3820000,2860000,1,3
202601,6,,0.비상권,41192,14,0,0,0,1,1,1,11,03,6,2,없음,70,6,0,0,0,2,2,4,1,10,2,1,1,1,1,8,2,3,1,1,I,561,1,1,1,4,3,7,4,3,13400,1,1,0,3,3,7,4,3,13100,1,1,0,3,3,7,4,3,13100,1,1,0,2026,3,10,3820000,2860000,1,3
202601,6,,0.비상권,41192,14,0,0,0,1,1,1,11,03,6,2,없음,70,6,0,0,0,2,2,4,1,10,2,1,1,1,1,8,2,3,1,1,I,561,1,1,1,4,3,7,4,3,12800,1,1,0,3,3,7,4,3,12800,1,1,0,3,3,7,4,3,12800,1,1,0,2026,3,10,3820000,2860000,1,3
202601,6,,0.비상권,41192,14,0,0,0,1,1,1,11,03,6,2,없음,70,6,0,0,0,2,2,4,1,10,2,1,1,1,1,8,2,3,2,2,0,999,2,1,2,1,1,1,6,3,6200,1,1,0,1,1,1,6,3,6200,1,1,0,1,1,1,6,3,6200,1,1,0,0,1,1,3820000,2860000,1,3
202601,6,,부천역,41194,22,0,300,0,1,1,2,21,03,6,1,380,110,6,0,0,0,2,2,4,1,10,2,1,2,1,1,8,2,3,-1,5,0,999,1,1,1,1,1,1,1,1,0,1,1,0,1,1,1,1,1,0,1,1,0,1,1,1,1,1,0,1,1,0,0,1,1,9850000,10420000,1,3
202601,6,,부천역,41194,22,0,300,0,1,1,2,21,03,6,1,380,110,6,0,0,0,2,2,4,1,10,2,1,2,1,1,8,2,3,1,1,G,474,1,1,1,5,4,9,5,4,32700,1,1,0,5,4,9,5,4,32700,1,1,0,5,4,9,5,4,32700,1,1,0,2024,3,8,9850000,10420000,1,3
202601,6,,부천역,41194,22,0,300,0,1,1,2,21,03,6,1,380,110,6,0,0,0,2,2,4,1,10,2,1,2,1,1,8,2,3,1,1,I,561,1,1,1,5,4,9,5,4,35900,1,1,0,5,4,9,5,4,35900,1,1,0,5,4,9,5,4,35900,1,1,0,2025,3,10,9850000,10420000,1,3
202601,6,,부천역,41194,22,0,300,0,1,1,2,21,03,6,1,380,110,6,0,0,0,2,2,4,1,10,2,1,2,1,1,8,2,3,1,1,I,561,1,1,1,5,4,9,5,4,32700,1,1,0,5,4,9,5,4,32700,1,1,0,5,4,9,5,4,32700,1,1,0,2024,3,10,9850000,10420000,1,3
202601,6,,부천역,41194,22,0,300,0,1,1,2,21,03,6,1,380,110,6,0,0,0,2,2,4,1,10,2,1,2,1,1,8,2,3,1,1,G,472,2,1,2,5,4,9,5,5,32600,1,1,0,5,4,9,5,5,32600,1,1,0,5,4,9,5,5,32600,1,1,0,2025,3,7,9850000,10420000,1,3
202601,6,,부천역,41194,22,0,300,0,1,1,2,21,03,6,1,380,110,6,0,0,0,2,2,4,1,10,2,1,2,1,1,8,2,3,1,1,G,472,1,1,1,6,4,9,6,4,34400,1,1,0,6,4,9,6,4,34400,1,1,0,6,4,9,6,4,34400,1,1,0,2024,3,10,9850000,10420000,1,3
202601,6,,부천역,41194,22,0,300,0,1,1,2,21,03,6,1,380,110,6,0,0,0,2,2,4,1,10,2,1,2,1,1,8,2,3,2,2,0,999,3,1,3,1,1,1,3,3,3500,1,1,0,1,1,1,3,3,3500,1,1,0,1,1,1,3,3,3500,1,1,0,0,1,1,9850000,10420000,1,3
202601,6,,부천역,41194,14,0,0,0,1,0,2,11,04,6,1,800,90,5,0,1,0,2,2,4,1,9,2,1,1,1,1,8,2,3,1,1,I,561,3,1,3,6,5,8,6,5,27500,1,1,0,6,5,8,6,5,27500,1,1,0,6,5,8,6,5,27500,1,1,0,2025,2,9,4910000,8990000,1,3
202601,6,,부천역,41194,14,0,0,0,1,0,2,11,04,6,1,800,90,5,0,1,0,2,2,4,1,9,2,1,1,1,1,8,2,3,1,1,F,424,1,1,1,1,1,1,5,4,30100,1,1,1,4,4,9,5,4,30100,1,1,0,4,4,9,5,4,30100,1,1,0,2026,3,10,4910000,8990000,1,3
202601,6,,부천역,41194,14,0,0,0,1,0,2,11,04,6,1,800,90,5,0,1,0,2,2,4,1,9,2,1,1,1,1,8,2,3,1,1,I,562,1,1,1,4,4,8,4,4,27000,1,1,0,4,4,8,4,4,27000,1,1,0,4,4,8,4,4,27000,1,1,0,2025,2,8,4910000,8990000,1,3
202601,6,,부천역,41194,14,0,0,0,1,1,2,11,04,3,1,없음,200,5,0,0,0,3,2,4,1,10,2,1,1,1,1,8,3,3,-1,5,0,999,1,1,1,1,1,1,1,1,0,1,1,0,1,1,1,1,1,0,1,1,0,1,1,1,1,1,0,1,1,0,0,1,1,4840000,15280000,1,1
202601,6,,부천역,41194,14,0,0,0,1,1,2,11,04,3,1,없음,200,5,0,0,0,3,2,4,1,10,2,1,1,1,1,8,3,3,1,1,L,682,1,1,1,3,4,9,3,4,28300,1,1,0,3,4,9,3,4,28300,1,1,0,3,4,9,3,4,28300,1,1,0,2024,4,7,4840000,15280000,1,1
202601,6,,부천역,41194,14,0,0,0,1,1,2,11,04,3,1,없음,200,5,0,0,0,3,2,4,1,10,2,1,1,1,1,8,3,3,1,1,I,562,1,1,1,3,4,9,3,4,27600,1,1,0,3,4,9,3,4,27600,1,1,0,3,4,9,3,4,27600,1,1,0,2025,3,10,4840000,15280000,1,1
202601,6,,부천역,41194,14,0,0,0,1,1,2,11,04,3,1,없음,200,5,0,0,0,3,2,4,1,10,2,1,1,1,1,8,3,3,1,1,M,713,1,1,1,3,4,9,3,4,27600,1,1,0,3,4,9,3,4,27600,1,1,0,3,4,9,3,4,27600,1,1,0,2023,5,8,4840000,15280000,1,1
202601,6,,부천역,41194,14,0,0,0,1,1,2,11,04,3,1,없음,200,5,0,0,0,3,2,4,1,10,2,1,1,1,1,8,3,3,1,1,I,562,1,1,1,3,4,9,3,4,27600,1,1,0,3,4,9,3,4,27600,1,1,0,3,4,9,3,4,27600,1,1,0,2025,4,10,4840000,15280000,1,1
202601,6,,부천역,41194,14,0,0,0,1,1,2,11,04,3,1,없음,200,5,0,0,0,3,2,4,1,10,2,1,1,1,1,8,3,3,1,1,I,562,1,1,1,3,4,9,3,4,27600,1,1,0,3,4,9,3,4,27600,1,1,0,3,4,9,3,4,27600,1,1,0,2025,3,10,4840000,15280000,1,1
202601,6,,0.비상권,41194,14,0,0,0,1,1,1,21,03,7,2,500,270,6,0,0,0,2,2,4,1,9,2,1,1,1,1,8,2,3,-1,6,0,999,1,1,1,1,1,1,2,2,3800,1,1,1,1,1,1,2,2,3800,1,1,1,1,1,1,2,2,3800,1,1,1,0,1,1,4950000,3780000,1,1
202601,6,,0.비상권,41194,14,0,0,0,1,1,1,21,03,7,2,500,270,6,0,0,0,2,2,4,1,9,2,1,1,1,1,8,2,3,1,1,G,478,2,1,2,4,4,7,4,4,14400,1,1,0,4,4,7,4,4,14400,1,1,0,4,4,7,4,4,14400,1,1,0,2025,3,10,4950000,3780000,1,1
202601,6,,0.비상권,41194,14,0,0,0,1,1,1,21,03,7,2,500,270,6,0,0,0,2,2,4,1,9,2,1,1,1,1,8,2,3,1,1,I,561,2,1,2,4,4,7,4,4,14200,1,1,0,4,4,7,4,4,14200,1,1,0,4,4,7,4,4,14200,1,1,0,2025,3,10,4950000,3780000,1,1
202601,6,,0.비상권,41194,14,0,0,0,1,1,1,21,03,7,2,500,270,6,0,0,0,2,2,4,1,9,2,1,1,1,1,8,2,3,2,1,0,999,3,1,3,4,4,5,6,3,6700,1,1,0,4,4,5,6,3,6700,1,1,0,4,4,5,6,3,6700,1,1,0,2026,3,10,4950000,3780000,1,1
202601,6,,부천역,41194,14,0,0,0,1,0,1,21,04,6,2,200,100,6,0,0,0,2,2,4,1,9,2,1,1,1,1,8,2,3,1,1,I,561,3,1,3,7,5,8,7,5,29400,1,1,0,7,5,8,7,5,29400,1,1,0,7,5,8,7,5,29400,1,1,0,2024,3,7,5610000,5050000,1,1
202601,6,,부천역,41194,14,0,0,0,1,0,1,21,04,6,2,200,100,6,0,0,0,2,2,4,1,9,2,1,1,1,1,8,2,3,2,1,I,562,3,1,3,5,4,6,4,4,8500,1,1,0,5,4,6,4,4,8500,1,1,0,5,4,6,4,4,8500,1,1,0,2026,3,10,5610000,5050000,1,1
202601,6,,부천역,41194,14,0,0,0,1,0,1,11,04,6,1,220,120,6,0,0,0,1,1,2,1,10,1,1,1,1,1,8,1,3,1,1,I,561,2,1,2,6,5,8,6,5,27800,2,1,0,6,5,8,6,5,27800,2,1,0,6,5,8,6,5,27800,2,1,0,2024,3,10,5350000,9200000,1,2
202601,6,,부천역,41194,14,0,0,0,1,0,1,11,04,10,1,200,10,4,0,0,0,1,1,2,1,10,1,1,1,1,1,8,1,3,1,1,S,961,1,1,1,3,3,9,3,3,29400,1,1,0,3,3,9,3,3,29400,1,1,0,3,3,9,3,3,29400,1,1,0,2025,3,10,6260000,6470000,1,3
202601,6,,부천역,41194,14,0,0,0,1,0,1,11,04,10,1,200,10,4,0,0,0,1,1,2,1,10,1,1,1,1,1,8,1,3,1,1,L,682,1,1,1,3,3,9,3,3,29400,1,1,0,3,3,9,3,3,29400,1,1,0,3,3,9,3,3,29400,1,1,0,2024,3,9,6260000,6470000,1,3
202601,6,,부천역,41194,14,0,0,0,1,0,1,11,04,10,1,200,10,4,0,0,0,1,1,2,1,10,1,1,1,1,1,8,1,3,1,1,L,682,1,1,1,3,3,9,3,3,29400,1,1,0,3,3,9,3,3,29400,1,1,0,3,3,9,3,3,29400,1,1,0,2025,3,10,6260000,6470000,1,3
202601,6,,부천역,41194,22,0,300,0,1,0,3,32,04,7,2,200,20,8,0,0,0,1,1,3,1,10,1,1,1,1,1,8,1,3,1,1,G,478,1,1,1,3,3,7,3,3,17100,1,1,0,3,3,7,3,3,17100,1,1,0,3,3,7,3,3,17100,1,1,0,2024,3,8,4620000,4220000,1,2
202601,6,,부천역,41194,22,0,300,0,1,0,3,32,04,7,2,200,20,8,0,0,0,1,1,3,1,10,1,1,1,1,1,8,1,3,1,1,G,478,1,1,1,3,3,7,3,3,17200,1,1,0,3,3,7,3,3,17200,1,1,0,3,3,7,3,3,17200,1,1,0,2025,3,10,4620000,4220000,1,2
202601,6,,부천역,41194,22,0,300,0,1,0,3,32,04,7,2,200,20,8,0,0,0,1,1,3,1,10,1,1,1,1,1,8,1,3,2,1,S,969,1,1,2,4,3,7,4,3,13600,1,1,0,4,3,7,4,3,13600,1,1,0,4,3,7,4,3,13600,1,1,0,2025,3,10,4620000,4220000,1,2
202601,6,,부천역,41192,22,0,300,0,1,0,1,21,03,7,2,500,100,6,0,0,0,1,1,3,1,10,1,1,1,1,1,8,1,3,1,1,I,561,2,1,2,5,5,9,5,5,41200,1,1,0,5,5,9,5,5,41200,1,1,0,5,5,9,5,5,41200,1,1,0,2024,3,10,9220000,7110000,1,1
202601,6,,부천역,41192,22,0,300,0,1,0,1,21,03,7,2,500,100,6,0,0,0,1,1,3,1,10,1,1,1,1,1,8,1,3,2,1,I,562,2,1,2,5,5,9,5,5,29000,1,1,0,5,5,9,5,5,29000,1,1,0,5,5,9,5,5,29000,1,1,0,2024,3,10,9220000,7110000,1,1
202601,6,,부천역,41192,16,0,300,0,1,0,4,32,04,6,1,620,300,5,0,1,0,2,1,3,1,10,1,1,1,1,1,8,2,3,1,1,I,561,3,1,3,5,6,8,5,6,26000,1,1,0,5,6,8,5,6,26000,1,1,0,5,6,8,5,6,26000,1,1,0,2025,3,10,6730000,12170000,1,1
202601,6,,0.비상권,41194,15,0,120,0,1,0,1,11,04,6,2,없음,20,1,0,0,0,2,2,4,1,8,2,1,1,1,1,8,2,3,1,1,I,561,2,1,3,6,6,9,6,5,30500,1,1,0,6,6,9,6,5,30500,1,1,0,6,6,9,6,5,30500,1,1,0,2025,3,10,6600000,5970000,1,1
202601,6,,0.비상권,41194,15,0,120,0,1,0,1,11,04,6,2,없음,20,1,0,0,0,2,2,4,1,8,2,1,1,1,1,8,2,3,2,1,R,901,2,1,2,4,4,7,4,4,11200,1,1,0,4,4,7,4,4,11200,1,1,0,4,4,7,4,4,11200,1,1,0,2025,3,10,6600000,5970000,1,1
202601,6,,부천역,41194,22,0,120,300,1,0,1,21,03,10,2,430,110,1,0,0,0,1,2,4,1,10,2,1,1,1,1,8,1,3,1,1,Q,869,3,1,3,5,5,8,5,5,25400,1,1,0,5,5,8,5,5,25400,1,1,0,5,5,8,5,5,25400,1,1,0,2024,3,10,8840000,5060000,1,1
202601,6,,부천역,41194,22,0,120,300,1,0,1,21,03,10,2,430,110,1,0,0,0,1,2,4,1,10,2,1,1,1,1,8,1,3,2,1,I,562,3,1,3,5,4,7,5,4,12300,1,1,0,5,4,7,5,4,12300,1,1,0,5,4,7,5,4,12300,1,1,0,2025,3,10,8840000,5060000,1,1
202601,6,,부천역,41194,22,0,120,300,1,0,1,21,03,9,2,300,100,1,0,0,0,2,2,4,1,10,2,1,1,1,1,8,2,3,1,1,S,961,3,1,3,6,6,8,6,6,27400,1,1,0,6,6,8,6,6,27400,1,1,0,6,6,8,6,6,27400,1,1,0,2024,3,10,8740000,4960000,1,1
202601,6,,부천역,41194,22,0,120,300,1,0,1,21,03,9,2,300,100,1,0,0,0,2,2,4,1,10,2,1,1,1,1,8,2,3,2,1,I,562,3,1,3,3,3,4,3,3,4700,1,1,0,3,3,4,3,3,4700,1,1,0,3,3,4,3,3,4700,1,1,0,2025,3,10,8740000,4960000,1,1
202601,6,,광명철산,41210,22,0,120,0,1,0,1,21,04,5,1,550,10,3,0,0,0,2,2,4,2,9,2,1,1,1,1,8,2,3,1,1,R,912,2,1,2,6,4,8,6,4,24300,1,1,0,6,4,8,6,4,24300,1,1,0,6,4,8,6,4,24300,1,1,0,2024,3,9,9640000,10400000,1,1
202601,6,,광명철산,41210,22,0,120,0,1,0,1,21,04,5,1,550,10,3,0,0,0,2,2,4,2,9,2,1,1,1,1,8,2,3,1,1,I,561,2,1,2,5,4,8,5,4,22900,1,1,0,5,4,8,5,4,22900,1,1,0,5,4,8,5,4,22900,1,1,0,2025,3,9,9640000,10400000,1,1
202601,6,,광명철산,41210,22,0,120,0,1,0,1,21,04,5,1,550,10,3,0,0,0,2,2,4,2,9,2,1,1,1,1,8,2,3,1,6,0,999,2,1,2,6,4,8,5,4,25200,1,1,0,6,4,8,5,4,25200,1,1,0,1,1,1,5,4,25200,1,1,1,0,1,1,9640000,10400000,1,1
202601,6,,광명철산,41210,22,0,120,0,1,0,1,21,04,5,1,550,10,3,0,0,0,2,2,4,2,9,2,1,1,1,1,8,2,3,2,1,S,961,4,1,4,5,4,6,5,4,9200,1,1,0,5,4,6,5,4,9200,1,1,0,5,4,6,5,4,9200,1,1,0,2024,3,10,9640000,10400000,1,1
202601,6,,광명철산,41210,22,14,0,0,1,0,1,21,04,6,2,300,100,7,0,0,0,2,2,4,1,10,2,1,1,1,1,8,2,3,1,1,L,682,1,1,1,4,4,9,4,4,33500,1,1,0,4,4,9,4,4,33500,1,1,0,4,4,9,4,4,33500,1,1,0,2024,3,9,11720000,9920000,1,2
202601,6,,광명철산,41210,22,14,0,0,1,0,1,21,04,6,2,300,100,7,0,0,0,2,2,4,1,10,2,1,1,1,1,8,2,3,1,1,I,561,2,1,2,5,4,7,5,4,17200,1,1,0,5,4,7,5,4,17200,1,1,0,5,4,7,5,4,17200,1,1,0,2024,3,10,11720000,9920000,1,2
202601,6,,광명철산,41210,22,14,0,0,1,0,1,21,04,6,2,300,100,7,0,0,0,2,2,4,1,10,2,1,1,1,1,8,2,3,1,1,I,561,2,1,2,4,4,7,4,4,17200,1,1,0,4,4,7,4,4,17200,1,1,0,4,4,7,4,4,17200,1,1,0,2024,3,9,11720000,9920000,1,2
202601,6,,광명철산,41210,22,14,0,0,1,0,1,21,04,6,2,300,100,7,0,0,0,2,2,4,1,10,2,1,1,1,1,8,2,3,2,1,I,562,2,1,2,4,4,7,4,4,19000,1,1,0,4,4,7,4,4,19000,1,1,0,4,4,7,4,4,19000,1,1,0,2024,3,9,11720000,9920000,1,2
202601,6,,광명철산,41210,22,14,0,0,1,0,1,21,04,6,2,300,100,7,0,0,0,2,2,4,1,10,2,1,1,1,1,8,2,3,2,6,0,999,3,1,3,1,1,1,5,5,14700,1,1,1,1,1,1,5,5,14700,1,1,1,1,1,1,5,5,14700,1,1,1,0,1,1,11720000,9920000,1,2
202601,6,,광명철산,41210,22,0,120,0,1,0,1,12,03,3,1,50,10,3,0,0,0,2,1,3,1,10,1,1,1,1,1,8,2,3,1,1,G,475,3,1,3,6,6,9,6,6,27500,1,1,0,6,6,9,6,6,27500,1,1,0,6,6,9,6,6,27500,1,1,0,2025,3,9,17520000,69270000,1,1
202601,6,,광명철산,41210,22,0,120,0,1,0,1,12,04,6,1,160,60,3,0,0,0,2,1,3,1,10,1,1,1,1,1,8,2,3,1,1,G,471,3,1,3,6,6,9,6,6,39700,1,1,0,6,6,9,6,6,39700,1,1,0,6,6,9,6,6,39700,1,1,0,2024,4,5,13560000,26250000,1,3
202601,6,,광명철산,41210,14,0,0,0,1,0,1,11,03,6,2,200,300,9,0,0,0,2,2,4,1,10,1,1,1,1,1,8,2,3,1,1,S,961,1,1,1,4,4,9,4,4,32100,1,1,0,4,4,9,4,4,32100,1,1,0,4,4,9,4,4,32100,1,1,0,2024,3,10,11640000,10900000,1,3
202601,6,,광명철산,41210,14,0,0,0,1,0,1,11,03,6,2,200,300,9,0,0,0,2,2,4,1,10,1,1,1,1,1,8,2,3,1,1,I,561,1,1,1,4,4,9,4,4,30300,1,1,0,4,4,9,4,4,30300,1,1,0,4,4,9,4,4,30300,1,1,0,2024,3,9,11640000,10900000,1,3
202601,6,,광명철산,41210,14,0,0,0,1,0,1,11,03,6,2,200,300,9,0,0,0,2,2,4,1,10,1,1,1,1,1,8,2,3,1,1,L,682,1,1,1,4,4,9,4,4,30300,1,1,0,4,4,9,4,4,30300,1,1,0,4,4,9,4,4,30300,1,1,0,2024,3,9,11640000,10900000,1,3
202601,6,,광명철산,41210,14,0,0,0,1,0,1,11,03,6,2,200,300,9,0,0,0,2,2,4,1,10,1,1,1,1,1,8,2,3,2,2,0,999,3,1,3,1,1,1,7,3,10700,1,1,0,1,1,1,7,3,10700,1,1,0,1,1,1,7,3,10700,1,1,0,0,1,1,11640000,10900000,1,3
202601,6,,광명철산,41210,22,0,0,0,1,0,1,11,03,6,2,147,없음,9,0,0,0,2,2,4,1,10,1,1,1,1,1,8,2,3,1,1,S,961,1,1,1,6,4,8,6,4,27000,1,1,0,6,4,8,6,4,27000,1,1,0,6,4,8,6,4,27000,1,1,0,2025,3,8,8360000,7030000,1,3
202601,6,,광명철산,41210,22,0,0,0,1,0,1,11,03,6,2,147,없음,9,0,0,0,2,2,4,1,10,1,1,1,1,1,8,2,3,1,1,I,562,2,1,2,5,5,8,4,4,25900,1,1,0,5,5,8,4,4,25900,1,1,0,5,5,8,4,4,25900,1,1,0,2025,3,10,8360000,7030000,1,3
202601,6,,광명철산,41210,22,0,0,0,1,0,1,11,03,6,2,147,없음,9,0,0,0,2,2,4,1,10,1,1,1,1,1,8,2,3,2,2,0,999,2,1,2,1,1,1,4,4,16200,1,1,0,1,1,1,4,4,16200,1,1,0,1,1,1,4,4,16200,1,1,0,0,1,1,8360000,7030000,1,3
202601,6,,광명철산,41210,22,0,120,0,1,0,1,11,04,6,2,200,50,1,0,0,0,2,2,4,1,10,2,1,1,1,1,8,2,3,1,1,I,561,2,1,2,6,5,9,6,5,34600,1,1,0,6,5,9,6,5,34600,1,1,0,6,5,9,6,5,34600,1,1,0,2025,3,9,11000000,9290000,1,1
202601,6,,광명철산,41210,22,0,120,0,1,0,1,11,04,6,2,200,50,1,0,0,0,2,2,4,1,10,2,1,1,1,1,8,2,3,1,1,G,452,1,1,1,6,4,9,6,4,34800,1,1,0,6,4,9,6,4,34800,1,1,0,6,4,9,6,4,34800,1,1,0,2024,3,7,11000000,9290000,1,1
202601,6,,광명철산,41210,22,0,120,0,1,0,1,11,04,6,2,200,50,1,0,0,0,2,2,4,1,10,2,1,1,1,1,8,2,3,2,1,I,562,2,1,3,6,4,7,6,4,15400,1,1,0,6,4,7,6,4,15400,1,1,0,6,4,7,6,4,15400,1,1,0,2025,3,9,11000000,9290000,1,1
202601,6,,광명철산,41210,22,0,120,0,1,0,1,21,03,6,1,220,60,3,0,0,0,2,2,4,1,9,2,1,1,1,1,8,2,3,1,1,I,561,1,1,1,6,4,9,6,4,44800,1,1,0,6,4,9,6,4,44800,1,1,0,6,4,9,6,4,44800,1,1,0,2025,3,10,12430000,13070000,1,2
202601,6,,광명철산,41210,22,0,120,0,1,0,1,21,03,6,1,220,60,3,0,0,0,2,2,4,1,9,2,1,1,1,1,8,2,3,1,1,I,561,2,1,2,6,6,9,6,6,49800,1,1,0,6,6,9,6,6,49800,1,1,0,6,6,9,6,6,49800,1,1,0,2025,3,10,12430000,13070000,1,2
202601,6,,광명철산,41210,22,0,120,0,1,0,1,21,03,6,1,220,60,3,0,0,0,2,2,4,1,9,2,1,1,1,1,8,2,3,1,1,I,561,2,1,3,6,6,10,6,6,52900,1,1,0,6,6,10,6,6,52900,1,1,0,6,6,10,6,6,52900,1,1,0,2025,3,9,12430000,13070000,1,2
202601,6,,광명철산,41210,22,0,120,0,1,0,1,21,03,6,1,220,60,3,0,0,0,2,2,4,1,9,2,1,1,1,1,8,2,3,2,1,I,561,3,1,3,5,5,7,5,5,16900,1,1,0,5,5,7,5,5,16900,1,1,0,5,5,7,5,5,16900,1,1,0,2024,3,9,12430000,13070000,1,2
202601,6,,광명철산,41210,22,0,120,0,1,0,1,12,03,4,1,211,없음,1,0,0,0,2,1,3,1,10,1,1,1,1,1,8,2,3,1,1,I,562,1,1,1,5,4,9,5,4,47600,1,1,0,5,4,9,5,4,47600,1,1,0,5,4,9,5,4,47600,1,1,0,2026,3,9,10830000,27350000,1,2
202601,6,,광명철산,41210,22,0,120,0,1,0,1,12,03,4,1,211,없음,1,0,0,0,2,1,3,1,10,1,1,1,1,1,8,2,3,1,1,I,561,1,1,1,5,4,9,5,4,47600,1,1,0,5,4,9,5,4,47600,1,1,0,5,4,9,5,4,47600,1,1,0,2025,3,9,10830000,27350000,1,2
202601,6,,광명철산,41210,22,0,120,0,1,0,1,12,03,4,1,211,없음,1,0,0,0,2,1,3,1,10,1,1,1,1,1,8,2,3,1,1,I,561,2,1,2,6,6,9,6,5,47400,1,1,0,6,6,9,6,5,47400,1,1,0,6,6,9,6,5,47400,1,1,0,2025,3,8,10830000,27350000,1,2
202601,6,,광명철산,41210,22,0,120,0,1,0,4,11,03,7,1,72,없음,3,0,0,0,2,2,4,1,9,2,1,1,1,1,8,2,3,1,1,I,562,4,1,4,8,7,9,8,7,47200,1,1,0,8,7,9,8,7,47200,1,1,0,8,7,9,8,7,47200,1,1,0,2024,3,9,15510000,24170000,1,2
202601,6,,광명철산,41210,22,0,120,0,1,0,4,11,03,7,1,72,없음,3,0,0,0,2,2,4,1,9,2,1,1,1,1,8,2,3,1,1,G,474,2,1,2,7,6,10,6,6,61400,1,1,0,7,6,10,6,6,61400,1,1,0,7,6,10,6,6,61400,1,1,0,2025,3,10,15510000,24170000,1,2
202601,6,,광명철산,41210,16,0,0,0,1,0,1,11,03,9,2,90,100,6,0,0,0,1,2,4,1,9,2,1,1,1,1,8,1,3,1,1,I,561,2,1,2,6,5,10,6,5,51200,1,1,0,6,5,10,6,5,51200,1,1,0,6,5,10,6,5,51200,1,1,0,2025,3,8,10730000,6050000,1,3
202601,6,,광명철산,41210,16,0,0,0,1,0,1,11,03,9,2,90,100,6,0,0,0,1,2,4,1,9,2,1,1,1,1,8,1,3,1,1,I,561,2,1,2,6,5,10,6,5,55300,1,1,0,6,5,10,6,5,55300,1,1,0,6,5,10,6,5,55300,1,1,0,2025,3,9,10730000,6050000,1,3
202601,6,,광명철산,41210,16,0,0,0,1,0,1,11,03,9,2,90,100,6,0,0,0,1,2,4,1,9,2,1,1,1,1,8,1,3,2,1,0,999,3,1,3,5,3,5,5,4,7800,1,1,0,5,3,5,5,4,7800,1,1,0,5,3,5,5,4,7800,1,1,0,2025,3,8,10730000,6050000,1,3
202601,6,,광명철산,41210,22,0,120,0,1,0,1,11,04,6,2,150,150,1,0,0,0,2,2,4,2,8,2,1,1,1,1,8,2,3,1,1,I,561,2,1,2,6,5,8,6,5,24900,1,1,0,6,5,8,6,5,24900,1,1,0,6,5,8,6,5,24900,1,1,0,2025,3,10,11770000,9910000,1,1
202601,6,,광명철산,41210,22,0,120,0,1,0,1,11,04,6,2,150,150,1,0,0,0,2,2,4,2,8,2,1,1,1,1,8,2,3,1,1,I,561,1,1,2,6,4,9,5,4,28900,1,1,0,6,4,9,5,4,28900,1,1,0,6,4,9,5,4,28900,1,1,0,2025,3,10,11770000,9910000,1,1
202601,6,,광명철산,41210,22,0,120,0,1,0,1,11,04,6,2,150,150,1,0,0,0,2,2,4,2,8,2,1,1,1,1,8,2,3,2,1,I,562,1,1,2,4,3,7,4,3,13500,1,1,0,4,3,7,4,3,13500,1,1,0,4,3,7,4,3,13500,1,1,0,2024,3,10,11770000,9910000,1,1
202601,6,,광명철산,41210,22,0,120,0,1,0,1,11,04,6,2,150,150,1,0,0,0,2,2,4,2,8,2,1,1,1,1,8,2,3,2,1,I,562,2,1,2,5,4,7,5,4,12800,1,1,0,5,4,7,5,4,12800,1,1,0,5,4,7,5,4,12800,1,1,0,2024,3,10,11770000,9910000,1,1
202601,6,,광명철산,41210,22,0,0,0,1,1,1,11,03,6,2,161,없음,8,0,0,0,2,2,4,1,10,1,1,1,1,1,8,2,3,-1,1,G,468,1,1,1,3,3,6,3,3,8500,1,1,0,3,3,6,3,3,8500,1,1,0,3,3,6,3,3,8500,1,1,0,2025,3,9,10190000,6800000,1,1
202601,6,,광명철산,41210,22,0,0,0,1,1,1,11,03,6,2,161,없음,8,0,0,0,2,2,4,1,10,1,1,1,1,1,8,2,3,1,1,I,561,1,1,1,5,5,9,5,5,46500,1,1,0,5,5,9,5,5,46500,1,1,0,5,5,9,5,5,46500,1,1,0,2024,3,10,10190000,6800000,1,1
202601,6,,광명철산,41210,22,0,0,0,1,1,1,11,03,6,2,161,없음,8,0,0,0,2,2,4,1,10,1,1,1,1,1,8,2,3,1,1,I,561,1,1,1,5,5,9,5,5,46800,1,1,0,5,5,9,5,5,46800,1,1,0,5,5,9,5,5,46800,1,1,0,2025,3,10,10190000,6800000,1,1
202601,6,,광명철산,41210,22,0,0,0,1,1,1,11,03,6,2,161,없음,8,0,0,0,2,2,4,1,10,1,1,1,1,1,8,2,3,2,2,0,999,2,1,2,1,1,1,4,4,10200,1,1,0,1,1,1,4,4,10200,1,1,0,1,1,1,4,4,10200,1,1,0,0,1,1,10190000,6800000,1,1
202601,6,,0.비상권,41210,13,0,0,0,1,0,5,21,04,6,1,없음,130,6,0,1,0,3,2,4,1,9,2,1,1,1,1,8,3,3,1,1,I,561,4,1,4,7,6,7,7,6,20800,1,1,0,7,6,7,7,6,20800,1,1,0,7,6,7,7,6,20800,1,1,0,2024,3,6,5500000,6700000,1,1
202601,6,,0.비상권,41210,13,0,0,0,1,0,5,21,04,6,1,없음,130,6,0,1,0,3,2,4,1,9,2,1,1,1,1,8,3,3,2,1,0,999,4,1,4,8,1,7,8,1,15400,1,1,0,8,1,7,8,1,15400,1,1,0,8,1,7,8,1,15400,1,1,0,2024,3,6,5500000,6700000,1,1
202601,6,,0.비상권,41210,13,0,0,0,1,0,4,32,04,4,1,없음,100,7,0,0,0,3,2,4,1,9,2,1,1,1,1,8,3,3,1,1,I,561,4,1,4,7,6,8,7,6,21000,1,1,0,7,6,8,7,6,21000,1,1,0,7,6,8,7,6,21000,1,1,0,2025,3,10,4670000,12720000,1,1
202601,6,,0.비상권,41210,13,0,0,0,1,0,7,21,04,6,2,없음,130,6,1,1,0,2,2,4,1,10,2,1,1,1,1,8,2,3,1,1,I,562,4,1,4,6,6,7,6,6,20300,1,1,0,6,6,7,6,6,20300,1,1,0,6,6,7,6,6,20300,1,1,0,2025,3,10,5870000,5480000,1,1
202601,6,,0.비상권,41210,13,0,0,0,1,0,7,21,04,6,2,없음,130,6,1,1,0,2,2,4,1,10,2,1,1,1,1,8,2,3,2,1,S,949,4,1,4,5,5,7,5,5,12500,1,1,0,5,5,7,5,5,12500,1,1,0,5,5,7,5,5,12500,1,1,0,2024,3,9,5870000,5480000,1,1
202601,6,,0.비상권,41210,14,0,0,0,1,0,6,21,04,6,1,900,140,8,0,1,0,2,2,4,1,10,1,1,1,1,1,8,2,3,1,1,I,561,1,1,1,4,4,8,4,4,23300,1,1,0,4,4,8,4,4,23300,1,1,0,4,4,8,4,4,23300,1,1,0,2024,3,10,6360000,6440000,1,2
202601,6,,0.비상권,41210,14,0,0,0,1,0,6,21,04,6,1,900,140,8,0,1,0,2,2,4,1,10,1,1,1,1,1,8,2,3,1,1,I,561,1,1,1,4,4,8,4,4,22700,1,1,0,4,4,8,4,4,22700,1,1,0,4,4,8,4,4,22700,1,1,0,2024,3,9,6360000,6440000,1,2
202601,6,,0.비상권,41210,14,0,0,0,1,0,6,21,04,6,1,900,140,8,0,1,0,2,2,4,1,10,1,1,1,1,1,8,2,3,2,6,0,999,2,1,2,1,1,1,4,4,12900,1,1,1,1,1,1,4,4,12900,1,1,1,1,1,1,4,4,12900,1,1,1,0,1,1,6360000,6440000,1,2
202601,6,,0.비상권,41210,14,0,0,0,1,1,2,11,03,7,2,없음,110,6,0,0,0,1,2,4,1,10,1,1,1,1,1,8,1,3,-1,1,C,289,2,1,2,4,3,7,4,3,12300,1,1,0,4,3,7,4,3,12300,1,1,0,4,3,7,4,3,12300,1,1,0,2024,3,9,6240000,4020000,1,1
202601,6,,0.비상권,41210,14,0,0,0,1,1,2,11,03,7,2,없음,110,6,0,0,0,1,2,4,1,10,1,1,1,1,1,8,1,3,1,1,S,961,1,1,1,4,3,8,4,3,24500,1,1,0,4,3,8,4,3,24500,1,1,0,4,3,8,4,3,24500,1,1,0,2024,3,8,6240000,4020000,1,1
202601,6,,0.비상권,41210,14,0,0,0,1,1,2,11,03,7,2,없음,110,6,0,0,0,1,2,4,1,10,1,1,1,1,1,8,1,3,1,1,G,472,1,1,1,4,3,8,4,3,24500,1,1,0,4,3,8,4,3,24500,1,1,0,4,3,8,4,3,24500,1,1,0,2025,3,10,6240000,4020000,1,1
202601,6,,0.비상권,41210,14,0,0,0,1,1,2,11,03,7,2,없음,110,6,0,0,0,1,2,4,1,10,1,1,1,1,1,8,1,3,2,2,0,999,2,1,2,1,1,1,4,4,19100,1,1,0,1,1,1,4,4,19100,1,1,0,1,1,1,4,4,19100,1,1,0,0,1,1,6240000,4020000,1,1
202601,6,,0.비상권,41210,14,0,0,0,1,0,3,21,03,6,2,없음,100,7,0,0,0,1,2,4,1,10,2,1,1,1,1,8,1,3,1,1,I,562,2,1,2,4,4,7,4,4,19500,1,1,0,4,4,7,4,4,19500,1,1,0,4,4,7,4,4,19500,1,1,0,2024,3,10,5940000,5180000,1,1
202601,6,,0.비상권,41210,14,0,0,0,1,0,3,21,03,6,2,없음,100,7,0,0,0,1,2,4,1,10,2,1,1,1,1,8,1,3,1,1,G,463,1,1,1,4,3,8,4,3,32400,1,1,0,4,3,8,4,3,32400,1,1,0,4,3,8,4,3,32400,1,1,0,2024,3,8,5940000,5180000,1,1
202601,6,,0.비상권,41210,14,0,0,0,1,0,3,21,03,6,2,없음,100,7,0,0,0,1,2,4,1,10,2,1,1,1,1,8,1,3,2,1,I,561,2,1,2,4,3,7,4,4,12100,1,1,0,4,3,7,4,4,12100,1,1,0,4,3,7,4,4,12100,1,1,0,2025,3,9,5940000,5180000,1,1
202601,6,,0.비상권,41210,14,0,0,0,1,0,4,21,03,1,1,없음,100,8,0,0,0,3,2,4,1,10,2,1,1,1,1,8,3,3,1,1,S,952,2,1,2,4,4,8,4,5,27500,1,1,0,4,4,8,4,5,27500,1,1,0,4,4,8,4,5,27500,1,1,0,2025,3,9,5620000,17250000,1,1
202601,6,,0.비상권,41210,14,0,0,0,1,0,4,21,03,1,1,없음,100,8,0,0,0,3,2,4,1,10,2,1,1,1,1,8,3,3,1,1,S,961,1,1,1,4,4,8,4,4,27800,1,1,0,4,4,8,4,4,27800,1,1,0,4,4,8,4,4,27800,1,1,0,2025,3,9,5620000,17250000,1,1
202601,6,,0.비상권,41210,14,0,0,0,1,0,4,21,03,1,1,없음,100,8,0,0,0,3,2,4,1,10,2,1,1,1,1,8,3,3,2,1,S,949,2,1,2,4,4,7,4,4,12900,1,1,0,4,4,7,4,4,12900,1,1,0,4,4,7,4,4,12900,1,1,0,2025,3,10,5620000,17250000,1,1
202601,6,,0.비상권,41210,14,0,0,0,1,0,3,11,03,3,1,없음,10,5,0,0,0,4,2,4,1,10,2,1,1,1,1,8,3,3,1,1,I,561,4,1,4,6,6,8,6,6,27900,1,1,0,6,6,8,6,6,27900,1,1,0,6,6,8,6,6,27900,1,1,0,2025,3,10,8100000,26180000,1,1
202601,6,,0.비상권,41210,14,0,0,0,1,0,3,11,03,3,1,없음,10,5,0,0,0,4,2,4,1,10,2,1,1,1,1,8,3,3,1,1,I,562,2,1,2,5,5,8,5,5,22600,1,1,0,5,5,8,5,5,22600,1,1,0,5,5,8,5,5,22600,1,1,0,2024,3,10,8100000,26180000,1,1
202601,6,,0.비상권,41210,14,0,0,0,1,1,3,21,03,4,1,없음,110,7,0,0,0,2,2,4,1,10,2,1,1,1,1,8,2,3,-1,1,S,952,1,1,1,4,2,6,4,2,8100,1,1,0,4,2,6,4,2,8100,1,1,0,4,2,6,4,2,8100,1,1,0,2025,3,9,5880000,12730000,1,2
202601,6,,0.비상권,41210,14,0,0,0,1,1,3,21,03,4,1,없음,110,7,0,0,0,2,2,4,1,10,2,1,1,1,1,8,2,3,1,1,S,952,3,1,3,7,5,8,7,5,23900,1,1,0,7,5,8,7,5,23900,1,1,0,7,5,8,7,5,23900,1,1,0,2025,3,9,5880000,12730000,1,2
202601,6,,0.비상권,41210,14,0,0,0,1,0,3,32,04,6,1,없음,60,7,0,0,0,2,1,3,1,10,1,1,1,1,1,8,2,3,1,1,I,561,1,1,1,4,4,8,4,4,24000,1,1,0,4,4,8,4,4,24000,1,1,0,4,4,8,4,4,24000,1,1,0,2025,3,10,6400000,10870000,1,2
202601,6,,0.비상권,41210,14,0,0,0,1,0,3,32,04,6,1,없음,60,7,0,0,0,2,1,3,1,10,1,1,1,1,1,8,2,3,1,1,I,561,2,1,2,4,4,8,4,4,21200,1,1,0,4,4,8,4,4,21200,1,1,0,4,4,8,4,4,21200,1,1,0,2026,3,5,6400000,10870000,1,2
202601,6,,0.비상권,41210,14,0,0,0,1,0,3,32,04,6,1,없음,60,7,0,0,0,2,1,3,1,10,1,1,1,1,1,8,2,3,1,1,G,478,1,1,1,4,4,8,4,4,24000,1,1,0,4,4,8,4,4,24000,1,1,0,4,4,8,4,4,24000,1,1,0,2024,3,10,6400000,10870000,1,2
202601,6,,0.비상권,41210,14,0,0,0,1,0,6,21,04,6,1,없음,80,6,0,1,0,3,2,4,1,10,2,1,1,1,1,8,3,3,1,1,G,463,2,1,2,4,4,7,4,4,13800,1,1,0,4,4,7,4,4,13800,1,1,0,4,4,7,4,4,13800,1,1,0,2024,3,9,4010000,6730000,1,1
202601,6,,0.비상권,41210,14,0,0,0,1,0,6,21,04,6,1,없음,80,6,0,1,0,3,2,4,1,10,2,1,1,1,1,8,3,3,1,1,G,463,4,1,4,6,6,7,6,6,13100,1,1,0,6,6,7,6,6,13100,1,1,0,6,6,7,6,6,13100,1,1,0,2025,3,7,4010000,6730000,1,1
202601,6,,0.비상권,41210,14,0,0,0,1,0,6,21,04,6,1,없음,80,6,0,1,0,3,2,4,1,10,2,1,1,1,1,8,3,3,1,1,G,463,2,1,2,4,4,7,4,4,13800,1,1,0,4,4,7,4,4,13800,1,1,0,4,4,7,4,4,13800,1,1,0,2024,3,9,4010000,6730000,1,1
202601,6,,0.비상권,41210,43,0,0,0,1,0,6,31,03,6,1,없음,80,1,0,1,0,2,2,4,1,10,2,1,1,1,1,8,2,3,1,1,G,466,4,1,4,6,6,8,6,6,20300,1,1,0,6,6,8,6,6,20300,1,1,0,6,6,8,6,6,20300,1,1,0,2025,3,10,4350000,7280000,1,1
202601,6,,0.비상권,41210,43,0,0,0,1,0,6,31,03,6,1,없음,80,1,0,1,0,2,2,4,1,10,2,1,1,1,1,8,2,3,1,6,0,999,2,1,2,1,1,1,4,3,9100,1,1,1,1,1,1,4,3,9100,1,1,1,1,1,1,4,3,9100,1,1,1,0,1,1,4350000,7280000,1,1
202601,6,,0.비상권,41210,16,0,0,0,1,0,6,31,04,6,1,없음,30,7,0,1,0,2,2,4,1,10,1,1,1,1,1,8,2,3,1,1,L,682,2,1,2,4,4,7,4,4,17500,1,1,0,4,4,7,4,4,17500,1,1,0,4,4,7,4,4,17500,1,1,0,2025,3,7,4220000,7250000,1,1
202601,6,,0.비상권,41210,16,0,0,0,1,0,6,31,04,6,1,없음,30,7,0,1,0,2,2,4,1,10,1,1,1,1,1,8,2,3,1,1,L,682,2,1,2,5,4,8,5,4,22600,1,1,0,5,4,8,5,4,22600,1,1,0,5,4,8,5,4,22600,1,1,0,2025,3,10,4220000,7250000,1,1
202601,6,,0.비상권,41210,16,0,0,0,1,0,6,31,04,6,1,없음,30,7,0,1,0,2,2,4,1,10,1,1,1,1,1,8,2,3,1,6,0,999,3,1,3,1,1,1,5,5,17400,1,1,1,1,1,1,5,5,17400,1,1,1,1,1,1,5,5,17400,1,1,1,0,1,1,4220000,7250000,1,1
202601,6,,신장/지산/서정,41220,16,0,0,0,1,0,4,32,04,6,1,없음,40,5,0,0,0,2,2,4,1,10,2,1,1,1,1,1,2,3,1,1,G,471,4,1,4,6,5,7,6,5,13300,1,1,0,6,5,7,6,5,13300,1,1,0,6,5,7,6,5,13300,1,1,0,2023,4,9,3070000,5770000,1,2
202601,6,,신장/지산/서정,41220,22,0,0,0,1,0,1,31,03,8,2,100,20,4,0,0,0,2,2,4,1,10,2,1,1,1,1,8,2,3,1,1,I,561,3,1,4,6,6,8,6,6,26500,1,1,0,6,6,8,6,6,26500,1,1,0,6,6,8,6,6,26500,1,1,0,2023,4,9,7160000,4730000,1,3
202601,6,,신장/지산/서정,41220,22,0,0,0,1,0,1,31,03,8,2,100,20,4,0,0,0,2,2,4,1,10,2,1,1,1,1,8,2,3,1,1,I,561,2,1,2,4,5,9,4,5,46000,1,1,0,4,5,9,4,5,46000,1,1,0,4,5,9,4,5,46000,1,1,0,2025,3,10,7160000,4730000,1,3
202601,6,,신장/지산/서정,41220,22,0,0,0,1,0,1,31,03,8,2,100,20,4,0,0,0,2,2,4,1,10,2,1,1,1,1,8,2,3,2,1,S,961,4,1,4,5,5,7,5,5,12000,1,1,0,5,5,7,5,5,12000,1,1,0,5,5,7,5,5,12000,1,1,0,2024,3,9,7160000,4730000,1,3
202601,6,,신장/지산/서정,41220,22,0,0,0,1,0,6,21,04,8,1,150,90,10,0,0,0,2,2,4,1,10,2,1,1,1,1,8,2,3,1,1,I,561,4,1,4,5,6,7,6,6,18400,1,1,0,5,6,7,6,6,18400,1,1,0,5,6,7,6,6,18400,1,1,0,2024,3,7,3370000,6610000,1,2
202601,6,,신장/지산/서정,41220,16,0,0,0,1,0,5,32,03,6,1,908,없음,4,0,0,0,2,1,3,1,10,1,1,1,1,1,8,2,3,1,1,L,682,1,1,1,3,3,7,3,3,15300,1,1,0,3,3,7,3,3,15300,1,1,0,3,3,7,3,3,15300,1,1,0,2025,3,9,3310000,5570000,1,1
202601,6,,신장/지산/서정,41220,16,0,0,0,1,0,5,32,03,6,1,908,없음,4,0,0,0,2,1,3,1,10,1,1,1,1,1,8,2,3,1,6,0,999,2,1,2,1,1,1,4,4,13200,1,1,1,1,1,1,4,4,13200,1,1,1,1,1,1,4,4,13200,1,1,1,0,1,1,3310000,5570000,1,1
202601,6,,0.비상권,41220,13,0,0,0,1,0,6,32,04,5,1,없음,500,4,0,0,0,2,1,3,1,10,1,1,1,1,1,8,2,3,1,6,0,999,1,1,1,1,1,1,4,4,23500,1,1,1,1,1,1,4,4,23500,1,1,1,1,1,1,4,4,23500,1,1,1,0,1,1,4000000,8160000,1,1
202601,6,,0.비상권,41220,13,0,0,0,1,0,6,32,04,5,1,없음,500,4,0,0,0,2,1,3,1,10,1,1,1,1,1,8,2,3,1,1,H,529,1,1,1,4,4,8,5,4,22900,1,1,0,4,4,8,5,4,22900,1,1,0,4,4,8,5,4,22900,1,1,0,2025,3,10,4000000,8160000,1,1
202601,6,,0.비상권,41220,13,0,0,0,1,0,6,32,04,5,1,없음,500,4,0,0,0,2,1,3,1,10,1,1,1,1,1,8,2,3,1,1,L,682,2,1,2,4,4,7,5,4,22000,1,1,0,4,4,7,5,4,22000,1,1,0,4,4,7,5,4,22000,1,1,0,2024,4,10,4000000,8160000,1,1
202601,6,,신장/지산/서정,41220,16,0,0,0,1,0,6,12,04,6,1,800,50,4,0,0,0,2,2,3,1,10,2,1,1,1,1,8,2,3,1,1,I,561,3,1,4,5,5,7,5,5,13800,2,1,0,5,5,7,5,5,13800,2,1,0,5,5,7,5,5,13800,2,1,0,2024,3,10,2870000,4830000,1,2
202601,6,,신장/지산/서정,41220,16,0,0,0,1,0,3,11,03,4,1,60,50,4,0,0,0,3,2,4,1,10,2,1,1,1,1,8,3,3,1,1,G,466,4,1,4,7,6,7,7,6,17500,1,1,0,7,6,7,7,6,17500,1,1,0,7,6,7,7,6,17500,1,1,0,2024,3,9,2370000,7720000,1,1
202601,6,,신장/지산/서정,41220,16,0,0,0,1,0,5,21,04,6,2,998,없음,6,0,0,0,2,2,4,1,10,1,1,1,1,1,8,2,3,1,1,I,561,3,1,3,4,4,6,4,4,8300,1,1,0,4,4,6,4,4,8300,1,1,0,4,4,6,4,4,8300,1,1,0,2026,3,10,3070000,2800000,1,1
202601,6,,신장/지산/서정,41220,16,0,0,0,1,0,5,21,04,6,2,998,없음,6,0,0,0,2,2,4,1,10,1,1,1,1,1,8,2,3,2,2,0,999,3,1,3,1,1,1,3,4,6400,1,1,0,1,1,1,3,4,6400,1,1,0,1,1,1,3,4,6400,1,1,0,0,1,1,3070000,2800000,1,1
202601,6,,신장/지산/서정,41220,16,0,0,0,1,0,4,19,04,6,1,없음,300,4,0,0,0,2,2,4,1,10,2,1,1,1,1,8,2,3,1,1,I,561,4,1,4,6,5,7,6,5,10400,1,1,0,6,5,7,6,5,10400,1,1,0,6,5,7,6,5,10400,1,1,0,2025,3,8,2560000,4370000,1,1
202601,6,,신장/지산/서정,41220,13,0,0,0,1,0,5,32,03,6,1,없음,500,7,0,1,0,3,2,4,1,10,1,1,2,1,1,8,3,3,1,1,R,912,1,1,1,3,3,7,3,3,16300,1,1,0,3,3,7,3,3,16300,1,1,0,3,3,7,3,3,16300,1,1,0,2025,3,10,2690000,5260000,1,2
202601,6,,신장/지산/서정,41220,13,0,0,0,1,0,5,32,03,6,1,없음,500,7,0,1,0,3,2,4,1,10,1,1,2,1,1,8,3,3,1,2,G,472,4,1,4,1,1,1,5,5,11300,1,1,0,1,1,1,5,5,11300,1,1,0,1,1,1,5,5,11300,1,1,0,0,1,1,2690000,5260000,1,2
202601,6,,신장/지산/서정,41220,13,0,0,0,1,0,5,32,03,6,1,없음,500,7,0,1,0,3,2,4,1,10,1,1,2,1,1,8,3,3,1,1,I,561,2,1,2,3,4,7,3,4,15900,1,1,0,3,4,7,3,4,15900,1,1,0,3,4,7,3,4,15900,1,1,0,2025,3,9,2690000,5260000,1,2
202601,6,,신장/지산/서정,41220,13,0,0,0,1,1,3,19,03,1,1,823,없음,7,0,0,0,3,2,4,1,10,2,1,1,1,1,8,3,3,-1,6,0,999,1,1,1,1,1,1,2,2,2400,1,1,1,1,1,1,2,2,2400,1,1,1,1,1,1,2,2,2400,1,1,1,0,1,1,2370000,4560000,1,1
202601,6,,신장/지산/서정,41220,13,0,0,0,1,1,3,19,03,1,1,823,없음,7,0,0,0,3,2,4,1,10,2,1,1,1,1,8,3,3,1,1,S,961,1,1,1,3,3,7,3,3,18200,1,1,0,3,3,7,3,3,18200,1,1,0,3,3,7,3,3,18200,1,1,0,2025,3,10,2370000,4560000,1,1
202601,6,,신장/지산/서정,41220,13,0,0,0,1,1,3,19,03,1,1,823,없음,7,0,0,0,3,2,4,1,10,2,1,1,1,1,8,3,3,1,1,I,561,1,1,1,3,3,7,3,3,18200,1,1,0,3,3,7,3,3,18200,1,1,0,3,3,7,3,3,18200,1,1,0,2025,3,10,2370000,4560000,1,1
202601,6,,신장/지산/서정,41220,13,0,0,0,1,1,3,19,03,1,1,823,없음,7,0,0,0,3,2,4,1,10,2,1,1,1,1,8,3,3,1,1,I,561,2,1,2,4,4,7,4,4,12900,1,1,0,4,4,7,4,4,12900,1,1,0,4,4,7,4,4,12900,1,1,0,2025,3,8,2370000,4560000,1,1
202601,6,,신장/지산/서정,41220,13,0,0,0,1,1,3,19,03,1,1,823,없음,7,0,0,0,3,2,4,1,10,2,1,1,1,1,8,3,3,1,1,I,561,1,1,1,3,3,7,3,3,18200,1,1,0,3,3,7,3,3,18200,1,1,0,3,3,7,3,3,18200,1,1,0,2025,3,8,2370000,4560000,1,1
202601,6,,신장/지산/서정,41220,13,0,0,0,1,1,3,19,03,1,1,823,없음,7,0,0,0,3,2,4,1,10,2,1,1,1,1,8,3,3,2,6,0,999,2,1,2,1,1,1,3,3,3900,1,1,1,1,1,1,3,3,3900,1,1,1,1,1,1,3,3,3900,1,1,1,0,1,1,2370000,4560000,1,1
202601,6,,신장/지산/서정,41220,16,0,0,0,1,0,1,32,03,6,1,835,40,1,0,0,0,1,1,3,1,10,1,1,1,1,1,8,1,3,1,1,I,561,1,1,1,3,3,7,3,3,17100,1,1,0,3,3,7,3,3,17100,1,1,0,3,3,7,3,3,17100,1,1,0,2024,3,9,3600000,3990000,1,2
202601,6,,신장/지산/서정,41220,16,0,0,0,1,0,1,32,03,6,1,835,40,1,0,0,0,1,1,3,1,10,1,1,1,1,1,8,1,3,1,1,G,478,1,1,1,3,3,7,3,3,17600,1,1,0,3,3,7,3,3,17600,1,1,0,3,3,7,3,3,17600,1,1,0,2025,3,8,3600000,3990000,1,2
202601,6,,신장/지산/서정,41220,16,0,0,0,1,0,1,32,03,6,1,835,40,1,0,0,0,1,1,3,1,10,1,1,1,1,1,8,1,3,2,2,0,999,1,1,1,1,1,1,3,3,10400,1,1,0,1,1,1,3,3,10400,1,1,0,1,1,1,3,3,10400,1,1,0,0,1,1,3600000,3990000,1,2
202601,6,,신장/지산/서정,41220,22,0,0,0,1,0,4,21,04,8,2,700,300,8,0,0,0,2,2,4,1,10,2,1,1,1,1,8,2,3,1,1,I,561,2,1,2,3,3,7,3,3,12700,1,1,0,3,3,7,3,3,12700,1,1,0,3,3,7,3,3,12700,1,1,0,2025,3,9,3720000,2570000,1,1
202601,6,,신장/지산/서정,41220,22,0,0,0,1,0,4,21,04,8,2,700,300,8,0,0,0,2,2,4,1,10,2,1,1,1,1,8,2,3,1,1,I,561,1,1,2,3,3,7,3,3,14400,1,1,0,3,3,7,3,3,14400,1,1,0,3,3,7,3,3,14400,1,1,0,2025,3,9,3720000,2570000,1,1
202601,6,,신장/지산/서정,41220,22,0,0,0,1,0,4,21,04,8,2,700,300,8,0,0,0,2,2,4,1,10,2,1,1,1,1,8,2,3,1,1,I,561,1,1,1,3,3,7,3,3,12700,1,1,0,3,3,7,3,3,12700,1,1,0,3,3,7,3,3,12700,1,1,0,2022,5,9,3720000,2570000,1,1
202601,6,,신장/지산/서정,41220,22,0,0,0,1,0,4,21,04,8,2,700,300,8,0,0,0,2,2,4,1,10,2,1,1,1,1,8,2,3,2,1,0,999,3,1,3,4,4,5,4,4,6700,1,1,0,4,4,5,4,4,6700,1,1,0,4,4,5,4,4,6700,1,1,0,2025,3,10,3720000,2570000,1,1
202601,6,,신장/지산/서정,41220,22,0,0,0,1,0,1,12,03,1,1,600,200,9,0,0,0,1,1,2,1,10,1,1,1,1,1,8,1,3,1,1,I,561,2,1,2,4,4,7,4,4,11800,1,1,0,4,4,7,4,4,11800,1,1,0,4,4,7,4,4,11800,1,1,0,2025,5,9,4210000,4590000,1,1
202601,6,,신장/지산/서정,41220,22,0,0,0,1,0,4,21,03,8,2,280,30,5,0,0,0,2,2,4,1,10,1,1,1,1,1,8,2,3,1,1,G,474,3,1,3,4,5,7,4,5,14500,1,1,0,4,5,7,4,5,14500,1,1,0,4,5,7,4,5,14500,1,1,0,2024,3,10,4250000,3540000,1,2
202601,6,,신장/지산/서정,41220,22,0,0,0,1,0,4,21,03,8,2,280,30,5,0,0,0,2,2,4,1,10,1,1,1,1,1,8,2,3,2,2,0,999,3,1,3,1,1,1,4,3,8100,1,1,0,1,1,1,4,3,8100,1,1,0,1,1,1,4,3,8100,1,1,0,0,1,1,4250000,3540000,1,2
202601,6,,신장/지산/서정,41220,22,0,0,0,1,0,7,31,04,8,2,220,200,6,0,0,0,1,2,4,1,10,2,1,1,1,1,8,1,3,1,1,G,471,3,1,3,5,4,7,5,4,12600,1,1,0,5,4,7,5,4,12600,1,1,0,5,4,7,5,4,12600,1,1,0,2025,3,8,4400000,3200000,1,2
202601,6,,신장/지산/서정,41220,22,0,0,0,1,0,7,31,04,8,2,220,200,6,0,0,0,1,2,4,1,10,2,1,1,1,1,8,1,3,2,1,S,961,2,1,2,4,3,5,4,3,7800,1,1,0,4,3,5,4,3,7800,1,1,0,4,3,5,4,3,7800,1,1,0,2025,3,9,4400000,3200000,1,2
202601,6,,신장/지산/서정,41220,22,0,0,0,1,0,7,32,04,6,1,200,100,6,0,0,0,1,1,2,1,10,1,1,1,1,1,8,1,3,1,1,S,969,2,1,2,5,4,7,5,4,16700,1,1,0,5,4,7,5,4,16700,1,1,0,5,4,7,5,4,16700,1,1,0,2025,3,10,2690000,4960000,1,3
202601,6,,신장/지산/서정,41220,22,0,0,0,1,0,1,21,03,1,1,486,없음,6,0,0,0,1,1,3,1,10,1,1,1,1,1,8,1,3,1,1,G,474,2,1,2,5,3,7,5,3,15400,1,1,0,5,3,7,5,3,15400,1,1,0,5,3,7,5,3,15400,1,1,0,2024,3,9,5770000,3640000,1,2
202601,6,,신장/지산/서정,41220,22,0,0,0,1,0,1,21,03,1,1,486,없음,6,0,0,0,1,1,3,1,10,1,1,1,1,1,8,1,3,2,1,0,999,2,1,2,3,1,2,3,3,10300,1,1,0,3,1,2,3,3,10300,1,1,0,3,1,2,3,3,10300,1,1,0,2024,3,9,5770000,3640000,1,2
202601,6,,신장/지산/서정,41220,22,16,0,0,1,0,1,11,04,1,1,27,145,4,0,0,0,1,2,4,1,10,2,1,1,1,1,8,1,3,1,1,S,953,3,1,3,4,3,4,4,4,7600,1,1,0,4,3,4,4,4,7600,1,1,0,4,3,4,4,4,7600,1,1,0,2025,3,6,3630000,1920000,1,1
202601,6,,신장/지산/서정,41220,22,16,0,0,1,0,1,11,04,1,1,27,145,4,0,0,0,1,2,4,1,10,2,1,1,1,1,8,1,3,2,1,0,999,3,1,3,7,1,4,3,3,4400,1,1,0,7,1,4,3,3,4400,1,1,0,7,1,4,3,3,4400,1,1,0,2025,3,10,3630000,1920000,1,1
202601,6,,신장/지산/서정,41220,22,0,0,0,1,0,1,21,04,1,1,473,없음,6,0,0,0,2,2,4,1,10,2,1,2,1,1,8,2,3,1,1,S,969,2,1,2,4,4,7,5,4,13100,1,1,0,4,4,7,5,4,13100,1,1,0,4,4,7,5,4,13100,1,1,0,2024,3,8,5170000,4090000,1,1
202601,6,,신장/지산/서정,41220,22,0,0,0,1,0,1,21,04,1,1,473,없음,6,0,0,0,2,2,4,1,10,2,1,2,1,1,8,2,3,1,1,S,961,2,1,2,4,4,7,5,4,13200,1,1,0,4,4,7,5,4,13200,1,1,0,4,4,7,5,4,13200,1,1,0,2025,3,10,5170000,4090000,1,1
202601,6,,신장/지산/서정,41220,22,0,0,0,1,0,1,21,04,1,1,473,없음,6,0,0,0,2,2,4,1,10,2,1,2,1,1,8,2,3,2,2,0,999,3,1,4,1,1,1,5,4,7000,1,1,0,1,1,1,5,4,7000,1,1,0,1,1,1,5,4,7000,1,1,0,0,1,1,5170000,4090000,1,1
202601,6,,신장/지산/서정,41220,22,0,0,0,1,0,1,21,03,8,2,613,없음,8,0,0,0,1,2,4,1,10,2,1,1,1,1,8,1,3,1,1,L,682,1,1,1,4,4,9,4,4,31300,1,1,0,4,4,9,4,4,31300,1,1,0,4,4,9,4,4,31300,1,1,0,2025,3,10,5230000,4240000,1,2
202601,6,,신장/지산/서정,41220,22,0,0,0,1,0,1,21,03,8,2,613,없음,8,0,0,0,1,2,4,1,10,2,1,1,1,1,8,1,3,1,1,L,682,1,1,1,4,4,8,4,4,28000,1,1,0,4,4,8,4,4,28000,1,1,0,4,4,8,4,4,28000,1,1,0,2025,3,10,5230000,4240000,1,2
202601,6,,신장/지산/서정,41220,22,0,0,0,1,0,1,21,03,8,2,613,없음,8,0,0,0,1,2,4,1,10,2,1,1,1,1,8,1,3,2,1,S,961,2,1,2,3,3,6,3,3,8100,1,1,0,3,3,6,3,3,8100,1,1,0,3,3,6,3,3,8100,1,1,0,2025,3,9,5230000,4240000,1,2
202601,6,,신장/지산/서정,41220,22,0,0,0,1,0,1,12,03,1,1,558,없음,8,0,0,0,1,1,2,1,10,1,1,1,1,1,8,1,3,1,1,S,969,2,1,2,3,3,7,3,3,14000,1,1,0,3,3,7,3,3,14000,1,1,0,3,3,7,3,3,14000,1,1,0,2025,3,2,5300000,6270000,1,3
202601,6,,신장/지산/서정,41220,22,0,0,0,1,0,8,31,04,8,2,692,없음,8,0,0,0,2,2,4,1,10,2,1,1,1,1,8,2,3,1,1,S,952,1,1,1,4,3,10,4,3,48500,1,1,0,4,3,10,4,3,48500,1,1,0,4,3,10,4,3,48500,1,1,0,2024,3,10,7480000,5900000,1,3
202601,6,,신장/지산/서정,41220,22,0,0,0,1,0,8,31,04,8,2,692,없음,8,0,0,0,2,2,4,1,10,2,1,1,1,1,8,2,3,1,1,L,682,1,1,1,5,4,9,5,5,46800,1,1,0,5,4,9,5,5,46800,1,1,0,5,4,9,5,5,46800,1,1,0,2025,3,9,7480000,5900000,1,3
202601,6,,신장/지산/서정,41220,22,0,0,0,1,0,8,31,04,8,2,692,없음,8,0,0,0,2,2,4,1,10,2,1,1,1,1,8,2,3,1,1,L,682,1,1,1,5,5,9,5,5,46800,1,1,0,5,5,9,5,5,46800,1,1,0,5,5,9,5,5,46800,1,1,0,2024,3,10,7480000,5900000,1,3
202601,6,,신장/지산/서정,41220,22,0,0,0,1,0,8,31,04,8,2,692,없음,8,0,0,0,2,2,4,1,10,2,1,1,1,1,8,2,3,1,1,L,682,1,1,1,6,5,11,5,5,56100,1,1,0,6,5,11,5,5,56100,1,1,0,6,5,11,5,5,56100,1,1,0,2025,3,9,7480000,5900000,1,3
202601,6,,신장/지산/서정,41220,22,0,0,0,1,0,8,31,04,8,2,692,없음,8,0,0,0,2,2,4,1,10,2,1,1,1,1,8,2,3,2,1,K,661,3,1,4,6,5,7,6,5,16400,2,1,0,6,5,7,6,5,16400,2,1,0,6,5,7,6,5,16400,2,1,0,2025,3,9,7480000,5900000,1,3
202601,6,,신장/지산/서정,41220,22,0,0,0,1,0,6,31,04,8,2,없음,470,5,0,0,0,1,1,3,1,10,1,1,1,1,1,8,1,3,1,1,I,561,2,1,2,5,4,8,5,4,20300,1,1,0,5,4,8,5,4,20300,1,1,0,5,4,8,5,4,20300,1,1,0,2025,3,10,5380000,3380000,1,2
202601,6,,신장/지산/서정,41220,22,0,0,0,1,0,6,31,04,8,2,없음,470,5,0,0,0,1,1,3,1,10,1,1,1,1,1,8,1,3,2,1,I,561,2,1,2,3,4,7,3,4,14700,1,1,0,3,4,7,3,4,14700,1,1,0,3,4,7,3,4,14700,1,1,0,2025,3,10,5380000,3380000,1,2
202601,6,,신장/지산/서정,41220,22,0,0,0,1,0,2,12,03,1,1,595,없음,8,0,0,0,1,1,1,1,9,1,1,1,1,1,8,1,3,1,1,G,478,1,1,1,3,3,7,3,3,13200,1,1,0,3,3,7,3,3,13200,1,1,0,3,3,7,3,3,13200,1,1,0,2025,2,7,5290000,6980000,1,3
202601,6,,신장/지산/서정,41220,22,0,0,0,1,0,8,12,03,8,1,558,없음,6,0,0,0,1,1,2,1,10,1,1,1,1,1,8,1,3,1,1,S,961,2,1,2,3,4,7,3,4,15600,1,1,0,3,4,7,3,4,15600,1,1,0,3,4,7,3,4,15600,1,1,0,2025,3,10,6080000,7620000,1,3
202601,6,,신장/지산/서정,41220,22,0,0,0,1,0,2,11,03,1,1,617,없음,8,0,0,0,1,1,2,1,10,1,1,1,1,1,8,1,3,1,1,G,475,2,1,2,4,4,7,4,4,14800,1,1,0,4,4,7,4,4,14800,1,1,0,4,4,7,4,4,14800,1,1,0,2025,3,10,5010000,2300000,1,3
202601,6,,신장/지산/서정,41220,22,0,0,0,1,0,1,21,03,1,1,567,없음,9,0,0,0,1,1,2,1,9,1,1,1,1,1,8,1,3,1,1,G,475,1,1,1,4,4,7,4,3,18400,1,1,0,4,4,7,4,3,18400,1,1,0,4,4,7,4,3,18400,1,1,0,2025,3,7,6200000,3210000,1,2
202601,6,,신장/지산/서정,41220,22,0,0,0,1,0,1,21,03,1,1,567,없음,9,0,0,0,1,1,2,1,9,1,1,1,1,1,8,1,3,2,1,0,999,1,1,1,3,3,7,3,3,12300,1,1,0,3,3,7,3,3,12300,1,1,0,3,3,7,3,3,12300,1,1,0,2025,3,10,6200000,3210000,1,2
202601,6,,평택역,41220,22,0,0,0,1,0,1,12,04,10,1,506,345,6,0,0,0,2,2,3,1,10,1,2,1,1,1,8,2,3,1,6,0,999,3,1,4,1,1,1,5,5,15100,1,1,1,1,1,1,5,5,15100,1,1,1,1,1,1,5,5,15100,1,1,1,0,1,1,4580000,4950000,1,2
202601,6,,평택역,41220,22,0,0,0,1,0,1,12,03,6,1,500,70,6,0,0,0,2,2,4,1,10,2,1,1,1,1,8,2,3,1,1,I,561,4,1,4,6,6,8,6,6,20700,1,1,0,6,6,8,6,6,20700,1,1,0,6,6,8,6,6,20700,1,1,0,2025,3,8,4480000,8730000,1,1
202601,6,,평택역,41220,22,0,0,0,1,0,1,21,03,6,2,300,100,5,0,0,0,2,2,4,1,10,2,1,1,1,1,8,2,3,1,1,I,561,4,1,4,8,7,12,8,7,89500,1,1,0,8,7,12,8,7,89500,1,1,0,8,7,12,8,7,89500,1,1,0,2024,3,9,13800000,12640000,1,3
202601,6,,평택역,41220,22,0,0,0,1,0,1,21,03,6,2,300,100,5,0,0,0,2,2,4,1,10,2,1,1,1,1,8,2,3,2,1,S,961,3,1,3,6,6,8,6,6,32300,1,1,0,6,6,8,6,6,32300,1,1,0,6,6,8,6,6,32300,1,1,0,2024,3,9,13800000,12640000,1,3
202601,6,,평택역,41220,22,0,0,0,1,0,1,21,03,9,1,없음,50,4,0,0,0,2,2,4,1,9,2,1,1,1,1,8,2,3,1,1,Q,869,4,1,4,5,5,7,5,5,10900,1,1,0,5,5,7,5,5,10900,1,1,0,5,5,7,5,5,10900,1,1,0,2024,3,9,5800000,3470000,1,1
202601,6,,평택역,41220,22,0,0,0,1,0,1,21,03,9,1,없음,50,4,0,0,0,2,2,4,1,9,2,1,1,1,1,8,2,3,2,1,S,969,4,1,4,4,4,5,4,4,7900,1,1,0,4,4,5,4,4,7900,1,1,0,4,4,5,4,4,7900,1,1,0,2024,3,9,5800000,3470000,1,1
202601,6,,평택역,41220,22,0,0,0,1,1,1,21,04,8,2,307,150,4,0,0,0,2,2,4,1,10,2,1,1,1,1,8,2,3,-1,5,0,999,1,1,1,1,1,1,1,1,0,1,1,0,1,1,1,1,1,0,1,1,0,1,1,1,1,1,0,1,1,0,0,1,1,7460000,5030000,1,1
202601,6,,평택역,41220,22,0,0,0,1,1,1,21,04,8,2,307,150,4,0,0,0,2,2,4,1,10,2,1,1,1,1,8,2,3,1,1,I,561,4,1,4,6,6,7,6,6,16000,1,1,0,6,6,7,6,6,16000,1,1,0,6,6,7,6,6,16000,1,1,0,2025,3,8,7460000,5030000,1,1
202601,6,,평택역,41220,22,0,0,0,1,1,1,21,04,8,2,307,150,4,0,0,0,2,2,4,1,10,2,1,1,1,1,8,2,3,2,1,I,562,4,1,4,6,5,6,6,5,9000,1,1,0,6,5,6,6,5,9000,1,1,0,6,5,6,6,5,9000,1,1,0,2024,3,8,7460000,5030000,1,1
202601,6,,평택역,41220,22,0,0,0,1,0,1,12,16,8,1,394,479,6,0,0,0,2,2,4,1,9,1,2,1,1,1,8,2,3,1,6,0,999,4,1,4,1,1,1,6,6,17700,1,1,1,1,1,1,6,6,17700,1,1,1,1,1,1,6,6,17700,1,1,1,0,1,1,4350000,5680000,1,1
202601,6,,평택역,41220,22,0,0,0,1,0,1,12,16,8,1,402,505,6,0,0,0,2,1,3,1,9,1,1,1,1,1,8,2,3,1,1,I,562,1,1,1,4,5,10,4,5,55800,1,1,0,4,5,10,4,5,55800,1,1,0,4,5,10,4,5,55800,1,1,0,2024,3,8,4460000,5940000,1,2
202601,6,,평택역,41220,22,0,0,0,1,0,1,12,16,8,1,402,505,6,0,0,0,2,1,3,1,9,1,1,1,1,1,8,2,3,1,1,I,562,3,1,3,4,5,7,4,5,14800,1,1,0,4,5,7,4,5,14800,1,1,0,4,5,7,4,5,14800,1,1,0,2024,3,8,4460000,5940000,1,2
202601,6,,0.비상권,41220,13,0,0,0,1,0,5,21,03,8,2,500,200,7,0,1,0,2,2,4,1,9,2,1,1,1,1,8,2,3,1,1,G,471,3,1,4,5,4,7,5,4,9900,1,1,0,5,4,7,5,4,9900,1,1,0,5,4,7,5,4,9900,1,1,0,2024,3,9,2900000,1980000,1,1
202601,6,,0.비상권,41220,13,0,0,0,1,0,5,21,03,8,2,500,200,7,0,1,0,2,2,4,1,9,2,1,1,1,1,8,2,3,2,1,0,999,3,1,3,6,3,4,6,3,4500,1,1,0,6,3,4,6,3,4500,1,1,0,6,3,4,6,3,4500,1,1,0,2024,3,9,2900000,1980000,1,1
202601,6,,평택역,41220,22,0,0,0,1,0,7,32,04,8,1,500,50,9,0,0,0,1,1,2,1,10,1,1,1,1,1,8,1,3,1,1,I,562,2,1,2,3,3,7,3,3,13800,1,1,0,3,3,7,3,3,13800,1,1,0,3,3,7,3,3,13800,1,1,0,2025,3,10,3710000,5500000,1,3
202601,6,,평택역,41220,22,0,0,0,1,0,3,32,03,6,1,688,200,8,0,0,0,2,1,2,1,10,1,1,1,1,1,8,2,3,1,1,I,561,2,1,2,4,4,7,4,4,16900,1,1,0,4,4,7,4,4,16900,1,1,0,4,4,7,4,4,16900,1,1,0,2025,3,9,4050000,6850000,1,3
202601,6,,평택역,41220,22,0,0,0,1,0,4,19,04,6,1,500,150,7,0,0,0,1,1,2,1,9,1,1,1,1,1,8,1,3,1,1,R,912,2,1,2,6,5,9,6,5,36600,1,1,0,6,5,9,6,5,36600,1,1,0,6,5,9,6,5,36600,1,1,0,2025,3,8,4760000,8030000,1,2
202601,6,,평택역,41220,22,0,0,0,1,0,4,12,03,8,2,446,235,7,0,0,0,1,1,3,1,10,1,1,1,1,1,8,1,3,1,1,G,478,2,1,2,6,5,9,6,5,39300,1,1,0,6,5,9,6,5,39300,1,1,0,6,5,9,6,5,39300,1,1,0,2025,3,9,6460000,4630000,1,3
202601,6,,평택역,41220,22,0,0,0,1,0,4,12,03,8,2,446,235,7,0,0,0,1,1,3,1,10,1,1,1,1,1,8,1,3,2,2,0,999,2,1,2,1,1,1,4,3,10900,1,1,0,1,1,1,4,3,10900,1,1,0,1,1,1,4,3,10900,1,1,0,0,1,1,6460000,4630000,1,3
202601,6,,평택역,41220,22,0,0,0,1,0,3,19,03,5,1,295,23,4,0,0,0,3,2,4,1,10,2,1,1,1,1,8,3,3,1,1,G,472,1,1,1,5,4,9,6,4,38600,1,1,0,5,4,9,6,4,38600,1,1,0,5,4,9,6,4,38600,1,1,0,2025,3,10,7510000,15400000,1,2
202601,6,,평택역,41220,22,0,0,0,1,0,3,19,03,5,1,295,23,4,0,0,0,3,2,4,1,10,2,1,1,1,1,8,3,3,1,1,I,561,4,1,4,6,6,8,6,6,24800,1,1,0,6,6,8,6,6,24800,1,1,0,6,6,8,6,6,24800,1,1,0,2025,3,10,7510000,15400000,1,2
202601,6,,평택역,41220,22,0,0,0,1,0,3,19,03,5,1,295,23,4,0,0,0,3,2,4,1,10,2,1,1,1,1,8,3,3,1,1,S,961,2,1,2,6,5,9,6,6,43800,1,1,0,6,5,9,6,6,43800,1,1,0,6,5,9,6,6,43800,1,1,0,2024,4,9,7510000,15400000,1,2
202601,6,,평택역,41220,16,0,0,0,1,0,4,21,03,6,2,없음,100,4,0,0,0,2,2,4,2,9,2,1,2,1,1,8,2,3,1,1,S,969,2,1,2,3,3,6,3,3,9100,1,1,0,3,3,6,3,3,9100,1,1,0,3,3,6,3,3,9100,1,1,0,2025,3,9,2810000,2250000,1,2
202601,6,,평택역,41220,16,0,0,0,1,0,4,21,03,6,2,없음,100,4,0,0,0,2,2,4,2,9,2,1,2,1,1,8,2,3,1,1,G,463,2,1,2,3,3,6,3,3,9100,1,1,0,3,3,6,3,3,9100,1,1,0,3,3,6,3,3,9100,1,1,0,2024,3,9,2810000,2250000,1,2
202601,6,,평택역,41220,16,0,0,0,1,0,4,21,03,6,2,없음,100,4,0,0,0,2,2,4,2,9,2,1,2,1,1,8,2,3,2,2,0,999,4,1,4,1,1,1,4,4,7400,1,1,0,1,1,1,4,4,7400,1,1,0,1,1,1,4,4,7400,1,1,0,0,1,1,2810000,2250000,1,2
202601,6,,평택역,41220,16,0,0,0,1,0,1,21,04,1,1,없음,50,5,0,0,0,2,2,4,1,9,2,1,1,1,1,8,2,3,1,1,G,472,2,1,2,4,4,8,4,4,20800,1,1,0,4,4,8,4,4,20800,1,1,0,4,4,8,4,4,20800,1,1,0,2024,3,9,3900000,3270000,1,2
202601,6,,평택역,41220,16,0,0,0,1,0,1,21,04,1,1,없음,50,5,0,0,0,2,2,4,1,9,2,1,1,1,1,8,2,3,1,1,I,562,2,1,2,4,4,8,4,4,20800,1,1,0,4,4,8,4,4,20800,1,1,0,4,4,8,4,4,20800,1,1,0,2025,3,9,3900000,3270000,1,2
202601,6,,평택역,41220,16,0,0,0,1,0,1,21,04,1,1,없음,50,5,0,0,0,2,2,4,1,9,2,1,1,1,1,8,2,3,2,1,Q,862,3,1,3,5,4,7,5,4,11000,1,1,0,5,4,7,5,4,11000,1,1,0,5,4,7,5,4,11000,1,1,0,2024,3,9,3900000,3270000,1,2
202601,6,,평택역,41220,13,0,0,0,1,0,6,21,03,6,2,800,400,4,0,1,0,2,2,4,1,9,2,1,1,1,1,8,2,3,1,1,L,682,2,1,2,4,3,7,5,3,11600,1,1,0,4,3,7,5,3,11600,1,1,0,4,3,7,5,3,11600,1,1,0,2024,3,7,2820000,2570000,1,1
202601,6,,평택역,41220,13,0,0,0,1,0,6,21,03,6,2,800,400,4,0,1,0,2,2,4,1,9,2,1,1,1,1,8,2,3,1,1,I,561,2,1,2,4,3,7,4,3,13200,1,1,0,4,3,7,4,3,13200,1,1,0,4,3,7,4,3,13200,1,1,0,2024,3,7,2820000,2570000,1,1
202601,6,,평택역,41220,13,0,0,0,1,0,6,21,03,6,2,800,400,4,0,1,0,2,2,4,1,9,2,1,1,1,1,8,2,3,2,1,P,855,3,1,3,4,3,4,4,3,5000,1,1,0,4,3,4,4,3,5000,1,1,0,4,3,4,4,3,5000,1,1,0,2024,3,8,2820000,2570000,1,1
202601,6,,평택역,41220,13,0,0,0,1,0,4,21,03,6,2,815,799,5,0,1,0,2,2,4,1,10,1,1,1,1,1,8,2,3,1,1,G,472,3,1,3,5,5,7,5,5,13000,1,1,0,5,5,7,5,5,13000,1,1,0,5,5,7,5,5,13000,1,1,0,2025,3,10,3100000,2590000,1,2
202601,6,,평택역,41220,13,0,0,0,1,0,4,21,03,6,2,815,799,5,0,1,0,2,2,4,1,10,1,1,1,1,1,8,2,3,2,2,0,999,3,1,3,1,1,1,4,3,6300,1,1,0,1,1,1,4,3,6300,1,1,0,1,1,1,4,3,6300,1,1,0,0,1,1,3100000,2590000,1,2
202601,6,,평택역,41220,13,0,0,0,1,0,4,32,03,6,1,812,783,4,0,0,0,1,1,2,1,10,1,1,1,1,1,8,1,3,1,1,G,463,2,1,2,4,4,7,4,4,11200,1,1,0,4,4,7,4,4,11200,1,1,0,4,4,7,4,4,11200,1,1,0,2025,3,9,2340000,4040000,1,1
202601,6,,평택역,41220,13,0,0,0,1,0,5,21,04,6,2,846,100,5,0,1,0,2,2,4,2,9,2,1,1,1,1,8,2,3,1,1,I,562,2,1,2,4,4,7,5,4,11600,1,1,0,4,4,7,5,4,11600,1,1,0,4,4,7,5,4,11600,1,1,0,2024,3,9,2810000,2700000,1,2
202601,6,,평택역,41220,13,0,0,0,1,0,5,21,04,6,2,846,100,5,0,1,0,2,2,4,2,9,2,1,1,1,1,8,2,3,1,1,I,561,3,1,4,5,4,7,5,5,11100,1,1,0,5,4,7,5,5,11100,1,1,0,5,4,7,5,5,11100,1,1,0,2025,3,10,2810000,2700000,1,2
202601,6,,평택역,41220,13,0,0,0,1,0,5,21,04,6,2,846,100,5,0,1,0,2,2,4,2,9,2,1,1,1,1,8,2,3,2,1,S,969,4,1,4,4,4,4,4,4,4600,1,1,0,4,4,4,4,4,4600,1,1,0,4,4,4,4,4,4600,1,1,0,2026,3,10,2810000,2700000,1,2
202601,6,,평택역,41220,22,0,0,0,1,0,1,11,07,1,1,없음,50,4,0,0,0,2,2,4,1,10,1,1,1,1,1,8,2,3,1,1,G,475,1,1,2,6,3,8,6,3,21000,1,1,0,6,3,8,6,3,21000,1,1,0,6,3,8,6,3,21000,1,1,0,2025,3,8,5160000,6440000,1,1
202601,6,,평택역,41220,22,0,0,0,1,0,1,11,07,1,1,없음,50,4,0,0,0,2,2,4,1,10,1,1,1,1,1,8,2,3,1,2,0,999,2,1,2,1,1,1,4,4,9600,1,1,0,1,1,1,4,4,9600,1,1,0,1,1,1,4,4,9600,1,1,0,0,1,1,5160000,6440000,1,1
202601,6,,평택역,41220,22,0,0,0,1,0,1,11,07,1,1,없음,50,4,0,0,0,2,2,4,1,10,1,1,1,1,1,8,2,3,2,6,0,999,1,1,2,1,1,1,3,3,6000,1,1,1,1,1,1,3,3,6000,1,1,1,1,1,1,3,3,6000,1,1,1,0,1,1,5160000,6440000,1,1
202601,6,,평택역,41220,22,0,0,0,1,0,1,21,07,1,1,493,533,5,0,0,0,1,2,4,1,10,1,1,1,1,1,8,1,3,1,1,G,478,2,1,2,5,5,8,5,5,23600,1,1,0,5,5,8,5,5,23600,1,1,0,5,5,8,5,5,23600,1,1,0,2024,3,5,5590000,2920000,1,1
202601,6,,평택역,41220,22,0,0,0,1,0,1,21,07,1,1,493,533,5,0,0,0,1,2,4,1,10,1,1,1,1,1,8,1,3,1,1,I,562,1,1,1,4,4,8,4,4,22500,1,1,0,4,4,8,4,4,22500,1,1,0,4,4,8,4,4,22500,1,1,0,2024,3,10,5590000,2920000,1,1
202601,6,,평택역,41220,22,0,0,0,1,0,1,21,07,1,1,493,533,5,0,0,0,1,2,4,1,10,1,1,1,1,1,8,1,3,2,6,0,999,2,1,3,1,1,1,5,3,7100,1,1,1,1,1,1,5,3,7100,1,1,1,1,1,1,5,3,7100,1,1,1,0,1,1,5590000,2920000,1,1
202601,6,,평택역,41220,22,0,0,0,1,0,1,21,03,1,1,670,200,6,0,0,0,2,2,4,1,10,2,1,2,1,1,8,2,3,1,1,I,561,4,1,4,6,5,7,6,5,11200,1,1,0,6,5,7,6,5,11200,1,1,0,6,5,7,6,5,11200,1,1,0,2025,3,10,3270000,2360000,1,1
202601,6,,평택역,41220,22,0,0,0,1,0,1,21,03,1,1,670,200,6,0,0,0,2,2,4,1,10,2,1,2,1,1,8,2,3,2,2,0,999,4,1,4,1,1,1,7,2,4700,1,1,0,1,1,1,7,2,4700,1,1,0,1,1,1,7,2,4700,1,1,0,0,1,1,3270000,2360000,1,1
202601,6,,평택역,41220,22,0,0,0,1,0,5,11,03,8,1,625,671,6,0,0,0,1,1,2,1,10,1,1,1,1,1,8,1,3,1,1,S,961,1,1,1,3,3,7,3,3,19700,1,1,0,3,3,7,3,3,19700,1,1,0,3,3,7,3,3,19700,1,1,0,2025,3,9,3440000,4380000,1,1
202601,6,,평택역,41220,22,0,0,0,1,0,5,11,03,8,1,625,671,6,0,0,0,1,1,2,1,10,1,1,1,1,1,8,1,3,1,1,G,474,1,1,1,3,3,7,3,3,19100,1,1,0,3,3,7,3,3,19100,1,1,0,3,3,7,3,3,19100,1,1,0,2026,3,6,3440000,4380000,1,1
202601,6,,평택역,41220,22,0,0,0,1,0,1,51,03,1,1,없음,100,9,0,0,0,1,1,2,1,10,1,1,1,1,1,8,1,3,1,1,I,561,2,1,2,3,3,7,3,3,13500,1,1,0,3,3,7,3,3,13500,1,1,0,3,3,7,3,3,13500,1,1,0,2025,3,10,2500000,3420000,1,1
202601,6,,평택역,41220,22,0,0,0,1,0,3,11,03,6,1,661,718,9,0,0,0,1,1,3,1,10,1,1,1,1,1,8,1,3,1,1,I,561,3,1,3,3,3,5,3,3,7200,1,1,0,3,3,5,3,3,7200,1,1,0,3,3,5,3,3,7200,1,1,0,2024,3,10,2760000,3280000,1,1
202601,6,,평택역,41220,22,0,0,0,1,0,4,32,03,8,1,700,300,7,0,0,0,2,1,3,1,9,1,1,1,1,1,8,2,3,1,3,I,561,1,1,1,1,1,1,3,3,13800,1,1,0,1,1,1,3,3,13800,1,1,0,1,1,1,3,3,13800,1,1,0,2024,3,8,3010000,3820000,1,1
202601,6,,평택역,41220,22,0,0,0,1,0,4,32,03,8,1,700,300,7,0,0,0,2,1,3,1,9,1,1,1,1,1,8,2,3,1,1,M,732,3,1,3,5,4,7,5,4,11200,1,1,0,5,4,7,5,4,11200,1,1,0,5,4,7,5,4,11200,1,1,0,2024,3,8,3010000,3820000,1,1
202601,6,,평택역,41220,22,0,0,0,1,0,1,21,03,1,1,없음,200,4,0,0,0,1,1,2,1,10,1,1,1,1,1,8,1,3,1,1,G,463,1,1,2,4,3,7,4,3,15900,1,1,0,4,3,7,4,3,15900,1,1,0,4,3,7,4,3,15900,1,1,0,2024,3,10,3820000,1970000,1,2
202601,6,,평택역,41220,22,0,0,0,1,0,1,21,03,1,1,없음,200,4,0,0,0,1,1,2,1,10,1,1,1,1,1,8,1,3,2,1,G,463,1,1,2,3,3,6,3,3,9800,1,1,0,3,3,6,3,3,9800,1,1,0,3,3,6,3,3,9800,1,1,0,2024,3,10,3820000,1970000,1,2
202601,6,,평택역,41220,22,0,0,0,1,0,1,21,04,8,2,없음,50,4,0,0,0,1,2,4,1,9,2,1,1,1,1,8,1,3,1,1,S,969,2,1,2,3,3,7,3,3,13500,1,1,0,3,3,7,3,3,13500,1,1,0,3,3,7,3,3,13500,1,1,0,2024,3,9,4820000,3130000,1,2
202601,6,,평택역,41220,22,0,0,0,1,0,1,21,04,8,2,없음,50,4,0,0,0,1,2,4,1,9,2,1,1,1,1,8,1,3,1,1,I,561,2,1,2,3,3,7,3,3,13400,1,1,0,3,3,7,3,3,13400,1,1,0,3,3,7,3,3,13400,1,1,0,2024,3,10,4820000,3130000,1,2
202601,6,,평택역,41220,22,0,0,0,1,0,1,21,04,8,2,없음,50,4,0,0,0,1,2,4,1,9,2,1,1,1,1,8,1,3,2,1,S,969,3,1,3,4,4,6,4,4,8300,1,1,0,4,4,6,4,4,8300,1,1,0,4,4,6,4,4,8300,1,1,0,2025,3,9,4820000,3130000,1,2
202601,6,,동두천중앙로,41250,22,0,0,0,1,0,1,11,03,1,1,722,55,4,0,0,0,1,1,3,1,10,1,1,1,1,1,8,1,3,1,1,I,561,3,1,3,4,3,5,4,3,8000,1,1,0,4,3,5,4,3,8000,1,1,0,4,3,5,4,3,8000,1,1,0,2025,3,10,2370000,2260000,1,1
202601,6,,동두천중앙로,41250,22,0,0,0,1,0,1,11,03,1,1,722,55,4,0,0,0,1,1,3,1,10,1,1,1,1,1,8,1,3,2,2,0,999,1,1,1,1,1,1,2,2,7600,1,1,0,1,1,1,2,2,7600,1,1,0,1,1,1,2,2,7600,1,1,0,0,1,1,2370000,2260000,1,1
202601,6,,동두천중앙로,41250,22,14,0,0,1,0,1,12,03,1,1,776,152,6,0,0,0,2,1,3,1,10,1,1,1,1,1,8,2,3,1,1,I,561,3,1,3,6,3,5,6,3,6800,1,1,0,6,3,5,6,3,6800,1,1,0,6,3,5,6,3,6800,1,1,0,2025,3,7,1570000,2600000,1,1
202601,6,,동두천중앙로,41250,22,14,0,0,1,0,4,19,04,5,1,744,194,6,0,0,0,2,1,2,1,10,1,1,1,1,1,8,2,3,1,1,I,561,2,1,2,3,3,7,3,3,9700,1,1,0,3,3,7,3,3,9700,1,1,0,3,3,7,3,3,9700,1,1,0,2024,3,9,1660000,4130000,1,1
202601,6,,동두천중앙로,41250,22,0,0,0,1,0,3,11,04,8,1,616,157,6,0,0,0,2,2,4,1,10,2,1,1,1,1,8,2,3,1,1,I,561,4,1,4,4,3,4,4,3,5300,1,1,0,4,3,4,4,3,5300,1,1,0,4,3,4,4,3,5300,1,1,0,2025,3,9,2420000,2210000,1,1
202601,6,,동두천중앙로,41250,22,0,0,0,1,0,3,11,04,8,1,616,157,6,0,0,0,2,2,4,1,10,2,1,1,1,1,8,2,3,1,1,F,424,2,1,2,3,3,4,3,3,5200,1,1,0,3,3,4,3,3,5200,1,1,0,3,3,4,3,3,5200,1,1,0,2025,3,9,2420000,2210000,1,1
202601,6,,동두천중앙로,41250,22,0,0,0,1,0,1,21,03,1,1,629,177,7,0,0,0,2,2,4,1,10,1,1,1,1,1,8,2,3,1,1,I,561,1,1,1,3,3,6,3,3,7800,1,1,0,3,3,6,3,3,7800,1,1,0,3,3,6,3,3,7800,1,1,0,2025,3,9,2550000,1870000,1,1
202601,6,,동두천중앙로,41250,22,0,0,0,1,0,1,21,03,1,1,629,177,7,0,0,0,2,2,4,1,10,1,1,1,1,1,8,2,3,1,1,S,961,1,1,1,3,3,5,3,3,7300,1,1,0,3,3,5,3,3,7300,1,1,0,3,3,5,3,3,7300,1,1,0,2024,3,7,2550000,1870000,1,1
202601,6,,동두천중앙로,41250,22,0,0,0,1,0,1,21,03,1,1,629,177,7,0,0,0,2,2,4,1,10,1,1,1,1,1,8,2,3,1,1,S,961,1,1,1,3,3,6,3,3,7900,1,1,0,3,3,6,3,3,7900,1,1,0,3,3,6,3,3,7900,1,1,0,2025,3,10,2550000,1870000,1,1
202601,6,,동두천중앙로,41250,22,0,0,0,1,0,1,21,03,1,1,629,177,7,0,0,0,2,2,4,1,10,1,1,1,1,1,8,2,3,2,6,0,999,3,1,3,1,1,1,3,3,3500,1,1,1,1,1,1,3,3,3500,1,1,1,1,1,1,3,3,3500,1,1,1,0,1,1,2550000,1870000,1,1
202601,6,,동두천중앙로,41250,22,0,0,0,1,0,1,11,03,1,1,596,133,7,0,0,0,2,2,4,1,10,2,1,1,1,1,8,2,3,1,1,I,561,4,1,4,5,3,4,6,3,5300,1,1,0,5,3,4,6,3,5300,1,1,0,5,3,4,6,3,5300,1,1,0,2024,3,7,2490000,2770000,1,1
202601,6,,동두천중앙로,41250,22,0,300,0,1,0,1,12,03,1,1,없음,50,4,0,0,0,2,1,3,1,10,1,1,1,1,1,8,2,3,1,1,G,474,3,1,3,6,5,8,6,5,25200,1,1,0,6,5,8,6,5,25200,1,1,0,6,5,8,6,5,25200,1,1,0,2025,3,8,5200000,7210000,1,1
202601,6,,동두천중앙로,41250,22,0,0,0,1,0,1,51,03,1,1,645,21,5,0,0,0,2,2,4,1,10,1,1,1,1,1,8,2,3,1,1,G,473,3,1,3,3,4,6,3,4,10200,1,1,0,3,4,6,3,4,10200,1,1,0,3,4,6,3,4,10100,1,1,0,2024,3,9,2810000,3680000,1,1
202601,6,,동두천중앙로,41250,22,0,0,0,1,0,1,51,03,1,1,645,21,5,0,0,0,2,2,4,1,10,1,1,1,1,1,8,2,3,1,2,0,999,2,1,2,1,1,1,2,3,3500,1,1,0,1,1,1,2,3,3500,1,1,0,1,1,1,2,3,3500,1,1,0,0,1,1,2810000,3680000,1,1
202601,6,,동두천중앙로,41250,22,0,300,0,1,0,1,11,04,1,1,638,115,9,0,0,0,1,1,2,1,10,1,1,1,1,1,8,1,3,1,1,I,561,2,1,2,4,3,5,4,3,8500,1,1,0,4,3,5,4,3,8500,1,1,0,4,3,5,4,3,8500,1,1,0,2024,3,9,2230000,2580000,1,1
202601,6,,동두천중앙로,41250,22,0,300,0,1,0,1,51,04,1,1,430,53,5,0,0,0,1,1,1,1,10,1,1,1,1,1,8,1,3,1,1,G,463,1,1,1,5,4,9,5,4,24700,1,1,0,5,4,9,5,4,24700,1,1,0,5,4,9,5,4,24700,1,1,0,2024,3,10,3830000,3990000,1,3
202601,6,,동두천중앙로,41250,22,0,0,0,1,0,5,31,03,6,1,322,81,4,0,0,0,2,2,4,1,10,2,1,1,1,1,8,2,3,1,1,I,562,4,1,4,7,6,8,6,6,25700,2,1,0,7,6,8,6,6,25700,2,1,0,7,6,8,6,6,25700,2,1,0,2026,4,8,3940000,8210000,1,2
202601,6,,동두천중앙로,41250,22,0,0,0,1,0,1,51,04,1,1,190,140,4,0,0,0,1,1,2,1,10,1,1,1,1,1,8,1,3,1,6,0,999,1,1,1,1,1,1,5,3,25800,1,1,1,1,1,1,5,3,25800,1,1,1,1,1,1,5,3,25800,1,1,1,0,1,1,3600000,4020000,1,3
202601,6,,동두천중앙로,41250,22,0,0,0,1,0,1,51,04,1,1,190,140,4,0,0,0,1,1,2,1,10,1,1,1,1,1,8,1,3,1,1,I,561,1,1,1,4,3,8,4,3,25100,1,1,0,4,3,8,4,3,25100,1,1,0,4,3,8,4,3,25100,1,1,0,2024,3,8,3600000,4020000,1,3
202601,6,,동두천중앙로,41250,22,0,0,0,1,0,1,51,04,1,1,190,140,4,0,0,0,1,1,2,1,10,1,1,1,1,1,8,1,3,1,1,Q,872,1,1,1,3,3,8,4,3,25100,1,1,0,3,3,8,4,3,25100,1,1,0,3,3,8,4,3,25100,1,1,0,2025,3,10,3600000,4020000,1,3
202601,6,,동두천중앙로,41250,22,0,0,0,1,0,8,31,04,7,1,없음,80,7,0,0,0,2,1,3,1,8,1,1,1,1,1,8,2,3,1,1,I,561,2,1,2,5,4,7,5,4,15400,1,1,0,5,4,7,5,4,15400,1,1,0,5,4,7,5,4,15400,1,1,0,2024,3,9,3030000,4690000,1,2
202601,6,,동두천중앙로,41250,22,0,0,0,1,0,8,31,04,7,1,없음,80,7,0,0,0,2,1,3,1,8,1,1,1,1,1,8,2,3,1,1,S,961,1,1,1,4,3,7,4,3,18700,1,1,0,4,3,7,4,3,18700,1,1,0,4,3,7,4,3,18700,1,1,0,2025,3,10,3030000,4690000,1,2
202601,6,,동두천중앙로,41250,22,0,300,0,1,0,5,32,04,3,1,50,250,4,0,0,0,3,1,3,1,9,1,1,1,1,1,8,3,3,1,1,I,561,2,1,2,5,4,7,5,4,21100,1,1,0,5,4,7,5,4,21100,1,1,0,5,4,7,5,4,21100,1,1,0,2024,3,7,3060000,12050000,1,2
202601,6,,동두천중앙로,41250,22,0,300,0,1,0,5,32,04,3,1,50,250,4,0,0,0,3,1,3,1,9,1,1,1,1,1,8,3,3,1,1,G,464,2,1,2,4,4,7,5,4,21100,1,1,0,4,4,7,5,4,21100,1,1,0,4,4,7,5,4,21100,1,1,0,2025,3,10,3060000,12050000,1,2
202601,6,,동두천중앙로,41250,22,0,0,0,1,0,8,32,03,7,1,250,59,9,0,0,0,1,1,2,1,10,1,1,1,1,1,8,1,3,1,1,I,561,2,1,2,4,3,6,4,3,9400,1,1,0,4,3,6,4,3,9400,1,1,0,4,3,6,4,3,9400,1,1,0,2025,3,9,1810000,2580000,1,1
202601,6,,동두천중앙로,41250,22,0,0,0,1,0,1,12,03,1,1,289,53,4,0,0,0,1,1,3,1,10,1,1,1,1,1,8,1,3,1,1,G,474,3,1,3,6,5,8,6,5,24900,1,1,0,6,5,8,6,5,24900,1,1,0,6,5,8,6,5,24900,1,1,0,2025,2,8,3860000,3940000,1,2
202601,6,,동두천중앙로,41250,22,0,0,0,1,0,1,21,03,1,1,250,80,5,0,0,0,1,1,2,1,10,1,1,1,1,1,8,1,3,1,1,S,949,1,1,1,4,4,8,4,4,26600,1,1,0,4,4,8,4,4,26600,1,1,0,4,4,8,4,4,26600,1,1,0,2024,3,8,3480000,5950000,1,2
202601,6,,동두천중앙로,41250,22,0,0,0,1,0,1,21,03,1,1,250,80,5,0,0,0,1,1,2,1,10,1,1,1,1,1,8,1,3,1,1,S,949,1,1,1,4,3,8,4,3,26600,1,1,0,4,3,8,4,3,26600,1,1,0,4,3,8,4,3,26600,1,1,0,2024,3,9,3480000,5950000,1,2
202601,6,,동두천중앙로,41250,22,0,0,0,1,0,8,21,03,8,2,280,70,5,0,0,0,1,2,4,1,10,1,2,1,1,1,8,1,3,1,6,0,999,2,1,2,1,1,1,6,5,29900,1,1,1,1,1,1,6,5,29900,1,1,1,1,1,1,6,5,29900,1,1,1,0,1,1,5800000,4060000,1,3
202601,6,,동두천중앙로,41250,22,0,0,0,1,0,8,21,03,8,2,280,70,5,0,0,0,1,2,4,1,10,1,2,1,1,1,8,1,3,2,6,0,999,2,1,2,1,1,1,6,4,12100,1,1,1,1,1,1,6,4,12100,1,1,1,1,1,1,6,4,12100,1,1,1,0,1,1,5800000,4060000,1,3
202601,6,,동두천중앙로,41250,22,0,0,0,1,0,1,21,03,1,1,355,38,6,0,0,0,2,2,4,1,10,2,2,1,1,1,8,2,3,1,6,0,999,1,1,1,1,1,1,3,3,8500,1,1,1,1,1,1,3,3,8500,1,1,1,1,1,1,3,3,8500,1,1,1,0,1,1,2420000,1570000,1,1
202601,6,,동두천중앙로,41250,22,0,0,0,1,0,1,21,03,1,1,355,38,6,0,0,0,2,2,4,1,10,2,2,1,1,1,8,2,3,1,1,G,472,4,1,4,5,4,6,5,4,8400,1,1,0,5,4,6,5,4,8400,1,1,0,5,4,6,5,4,8400,1,1,0,2025,3,7,2420000,1570000,1,1
202601,6,,동두천중앙로,41250,22,0,0,0,1,0,1,21,03,1,1,355,38,6,0,0,0,2,2,4,1,10,2,2,1,1,1,8,2,3,2,6,0,999,4,1,4,1,1,1,4,3,3500,1,1,1,1,1,1,4,3,3500,1,1,1,1,1,1,4,3,3500,1,1,1,0,1,1,2420000,1570000,1,1
202601,6,,동두천중앙로,41250,22,0,0,0,1,0,6,32,03,6,1,538,46,4,0,0,0,1,1,2,1,10,1,1,1,1,1,8,1,3,1,1,G,472,2,1,2,4,3,7,4,3,12200,1,1,0,4,3,7,4,3,12200,1,1,0,4,3,7,4,3,12200,1,1,0,2024,3,9,2050000,3480000,1,1
202601,6,,동두천중앙로,41250,22,0,800,0,1,0,6,31,03,8,1,488,59,4,0,0,0,1,1,2,1,10,1,1,1,1,1,8,1,3,1,1,I,561,2,1,2,4,3,7,4,3,11200,1,1,0,4,3,7,4,3,11200,1,1,0,4,3,7,4,3,11200,1,1,0,2025,3,8,2250000,2860000,1,1
202601,6,,0.비상권,41273,14,0,0,0,1,0,5,21,03,6,1,460,160,2,0,0,0,2,2,4,1,10,2,1,1,1,1,8,2,3,1,1,S,961,2,1,2,4,4,8,4,4,21000,1,1,0,4,4,8,4,4,21000,1,1,0,4,4,8,4,4,21000,1,1,0,2025,3,10,5650000,9440000,1,1
202601,6,,0.비상권,41273,14,0,0,0,1,0,5,21,03,6,1,460,160,2,0,0,0,2,2,4,1,10,2,1,1,1,1,8,2,3,1,1,I,561,2,1,2,4,4,8,4,4,20400,1,1,0,4,4,8,4,4,20400,1,1,0,4,4,8,4,4,20400,1,1,0,2024,3,10,5650000,9440000,1,1
202601,6,,0.비상권,41273,14,0,0,0,1,0,5,21,03,6,1,460,160,2,0,0,0,2,2,4,1,10,2,1,1,1,1,8,2,3,1,1,I,561,3,1,3,5,5,8,5,5,20500,1,1,0,5,5,8,5,5,20500,1,1,0,5,5,8,5,5,20500,1,1,0,2025,3,10,5650000,9440000,1,1
202601,6,,0.비상권,41281,13,0,0,0,1,0,5,21,04,5,1,없음,80,6,0,1,0,2,2,4,1,10,2,1,1,1,1,8,2,3,1,1,I,561,4,1,4,6,6,7,6,6,16600,1,1,0,6,6,7,6,6,16600,1,1,0,6,6,7,6,6,16300,1,1,0,2025,3,10,2960000,4300000,1,2
202601,6,,0.비상권,41281,13,0,0,0,1,0,5,21,04,5,1,없음,80,6,0,1,0,2,2,4,1,10,2,1,1,1,1,8,2,3,2,2,F,422,3,1,3,1,1,1,4,3,7300,1,1,0,1,1,1,4,3,7300,1,1,0,1,1,1,4,3,7300,1,1,0,0,1,1,2960000,4300000,1,2
202601,6,,0.비상권,41281,44,43,0,0,1,0,8,31,04,5,1,없음,100,6,0,1,0,2,2,4,2,9,2,1,1,1,1,8,2,3,1,1,I,561,4,1,4,6,6,8,6,6,20400,1,1,0,6,6,8,6,6,20400,1,1,0,6,6,8,6,6,20400,1,1,0,2025,3,10,2650000,3780000,1,3
202601,6,,0.비상권,41281,44,43,0,0,1,0,8,31,04,5,1,없음,100,6,0,1,0,2,2,4,2,9,2,1,1,1,1,8,2,3,2,1,I,561,2,1,2,4,4,7,4,4,12900,1,1,0,4,4,7,4,4,12900,1,1,0,4,4,7,4,4,12900,1,1,0,2025,3,10,2650000,3780000,1,3
202601,6,,0.비상권,41281,44,43,0,0,1,0,8,21,04,6,1,없음,200,6,0,1,0,2,2,4,2,8,2,1,1,1,1,8,2,3,1,1,I,561,4,1,4,7,6,7,7,6,17600,1,1,0,7,6,7,7,6,17600,1,1,0,7,6,7,7,6,17600,1,1,0,2022,5,10,2570000,2840000,1,1
202601,6,,0.비상권,41281,44,43,0,0,1,0,8,21,04,6,1,없음,200,6,0,1,0,2,2,4,2,8,2,1,1,1,1,8,2,3,2,1,I,561,3,1,4,5,4,6,5,4,9600,1,1,0,5,4,6,5,4,9600,1,1,0,5,4,6,5,4,9600,1,1,0,2022,5,10,2570000,2840000,1,1
202601,6,,0.비상권,41281,13,0,0,0,1,0,7,31,04,3,1,없음,100,7,0,1,0,4,2,4,1,10,2,1,1,1,1,8,4,3,1,1,I,561,4,1,4,7,6,7,7,6,16600,1,1,0,7,6,7,7,6,16600,1,1,0,7,6,7,7,6,16600,1,1,0,2025,3,10,2140000,7860000,1,3
202601,6,,0.비상권,41281,13,0,0,0,1,0,1,11,04,5,1,없음,10,8,0,0,0,2,2,4,1,10,2,1,1,1,1,8,2,3,1,1,I,561,4,1,4,6,5,7,6,5,14000,1,1,0,6,5,7,6,5,14000,1,1,0,6,5,7,6,5,14000,1,1,0,2025,3,10,2380000,5090000,1,2
202601,6,,고양시청,41281,16,0,0,0,1,0,3,21,03,6,1,650,100,6,0,0,0,2,2,4,1,10,2,1,1,1,1,8,2,3,1,1,G,476,2,1,2,4,4,7,4,4,16400,1,1,0,4,4,7,4,4,16400,1,1,0,4,4,7,4,4,16400,1,1,0,2025,3,9,5030000,8420000,1,2
202601,6,,고양시청,41281,16,0,0,0,1,0,3,21,03,6,1,650,100,6,0,0,0,2,2,4,1,10,2,1,1,1,1,8,2,3,1,1,G,452,2,1,2,4,4,7,4,4,16400,1,1,0,4,4,7,4,4,16400,1,1,0,4,4,7,4,4,16400,1,1,0,2024,3,10,5030000,8420000,1,2
202601,6,,고양시청,41281,16,0,0,0,1,0,3,21,03,6,1,650,100,6,0,0,0,2,2,4,1,10,2,1,1,1,1,8,2,3,1,1,G,476,2,1,2,4,4,7,4,4,16700,1,1,0,4,4,7,4,4,16700,1,1,0,4,4,7,4,4,16700,1,1,0,2024,3,10,5030000,8420000,1,2
202601,6,,고양시청,41281,16,0,0,0,1,0,3,21,03,6,1,650,100,6,0,0,0,2,2,4,1,10,2,1,1,1,1,8,2,3,1,1,I,562,2,1,2,4,4,7,4,4,16700,1,1,0,4,4,7,4,4,16700,1,1,0,4,4,7,4,4,16700,1,1,0,2024,3,10,5030000,8420000,1,2
202601,6,,고양시청,41281,16,0,0,0,1,0,3,19,03,1,1,600,100,6,0,0,0,2,2,4,1,10,2,1,1,1,1,8,2,3,1,1,I,562,2,1,2,5,4,8,5,4,22000,1,1,0,5,4,8,5,4,22000,1,1,0,5,4,8,5,4,22000,1,1,0,2025,3,9,7490000,12570000,1,2
202601,6,,고양시청,41281,16,0,0,0,1,0,3,19,03,1,1,600,100,6,0,0,0,2,2,4,1,10,2,1,1,1,1,8,2,3,1,1,I,561,2,1,2,5,4,8,5,4,21300,1,1,0,5,4,8,5,4,21300,1,1,0,5,4,8,5,4,21300,1,1,0,2025,3,6,7490000,12570000,1,2
202601,6,,고양시청,41281,16,0,0,0,1,0,3,19,03,1,1,600,100,6,0,0,0,2,2,4,1,10,2,1,1,1,1,8,2,3,1,1,I,561,2,1,2,5,4,8,5,4,21800,1,1,0,5,4,8,5,4,21800,1,1,0,5,4,8,5,4,21800,1,1,0,2025,3,7,7490000,12570000,1,2
202601,6,,고양시청,41281,16,0,0,0,1,1,2,11,03,1,1,600,100,6,0,0,0,2,2,4,1,10,2,1,1,1,1,8,2,3,-1,1,R,912,2,1,3,5,3,5,5,3,8000,1,1,0,5,3,5,5,3,8000,1,1,0,5,3,5,5,3,8000,1,1,0,2025,3,9,5570000,3190000,1,2
202601,6,,고양시청,41281,16,0,0,0,1,1,2,11,03,1,1,600,100,6,0,0,0,2,2,4,1,10,2,1,1,1,1,8,2,3,1,1,I,561,2,1,3,5,5,7,6,5,18600,1,1,0,5,5,7,6,5,18600,1,1,0,5,5,7,6,5,18600,1,1,0,2025,3,9,5570000,3190000,1,2
202601,6,,고양시청,41281,16,0,0,0,1,1,2,11,03,1,1,600,100,6,0,0,0,2,2,4,1,10,2,1,1,1,1,8,2,3,2,1,I,562,2,1,3,5,4,6,5,4,10900,1,1,0,5,4,6,5,4,10900,1,1,0,5,4,6,5,4,10900,1,1,0,2025,3,9,5570000,3190000,1,2
202601,6,,고양시청,41281,16,0,0,0,1,0,3,11,03,1,1,500,50,1,0,0,0,3,2,4,1,10,2,1,1,1,1,8,3,3,1,1,I,562,2,1,2,5,5,8,5,5,29500,1,1,0,5,5,8,5,5,29500,1,1,0,5,5,8,5,5,29500,1,1,0,2026,3,8,5380000,10040000,1,1
202601,6,,고양시청,41281,16,0,0,0,1,0,3,11,03,1,1,500,50,1,0,0,0,3,2,4,1,10,2,1,1,1,1,8,3,3,1,1,G,461,2,1,2,5,5,8,5,5,29500,1,1,0,5,5,8,5,5,29500,1,1,0,5,5,8,5,5,29500,1,1,0,2025,3,10,5380000,10040000,1,1
202601,6,,고양시청,41281,16,0,0,0,1,0,3,11,03,1,1,500,50,1,0,0,0,3,2,4,1,10,2,1,1,1,1,8,3,3,1,1,I,561,4,1,4,6,6,8,6,6,27400,1,1,0,6,6,8,6,6,27400,1,1,0,6,6,8,6,6,27400,1,1,0,2025,3,10,5380000,10040000,1,1
202601,6,,고양시청,41281,16,0,0,0,1,0,3,11,03,1,1,500,50,1,0,0,0,3,2,4,1,10,2,1,1,1,1,8,3,3,1,1,I,561,2,1,2,5,5,8,5,5,29300,1,1,0,5,5,8,5,5,29300,1,1,0,5,5,8,5,5,29300,1,1,0,2025,3,9,5380000,10040000,1,1
202601,6,,고양시청,41281,16,0,0,0,1,0,4,11,03,6,1,700,50,6,0,0,0,3,2,4,1,10,2,1,1,1,1,8,3,3,1,1,I,561,2,1,2,4,4,7,4,4,12300,1,1,0,4,4,7,4,4,12300,1,1,0,4,4,7,4,4,12300,1,1,0,2024,3,9,5110000,8920000,1,2
202601,6,,고양시청,41281,16,0,0,0,1,0,4,11,03,6,1,700,50,6,0,0,0,3,2,4,1,10,2,1,1,1,1,8,3,3,1,1,I,561,4,1,4,6,5,7,6,5,12500,1,1,0,6,5,7,6,5,12500,1,1,0,6,5,7,6,5,12500,1,1,0,2026,3,10,5110000,8920000,1,2
202601,6,,고양시청,41281,16,0,0,0,1,0,3,19,03,6,1,400,50,6,0,0,0,2,2,4,1,10,2,1,1,1,1,8,2,3,1,1,G,474,2,1,2,4,4,8,4,4,20600,1,1,0,4,4,8,4,4,20600,1,1,0,4,4,8,4,4,20600,1,1,0,2024,3,9,4620000,8720000,1,2
202601,6,,고양시청,41281,16,0,0,0,1,0,3,19,03,6,1,400,50,6,0,0,0,2,2,4,1,10,2,1,1,1,1,8,2,3,1,1,I,561,3,1,3,6,5,7,6,5,19700,1,1,0,6,5,7,6,5,19700,1,1,0,6,5,7,6,5,19700,1,1,0,2024,3,9,4620000,8720000,1,2
202601,6,,고양시청,41281,16,0,0,0,1,0,3,19,03,6,1,400,50,6,0,0,0,2,2,4,1,10,2,1,1,1,1,8,2,3,1,1,C,105,2,1,2,5,4,8,5,4,20100,1,1,0,5,4,8,5,4,20100,1,1,0,5,4,8,5,4,20100,1,1,0,2024,3,9,4620000,8720000,1,2
202601,6,,0.비상권,41281,13,0,0,0,1,0,8,31,04,4,1,600,100,3,0,0,0,2,1,3,1,9,1,1,1,1,1,8,2,2,1,1,G,466,2,1,2,5,5,8,5,5,23900,1,1,0,5,5,8,5,5,23900,1,1,0,5,5,8,5,5,23900,1,1,0,2025,3,10,5270000,7280000,1,3
202601,6,,0.비상권,41281,13,0,0,0,1,0,8,31,04,4,1,600,100,3,0,0,0,2,1,3,1,9,1,1,1,1,1,8,2,2,2,6,0,999,2,1,2,1,1,1,4,4,13600,1,1,1,1,1,1,4,4,13600,1,1,1,1,1,1,4,4,13600,1,1,1,0,1,1,5270000,7280000,1,3
202601,6,,0.비상권,41281,13,0,0,0,1,0,1,21,03,7,1,30,100,3,0,0,0,2,1,3,1,10,1,1,1,1,1,8,2,3,1,1,I,561,3,1,3,7,7,10,7,7,54700,1,1,0,7,7,10,7,7,54700,1,1,0,7,7,10,7,7,54700,1,1,0,2025,3,10,7220000,11350000,1,3
202601,6,,0.비상권,41281,13,0,0,0,1,1,1,21,03,6,1,100,5,1,0,0,0,2,2,4,1,10,1,1,1,1,1,8,2,3,-1,6,0,999,1,1,1,1,1,1,3,3,20000,1,1,1,1,1,1,3,3,20000,1,1,1,1,1,1,3,3,20000,1,1,1,0,1,1,6220000,8690000,1,3
202601,6,,0.비상권,41281,13,0,0,0,1,1,1,21,03,6,1,100,5,1,0,0,0,2,2,4,1,10,1,1,1,1,1,8,2,3,-1,6,0,999,1,1,1,1,1,1,3,3,18100,1,1,1,1,1,1,3,3,18100,1,1,1,1,1,1,3,3,18100,1,1,1,0,1,1,6220000,8690000,1,3
202601,6,,0.비상권,41281,13,0,0,0,1,1,1,21,03,6,1,100,5,1,0,0,0,2,2,4,1,10,1,1,1,1,1,8,2,3,1,1,G,474,1,1,1,5,5,9,5,5,41700,1,1,0,5,5,9,5,5,41700,1,1,0,5,5,9,5,5,41700,1,1,0,2025,2,10,6220000,8690000,1,3
202601,6,,0.비상권,41281,13,0,0,0,1,1,1,21,03,6,1,100,5,1,0,0,0,2,2,4,1,10,1,1,1,1,1,8,2,3,1,3,G,478,1,1,1,1,1,1,5,5,43000,1,1,0,1,1,1,5,5,43000,1,1,0,1,1,1,5,5,43000,1,1,0,2023,5,7,6220000,8690000,1,3
202601,6,,0.비상권,41281,13,0,0,0,1,1,1,21,03,6,1,100,5,1,0,0,0,2,2,4,1,10,1,1,1,1,1,8,2,3,1,1,I,561,1,1,1,5,5,9,5,5,43000,1,1,0,5,5,9,5,5,43000,1,1,0,5,5,9,5,5,43000,1,1,0,2025,3,10,6220000,8690000,1,3
202601,6,,0.비상권,41281,13,0,0,0,1,1,1,21,03,6,1,100,5,1,0,0,0,2,2,4,1,10,1,1,1,1,1,8,2,3,1,1,G,472,1,1,1,5,5,9,5,5,43000,1,1,0,5,5,9,5,5,43000,1,1,0,5,5,9,5,5,43000,1,1,0,2025,3,10,6220000,8690000,1,3
202601,6,,0.비상권,41281,13,0,0,0,1,0,6,21,04,6,1,350,50,1,0,1,0,2,2,4,1,10,2,1,1,1,1,8,2,3,1,1,S,961,2,1,2,5,4,8,5,4,28900,1,1,0,5,4,8,5,4,28900,1,1,0,5,4,8,5,4,28900,1,1,0,2025,3,10,5700000,5750000,1,2
202601,6,,0.비상권,41281,13,0,0,0,1,0,6,21,04,6,1,350,50,1,0,1,0,2,2,4,1,10,2,1,1,1,1,8,2,3,1,1,I,561,3,1,3,6,6,9,6,6,31100,1,1,0,6,6,9,6,6,31100,1,1,0,6,6,9,6,6,31100,1,1,0,2024,3,9,5700000,5750000,1,2
202601,6,,0.비상권,41281,13,0,0,0,1,0,6,21,04,6,1,350,50,1,0,1,0,2,2,4,1,10,2,1,1,1,1,8,2,3,2,1,S,949,4,1,4,6,5,7,6,5,14200,1,1,0,6,5,7,6,5,14200,1,1,0,6,5,7,6,5,14200,1,1,0,2024,3,9,5700000,5750000,1,2
202601,6,,0.비상권,41281,13,0,0,0,1,1,3,21,04,6,2,200,100,7,0,0,0,2,2,4,1,10,2,1,1,1,1,8,2,3,-1,6,0,999,3,1,3,1,1,1,4,4,7500,1,1,1,1,1,1,4,4,7500,1,1,1,1,1,1,4,4,7500,1,1,1,0,1,1,6790000,4000000,1,2
202601,6,,0.비상권,41281,13,0,0,0,1,1,3,21,04,6,2,200,100,7,0,0,0,2,2,4,1,10,2,1,1,1,1,8,2,3,1,1,I,561,3,1,3,5,6,9,5,6,37300,1,1,0,5,6,9,5,6,37300,1,1,0,5,6,9,5,6,37300,1,1,0,2024,3,10,6790000,4000000,1,2
202601,6,,0.비상권,41281,13,0,0,0,1,1,3,21,04,6,2,200,100,7,0,0,0,2,2,4,1,10,2,1,1,1,1,8,2,3,1,1,I,561,1,1,1,4,5,9,4,5,43100,1,1,0,4,5,9,4,5,43100,1,1,0,4,5,9,4,5,43100,1,1,0,2024,3,10,6790000,4000000,1,2
202601,6,,0.비상권,41281,13,0,0,0,1,1,3,21,04,6,2,200,100,7,0,0,0,2,2,4,1,10,2,1,1,1,1,8,2,3,2,1,N,751,3,1,3,5,5,7,5,5,12000,1,1,0,5,5,7,5,5,12000,1,1,0,5,5,7,5,5,12000,1,1,0,2025,3,10,6790000,4000000,1,2
202601,6,,0.비상권,41281,13,43,0,0,1,0,1,11,04,6,1,400,30,1,0,0,0,2,2,4,1,10,2,1,1,1,1,8,2,3,1,1,I,561,2,1,2,5,5,9,5,5,35200,1,1,0,5,5,9,5,5,35200,1,1,0,5,5,9,5,5,35200,1,1,0,2025,3,9,5560000,9400000,1,1
202601,6,,0.비상권,41281,13,43,0,0,1,0,1,11,04,6,1,400,30,1,0,0,0,2,2,4,1,10,2,1,1,1,1,8,2,3,1,1,I,561,2,1,2,5,5,8,5,5,29500,1,1,0,5,5,8,5,5,29500,1,1,0,5,5,8,5,5,29500,1,1,0,2024,3,10,5560000,9400000,1,1
202601,6,,0.비상권,41281,13,43,0,0,1,0,1,21,04,7,1,250,150,1,0,0,0,2,2,3,1,10,2,1,1,1,1,8,2,3,1,1,I,561,2,1,2,5,5,8,5,5,30000,1,1,0,5,5,8,5,5,30000,1,1,0,5,5,8,5,5,30000,1,1,0,2025,3,10,5520000,9180000,1,3
202601,6,,0.비상권,41281,13,43,0,0,1,0,1,21,04,7,1,250,150,1,0,0,0,2,2,3,1,10,2,1,1,1,1,8,2,3,1,1,G,476,2,1,2,5,5,8,5,5,25600,1,1,0,5,5,8,5,5,25600,1,1,0,5,5,8,5,5,25600,1,1,0,2025,3,10,5520000,9180000,1,3
202601,6,,0.비상권,41281,13,0,0,0,1,0,6,31,04,2,1,500,50,9,0,1,0,4,2,4,1,10,2,1,1,1,1,8,4,3,1,1,I,562,4,1,4,6,6,8,6,6,22000,1,1,0,6,6,8,6,6,22000,1,1,0,6,6,8,6,6,22000,1,1,0,2025,3,10,5060000,25340000,1,3
202601,6,,0.비상권,41281,14,0,0,0,1,0,1,12,04,4,1,없음,100,4,1,0,0,2,1,3,1,10,1,1,1,1,1,8,2,3,1,1,I,561,3,1,3,6,5,8,6,5,24000,1,1,0,6,5,8,6,5,24000,1,1,0,6,5,8,6,5,24000,1,1,0,2024,3,10,2860000,8200000,1,3
202601,6,,0.비상권,41281,13,0,0,0,1,0,7,21,04,5,1,없음,50,6,0,1,0,3,2,4,1,10,2,1,1,1,1,8,3,3,1,1,I,561,4,1,4,7,6,9,7,6,32000,1,1,0,7,6,9,7,6,32000,1,1,0,7,6,9,7,6,32000,1,1,0,2026,3,10,2420000,5290000,1,3
202601,6,,0.비상권,41285,64,0,0,0,1,0,5,31,04,4,1,없음,50,8,0,1,0,2,2,4,2,9,2,1,1,1,1,8,2,3,1,6,0,999,2,1,2,1,1,1,5,5,19800,1,1,1,1,1,1,5,5,19800,1,1,1,1,1,1,5,5,19800,1,1,1,0,1,1,2960000,3700000,1,1
202601,6,,0.비상권,41285,64,0,0,0,1,0,5,31,04,4,1,없음,50,8,0,1,0,2,2,4,2,9,2,1,1,1,1,8,2,3,1,1,I,561,2,1,2,5,5,8,5,5,19800,1,1,0,5,5,8,5,5,19800,1,1,0,5,5,8,5,5,19800,1,1,0,2025,2,10,2960000,3700000,1,1
202601,6,,0.비상권,41285,64,0,0,0,1,0,5,31,04,4,1,없음,50,8,0,1,0,2,2,4,2,9,2,1,1,1,1,8,2,3,2,1,S,949,3,1,4,5,4,4,5,4,5700,1,1,0,5,4,4,5,4,5700,1,1,0,5,4,4,5,4,5700,1,1,0,2024,3,8,2960000,3700000,1,1
202601,6,,0.비상권,41285,64,0,0,0,1,0,5,32,04,4,1,없음,100,3,0,1,0,3,2,4,1,10,2,1,1,1,1,8,3,3,1,1,I,561,4,1,4,7,6,8,7,6,24800,1,1,0,7,6,8,7,6,24800,1,1,0,7,6,8,7,6,24800,1,1,0,2025,3,10,4720000,15580000,1,1
202601,6,,0.비상권,41285,64,0,0,0,1,0,7,31,04,3,1,없음,150,8,0,1,0,4,2,4,1,10,2,1,1,1,1,8,4,3,1,1,I,561,4,1,4,6,6,8,6,6,24000,1,1,0,6,6,8,6,6,24000,1,1,0,6,6,8,6,6,24000,1,1,0,2025,3,8,3940000,19130000,1,1
202601,6,,0.비상권,41285,64,0,0,0,1,0,4,32,03,6,1,없음,80,6,0,0,0,3,2,4,1,10,2,1,1,1,1,8,3,3,1,1,G,452,3,1,3,5,5,7,5,5,15200,1,1,0,5,5,7,5,5,15200,1,1,0,5,5,7,5,5,15200,1,1,0,2024,3,10,2710000,4610000,1,1
202601,6,,0.비상권,41285,64,0,0,0,1,0,4,32,03,6,1,없음,80,6,0,0,0,3,2,4,1,10,2,1,1,1,1,8,3,3,1,1,C,172,3,1,3,5,5,7,5,5,15100,1,1,0,5,5,7,5,5,15100,1,1,0,5,5,7,5,5,15100,1,1,0,2024,3,7,2710000,4610000,1,1
202601,6,,0.비상권,41285,64,0,0,0,1,0,5,21,03,4,1,없음,20,6,0,1,0,3,2,4,1,10,2,1,1,1,1,8,3,3,1,1,S,951,3,1,3,5,4,7,5,5,12400,1,1,0,5,4,7,5,5,12400,1,1,0,5,4,7,5,5,12400,1,1,0,2024,3,9,1230000,4190000,1,1
202601,6,,0.비상권,41285,64,0,0,0,1,0,5,21,03,4,1,없음,20,6,0,1,0,3,2,4,1,10,2,1,1,1,1,8,3,3,1,1,S,951,1,1,1,4,3,7,4,3,12200,1,1,0,4,3,7,4,3,12200,1,1,0,4,3,7,4,3,12200,1,1,0,2026,2,8,1230000,4190000,1,1
202601,6,,0.비상권,41285,64,0,0,0,1,0,5,21,03,4,1,없음,20,6,0,1,0,3,2,4,1,10,2,1,1,1,1,8,3,3,1,1,N,759,1,1,1,4,3,7,4,3,12700,1,1,0,4,3,7,4,3,12700,1,1,0,4,3,7,4,3,12700,1,1,0,2025,3,10,1230000,4190000,1,1
202601,6,,0.비상권,41285,64,0,0,0,1,0,5,21,03,4,1,없음,20,6,0,1,0,3,2,4,1,10,2,1,1,1,1,8,3,3,1,6,0,999,1,1,1,1,1,1,4,3,12700,1,1,1,1,1,1,4,3,12700,1,1,1,1,1,1,4,3,12700,1,1,1,0,1,1,1230000,4190000,1,1
202601,6,,0.비상권,41287,15,0,0,0,1,0,5,32,04,6,1,800,180,4,0,0,0,1,1,1,1,10,1,1,1,1,1,8,1,3,1,1,I,561,1,1,1,3,3,8,4,3,18000,1,1,0,3,3,8,4,3,18000,1,1,0,3,3,8,4,3,18000,1,1,0,2025,2,10,3830000,6910000,1,3
202601,6,,탄현역,41287,64,0,0,0,1,0,4,32,03,6,1,600,100,6,0,1,0,2,2,4,1,10,2,1,1,1,1,8,2,3,1,1,G,452,2,1,2,6,5,8,6,5,22500,1,1,0,6,5,8,6,5,22500,1,1,0,6,5,8,6,5,22500,1,1,0,2026,3,7,3120000,3130000,1,3
202601,6,,탄현역,41287,64,0,0,0,1,0,4,32,03,6,1,600,100,6,0,1,0,2,2,4,1,10,2,1,1,1,1,8,2,3,1,1,G,472,1,1,1,5,4,8,5,4,22300,1,1,0,5,4,8,5,4,22300,1,1,0,5,4,8,5,4,22000,1,1,0,2024,3,6,3120000,3130000,1,3
202601,6,,탄현역,41287,64,0,0,0,1,0,4,32,03,6,1,600,100,6,0,1,0,2,2,4,1,10,2,1,1,1,1,8,2,3,2,1,J,581,2,1,2,4,4,7,4,4,11600,1,1,0,4,4,7,4,4,11600,1,1,0,4,4,7,4,4,11600,1,1,0,2024,4,9,3120000,3130000,1,3
202601,6,,탄현역,41287,64,0,0,0,1,0,4,32,04,4,1,150,100,1,0,1,0,4,2,4,1,10,2,1,1,1,1,28,4,3,1,1,J,581,1,1,1,4,4,8,4,4,26100,1,1,0,4,4,8,4,4,26100,1,1,0,4,4,8,4,4,26100,1,1,0,2024,3,9,3900000,12730000,1,3
202601,6,,탄현역,41287,64,0,0,0,1,0,4,32,04,4,1,150,100,1,0,1,0,4,2,4,1,10,2,1,1,1,1,28,4,3,1,1,G,452,2,1,2,6,5,8,6,5,25700,1,2,0,6,5,8,6,5,25700,1,2,0,6,5,8,6,5,25700,1,2,0,2026,3,8,3900000,12730000,1,3
202601,6,,탄현역,41287,64,0,0,0,1,0,4,32,04,4,1,150,100,1,0,1,0,4,2,4,1,10,2,1,1,1,1,28,4,3,1,1,S,952,2,1,2,6,5,8,6,5,25800,1,1,0,6,5,8,6,5,25800,1,1,0,6,5,8,6,5,25800,1,1,0,2025,2,7,3900000,12730000,1,3
202601,6,,탄현역,41287,64,0,0,0,1,0,4,32,04,4,1,150,100,1,0,1,0,4,2,4,1,10,2,1,1,1,1,28,4,3,1,1,S,969,1,1,1,6,4,9,6,4,29500,1,1,0,6,4,9,6,4,29500,1,1,0,6,4,9,6,4,29500,1,1,0,2024,3,10,3900000,12730000,1,3
202601,6,,탄현역,41287,64,0,0,0,1,0,4,32,04,4,1,150,100,1,0,1,0,4,2,4,1,10,2,1,1,1,1,28,4,3,1,1,F,424,2,1,2,6,5,8,6,5,26000,1,2,0,6,5,8,6,5,26000,1,2,0,6,5,8,6,5,26000,1,2,0,2025,3,9,3900000,12730000,1,3
202601,6,,탄현역,41287,64,0,0,0,1,0,3,21,04,4,1,없음,917,1,0,0,0,3,2,4,1,10,2,1,1,1,1,8,3,3,1,1,G,465,2,1,2,6,5,8,6,5,24500,1,1,0,6,5,8,6,5,24500,1,1,0,6,5,8,6,5,24500,1,1,0,2024,3,5,4050000,10840000,1,3
202601,6,,탄현역,41287,64,0,0,0,1,0,3,21,04,4,1,없음,917,1,0,0,0,3,2,4,1,10,2,1,1,1,1,8,3,3,1,1,G,464,3,1,3,6,6,8,6,6,24200,1,1,0,6,6,8,6,6,24200,1,1,0,6,6,8,6,6,24200,1,1,0,2026,3,5,4050000,10840000,1,3
202601,6,,탄현역,41287,64,0,0,0,1,0,3,21,04,5,1,없음,914,1,0,0,0,3,2,4,1,10,2,1,1,1,1,8,3,3,1,1,S,952,4,1,4,6,6,8,6,6,23200,1,1,0,6,6,8,6,6,23200,1,1,0,6,6,8,6,6,23200,1,1,0,2025,3,4,4050000,8550000,1,3
202601,6,,탄현역,41287,64,0,0,0,1,0,3,21,04,5,1,없음,914,1,0,0,0,3,2,4,1,10,2,1,1,1,1,8,3,3,1,1,S,952,2,1,2,5,5,7,5,5,24000,1,1,0,5,5,7,5,5,24000,1,1,0,5,5,7,5,5,24000,1,1,0,2025,3,6,4050000,8550000,1,3
202601,6,,탄현역,41287,64,0,0,0,1,0,4,32,04,6,1,180,180,1,0,0,0,1,1,2,1,10,1,1,1,1,1,8,1,3,1,1,I,561,2,1,2,4,5,8,4,5,29400,1,1,0,4,5,8,4,5,29400,1,1,0,4,5,8,4,5,29400,1,1,0,2024,3,6,3870000,6550000,1,3
202601,6,,탄현역,41287,14,0,0,0,1,0,3,32,04,4,1,100,50,1,0,0,0,3,2,4,1,10,2,1,1,1,1,8,3,3,1,1,G,471,2,1,2,4,5,8,5,5,25200,1,1,0,4,5,8,5,5,25200,1,1,0,4,5,8,5,5,25200,1,1,0,2025,2,10,4490000,9820000,1,3
202601,6,,탄현역,41287,14,0,0,0,1,0,3,32,04,4,1,100,50,1,0,0,0,3,2,4,1,10,2,1,1,1,1,8,3,3,1,1,G,475,2,1,2,6,5,8,6,5,25200,1,1,0,6,5,8,6,5,25200,1,1,0,6,5,8,6,5,25200,1,1,0,2024,3,8,4490000,9820000,1,3
202601,6,,탄현역,41287,14,0,0,0,1,0,3,32,04,4,1,100,50,1,0,0,0,3,2,4,1,10,2,1,1,1,1,8,3,3,1,1,S,952,2,1,2,4,5,8,4,5,27700,1,1,0,4,5,8,4,5,27700,1,1,0,4,5,8,4,5,27700,1,1,0,2024,3,8,4490000,9820000,1,3
202601,6,,탄현역,41287,14,0,0,0,1,0,3,32,04,4,1,100,50,1,0,0,0,3,2,4,1,10,2,1,1,1,1,8,3,3,1,1,C,132,2,1,2,4,5,8,4,5,27700,1,1,0,4,5,8,4,5,27700,1,1,0,4,5,8,4,5,27700,1,1,0,2024,3,7,4490000,9820000,1,3
202601,6,,탄현역,41287,64,0,0,0,1,0,6,31,03,1,1,500,200,6,0,0,0,5,2,4,1,10,2,1,1,1,1,8,3,3,1,1,G,478,3,1,3,4,5,7,4,5,12700,1,1,0,4,5,7,4,5,12700,1,1,0,4,5,7,4,5,12600,1,1,0,2024,3,10,1770000,4520000,1,3
202601,6,,탄현역,41287,64,0,0,0,1,0,6,31,03,1,1,500,200,6,0,0,0,5,2,4,1,10,2,1,1,1,1,8,3,3,1,1,S,969,3,1,3,4,4,7,4,4,12400,1,1,0,4,4,7,4,4,12400,1,1,0,4,4,7,4,4,12400,1,1,0,2024,3,10,1770000,4520000,1,3
202601,6,,탄현역,41287,64,0,0,0,1,0,4,32,04,1,1,없음,491,4,0,0,0,3,1,3,1,10,1,1,1,1,1,8,2,3,1,1,I,561,1,1,1,4,4,8,4,4,26000,1,1,0,4,4,8,4,4,26000,1,1,0,4,4,8,4,4,26000,1,1,0,2025,3,10,2890000,4820000,1,3
202601,6,,탄현역,41287,64,0,0,0,1,0,4,32,04,1,1,없음,491,4,0,0,0,3,1,3,1,10,1,1,1,1,1,8,2,3,1,1,I,561,2,1,2,4,4,8,4,4,22500,1,1,0,4,4,8,4,4,22500,1,1,0,4,4,8,4,4,22800,1,1,0,2025,3,10,2890000,4820000,1,3
202601,6,,탄현역,41287,64,0,0,0,1,0,7,31,03,3,1,600,10,5,0,1,0,3,2,4,1,10,2,1,1,1,1,8,3,3,1,1,G,471,2,1,2,6,5,8,6,5,25500,1,1,0,6,5,8,6,5,25500,1,1,0,6,5,8,6,5,25500,1,1,0,2024,3,9,2940000,10340000,1,2
202601,6,,탄현역,41287,64,0,0,0,1,0,7,31,03,3,1,600,10,5,0,1,0,3,2,4,1,10,2,1,1,1,1,8,3,3,1,1,S,961,3,1,3,6,5,7,6,5,18800,1,1,0,6,5,7,6,5,18800,1,1,0,6,5,7,6,5,18700,1,1,0,2026,3,10,2940000,10340000,1,2
202601,6,,탄현역,41287,64,0,0,0,1,0,6,31,04,4,1,600,50,9,0,1,0,4,2,4,1,10,2,1,1,1,1,8,4,3,1,1,S,952,4,1,4,6,6,7,6,6,12900,1,1,0,6,6,7,6,6,12900,1,1,0,6,6,7,6,6,13000,1,1,0,2025,3,9,2680000,7110000,1,1
202601,6,,탄현역,41287,64,0,0,0,1,0,6,31,04,4,1,600,200,8,0,1,0,3,2,4,1,10,2,1,1,1,1,8,3,3,1,1,G,476,2,1,2,3,3,7,3,3,13000,1,1,0,3,3,7,3,3,13000,1,1,0,3,3,7,3,3,13000,1,1,0,2024,3,9,1930000,4980000,1,1
202601,6,,탄현역,41287,64,0,0,0,1,0,6,31,04,4,1,600,200,8,0,1,0,3,2,4,1,10,2,1,1,1,1,8,3,3,1,1,G,476,4,1,4,5,5,7,5,5,12600,1,1,0,5,5,7,5,5,12600,1,1,0,5,5,7,5,5,12600,1,1,0,2024,3,9,1930000,4980000,1,1
202601,6,,탄현역,41287,64,0,0,0,1,0,6,31,04,4,1,600,200,8,0,1,0,3,2,4,1,10,2,1,1,1,1,8,3,3,1,1,G,476,2,1,2,3,3,7,3,3,13500,1,1,0,3,3,7,3,3,13500,1,1,0,3,3,7,3,3,13200,1,1,0,2024,3,9,1930000,4980000,1,1
202601,6,,0.비상권,41290,13,0,0,0,1,1,2,19,04,5,1,100,50,3,0,1,0,2,2,4,1,10,2,1,1,1,1,8,2,3,-1,1,I,561,2,1,2,6,4,7,6,4,18400,1,1,0,6,4,7,6,4,18400,1,1,0,6,4,7,6,4,18400,1,1,0,2024,3,10,9820000,8700000,1,1
202601,6,,0.비상권,41290,13,0,0,0,1,1,2,19,04,5,1,100,50,3,0,1,0,2,2,4,1,10,2,1,1,1,1,8,2,3,1,1,L,682,1,1,1,5,5,12,5,5,87400,1,1,0,5,5,12,5,5,87400,1,1,0,5,5,12,5,5,87400,1,1,0,2025,3,10,9820000,8700000,1,1
202601,6,,0.비상권,41290,13,0,0,0,1,1,2,19,04,5,1,100,50,3,0,1,0,2,2,4,1,10,2,1,1,1,1,8,2,3,1,1,I,562,4,1,4,7,7,10,7,7,54300,2,1,0,7,7,10,7,7,54300,2,1,0,7,7,10,7,7,54300,2,1,0,2025,3,9,9820000,8700000,1,1
202601,6,,0.비상권,41290,13,0,0,0,1,1,2,19,04,5,1,100,50,3,0,1,0,2,2,4,1,10,2,1,1,1,1,8,2,3,2,1,P,855,4,1,4,6,5,8,6,5,20000,1,1,0,6,5,7,6,5,20000,1,1,0,6,5,7,6,5,20000,1,1,0,2026,3,10,9820000,8700000,1,1
202601,6,,구리역,41310,22,0,300,0,1,0,1,11,03,1,1,887,161,8,0,0,0,1,1,2,1,10,1,1,1,1,1,28,1,3,1,1,I,561,2,1,2,6,5,9,6,5,32500,1,1,0,6,5,9,6,5,32500,1,1,0,6,5,9,6,5,32500,1,1,0,2025,3,9,8640000,12560000,1,2
202601,6,,구리역,41310,14,0,0,0,1,1,3,11,03,6,2,없음,230,8,0,0,0,2,2,4,1,10,2,1,1,1,1,8,2,3,-1,1,I,562,3,1,3,4,3,4,4,3,5000,1,1,0,4,3,4,4,3,5000,1,1,0,4,3,4,4,3,5000,1,1,0,2024,3,9,6370000,3410000,1,2
202601,6,,구리역,41310,14,0,0,0,1,1,3,11,03,6,2,없음,230,8,0,0,0,2,2,4,1,10,2,1,1,1,1,8,2,3,1,1,G,464,2,1,2,4,4,7,5,3,15600,1,1,0,4,4,7,5,3,15600,1,1,0,4,4,7,5,3,15600,1,1,0,2024,3,10,6370000,3410000,1,2
202601,6,,구리역,41310,14,0,0,0,1,1,3,11,03,6,2,없음,230,8,0,0,0,2,2,4,1,10,2,1,1,1,1,8,2,3,1,1,I,561,2,1,2,4,3,7,5,3,14300,1,1,0,4,3,7,5,3,14300,1,1,0,4,3,7,5,3,14300,1,1,0,2025,3,10,6370000,3410000,1,2
202601,6,,구리역,41310,14,0,0,0,1,1,3,11,03,6,2,없음,230,8,0,0,0,2,2,4,1,10,2,1,1,1,1,8,2,3,2,2,0,999,3,1,3,1,1,1,4,3,6400,1,1,0,1,1,1,4,3,6400,1,1,0,1,1,1,4,3,6400,1,1,0,0,1,1,6370000,3410000,1,2
202601,6,,구리역,41310,22,0,300,0,1,0,8,31,04,7,2,886,95,6,0,1,0,2,2,4,2,8,1,1,1,1,1,8,2,3,1,6,0,999,2,1,3,6,5,8,6,5,25400,1,1,0,6,5,8,6,5,25400,1,1,0,1,1,1,6,5,25400,1,1,1,0,1,1,9350000,7750000,1,2
202601,6,,구리역,41310,22,0,300,0,1,0,8,31,04,7,2,886,95,6,0,1,0,2,2,4,2,8,1,1,1,1,1,8,2,3,2,1,S,969,3,1,3,5,4,7,5,4,11200,1,1,0,5,4,7,5,4,11200,1,1,0,5,4,7,5,4,11200,1,1,0,2024,3,9,9350000,7750000,1,2
202601,6,,구리역,41310,22,0,300,0,1,0,1,12,03,1,1,900,110,6,0,0,0,2,2,4,1,10,2,1,1,1,1,8,2,3,1,1,G,474,1,1,1,6,4,9,6,4,39700,1,1,0,6,4,9,6,4,39700,1,1,0,6,4,9,6,4,39700,1,1,0,2025,3,10,9050000,10730000,1,2
202601,6,,구리역,41310,22,0,300,0,1,0,1,12,03,1,1,900,110,6,0,0,0,2,2,4,1,10,2,1,1,1,1,8,2,3,1,1,S,961,1,1,1,6,4,9,6,4,40100,1,1,0,6,4,9,6,4,40100,1,1,0,6,4,9,6,4,40100,1,1,0,2025,3,10,9050000,10730000,1,2
202601,6,,구리역,41310,22,0,300,0,1,0,1,12,03,1,1,900,110,6,0,0,0,2,2,4,1,10,2,1,1,1,1,8,2,3,1,1,I,561,1,1,1,6,4,9,6,4,40100,1,1,0,6,4,9,6,4,40100,1,1,0,6,4,9,6,4,40100,1,1,0,2025,3,10,9050000,10730000,1,2
202601,6,,구리역,41310,22,0,300,0,1,0,1,12,03,1,1,900,110,6,0,0,0,2,2,4,1,10,2,1,1,1,1,8,2,3,1,1,G,474,1,1,1,6,4,9,6,4,39900,1,1,0,6,4,9,6,4,39900,1,1,0,6,4,9,6,4,39700,1,1,0,2024,3,10,9050000,10730000,1,2
202601,6,,구리역,41310,22,0,300,0,1,0,5,21,04,7,2,없음,180,5,0,1,0,2,2,4,1,10,2,1,1,1,1,8,2,3,1,1,I,562,4,1,4,6,6,8,6,6,30600,1,1,0,6,6,8,6,6,30600,1,1,0,6,6,8,6,6,30600,1,1,0,2026,3,10,14300000,12450000,1,1
202601,6,,구리역,41310,22,0,300,0,1,0,5,21,04,7,2,없음,180,5,0,1,0,2,2,4,1,10,2,1,1,1,1,8,2,3,2,1,I,562,4,1,4,5,5,7,5,5,15200,1,1,0,5,5,7,5,5,15200,1,1,0,5,5,7,5,5,15200,1,1,0,2025,3,9,14300000,12450000,1,1
202601,6,,구리역,41310,22,0,300,0,1,0,3,19,03,8,2,726,131,7,0,0,0,1,1,2,1,10,1,1,1,1,1,8,1,3,1,1,G,472,2,1,2,6,5,10,6,5,66700,1,1,0,6,5,10,6,5,66700,1,1,0,6,5,10,6,5,66600,1,1,0,2025,3,10,18000000,14770000,1,3
202601,6,,구리역,41310,22,0,300,0,1,0,3,19,03,8,2,726,131,7,0,0,0,1,1,2,1,10,1,1,1,1,1,8,1,3,2,1,G,472,1,1,1,5,4,9,5,4,36800,1,1,0,5,4,9,5,4,36800,1,1,0,5,4,9,5,4,36800,1,1,0,2025,3,10,18000000,14770000,1,3
202601,6,,구리역,41310,22,0,300,0,1,0,3,32,04,7,1,742,116,9,0,0,0,2,2,4,1,10,2,1,1,1,1,8,2,3,1,1,I,561,3,1,3,6,6,8,6,5,24100,1,1,0,6,6,8,6,5,24100,1,1,0,6,6,8,6,5,24200,1,1,0,2024,3,10,8980000,13950000,1,1
202601,6,,구리역,41310,22,0,300,0,1,0,3,32,04,7,1,742,116,9,0,0,0,2,2,4,1,10,2,1,1,1,1,8,2,3,1,1,I,561,2,1,2,5,4,8,5,4,24000,1,1,0,5,4,8,5,4,24000,1,1,0,5,4,8,5,4,24000,1,1,0,2024,3,10,8980000,13950000,1,1
202601,6,,구리역,41310,22,0,300,0,1,0,1,19,04,1,1,603,95,8,0,0,0,2,1,3,1,10,1,1,1,1,1,8,2,3,1,1,I,561,3,1,3,6,6,8,6,6,32000,1,1,0,6,6,8,6,6,32000,1,1,0,6,6,8,6,6,32100,1,1,0,2026,3,10,8930000,13580000,1,2
202601,6,,구리역,41310,22,0,300,0,1,0,1,11,04,1,1,473,69,6,0,0,0,2,2,4,1,10,1,1,1,1,1,8,2,3,1,1,I,561,3,1,3,7,6,9,7,6,44300,1,1,0,7,6,9,7,6,44300,1,1,0,7,6,9,7,6,44200,1,1,0,2025,3,9,10900000,8440000,1,1
202601,6,,구리역,41310,22,0,300,0,1,0,1,11,04,1,1,473,69,6,0,0,0,2,2,4,1,10,1,1,1,1,1,8,2,3,2,2,S,961,2,1,2,1,1,1,5,4,17500,1,1,0,1,1,1,5,4,17500,1,1,0,1,1,1,5,4,17500,1,1,0,0,1,1,10900000,8440000,1,1
202601,6,,구리역,41310,22,0,300,0,1,0,4,19,03,7,1,543,113,8,0,0,0,2,1,3,1,10,1,1,1,1,1,8,2,3,1,1,G,472,1,1,1,7,4,10,6,5,55800,1,1,0,7,4,10,6,5,55800,1,1,0,7,4,10,6,5,55800,1,1,0,2025,3,6,9530000,15530000,1,2
202601,6,,구리역,41310,22,0,300,0,1,0,4,19,03,7,1,543,113,8,0,0,0,2,1,3,1,10,1,1,1,1,1,8,2,3,1,1,G,472,1,1,1,6,5,10,6,5,56200,1,1,0,6,5,10,6,5,56200,1,1,0,6,5,10,6,5,56200,1,1,0,2024,3,9,9530000,15530000,1,2
202601,6,,구리역,41310,22,0,300,0,1,0,4,19,03,7,1,543,113,8,0,0,0,2,1,3,1,10,1,1,1,1,1,8,2,3,1,1,G,475,1,1,1,7,4,10,6,5,52600,1,1,0,7,4,10,6,5,52600,1,1,0,7,4,10,6,5,53000,1,1,0,2025,3,5,9530000,15530000,1,2
202601,6,,구리역,41310,22,0,300,0,1,0,1,21,03,1,1,558,91,7,0,0,0,2,2,4,1,9,2,1,1,1,1,8,2,3,1,1,G,474,2,1,2,6,5,10,6,5,51300,1,1,0,6,5,10,6,5,51300,1,1,0,6,5,10,6,5,51300,1,1,0,2025,3,9,9490000,11860000,1,1
202601,6,,구리역,41310,22,0,300,0,1,0,1,21,03,1,1,558,91,7,0,0,0,2,2,4,1,9,2,1,1,1,1,8,2,3,1,1,G,472,2,1,2,6,6,10,6,6,57700,1,1,0,6,6,10,6,6,57700,1,1,0,6,6,10,6,6,57700,1,1,0,2024,3,9,9490000,11860000,1,1
202601,6,,구리역,41310,22,0,300,0,1,0,1,21,03,1,1,558,91,7,0,0,0,2,2,4,1,9,2,1,1,1,1,8,2,3,2,1,G,472,3,1,3,4,4,5,4,4,11800,1,1,0,4,4,5,4,4,11800,1,1,0,4,4,5,4,4,11800,1,1,0,2025,3,10,9490000,11860000,1,1
202601,6,,구리역,41310,22,0,300,0,1,1,1,11,16,1,1,519,37,1,0,0,0,2,2,4,1,10,2,1,1,1,1,8,2,3,-1,1,I,562,3,1,3,4,4,7,4,4,12100,1,1,0,4,4,7,4,4,12100,1,1,0,4,4,7,4,4,12100,1,1,0,2026,3,3,13920000,6990000,1,1
202601,6,,구리역,41310,22,0,300,0,1,1,1,11,16,1,1,519,37,1,0,0,0,2,2,4,1,10,2,1,1,1,1,8,2,3,1,1,G,474,3,1,3,6,6,10,6,6,52900,1,1,0,6,6,10,6,6,52900,1,1,0,6,6,10,6,6,52800,1,1,0,2024,3,8,13920000,6990000,1,1
202601,6,,구리역,41310,22,0,300,0,1,1,1,11,16,1,1,519,37,1,0,0,0,2,2,4,1,10,2,1,1,1,1,8,2,3,2,1,S,969,3,1,3,4,5,7,4,5,17600,1,1,0,4,5,7,4,5,17600,1,1,0,4,5,7,4,5,17600,1,1,0,2025,3,8,13920000,6990000,1,1
202601,6,,구리역,41310,14,0,0,0,1,0,1,11,04,1,1,539,184,6,0,0,0,1,2,4,1,10,2,1,1,1,1,8,1,3,1,1,I,562,2,1,2,4,5,8,5,5,25100,1,1,0,4,5,8,5,5,25100,1,1,0,4,5,8,5,5,25000,1,1,0,2025,3,10,7620000,5690000,1,1
202601,6,,구리역,41310,14,0,0,0,1,0,1,11,04,1,1,539,184,6,0,0,0,1,2,4,1,10,2,1,1,1,1,8,1,3,2,1,I,562,2,1,2,3,3,5,3,3,5300,1,1,0,3,3,5,3,3,5300,1,1,0,3,3,5,3,3,5300,1,1,0,2025,3,10,7620000,5690000,1,1
202601,6,,구리역,41310,14,0,0,0,1,0,1,11,04,1,1,320,없음,8,0,0,0,2,2,4,1,10,1,1,1,1,1,8,2,3,1,1,C,262,3,1,3,5,5,7,5,5,16800,1,1,0,5,5,7,5,5,16800,1,1,0,5,5,7,5,5,16800,1,1,0,2025,3,10,6160000,5180000,1,1
202601,6,,구리역,41310,14,0,0,0,1,0,1,11,04,1,1,320,없음,8,0,0,0,2,2,4,1,10,1,1,1,1,1,8,2,3,2,2,S,969,3,1,3,1,1,1,5,3,6900,1,1,0,1,1,1,5,3,6900,1,1,0,1,1,1,5,3,6900,1,1,0,0,1,1,6160000,5180000,1,1
202601,6,,구리역,41310,13,0,0,0,1,0,6,32,04,1,1,265,76,9,0,1,0,5,1,3,1,10,1,1,1,1,1,8,1,3,1,1,I,561,3,1,3,6,6,9,6,6,32700,1,1,0,6,6,9,6,6,32700,1,1,0,6,6,9,6,6,32700,1,1,0,2025,4,8,10140000,9670000,1,2
202601,6,,0.비상권,41360,43,13,0,0,1,0,5,31,03,2,1,550,200,4,0,1,0,3,2,4,1,10,2,1,1,1,1,8,3,3,1,1,S,952,3,1,3,6,6,8,6,6,29400,1,1,0,6,6,8,6,6,29400,1,1,0,6,6,8,6,6,29300,1,1,0,2025,3,9,2930000,6370000,1,1
202601,6,,0.비상권,41360,43,13,0,0,1,0,5,31,03,2,1,550,200,4,0,1,0,3,2,4,1,10,2,1,1,1,1,8,3,3,2,1,S,952,3,1,3,5,5,7,5,5,12400,1,1,0,5,5,7,5,5,12400,1,1,0,5,5,7,5,5,12400,1,1,0,2025,3,9,2930000,6370000,1,1
202601,6,,0.비상권,41360,13,0,0,0,1,0,5,31,04,6,1,450,70,4,0,0,0,2,2,3,1,10,2,1,1,1,1,8,2,3,1,1,G,472,1,1,1,5,4,8,5,4,29200,1,1,0,5,4,8,5,4,29200,1,1,0,5,4,8,5,4,28900,1,1,0,2025,3,8,6180000,6350000,1,1
202601,6,,0.비상권,41360,13,0,0,0,1,0,5,31,04,6,1,450,70,4,0,0,0,2,2,3,1,10,2,1,1,1,1,8,2,3,1,1,G,474,1,1,1,5,4,8,5,4,30200,1,1,0,5,4,8,5,4,30200,1,1,0,5,4,8,5,4,30200,1,1,0,2024,3,9,6180000,6350000,1,1
202601,6,,0.비상권,41360,13,0,0,0,1,0,5,31,04,6,1,450,70,4,0,0,0,2,2,3,1,10,2,1,1,1,1,8,2,3,2,1,I,562,2,1,2,4,4,7,4,4,16700,1,1,0,4,4,7,4,4,16700,1,1,0,4,4,7,4,4,16700,1,1,0,2025,3,10,6180000,6350000,1,1
202601,6,,0.비상권,41360,13,0,0,0,1,0,7,31,04,4,1,없음,50,7,0,1,0,3,2,4,1,10,2,1,1,1,1,8,3,3,1,1,I,562,4,1,4,7,6,8,7,6,32400,1,1,0,7,6,8,7,6,32400,1,1,0,7,6,8,7,6,32400,1,1,0,2025,3,10,2850000,7560000,1,1
202601,6,,0.비상권,41360,13,0,0,0,1,0,4,32,03,2,1,700,120,1,0,0,0,3,1,3,1,10,1,1,1,1,1,8,3,3,1,1,S,952,3,1,3,6,7,11,6,7,80100,1,1,0,6,7,11,6,7,80100,1,1,0,6,7,11,6,7,80000,1,1,0,2026,3,8,5800000,29310000,1,1
202601,6,,0.비상권,41360,13,0,0,0,1,0,7,31,04,6,1,90,100,8,1,0,0,3,2,4,1,10,2,1,1,1,1,8,3,3,1,1,I,561,1,1,1,4,4,9,4,4,34900,1,1,0,4,4,9,4,4,34900,1,1,0,4,4,9,4,4,34400,1,1,0,2025,3,10,4590000,7300000,1,1
202601,6,,0.비상권,41360,13,0,0,0,1,0,7,31,04,6,1,90,100,8,1,0,0,3,2,4,1,10,2,1,1,1,1,8,3,3,2,1,I,561,4,1,4,7,6,7,7,6,17800,1,1,0,7,6,7,7,6,17800,1,1,0,7,6,7,7,6,17800,1,1,0,2025,3,10,4590000,7300000,1,1
202601,6,,0.비상권,41360,13,0,0,0,1,1,1,11,04,1,1,900,170,8,0,0,0,2,2,4,1,10,1,2,1,1,1,8,2,2,-1,6,0,999,1,1,1,1,1,1,2,2,4400,1,1,1,1,1,1,2,2,4400,1,1,1,1,1,1,2,2,4400,1,1,1,0,1,1,2170000,3340000,1,1
202601,6,,0.비상권,41360,13,0,0,0,1,1,1,11,04,1,1,900,170,8,0,0,0,2,2,4,1,10,1,2,1,1,1,8,2,2,1,6,0,999,3,1,3,1,1,1,6,5,17600,1,1,1,1,1,1,6,5,17600,1,1,1,1,1,1,6,5,17600,1,1,1,0,1,1,2170000,3340000,1,1
202601,6,,0.비상권,41360,13,0,0,0,1,0,7,32,03,6,1,800,350,6,0,0,0,2,1,3,1,10,1,1,1,1,1,8,2,3,1,1,S,969,3,1,3,4,4,7,4,5,17700,1,1,0,4,4,7,4,5,17700,1,1,0,4,4,7,4,5,17700,1,1,0,2025,3,8,2830000,5570000,1,1
202601,6,,0.비상권,41360,13,0,0,0,1,0,6,32,04,5,1,810,340,6,0,1,0,3,2,4,1,10,2,1,1,1,1,8,3,3,1,1,I,561,4,1,4,6,5,7,6,5,17000,1,1,0,6,5,7,6,5,17000,1,1,0,6,5,7,6,5,17000,1,1,0,2024,3,9,3260000,8120000,1,2
202601,6,,0.비상권,41360,13,0,0,0,1,0,6,32,04,5,1,810,340,6,0,1,0,3,2,4,1,10,2,1,1,1,1,8,3,3,1,1,I,561,4,1,4,6,5,7,6,5,16500,1,1,0,6,5,7,6,5,16500,1,1,0,6,5,7,6,5,16500,1,1,0,2024,3,9,3260000,8120000,1,2
202601,6,,오산시청,41370,22,0,0,0,1,0,6,32,04,7,1,없음,200,6,0,0,0,2,1,3,1,10,1,1,1,1,1,8,2,3,1,1,I,562,3,1,3,6,5,8,6,5,25300,1,1,0,6,5,8,6,5,25300,1,1,0,6,5,8,6,5,25300,1,1,0,2025,3,10,3580000,5590000,1,1
202601,6,,오산시청,41370,22,0,0,0,1,0,1,21,03,1,1,848,없음,6,0,0,0,1,2,4,1,10,1,1,1,1,1,8,1,3,1,1,I,561,2,1,3,5,5,7,5,5,18800,1,1,0,5,5,7,5,5,18800,1,1,0,5,5,7,5,5,18800,1,1,0,2025,3,9,3350000,2530000,1,3
202601,6,,오산시청,41370,22,0,0,0,1,0,1,21,03,1,1,848,없음,6,0,0,0,1,2,4,1,10,1,1,1,1,1,8,1,3,2,2,0,999,2,1,2,1,1,1,4,4,8900,1,1,0,1,1,1,4,4,8900,1,1,0,1,1,1,4,4,8900,1,1,0,0,1,1,3350000,2530000,1,3
202601,6,,오산시청,41370,22,0,0,0,1,0,1,21,03,1,1,없음,150,8,0,0,0,2,2,4,1,10,2,1,1,1,1,8,2,3,1,1,G,471,4,1,4,5,4,6,5,4,10200,1,1,0,5,4,6,5,4,10200,1,1,0,5,4,6,5,4,10200,1,1,0,2025,3,6,3530000,2910000,1,1
202601,6,,오산시청,41370,22,0,0,0,1,0,1,21,03,1,1,없음,150,8,0,0,0,2,2,4,1,10,2,1,1,1,1,8,2,3,2,2,0,999,3,1,3,1,1,1,4,4,6400,1,1,0,1,1,1,4,4,6400,1,1,0,1,1,1,4,4,6400,1,1,0,0,1,1,3530000,2910000,1,1
202601,6,,오산시청,41370,22,0,0,0,1,0,1,21,03,1,1,686,없음,7,0,0,0,3,2,4,1,10,2,1,1,1,1,8,3,3,1,1,G,474,2,1,2,5,5,8,5,5,23800,1,1,0,5,5,8,5,5,23800,1,1,0,5,5,8,5,5,23600,1,1,0,2026,3,3,3040000,4590000,1,3
202601,6,,오산시청,41370,22,0,0,0,1,0,1,21,03,1,1,686,없음,7,0,0,0,3,2,4,1,10,2,1,1,1,1,8,3,3,1,1,I,561,1,1,1,4,4,8,4,4,27700,1,1,0,4,4,8,4,4,27700,1,1,0,4,4,8,4,4,27300,1,1,0,2025,3,8,3040000,4590000,1,3
202601,6,,오산시청,41370,22,0,0,0,1,0,1,21,03,1,1,686,없음,7,0,0,0,3,2,4,1,10,2,1,1,1,1,8,3,3,1,1,I,561,2,1,2,6,4,8,6,5,24600,1,1,0,6,4,8,6,5,24600,1,1,0,6,4,8,6,5,24600,1,1,0,2026,3,3,3040000,4590000,1,3
202601,6,,오산시청,41370,22,0,0,0,1,0,1,21,03,1,1,686,없음,7,0,0,0,3,2,4,1,10,2,1,1,1,1,8,3,3,1,1,G,472,2,1,2,4,5,8,4,5,25500,1,1,0,4,5,8,4,5,25500,1,1,0,4,5,8,4,5,25500,1,1,0,2026,3,9,3040000,4590000,1,3
202601,6,,오산시청,41370,22,0,0,0,1,0,1,21,03,1,1,686,없음,7,0,0,0,3,2,4,1,10,2,1,1,1,1,8,3,3,1,1,G,474,4,1,4,6,5,7,6,6,21400,1,1,0,6,5,7,6,6,21400,1,1,0,6,5,7,6,6,21400,1,1,0,2026,3,5,3040000,4590000,1,3
202601,6,,오산시청,41370,22,0,0,0,1,0,1,21,03,1,1,없음,120,8,0,0,0,2,2,4,1,10,2,1,1,1,1,8,2,3,1,1,G,475,2,1,2,4,3,7,4,3,12400,1,1,0,4,3,7,4,3,12400,1,1,0,4,3,7,4,3,12200,1,1,0,2025,3,5,3790000,5710000,1,2
202601,6,,오산시청,41370,22,0,0,0,1,0,1,21,03,1,1,없음,120,8,0,0,0,2,2,4,1,10,2,1,1,1,1,8,2,3,1,1,G,464,3,1,3,4,4,7,4,4,11000,1,1,0,4,4,7,4,4,11000,1,1,0,4,4,7,4,4,10900,1,1,0,2024,4,4,3790000,5710000,1,2
202601,6,,오산시청,41370,22,0,0,0,1,0,1,21,03,1,1,없음,120,8,0,0,0,2,2,4,1,10,2,1,1,1,1,8,2,3,1,1,G,472,2,1,2,4,3,7,4,4,13600,1,1,0,4,3,7,4,4,13600,1,1,0,4,3,7,4,4,13600,1,1,0,2025,3,9,3790000,5710000,1,2
202601,6,,오산시청,41370,22,0,0,0,1,0,2,11,03,1,1,300,100,6,0,0,0,2,2,3,1,10,2,1,1,1,1,8,2,3,1,1,G,474,3,1,4,6,6,8,6,6,26500,1,1,0,6,6,8,6,6,26500,1,1,0,6,6,8,6,6,26500,1,1,0,2025,3,6,3140000,6380000,1,2
202601,6,,오산시청,41370,22,0,0,0,1,0,1,21,03,5,1,115,없음,5,0,0,0,2,2,4,1,10,2,1,1,1,1,8,2,3,1,1,G,473,3,1,3,6,6,8,6,6,26400,1,1,0,6,6,8,6,6,26400,1,1,0,6,6,8,6,6,26400,1,1,0,2024,3,10,6330000,7400000,1,2
202601,6,,오산시청,41370,22,0,0,0,1,0,1,21,03,5,1,115,없음,5,0,0,0,2,2,4,1,10,2,1,1,1,1,8,2,3,2,1,S,961,3,1,3,4,4,5,4,4,7300,1,1,0,4,4,5,4,4,7300,1,1,0,4,4,5,4,4,7300,1,1,0,2025,3,8,6330000,7400000,1,2
202601,6,,오산시청,41370,22,0,0,0,1,0,1,32,04,8,2,70,20,6,0,0,0,1,2,4,1,10,2,1,1,1,1,8,1,3,1,1,I,561,2,1,2,6,5,8,6,5,20500,1,1,0,6,5,8,6,5,20500,1,1,0,6,5,8,6,5,20500,1,1,0,2024,3,9,5630000,3780000,1,3
202601,6,,오산시청,41370,22,0,0,0,1,0,1,32,04,8,2,70,20,6,0,0,0,1,2,4,1,10,2,1,1,1,1,8,1,3,2,1,N,759,2,1,2,4,4,7,4,4,15500,1,1,0,4,4,7,4,4,15500,1,1,0,4,4,7,4,4,15500,1,1,0,2025,3,10,5630000,3780000,1,3
202601,6,,오산시청,41370,16,0,0,0,1,0,1,11,04,1,1,700,200,8,0,0,0,2,2,4,1,10,1,1,1,1,1,8,2,3,1,1,I,561,2,1,2,4,3,7,4,4,11800,1,1,0,4,3,7,4,4,11800,1,1,0,4,3,7,4,4,11800,1,1,0,2024,3,9,2590000,2230000,1,1
202601,6,,오산시청,41370,16,0,0,0,1,0,1,11,04,1,1,700,200,8,0,0,0,2,2,4,1,10,1,1,1,1,1,8,2,3,1,1,I,561,2,1,2,4,3,7,4,4,11000,1,1,0,4,3,7,4,4,11000,1,1,0,4,3,7,4,4,11000,1,1,0,2024,3,8,2590000,2230000,1,1
202601,6,,오산시청,41370,16,0,0,0,1,0,1,11,04,1,1,700,200,8,0,0,0,2,2,4,1,10,1,1,1,1,1,8,2,3,2,2,0,999,3,1,3,1,1,1,5,4,8100,1,1,0,1,1,1,5,4,8100,1,1,0,1,1,1,5,4,8100,1,1,0,0,1,1,2590000,2230000,1,1
202601,6,,오산시청,41370,14,0,0,0,1,0,3,31,04,6,1,없음,110,1,0,0,0,2,2,4,1,10,2,1,1,1,1,8,2,3,1,1,G,466,4,1,4,7,6,8,7,6,20100,1,1,0,7,6,8,7,6,20100,1,1,0,7,6,8,7,6,20100,1,1,0,2026,3,8,3970000,5700000,1,1
202601,6,,오산시청,41370,14,0,0,0,1,0,3,31,04,6,1,없음,110,1,0,0,0,2,2,4,1,10,2,1,1,1,1,8,2,3,2,1,G,466,1,1,1,4,3,5,4,3,7800,1,1,0,4,3,5,4,3,7800,1,1,0,4,3,5,4,3,7800,1,1,0,2026,3,8,3970000,5700000,1,1
202601,6,,오산시청,41370,16,0,0,0,1,0,1,11,04,6,1,없음,10,5,0,0,0,2,2,4,1,10,2,1,1,1,1,8,2,3,1,1,M,731,4,1,4,6,6,8,6,6,23600,1,1,0,6,6,8,6,6,23600,1,1,0,6,6,8,6,6,23600,1,1,0,2026,3,6,4160000,7180000,1,1
202601,6,,오산시청,41370,16,0,0,0,1,0,4,32,04,1,1,없음,75,4,0,0,0,4,2,4,1,10,2,1,1,1,1,8,3,3,1,1,I,561,4,1,4,6,6,7,6,6,19300,1,1,0,6,6,7,6,6,19300,1,1,0,6,6,7,6,6,19300,1,1,0,2025,3,10,4420000,9060000,1,2
202601,6,,오산시청,41370,16,0,0,0,1,0,4,21,03,7,2,900,120,9,0,1,0,2,2,4,1,10,2,1,1,1,1,8,2,3,1,1,G,463,4,1,4,6,5,7,6,5,14000,1,1,0,6,5,7,6,5,14000,1,1,0,6,5,7,6,5,14000,1,1,0,2025,3,9,3600000,3060000,1,1
202601,6,,오산시청,41370,16,0,0,0,1,0,4,21,03,7,2,900,120,9,0,1,0,2,2,4,1,10,2,1,1,1,1,8,2,3,2,2,0,999,3,1,3,1,1,1,5,4,8500,1,1,0,1,1,1,5,4,8500,1,1,0,1,1,1,5,4,8500,1,1,0,0,1,1,3600000,3060000,1,1
202601,6,,오산시청,41370,22,0,0,0,1,0,1,21,04,1,1,278,없음,4,0,0,0,2,2,4,1,10,2,1,1,1,1,8,2,3,1,1,G,474,4,1,4,1,1,1,6,6,31500,1,1,1,1,1,1,6,6,31500,1,1,1,6,6,8,6,6,31500,1,1,0,2026,3,10,5870000,9090000,1,2
202601,6,,오산시청,41370,22,0,0,0,1,0,6,21,04,8,2,250,30,5,0,1,0,2,2,4,1,10,2,1,2,1,1,8,2,3,1,1,I,561,4,1,4,6,5,7,6,5,10400,1,1,0,6,5,7,6,5,10400,1,1,0,6,5,7,6,5,10400,1,1,0,2025,3,8,5340000,4660000,1,1
202601,6,,오산시청,41370,22,0,0,0,1,0,6,21,04,8,2,250,30,5,0,1,0,2,2,4,1,10,2,1,2,1,1,8,2,3,2,2,0,999,4,1,4,1,1,1,6,4,8200,1,1,0,1,1,1,6,4,8200,1,1,0,1,1,1,6,4,8200,1,1,0,0,1,1,5340000,4660000,1,1
202601,6,,0.비상권,41370,13,0,0,0,1,0,5,32,04,1,1,없음,150,8,0,0,0,5,1,3,1,10,1,1,1,1,1,8,2,3,1,1,I,561,3,1,3,6,6,8,6,6,27000,1,1,0,6,6,8,6,6,27000,1,1,0,6,6,8,6,6,27000,1,1,0,2024,3,9,1430000,4440000,1,3
202601,6,,0.비상권,41390,22,0,0,0,1,0,1,21,03,1,1,270,30,5,0,0,0,2,2,4,1,9,1,1,1,1,1,8,2,3,1,1,I,561,3,1,3,6,5,8,6,5,23600,1,1,0,6,5,8,6,5,23600,1,1,0,6,5,8,6,5,23600,1,1,0,2024,3,9,9290000,5800000,1,1
202601,6,,0.비상권,41390,22,0,0,0,1,0,1,21,03,1,1,270,30,5,0,0,0,2,2,4,1,9,1,1,1,1,1,8,2,3,2,6,0,999,3,1,3,1,1,1,4,4,7600,1,1,1,1,1,1,4,4,7600,1,1,1,1,1,1,4,4,7600,1,1,1,0,1,1,9290000,5800000,1,1
202601,6,,신천역,41390,22,0,0,0,1,0,3,21,16,8,2,185,없음,6,0,0,0,2,2,4,1,10,2,2,1,1,1,8,2,3,1,6,0,999,2,1,2,1,1,1,6,4,17200,1,1,1,1,1,1,6,4,17200,1,1,1,1,1,1,6,4,17200,1,1,1,0,1,1,9400000,6390000,1,1
202601,6,,신천역,41390,22,0,0,0,1,0,3,21,16,8,2,185,없음,6,0,0,0,2,2,4,1,10,2,2,1,1,1,8,2,3,1,6,0,999,2,1,2,1,1,1,5,4,16400,1,1,1,1,1,1,5,4,16400,1,1,1,1,1,1,5,4,16400,1,1,1,0,1,1,9400000,6390000,1,1
202601,6,,신천역,41390,22,0,0,0,1,0,3,21,16,8,2,185,없음,6,0,0,0,2,2,4,1,10,2,2,1,1,1,8,2,3,2,1,R,912,3,1,4,4,4,5,4,4,6100,1,1,0,4,4,5,4,4,6100,1,1,0,4,4,5,4,4,6100,1,1,0,2024,3,7,9400000,6390000,1,1
202601,6,,신천역,41390,22,0,800,0,1,0,1,21,03,1,1,210,110,6,0,0,0,2,2,4,2,9,2,1,1,1,1,8,2,3,1,1,S,961,2,1,2,4,4,7,4,4,15100,1,1,0,4,4,7,4,4,15100,1,1,0,4,4,7,4,4,15100,1,1,0,2024,3,8,7360000,6390000,1,2
202601,6,,신천역,41390,22,0,800,0,1,0,1,21,03,1,1,210,110,6,0,0,0,2,2,4,2,9,2,1,1,1,1,8,2,3,1,1,I,561,2,1,3,4,5,7,4,5,14900,1,1,0,4,5,7,4,5,14900,1,1,0,4,5,7,4,5,14900,1,1,0,2025,3,10,7360000,6390000,1,2
202601,6,,신천역,41390,22,0,800,0,1,0,1,21,03,1,1,210,110,6,0,0,0,2,2,4,2,9,2,1,1,1,1,8,2,3,1,1,I,561,1,1,1,3,3,7,3,3,15400,1,1,0,3,3,7,3,3,15400,1,1,0,3,3,7,3,3,15400,1,1,0,2025,3,8,7360000,6390000,1,2
202601,6,,신천역,41390,22,0,800,0,1,0,1,21,03,1,1,210,110,6,0,0,0,2,2,4,2,9,2,1,1,1,1,8,2,3,2,6,0,999,3,1,3,1,1,1,4,4,8400,1,1,1,1,1,1,4,4,8400,1,1,1,1,1,1,4,4,8400,1,1,1,0,1,1,7360000,6390000,1,2
202601,6,,신천역,41390,22,0,0,0,1,0,3,11,03,9,2,270,260,6,0,0,0,1,2,4,1,10,2,1,1,1,1,8,1,3,1,1,I,562,2,1,2,4,4,7,4,4,15800,1,1,0,4,4,7,4,4,15800,1,1,0,4,4,7,4,4,15800,1,1,0,2025,3,8,7810000,4800000,1,2
202601,6,,신천역,41390,22,0,0,0,1,0,3,11,03,9,2,270,260,6,0,0,0,1,2,4,1,10,2,1,1,1,1,8,1,3,1,6,0,999,2,1,2,1,1,1,4,4,15500,1,1,1,1,1,1,4,4,15500,1,1,1,1,1,1,4,4,15500,1,1,1,0,1,1,7810000,4800000,1,2
202601,6,,신천역,41390,22,0,0,0,1,0,3,11,03,9,2,270,260,6,0,0,0,1,2,4,1,10,2,1,1,1,1,8,1,3,2,1,G,478,2,1,3,3,3,4,3,3,4900,1,1,0,3,3,4,3,3,4900,1,1,0,3,3,4,3,3,4900,1,1,0,2025,3,9,7810000,4800000,1,2
202601,6,,신천역,41390,22,0,800,0,1,0,4,21,04,1,1,200,없음,6,0,0,0,2,2,4,1,10,2,1,1,1,1,8,2,3,1,1,I,561,2,1,2,5,4,7,5,4,16500,1,1,0,5,4,7,5,4,16500,1,1,0,5,4,7,5,4,16500,1,1,0,2024,3,8,9180000,9420000,1,1
202601,6,,신천역,41390,22,0,800,0,1,0,4,21,04,1,1,200,없음,6,0,0,0,2,2,4,1,10,2,1,1,1,1,8,2,3,1,1,I,561,2,1,2,4,4,7,4,4,16000,1,1,0,4,4,7,4,4,16000,1,1,0,4,4,7,4,4,16000,1,1,0,2024,3,8,9180000,9420000,1,1
202601,6,,신천역,41390,22,0,800,0,1,0,4,21,04,1,1,200,없음,6,0,0,0,2,2,4,1,10,2,1,1,1,1,8,2,3,1,1,I,562,2,1,2,5,4,7,5,4,16200,1,1,0,5,4,7,5,4,16200,1,1,0,5,4,7,5,4,16200,1,1,0,2025,3,8,9180000,9420000,1,1
202601,6,,신천역,41390,22,0,800,0,1,0,4,21,04,1,1,200,없음,6,0,0,0,2,2,4,1,10,2,1,1,1,1,8,2,3,2,1,I,561,3,1,4,5,4,5,5,4,7800,1,1,0,5,4,5,5,4,7800,1,1,0,5,4,5,5,4,7800,1,1,0,2024,3,8,9180000,9420000,1,1
202601,6,,신천역,41390,13,0,0,0,1,0,3,21,03,6,1,280,70,7,0,0,0,3,2,4,1,10,2,1,1,1,1,8,3,3,1,1,L,682,1,1,1,4,4,7,4,4,20200,1,1,0,4,4,7,4,4,20200,1,1,0,4,4,7,4,4,20200,1,1,0,2026,3,7,5650000,9700000,1,2
202601,6,,신천역,41390,13,0,0,0,1,0,3,21,03,6,1,280,70,7,0,0,0,3,2,4,1,10,2,1,1,1,1,8,3,3,1,1,S,969,1,1,1,4,4,7,4,4,19600,1,1,0,4,4,7,4,4,19600,1,1,0,4,4,7,4,4,19600,1,1,0,2024,3,9,5650000,9700000,1,2
202601,6,,신천역,41390,13,0,0,0,1,0,3,21,03,6,1,280,70,7,0,0,0,3,2,4,1,10,2,1,1,1,1,8,3,3,1,1,I,562,1,1,1,4,3,7,4,4,19400,1,1,0,4,3,7,4,4,19400,1,1,0,4,3,7,4,4,19400,1,1,0,2026,3,7,5650000,9700000,1,2
202601,6,,신천역,41390,13,0,0,0,1,0,3,21,03,6,1,280,70,7,0,0,0,3,2,4,1,10,2,1,1,1,1,8,3,3,1,1,I,561,1,1,1,4,5,9,4,5,37100,1,1,0,4,5,9,4,5,37100,1,1,0,4,5,9,4,5,37100,1,1,0,2025,3,10,5650000,9700000,1,2
202601,6,,신천역,41390,13,0,0,0,1,0,3,21,03,6,1,280,70,7,0,0,0,3,2,4,1,10,2,1,1,1,1,8,3,3,1,1,I,561,1,1,1,4,5,9,4,5,36900,1,1,0,4,5,9,4,5,36900,1,1,0,4,5,9,4,5,36900,1,1,0,2025,3,8,5650000,9700000,1,2
202601,6,,신천역,41390,13,0,0,0,1,0,3,21,03,6,1,280,70,7,0,0,0,3,2,4,1,10,2,1,1,1,1,8,3,3,1,1,G,472,1,1,1,4,5,9,4,5,36900,1,1,0,4,5,9,4,5,36900,1,1,0,4,5,9,4,5,36900,1,1,0,2025,3,8,5650000,9700000,1,2
202601,6,,신천역,41390,13,0,0,0,1,0,3,21,03,6,1,280,70,7,0,0,0,3,2,4,1,10,2,1,1,1,1,8,3,3,1,1,G,472,2,1,2,5,5,10,5,5,51500,1,1,0,5,5,10,5,5,51500,1,1,0,5,5,10,5,5,51500,1,1,0,2025,3,8,5650000,9700000,1,2
202601,6,,신천역,41390,13,0,0,0,1,0,3,21,03,6,1,280,70,7,0,0,0,3,2,4,1,10,2,1,1,1,1,8,3,3,1,1,I,561,1,1,1,4,4,7,4,4,18300,1,1,0,4,4,7,4,4,18300,1,1,0,4,4,7,4,4,18300,1,1,0,2024,3,9,5650000,9700000,1,2
202601,6,,신천역,41390,13,0,0,0,1,1,2,11,03,6,2,280,60,6,0,0,0,2,2,4,1,10,1,1,1,1,1,8,2,3,-1,5,0,999,1,1,1,1,1,1,1,1,0,1,1,0,1,1,1,1,1,0,1,1,0,1,1,1,1,1,0,1,1,0,0,1,1,4010000,3220000,1,3
202601,6,,신천역,41390,13,0,0,0,1,1,2,11,03,6,2,280,60,6,0,0,0,2,2,4,1,10,1,1,1,1,1,8,2,3,1,1,G,474,1,1,1,4,4,8,4,4,19700,1,1,0,4,4,8,4,4,19700,1,1,0,4,4,8,4,4,19700,1,1,0,2026,3,9,4010000,3220000,1,3
202601,6,,신천역,41390,13,0,0,0,1,1,2,11,03,6,2,280,60,6,0,0,0,2,2,4,1,10,1,1,1,1,1,8,2,3,1,1,I,561,1,1,1,4,4,8,4,4,19700,1,1,0,4,4,8,4,4,19700,1,1,0,4,4,8,4,4,19700,1,1,0,2025,3,9,4010000,3220000,1,3
202601,6,,신천역,41390,13,0,0,0,1,1,2,11,03,6,2,280,60,6,0,0,0,2,2,4,1,10,1,1,1,1,1,8,2,3,2,2,0,999,2,1,2,1,1,1,4,4,10400,1,1,0,1,1,1,4,4,10400,1,1,0,1,1,1,4,4,10400,1,1,0,0,1,1,4010000,3220000,1,3
202601,6,,신천역,41390,13,0,0,0,1,1,2,11,04,6,2,410,100,6,0,0,0,2,2,4,1,10,2,1,1,1,1,8,2,3,-1,5,0,999,1,1,1,1,1,1,1,1,0,1,1,0,1,1,1,1,1,0,1,1,0,1,1,1,1,1,0,1,1,0,0,1,1,4060000,3150000,1,2
202601,6,,신천역,41390,13,0,0,0,1,1,2,11,04,6,2,410,100,6,0,0,0,2,2,4,1,10,2,1,1,1,1,8,2,3,1,1,G,474,2,1,2,4,4,7,4,4,16100,1,1,0,4,4,7,4,4,16100,1,1,0,4,4,7,4,4,16100,1,1,0,2024,3,9,4060000,3150000,1,2
202601,6,,신천역,41390,13,0,0,0,1,1,2,11,04,6,2,410,100,6,0,0,0,2,2,4,1,10,2,1,1,1,1,8,2,3,2,1,S,961,2,1,2,4,4,7,4,4,11100,1,1,0,4,4,7,4,4,11100,1,1,0,4,4,7,4,4,11100,1,1,0,2025,3,10,4060000,3150000,1,2
202601,6,,0.비상권,41390,22,0,0,0,1,0,7,51,04,1,1,150,150,5,0,1,0,3,2,4,1,10,2,1,1,1,1,8,3,3,1,1,I,561,4,1,4,5,5,6,5,5,9100,1,1,0,5,5,6,5,5,9100,1,1,0,5,5,6,5,5,9100,1,1,0,2024,3,10,5870000,15070000,4,1
202601,6,,0.비상권,41390,44,43,0,0,1,0,6,31,04,6,1,없음,300,4,0,1,0,2,2,4,1,10,2,1,1,1,1,8,2,3,1,1,I,561,4,1,4,5,5,5,5,5,7000,1,1,0,5,5,5,5,5,7000,1,1,0,5,5,5,5,5,7000,1,1,0,2024,3,10,5190000,5800000,3,1
202601,6,,0.비상권,41390,44,43,0,0,1,0,6,31,04,6,1,없음,300,4,0,1,0,2,2,4,1,10,2,1,1,1,1,8,2,3,2,1,I,561,3,1,3,3,3,4,3,3,5400,1,1,0,3,3,4,3,3,5400,1,1,0,3,3,4,3,3,5400,1,1,0,2024,3,10,5190000,5800000,3,1
202601,6,,0.비상권,41390,22,0,800,0,1,0,5,31,03,8,1,없음,300,7,0,1,0,3,2,4,1,10,2,1,1,1,1,8,3,3,1,1,G,471,4,1,4,5,5,4,5,5,5100,1,1,0,5,5,4,5,5,5100,1,1,0,5,5,4,5,5,5100,1,1,0,2024,3,9,4810000,6210000,3,1
202601,6,,0.비상권,41390,44,43,620,0,1,0,4,21,04,5,1,없음,90,2,0,0,0,2,2,4,1,10,2,1,1,1,1,8,2,3,1,1,I,561,2,1,2,5,5,8,5,5,25400,1,1,0,5,5,8,5,5,25400,1,1,0,5,5,8,5,5,25400,1,1,0,2025,3,10,2030000,2620000,1,3
202601,6,,0.비상권,41390,44,43,620,0,1,0,4,21,04,5,1,없음,90,2,0,0,0,2,2,4,1,10,2,1,1,1,1,8,2,3,1,1,F,422,2,1,2,6,5,8,6,5,25800,1,1,0,6,5,8,6,5,25800,1,1,0,6,5,8,6,5,25800,1,1,0,2025,3,10,2030000,2620000,1,3
202601,6,,0.비상권,41390,44,43,620,0,1,0,4,21,04,5,1,없음,90,2,0,0,0,2,2,4,1,10,2,1,1,1,1,8,2,3,1,1,I,561,2,1,2,4,4,8,4,4,24000,1,1,0,4,4,8,4,4,24000,1,1,0,4,4,8,4,4,24000,1,1,0,2025,3,10,2030000,2620000,1,3
202601,6,,0.비상권,41390,44,43,620,0,1,0,4,21,04,5,1,없음,90,2,0,0,0,2,2,4,1,10,2,1,1,1,1,8,2,3,2,2,0,999,3,1,3,1,1,1,5,4,13200,1,1,0,1,1,1,5,4,13200,1,1,0,1,1,1,5,4,13200,1,1,0,0,1,1,2030000,2620000,1,3
202601,6,,0.비상권,41410,15,0,0,0,1,0,1,21,03,6,2,500,200,4,0,0,0,2,2,4,1,10,1,1,1,1,1,8,2,3,1,1,I,561,3,1,3,4,4,7,4,4,12100,1,1,0,4,4,7,4,4,12100,1,1,0,4,4,7,4,4,12100,1,1,0,2025,3,10,5160000,4560000,1,3
202601,6,,0.비상권,41410,15,0,0,0,1,0,1,21,03,6,2,500,200,4,0,0,0,2,2,4,1,10,1,1,1,1,1,8,2,3,2,2,0,999,3,1,3,1,1,1,3,3,6700,1,1,0,1,1,1,3,3,6700,1,1,0,1,1,1,3,3,6700,1,1,0,0,1,1,5160000,4560000,1,3
202601,6,,0.비상권,41410,15,0,0,0,1,0,5,32,04,3,1,없음,150,5,0,1,0,3,1,3,1,10,1,1,1,1,1,8,3,3,1,1,S,952,3,1,3,6,5,8,6,5,22600,1,1,0,6,5,8,6,5,22600,1,1,0,6,5,8,6,5,22600,1,1,0,2024,3,6,4350000,18560000,1,2
202601,6,,0.비상권,41410,16,0,120,0,1,0,2,21,03,7,2,500,100,1,0,0,0,2,2,4,1,10,2,1,1,1,1,8,2,3,1,1,I,561,4,1,4,6,6,8,6,6,25700,1,1,0,6,6,8,6,6,25700,1,1,0,6,6,8,6,6,25700,1,1,0,2025,3,10,9430000,7320000,1,2
202601,6,,0.비상권,41410,16,0,120,0,1,0,2,21,03,7,2,500,100,1,0,0,0,2,2,4,1,10,2,1,1,1,1,8,2,3,2,1,I,561,4,1,4,5,5,7,5,5,13400,1,1,0,5,5,7,5,5,13400,1,1,0,5,5,7,5,5,13400,1,1,0,2025,3,10,9430000,7320000,1,2
202601,6,,0.비상권,41410,22,0,800,0,1,0,2,11,03,6,1,180,150,6,0,0,0,2,2,3,1,10,2,1,1,1,1,8,2,3,1,1,I,562,2,1,3,6,6,10,6,6,53400,1,1,0,6,6,10,6,6,53400,1,1,0,6,6,10,6,6,53400,1,1,0,2024,3,10,7230000,14100000,1,3
202601,6,,0.비상권,41410,22,0,800,0,1,0,2,11,03,6,1,180,150,6,0,0,0,2,2,3,1,10,2,1,1,1,1,8,2,3,1,1,R,912,2,1,2,1,1,1,5,4,30800,1,1,1,5,4,9,5,4,30800,1,1,0,5,4,9,5,4,30800,1,1,0,2026,3,10,7230000,14100000,1,3
202601,6,,0.비상권,41410,16,0,120,0,1,0,5,31,04,5,1,없음,110,2,0,0,0,2,2,4,1,9,2,1,1,1,1,8,2,3,1,1,I,561,3,1,3,6,6,9,6,6,34500,1,1,0,6,6,9,6,6,34500,1,1,0,6,6,9,6,6,34500,1,1,0,2025,3,10,5610000,5910000,1,2
202601,6,,0.비상권,41410,16,0,120,0,1,0,5,31,04,5,1,없음,110,2,0,0,0,2,2,4,1,9,2,1,1,1,1,8,2,3,2,1,I,561,3,1,3,6,5,8,6,5,23600,1,1,0,6,5,8,6,5,23600,1,1,0,6,5,8,6,5,23600,1,1,0,2025,3,10,5610000,5910000,1,2
202601,6,,0.비상권,41410,15,0,0,0,1,1,1,21,03,1,1,없음,230,7,0,0,0,2,2,4,1,9,2,1,1,1,1,8,2,3,-1,1,0,999,1,1,2,4,3,5,4,3,7800,1,1,0,4,3,5,4,3,7800,1,1,0,4,3,5,4,3,7800,1,1,0,2024,3,9,4960000,3540000,1,2
202601,6,,0.비상권,41410,15,0,0,0,1,1,1,21,03,1,1,없음,230,7,0,0,0,2,2,4,1,9,2,1,1,1,1,8,2,3,1,1,I,561,2,1,2,5,4,8,5,4,20600,1,1,0,5,4,8,5,4,20600,1,1,0,5,4,8,5,4,20600,1,1,0,2024,3,10,4960000,3540000,1,2
202601,6,,0.비상권,41410,15,0,0,0,1,1,1,21,03,1,1,없음,230,7,0,0,0,2,2,4,1,9,2,1,1,1,1,8,2,3,1,1,I,561,2,1,2,5,4,8,5,4,19800,1,1,0,5,4,8,5,4,19800,1,1,0,5,4,8,5,4,19800,1,1,0,2025,3,10,4960000,3540000,1,2
202601,6,,0.비상권,41410,15,0,0,0,1,1,1,21,03,1,1,없음,230,7,0,0,0,2,2,4,1,9,2,1,1,1,1,8,2,3,2,2,0,999,3,1,3,1,1,1,6,3,8800,1,1,0,1,1,1,6,3,8800,1,1,0,1,1,1,6,3,8800,1,1,0,0,1,1,4960000,3540000,1,2
202601,6,,0.비상권,41410,15,0,0,0,1,0,4,32,04,5,1,없음,250,6,0,0,0,2,1,2,1,10,1,1,1,1,1,8,2,3,1,1,S,952,2,1,2,4,4,8,4,4,20400,1,1,0,4,4,8,4,4,20400,1,1,0,4,4,8,4,4,20400,1,1,0,2025,3,8,3950000,9640000,1,3
202601,6,,0.비상권,41410,15,0,0,0,1,0,1,11,03,1,1,없음,100,6,0,0,0,2,2,4,1,10,2,1,1,1,1,8,2,3,1,1,M,721,1,1,1,4,3,7,4,3,10900,1,1,0,4,3,7,4,3,10900,1,1,0,4,3,7,4,3,10900,1,1,0,2026,3,2,3890000,3480000,1,2
202601,6,,0.비상권,41410,15,0,0,0,1,0,1,11,03,1,1,없음,100,6,0,0,0,2,2,4,1,10,2,1,1,1,1,8,2,3,1,1,N,742,1,1,1,5,3,7,5,3,14300,1,1,0,5,3,7,5,3,14300,1,1,0,5,3,7,5,3,14300,1,1,0,2025,3,9,3890000,3480000,1,2
202601,6,,0.비상권,41410,15,0,0,0,1,0,1,11,03,1,1,없음,100,6,0,0,0,2,2,4,1,10,2,1,1,1,1,8,2,3,2,1,0,999,2,1,2,4,3,5,4,3,7500,1,1,0,4,3,5,4,3,7500,1,1,0,4,3,5,4,3,7500,1,1,0,2025,3,9,3890000,3480000,1,2
202601,6,,0.비상권,41410,15,0,0,0,1,0,5,32,04,6,1,없음,250,6,0,0,0,2,1,3,1,10,1,1,1,1,1,8,2,3,1,1,S,952,3,1,3,5,5,7,5,5,19200,1,1,0,5,5,7,5,5,19200,1,1,0,5,5,7,5,5,19200,1,1,0,2024,3,7,4300000,7380000,1,2
202601,6,,0.비상권,41430,14,0,0,0,1,0,6,31,04,4,1,600,100,6,0,1,0,2,1,3,1,10,1,1,1,1,1,8,2,3,1,1,S,952,3,1,3,5,5,7,5,5,16100,1,1,0,5,5,7,5,5,16100,1,1,0,5,5,7,5,5,16100,1,1,0,2025,3,10,4330000,11340000,1,2
202601,6,,0.비상권,41430,14,0,0,0,1,0,3,32,03,6,1,없음,150,6,0,0,0,2,1,3,1,10,1,1,1,1,1,8,2,3,1,1,I,561,3,1,3,5,5,7,5,5,16900,1,1,0,5,5,7,5,5,16900,1,1,0,5,5,7,5,5,16900,1,1,0,2024,3,10,4320000,7220000,1,3
202601,6,,0.비상권,41430,14,0,0,0,1,0,4,32,03,4,1,300,100,7,0,0,0,1,1,1,1,8,1,1,1,1,1,1,1,3,1,1,S,969,1,1,1,4,3,7,4,3,18100,1,1,0,4,3,7,4,3,18100,1,1,0,4,3,7,4,3,18100,1,1,0,2024,4,10,4300000,5250000,1,3
202601,6,,0.비상권,41430,14,0,0,0,1,1,3,21,03,3,1,없음,100,9,0,0,0,3,2,4,1,10,2,1,1,1,1,8,3,3,-1,1,C,181,4,1,4,4,4,6,4,4,8000,1,1,0,4,4,6,4,4,8000,1,1,0,4,4,6,4,4,8000,1,1,0,2023,4,8,3910000,6760000,1,2
202601,6,,0.비상권,41430,14,0,0,0,1,1,3,21,03,3,1,없음,100,9,0,0,0,3,2,4,1,10,2,1,1,1,1,8,3,3,1,1,C,181,4,1,4,5,5,8,5,5,19900,1,1,0,5,5,8,5,5,19900,1,1,0,5,5,8,5,5,19900,1,1,0,2023,4,8,3910000,6760000,1,2
202601,6,,0.비상권,41430,15,0,0,0,1,0,6,21,04,5,1,없음,160,6,1,0,0,3,2,4,1,10,2,1,1,1,1,8,3,3,1,1,I,561,3,1,3,6,5,8,6,5,26800,1,1,0,6,5,8,6,5,26800,1,1,0,6,5,8,6,5,26800,1,1,0,2023,4,10,4650000,5650000,1,2
202601,6,,0.비상권,41430,15,0,0,0,1,0,6,21,04,5,1,없음,160,6,1,0,0,3,2,4,1,10,2,1,1,1,1,8,3,3,1,1,I,561,3,1,3,6,5,8,6,5,26700,1,1,0,6,5,8,6,5,26700,1,1,0,6,5,8,6,5,26700,1,1,0,2025,3,8,4650000,5650000,1,2
202601,6,,0.비상권,41430,15,0,0,0,1,0,6,21,04,5,1,없음,160,6,1,0,0,3,2,4,1,10,2,1,1,1,1,8,3,3,2,1,I,561,4,1,4,5,5,6,5,5,8300,1,1,0,5,5,6,5,5,8300,1,1,0,5,5,6,5,5,8300,1,1,0,2024,3,9,4650000,5650000,1,2
202601,6,,0.비상권,41430,15,0,0,0,1,0,6,31,04,5,1,없음,160,6,0,0,0,2,2,4,1,10,2,1,1,1,1,8,2,3,1,1,I,562,4,1,4,6,5,7,6,5,15100,1,1,0,6,5,7,6,5,15100,1,1,0,6,5,7,6,5,15100,1,1,0,2024,3,9,4180000,8390000,1,3
202601,6,,0.비상권,41430,15,0,0,0,1,0,5,31,03,6,2,없음,100,6,0,0,0,1,1,3,1,10,1,1,1,1,1,8,1,3,1,1,S,969,2,1,2,6,5,9,6,5,32000,1,1,0,6,5,9,6,5,32000,1,1,0,6,5,9,6,5,32000,1,1,0,2024,3,8,8430000,7060000,1,3
202601,6,,0.비상권,41430,15,0,0,0,1,0,5,31,03,6,2,없음,100,6,0,0,0,1,1,3,1,10,1,1,1,1,1,8,1,3,2,1,S,961,2,1,2,4,4,7,4,4,15900,1,1,0,4,4,7,4,4,15900,1,1,0,4,4,7,4,4,15900,1,1,0,2023,4,6,8430000,7060000,1,3
202601,6,,하남원도심,41450,22,0,300,0,1,0,1,21,03,8,2,400,10,4,0,0,0,1,2,4,1,10,2,1,1,1,1,8,1,3,1,1,J,612,3,1,3,7,6,9,7,6,46100,1,1,0,7,6,9,7,6,46100,1,1,0,7,6,9,7,6,46100,1,1,0,2024,3,9,15210000,10410000,1,2
202601,6,,하남원도심,41450,22,0,300,0,1,0,1,21,03,8,2,400,10,4,0,0,0,1,2,4,1,10,2,1,1,1,1,8,1,3,2,1,J,612,3,1,3,6,4,7,6,5,20900,1,1,0,6,4,7,6,5,20900,1,1,0,6,4,7,6,5,20900,1,1,0,2024,3,9,15210000,10410000,1,2
202601,6,,하남원도심,41450,22,0,300,0,1,0,1,11,03,7,2,150,200,5,0,0,0,2,2,4,1,9,2,1,1,1,1,8,2,3,1,1,I,561,2,1,2,6,5,9,6,5,38400,2,1,0,6,5,9,6,5,38400,2,1,0,6,5,9,6,5,38400,2,1,0,2024,3,9,13380000,12030000,1,2
202601,6,,하남원도심,41450,22,0,300,0,1,0,1,11,03,7,2,150,200,5,0,0,0,2,2,4,1,9,2,1,1,1,1,8,2,3,1,1,I,561,2,1,2,6,5,9,6,5,39800,2,1,0,6,5,9,6,5,39800,2,1,0,6,5,9,6,5,39800,2,1,0,2024,3,9,13380000,12030000,1,2
202601,6,,하남원도심,41450,22,0,300,0,1,0,1,11,03,7,2,150,200,5,0,0,0,2,2,4,1,9,2,1,1,1,1,8,2,3,2,1,I,562,2,1,3,6,4,7,6,5,18300,2,1,0,6,4,7,6,5,18300,2,1,0,6,4,7,6,5,18300,2,1,0,2025,3,10,13380000,12030000,1,2
202601,6,,하남원도심,41450,22,0,300,0,1,0,1,21,04,1,1,600,50,4,0,0,0,2,2,4,1,10,2,1,1,1,1,8,2,3,1,1,G,478,2,1,2,5,5,9,5,5,34500,1,1,0,5,5,9,5,5,34500,1,1,0,5,5,9,5,5,34500,1,1,0,2024,3,9,10760000,7900000,1,3
202601,6,,하남원도심,41450,22,0,300,0,1,0,1,21,04,1,1,600,50,4,0,0,0,2,2,4,1,10,2,1,1,1,1,8,2,3,1,1,S,961,2,1,2,5,5,9,5,5,33700,1,1,0,5,5,9,5,5,33700,1,1,0,5,5,9,5,5,33700,1,1,0,2025,3,9,10760000,7900000,1,3
202601,6,,하남원도심,41450,22,0,300,0,1,0,1,21,04,1,1,600,50,4,0,0,0,2,2,4,1,10,2,1,1,1,1,8,2,3,2,1,S,961,3,1,3,6,6,8,6,5,25300,1,1,0,6,6,8,6,5,25300,1,1,0,6,6,8,6,5,25300,1,1,0,2024,4,9,10760000,7900000,1,3
202601,6,,하남원도심,41450,22,0,300,0,1,0,7,31,03,7,1,450,50,8,0,1,0,3,2,4,1,10,2,1,1,1,1,8,3,3,1,1,Q,862,4,1,4,7,7,9,7,7,38200,1,1,0,7,7,9,7,7,38200,1,1,0,7,7,9,7,7,38200,1,1,0,2024,4,10,5730000,8960000,1,3
202601,6,,하남원도심,41450,22,0,300,0,1,0,1,21,03,1,1,없음,100,4,0,0,0,2,2,4,1,9,2,1,1,1,1,8,2,3,1,1,G,474,3,1,3,6,6,9,6,6,46800,1,1,0,6,6,9,6,6,46600,1,1,0,6,6,9,6,6,46600,1,1,0,2023,4,7,15470000,13200000,1,3
202601,6,,하남원도심,41450,22,0,300,0,1,0,1,21,03,1,1,없음,100,4,0,0,0,2,2,4,1,9,2,1,1,1,1,8,2,3,2,1,P,855,3,1,3,6,4,7,6,4,12100,1,1,0,6,4,7,6,4,12000,1,1,0,6,4,7,6,4,12000,1,1,0,2024,4,7,15470000,13200000,1,3
202601,6,,하남원도심,41450,22,0,300,0,1,0,1,11,03,5,1,없음,90,4,0,0,0,2,2,4,1,10,2,1,1,1,1,8,2,3,1,1,G,475,1,1,1,6,5,11,6,5,84100,1,1,0,6,5,11,6,5,83500,1,1,0,6,5,11,6,5,83500,1,1,0,2025,4,6,15260000,16280000,1,3
202601,6,,하남원도심,41450,22,0,300,0,1,0,1,11,03,5,1,없음,90,4,0,0,0,2,2,4,1,10,2,1,1,1,1,8,2,3,1,6,0,999,1,1,1,1,1,1,6,5,86900,1,1,1,1,1,1,6,5,86400,1,1,1,1,1,1,6,5,86400,1,1,1,0,1,1,15260000,16280000,1,3
202601,6,,하남원도심,41450,22,0,300,0,1,0,1,11,03,5,1,없음,90,4,0,0,0,2,2,4,1,10,2,1,1,1,1,8,2,3,1,1,G,474,1,1,2,7,6,12,7,6,92000,1,1,0,7,6,12,7,6,91500,1,1,0,7,6,12,7,6,91500,1,1,0,2026,3,10,15260000,16280000,1,3
202601,6,,하남원도심,41450,22,0,300,0,1,0,1,11,03,5,1,없음,90,4,0,0,0,2,2,4,1,10,2,1,1,1,1,8,2,3,1,1,G,474,1,1,1,6,5,12,6,5,86900,1,1,0,6,5,12,6,5,86400,1,1,0,6,5,12,6,5,86400,1,1,0,2024,4,8,15260000,16280000,1,3
202601,6,,하남원도심,41450,22,0,300,0,1,0,1,11,03,5,1,없음,90,4,0,0,0,2,2,4,1,10,2,1,1,1,1,8,2,3,2,1,S,961,3,1,3,5,5,7,5,5,17200,1,1,0,5,5,7,5,5,17000,1,1,0,5,5,7,5,5,17000,1,1,0,2024,4,8,15260000,16280000,1,3
202601,6,,하남원도심,41450,22,0,300,0,1,0,3,21,04,7,1,없음,90,6,0,1,0,3,2,4,1,10,2,1,1,1,1,8,3,3,1,1,I,561,4,1,4,8,6,7,7,6,18200,1,1,0,8,6,7,7,6,18200,1,1,0,8,6,7,7,6,18200,1,1,0,2026,3,9,11880000,14430000,1,1
202601,6,,하남원도심,41450,22,0,300,0,1,0,3,21,04,7,1,없음,90,6,0,1,0,3,2,4,1,10,2,1,1,1,1,8,3,3,2,1,I,561,3,1,3,5,3,5,5,4,7600,1,1,0,5,3,5,5,4,7600,1,1,0,5,3,5,5,4,7600,1,1,0,2026,3,9,11880000,14430000,1,1
202601,6,,김량장동,41461,22,0,120,0,1,0,6,31,03,5,1,500,500,1,0,0,0,1,1,2,1,9,1,1,1,1,1,8,1,3,1,1,I,561,1,1,1,5,4,9,5,4,34800,1,1,0,5,4,9,5,4,34800,1,1,0,5,4,9,5,4,34800,1,1,0,2024,3,10,5940000,6490000,1,3
202601,6,,김량장동,41461,22,0,120,0,1,0,6,31,03,5,1,500,500,1,0,0,0,1,1,2,1,9,1,1,1,1,1,8,1,3,2,1,R,912,1,1,1,3,3,7,3,3,18000,1,1,0,3,3,7,3,3,18000,1,1,0,3,3,7,3,3,18000,1,1,0,2025,3,9,5940000,6490000,1,3
202601,6,,김량장동,41461,22,0,0,0,1,0,6,31,03,7,2,500,100,8,0,0,0,2,2,4,1,10,2,1,1,1,1,8,2,3,1,1,G,474,1,1,2,6,5,9,6,5,42100,1,1,0,6,5,9,6,5,42100,1,1,0,6,5,9,6,5,42100,1,1,0,2024,3,7,7800000,6640000,1,3
202601,6,,김량장동,41461,22,0,0,0,1,0,6,31,03,7,2,500,100,8,0,0,0,2,2,4,1,10,2,1,1,1,1,8,2,3,1,1,S,961,1,1,2,6,5,9,6,5,39100,1,1,0,6,5,9,6,5,39100,1,1,0,6,5,9,6,5,39100,1,1,0,2026,3,10,7800000,6640000,1,3
202601,6,,김량장동,41461,22,0,0,0,1,0,6,31,03,7,2,500,100,8,0,0,0,2,2,4,1,10,2,1,1,1,1,8,2,3,2,1,S,961,1,1,1,5,4,8,5,4,27500,1,1,0,5,4,8,5,4,27500,1,1,0,5,4,8,5,4,27500,1,1,0,2025,3,9,7800000,6640000,1,3
202601,6,,김량장동,41461,22,0,0,0,1,0,6,31,03,7,2,500,100,8,0,0,0,2,2,4,1,10,2,1,1,1,1,8,2,3,2,1,I,562,1,1,1,5,4,8,5,4,27200,1,1,0,5,4,8,5,4,27200,1,1,0,5,4,8,5,4,27200,1,1,0,2026,3,10,7800000,6640000,1,3
202601,6,,김량장동,41461,22,0,0,0,1,0,3,21,03,9,2,500,200,7,0,0,0,2,2,4,1,10,2,1,1,1,1,8,2,3,1,1,G,474,3,1,3,6,5,8,6,5,26200,1,1,0,6,5,8,6,5,26200,1,1,0,6,5,8,6,5,26200,1,1,0,2025,3,10,8090000,5280000,2,2
202601,6,,김량장동,41461,22,0,0,0,1,0,3,21,03,9,2,500,200,7,0,0,0,2,2,4,1,10,2,1,1,1,1,8,2,3,1,1,G,472,2,1,2,5,4,8,5,4,28900,1,1,0,5,4,8,5,4,28900,1,1,0,5,4,8,5,4,28900,1,1,0,2025,3,10,8090000,5280000,2,2
202601,6,,김량장동,41461,22,0,0,0,1,0,3,21,03,9,2,500,200,7,0,0,0,2,2,4,1,10,2,1,1,1,1,8,2,3,2,1,I,562,3,1,3,5,5,7,5,5,13700,1,1,0,5,5,7,5,5,13700,1,1,0,5,5,7,5,5,13700,1,1,0,2025,3,9,8090000,5280000,2,2
202601,6,,김량장동,41461,22,0,0,0,1,0,5,21,03,7,2,500,200,6,0,0,0,2,2,3,1,8,2,1,1,1,1,8,2,3,1,1,S,961,1,1,1,6,4,8,6,4,29600,1,1,0,6,4,8,6,4,29600,1,1,0,6,4,8,6,4,29600,1,1,0,2025,3,6,6610000,5570000,1,2
202601,6,,김량장동,41461,22,0,0,0,1,0,5,21,03,7,2,500,200,6,0,0,0,2,2,3,1,8,2,1,1,1,1,8,2,3,1,1,I,561,1,1,1,6,4,9,6,4,30100,1,1,0,6,4,9,6,4,30100,1,1,0,6,4,9,6,4,30100,1,1,0,2025,3,10,6610000,5570000,1,2
202601,6,,김량장동,41461,22,0,0,0,1,0,5,21,03,7,2,500,200,6,0,0,0,2,2,3,1,8,2,1,1,1,1,8,2,3,2,1,I,562,2,1,2,5,4,7,5,4,13400,1,1,0,5,4,7,5,4,13400,1,1,0,5,4,7,5,4,13400,1,1,0,2025,3,10,6610000,5570000,1,2
202601,6,,김량장동,41461,22,0,0,0,1,0,1,51,04,1,1,500,200,11,0,0,0,1,1,1,1,10,1,1,1,1,1,8,1,3,1,1,I,561,1,1,1,5,5,9,5,5,39800,1,1,0,5,5,9,5,5,39800,1,1,0,5,5,9,5,5,39800,1,1,0,2025,3,8,6350000,10450000,1,3
202601,6,,김량장동,41461,22,0,0,0,1,0,1,21,03,8,1,500,200,10,0,0,0,2,1,3,1,9,1,1,1,1,1,8,2,3,1,1,I,561,3,1,3,6,6,8,6,6,28800,1,1,0,6,6,8,6,6,28800,1,1,0,6,6,8,6,6,28800,1,1,0,2025,3,10,6270000,7890000,1,2
202601,6,,김량장동,41461,22,0,120,0,1,0,2,12,03,1,1,100,50,1,0,0,0,1,1,1,1,10,1,1,1,1,1,8,1,3,1,1,S,969,1,1,1,4,4,12,4,4,90700,1,1,0,4,4,12,4,4,90700,1,1,0,4,4,12,4,4,90700,1,1,0,2025,3,9,7700000,13190000,1,3
202601,6,,김량장동,41461,22,0,120,0,1,0,2,12,03,1,1,100,50,1,0,0,0,1,1,1,1,10,1,1,1,1,1,8,1,3,1,1,G,473,1,1,1,4,4,12,4,4,91900,1,1,0,4,4,12,4,4,91900,1,1,0,4,4,12,4,4,91900,1,1,0,2025,3,9,7700000,13190000,1,3
202601,6,,0.비상권,41461,13,0,0,0,1,0,6,32,03,5,1,500,500,6,0,1,0,3,2,4,1,10,2,1,1,1,1,8,3,3,1,1,I,561,2,1,3,4,4,7,4,4,15500,1,1,0,4,4,7,4,4,15500,1,1,0,4,4,7,4,4,15500,1,1,0,2025,3,10,2620000,5390000,1,2
202601,6,,0.비상권,41461,13,0,0,0,1,0,6,32,03,5,1,500,500,6,0,1,0,3,2,4,1,10,2,1,1,1,1,8,3,3,1,1,I,561,1,1,2,3,3,7,3,3,15800,1,1,0,3,3,7,3,3,15800,1,1,0,3,3,7,3,3,15800,1,1,0,2024,3,9,2620000,5390000,1,2
202601,6,,0.비상권,41461,13,0,0,0,1,0,6,32,03,5,1,500,500,6,0,1,0,3,2,4,1,10,2,1,1,1,1,8,3,3,1,1,F,424,1,1,2,3,3,7,3,3,15500,1,1,0,3,3,7,3,3,15500,1,1,0,3,3,7,3,3,15500,1,1,0,2024,3,9,2620000,5390000,1,2
202601,6,,0.비상권,41461,13,0,0,0,1,0,6,32,03,5,1,500,500,6,0,1,0,3,2,4,1,10,2,1,1,1,1,8,3,3,1,1,I,562,1,1,2,3,3,7,3,3,15500,1,1,0,3,3,7,3,3,15500,1,1,0,3,3,7,3,3,15500,1,1,0,2026,3,10,2620000,5390000,1,2
202601,6,,0.비상권,41461,13,0,0,0,1,0,6,32,03,5,1,500,500,6,0,1,0,3,2,4,1,10,2,1,1,1,1,8,3,3,1,1,G,472,1,1,2,3,3,7,3,3,15200,1,1,0,3,3,7,3,3,15200,1,1,0,3,3,7,3,3,15200,1,1,0,2024,3,9,2620000,5390000,1,2
202601,6,,김량장동,41461,22,0,0,0,1,0,7,32,04,6,1,500,300,6,0,0,0,2,2,3,1,8,2,1,1,1,1,8,2,3,1,1,I,561,3,1,4,6,5,7,6,5,16600,1,1,0,6,5,7,6,5,16600,1,1,0,6,5,7,6,5,16600,1,1,0,2024,3,9,5940000,10980000,1,2
202601,6,,김량장동,41461,16,0,120,0,1,0,3,19,03,3,1,500,100,1,0,1,0,4,2,4,1,10,2,1,1,1,1,8,4,3,1,1,S,952,1,1,2,4,4,8,4,4,22000,1,1,0,4,4,8,4,4,22000,1,1,0,4,4,8,4,4,22000,1,1,0,2024,3,6,4680000,14910000,1,2
202601,6,,김량장동,41461,16,0,120,0,1,0,3,19,03,3,1,500,100,1,0,1,0,4,2,4,1,10,2,1,1,1,1,8,4,3,1,1,S,961,1,1,2,4,4,8,4,4,21700,1,1,0,4,4,8,4,4,21700,1,1,0,4,4,8,4,4,21700,1,1,0,2025,3,7,4680000,14910000,1,2
202601,6,,김량장동,41461,16,0,120,0,1,0,3,19,03,3,1,500,100,1,0,1,0,4,2,4,1,10,2,1,1,1,1,8,4,3,1,1,G,464,3,1,4,6,6,8,6,6,22300,1,1,0,6,6,8,6,6,22300,1,1,0,6,6,8,6,6,22300,1,1,0,2025,3,9,4680000,14910000,1,2
202601,6,,김량장동,41461,16,0,120,0,1,0,3,19,03,3,1,500,100,1,0,1,0,4,2,4,1,10,2,1,1,1,1,8,4,3,1,1,G,475,3,1,3,6,6,8,5,5,23000,1,1,0,6,6,8,5,5,23000,1,1,0,6,6,8,5,5,23000,1,1,0,2025,3,10,4680000,14910000,1,2
202601,6,,김량장동,41461,22,0,0,0,1,0,8,21,03,6,2,500,100,8,0,1,0,2,2,4,1,9,2,2,1,1,1,8,2,3,1,6,0,999,3,1,4,1,1,1,6,5,12800,1,1,1,1,1,1,6,5,12800,1,1,1,1,1,1,6,5,12800,1,1,1,0,1,1,4610000,4320000,1,2
202601,6,,김량장동,41461,22,0,0,0,1,0,8,21,03,6,2,500,100,8,0,1,0,2,2,4,1,9,2,2,1,1,1,8,2,3,2,1,S,969,4,1,4,4,4,4,4,4,5700,1,1,0,4,4,4,4,4,5700,1,1,0,4,4,4,4,4,5700,1,1,0,2025,3,10,4610000,4320000,1,2
202601,6,,김량장동,41461,22,0,0,0,1,0,3,32,03,8,1,500,100,7,0,0,0,2,1,3,1,10,1,1,1,1,1,8,2,3,1,1,S,961,2,1,2,4,3,7,4,4,15700,1,1,0,4,3,7,4,4,15700,1,1,0,4,3,7,4,4,15700,1,1,0,2024,3,4,4040000,6740000,1,2
202601,6,,김량장동,41461,22,0,0,0,1,0,3,32,03,8,1,500,100,7,0,0,0,2,1,3,1,10,1,1,1,1,1,8,2,3,1,1,S,969,2,1,2,4,3,7,4,4,15400,1,1,0,4,3,7,4,4,15400,1,1,0,4,3,7,4,4,15400,1,1,0,2024,3,4,4040000,6740000,1,2
202601,6,,김량장동,41461,22,0,0,0,1,0,1,11,04,5,1,없음,100,5,0,0,0,2,1,3,1,9,1,1,1,1,1,8,2,3,1,1,I,562,3,1,3,6,5,8,6,5,21000,1,1,0,6,5,8,6,5,21000,1,1,0,6,5,8,6,5,21000,1,1,0,2024,3,10,3670000,7340000,1,2
202601,6,,김량장동,41461,14,0,0,0,1,0,4,21,04,6,1,500,200,7,0,1,0,3,2,4,1,10,2,1,1,1,1,8,3,3,1,1,S,961,2,1,2,4,4,7,4,4,14600,1,1,0,4,4,7,4,4,14600,1,1,0,4,4,7,4,4,14600,1,1,0,2025,3,5,3890000,6830000,1,2
202601,6,,김량장동,41461,14,0,0,0,1,0,4,21,04,6,1,500,200,7,0,1,0,3,2,4,1,10,2,1,1,1,1,8,3,3,1,1,I,561,3,1,3,4,5,7,4,5,13700,1,1,0,4,5,7,4,5,13700,1,1,0,4,5,7,4,5,13700,1,1,0,2025,3,10,3890000,6830000,1,2
202601,6,,김량장동,41461,14,0,0,0,1,0,4,21,04,6,1,500,200,7,0,1,0,3,2,4,1,10,2,1,1,1,1,8,3,3,1,1,I,561,2,1,2,4,4,7,4,4,14900,1,1,0,4,4,7,4,4,14900,1,1,0,4,4,7,4,4,14900,1,1,0,2025,3,9,3890000,6830000,1,2
202601,6,,김량장동,41461,14,0,0,0,1,0,4,21,04,6,1,500,200,7,0,1,0,3,2,4,1,10,2,1,1,1,1,8,3,3,1,1,I,561,2,1,2,4,4,7,4,4,14800,1,1,0,4,4,7,4,4,14800,1,1,0,4,4,7,4,4,14800,1,1,0,2025,3,7,3890000,6830000,1,2
202601,6,,김량장동,41461,14,0,0,0,1,0,8,32,04,6,1,300,300,6,0,1,1,2,2,4,1,10,2,1,1,1,1,8,2,3,1,1,I,561,4,1,4,6,5,7,6,5,11000,1,1,0,6,5,7,6,5,11000,1,1,0,6,5,7,6,5,11000,1,1,0,2025,3,9,3490000,6170000,1,2
202601,6,,기흥역,41463,14,0,120,0,1,1,1,21,04,1,1,없음,20,4,0,0,0,2,2,4,1,10,1,1,2,1,1,8,2,3,-1,1,I,562,3,1,3,3,3,3,3,3,3900,1,1,0,3,3,3,3,3,3900,1,1,0,3,3,3,3,3,3900,1,1,0,2025,3,10,6280000,3070000,1,2
202601,6,,기흥역,41463,14,0,120,0,1,1,1,21,04,1,1,없음,20,4,0,0,0,2,2,4,1,10,1,1,2,1,1,8,2,3,1,6,0,999,3,1,3,1,1,1,6,4,10600,1,1,1,1,1,1,6,4,10600,1,1,1,1,1,1,6,4,10600,1,1,1,0,1,1,6280000,3070000,1,2
202601,6,,기흥역,41463,14,0,120,0,1,1,1,21,04,1,1,없음,20,4,0,0,0,2,2,4,1,10,1,1,2,1,1,8,2,3,2,2,0,999,3,1,4,1,1,1,3,3,5200,1,1,0,1,1,1,3,3,5200,1,1,0,1,1,1,3,3,5200,1,1,0,0,1,1,6280000,3070000,1,2
202601,6,,기흥역,41463,14,0,120,0,1,0,3,32,03,1,1,없음,45,5,0,0,0,2,1,2,1,10,1,1,1,1,1,8,2,3,1,1,G,472,2,1,2,5,5,8,5,5,25900,1,1,0,5,5,8,5,5,25900,1,1,0,5,5,8,5,5,25900,1,1,0,2024,3,10,5410000,9580000,1,1
202601,6,,기흥역,41463,22,0,120,0,1,0,3,32,03,6,1,880,30,3,0,0,0,2,2,4,1,10,2,1,1,1,1,8,2,3,1,1,S,952,4,1,4,7,7,9,7,7,41500,1,1,0,7,7,9,7,7,41500,1,1,0,7,7,9,7,7,41500,1,1,0,2024,6,9,11660000,19790000,1,3
202601,6,,기흥역,41463,22,0,120,0,1,0,3,32,03,1,1,900,30,1,0,0,0,2,1,3,1,10,1,1,1,1,1,8,2,3,1,1,G,478,3,1,3,6,5,8,6,5,22700,1,1,0,6,5,8,6,5,22700,1,1,0,6,5,8,6,5,22700,1,1,0,2024,3,8,9490000,20200000,1,2
202601,6,,기흥역,41463,22,0,120,0,1,0,3,32,03,1,1,900,30,1,0,0,0,2,1,3,1,10,1,1,1,1,1,8,2,3,1,1,L,682,1,1,1,4,4,9,4,4,31900,1,1,0,4,4,9,4,4,31900,1,1,0,4,4,9,4,4,31900,1,1,0,2024,3,9,9490000,20200000,1,2
202601,6,,기흥역,41463,16,0,120,0,1,0,3,19,04,1,1,520,260,3,0,0,0,3,2,4,1,10,2,1,1,1,1,8,3,3,1,1,I,561,4,1,4,6,7,9,6,7,42800,1,1,0,6,7,9,6,7,42800,1,1,0,6,7,9,6,7,42800,1,1,0,2026,3,9,6320000,18830000,1,2
202601,6,,기흥역,41463,43,0,0,0,1,0,5,32,04,2,1,없음,300,1,0,1,0,3,2,4,1,10,2,1,1,1,1,8,3,3,1,1,I,561,4,1,4,6,6,8,6,6,26200,1,1,0,6,6,8,6,6,26200,1,1,0,6,6,8,6,6,26200,1,1,0,2025,3,7,3120000,16070000,1,1
202601,6,,0.비상권,41463,43,0,0,0,1,0,7,31,04,2,1,없음,100,4,0,1,0,3,2,4,1,9,2,1,1,1,1,8,3,3,1,1,I,561,3,1,3,5,5,7,5,5,20300,1,1,0,5,5,7,5,5,20300,1,1,0,5,5,7,5,5,20300,1,1,0,2025,3,10,2610000,6570000,1,2
202601,6,,0.비상권,41463,43,0,0,0,1,0,7,31,04,2,1,없음,100,4,0,1,0,3,2,4,1,9,2,1,1,1,1,8,3,3,2,1,S,949,3,1,3,3,4,5,3,4,6600,1,1,0,3,4,5,3,4,6600,1,1,0,3,4,5,3,4,6600,1,1,0,2025,3,10,2610000,6570000,1,2
202601,6,,기흥역,41463,14,0,0,0,1,0,3,11,04,6,1,15,5,3,0,1,0,2,2,4,1,10,2,1,1,1,1,8,2,3,1,1,Q,862,4,1,4,6,6,9,6,6,30900,1,1,0,6,6,9,6,6,30900,1,1,0,6,6,9,6,6,30900,1,1,0,2023,4,10,8350000,14580000,1,1
202601,6,,기흥역,41463,14,0,0,0,1,0,4,32,04,6,1,220,220,2,0,1,0,2,2,4,1,10,2,1,1,1,1,8,2,3,1,6,0,999,2,1,2,1,1,1,5,4,25300,1,1,1,1,1,1,5,4,25300,1,1,1,1,1,1,5,4,25300,1,1,1,0,1,1,5510000,9230000,1,3
202601,6,,기흥역,41463,14,0,0,0,1,0,4,32,04,6,1,220,220,2,0,1,0,2,2,4,1,10,2,1,1,1,1,8,2,3,1,1,I,561,3,1,3,5,5,8,5,5,24400,1,1,0,5,5,8,5,5,24400,1,1,0,5,5,8,5,5,24400,1,1,0,2025,3,10,5510000,9230000,1,3
202601,6,,기흥역,41463,14,0,0,0,1,0,4,32,04,6,1,220,220,2,0,1,0,2,2,4,1,10,2,1,1,1,1,8,2,3,1,1,G,475,2,1,2,4,4,8,4,4,24400,1,1,0,4,4,8,4,4,24400,1,1,0,4,4,8,4,4,24400,1,1,0,2025,3,10,5510000,9230000,1,3
202601,6,,기흥역,41463,14,0,0,0,1,0,5,32,04,2,1,없음,110,6,0,0,0,2,1,1,1,10,1,1,1,1,1,8,2,3,1,1,G,472,1,1,1,4,3,7,4,4,18600,1,1,0,4,3,7,4,4,18600,1,1,0,4,3,7,4,4,18600,1,1,0,2025,3,9,3370000,24760000,2,2
202601,6,,용인수지,41465,16,0,120,0,1,0,2,32,03,1,1,500,100,3,0,0,0,3,2,4,1,10,2,1,1,1,1,8,3,3,1,1,I,561,4,1,4,7,7,8,7,7,27000,1,1,0,7,7,8,7,7,27000,1,1,0,7,7,8,7,7,27000,1,1,0,2025,3,10,7190000,14410000,1,3
202601,6,,용인수지,41465,14,0,0,0,1,0,8,31,04,6,1,없음,86,8,0,0,0,1,1,3,1,9,1,1,1,1,1,8,1,3,1,1,S,952,2,1,2,5,5,8,5,5,20300,1,1,0,5,5,8,5,5,20300,1,1,0,5,5,8,5,5,20300,1,1,0,2025,3,9,5870000,5900000,1,1
202601,6,,용인수지,41465,14,0,0,0,1,0,8,31,04,6,1,없음,86,8,0,0,0,1,1,3,1,9,1,1,1,1,1,8,1,3,2,1,K,649,1,1,2,3,3,7,3,3,12000,1,1,0,3,3,7,3,3,12000,1,1,0,3,3,7,3,3,12000,1,1,0,2025,3,9,5870000,5900000,1,1
202601,6,,용인수지,41465,22,0,0,0,1,0,3,21,03,7,1,400,10,4,0,0,0,2,2,4,1,10,2,1,1,1,1,8,2,3,1,1,F,424,2,1,2,5,4,8,5,4,22500,1,1,0,5,4,8,5,4,22500,1,1,0,5,4,8,5,4,22500,1,1,0,2024,3,9,8860000,14500000,1,3
202601,6,,용인수지,41465,22,0,0,0,1,0,3,21,03,7,1,400,10,4,0,0,0,2,2,4,1,10,2,1,1,1,1,8,2,3,1,6,0,999,2,1,2,1,1,1,5,5,23500,1,1,1,1,1,1,5,5,23500,1,1,1,1,1,1,5,5,23500,1,1,1,0,1,1,8860000,14500000,1,3
202601,6,,용인수지,41465,22,0,0,0,1,0,3,21,03,7,1,400,10,4,0,0,0,2,2,4,1,10,2,1,1,1,1,8,2,3,1,1,I,561,2,1,2,5,5,8,5,4,22500,1,1,0,5,5,8,5,4,22500,1,1,0,5,5,8,5,4,22500,1,1,0,2025,3,9,8860000,14500000,1,3
202601,6,,용인수지,41465,22,0,0,0,1,0,3,21,03,7,1,400,10,4,0,0,0,2,2,4,1,10,2,1,1,1,1,8,2,3,1,1,I,561,2,1,2,5,5,8,5,5,24100,1,1,0,5,5,8,5,5,24100,1,1,0,5,5,8,5,5,24100,1,1,0,2025,3,10,8860000,14500000,1,3
202601,6,,용인수지,41465,22,0,0,0,1,0,4,21,03,6,1,250,130,4,0,0,0,2,2,4,1,10,2,1,1,1,1,8,2,3,1,1,G,478,2,1,2,6,5,9,6,5,36300,1,1,0,6,5,9,6,5,36300,1,1,0,6,5,9,6,5,36300,1,1,0,2024,3,10,8930000,14950000,1,2
202601,6,,용인수지,41465,22,0,0,0,1,0,4,21,03,6,1,250,130,4,0,0,0,2,2,4,1,10,2,1,1,1,1,8,2,3,1,1,I,561,2,1,2,6,5,9,6,5,36100,1,1,0,6,5,9,6,5,36100,1,1,0,6,5,9,6,5,36100,1,1,0,2024,3,10,8930000,14950000,1,2
202601,6,,용인수지,41465,22,0,0,0,1,0,4,21,03,6,1,250,130,4,0,0,0,2,2,4,1,10,2,1,1,1,1,8,2,3,1,1,I,561,2,1,2,6,5,9,6,5,35800,1,1,0,6,5,9,6,5,35800,1,1,0,6,5,9,6,5,35800,1,1,0,2024,3,9,8930000,14950000,1,2
202601,6,,용인수지,41465,22,0,0,0,1,0,4,21,03,6,1,250,130,4,0,0,0,2,2,4,1,10,2,1,1,1,1,8,2,3,1,1,I,561,2,1,2,6,5,9,6,5,36100,1,1,0,6,5,9,6,5,36100,1,1,0,6,5,9,6,5,36100,1,1,0,2025,3,10,8930000,14950000,1,2
202601,6,,용인수지,41465,22,0,0,0,1,0,4,21,04,8,1,265,62,6,0,1,0,2,2,4,1,10,2,1,1,1,1,8,2,3,1,1,I,561,4,1,4,6,6,7,6,6,18700,1,1,0,6,6,7,6,6,18700,1,1,0,6,6,7,6,6,18700,1,1,0,2024,3,9,8090000,10920000,1,1
202601,6,,용인수지,41465,22,0,0,0,1,0,4,31,03,8,1,300,100,4,0,1,0,3,2,4,1,10,2,1,1,1,1,8,3,3,1,1,I,561,2,1,2,6,4,8,6,5,23000,1,1,0,6,4,8,6,5,23000,1,1,0,6,4,8,6,5,23000,1,1,0,2026,3,7,9040000,11520000,1,2
202601,6,,용인수지,41465,22,0,0,0,1,0,4,31,03,8,1,300,100,4,0,1,0,3,2,4,1,10,2,1,1,1,1,8,3,3,1,1,I,561,2,1,2,6,4,8,6,5,23200,1,1,0,6,4,8,6,5,23200,1,1,0,6,4,8,6,5,23200,1,1,0,2024,3,10,9040000,11520000,1,2
202601,6,,용인수지,41465,22,0,0,0,1,0,4,31,03,8,1,300,100,4,0,1,0,3,2,4,1,10,2,1,1,1,1,8,3,3,1,1,I,561,2,1,2,5,5,8,5,5,23900,1,1,0,5,5,8,5,5,23900,1,1,0,5,5,8,5,5,23900,1,1,0,2025,3,8,9040000,11520000,1,2
202601,6,,용인수지,41465,22,0,0,0,1,0,4,31,03,8,1,300,100,4,0,1,0,3,2,4,1,10,2,1,1,1,1,8,3,3,1,1,I,561,4,1,4,6,6,8,6,6,23600,1,1,0,6,6,8,6,6,23600,1,1,0,6,6,8,6,6,23600,1,1,0,2024,3,9,9040000,11520000,1,2
202601,6,,용인수지,41465,14,0,0,0,1,0,3,11,03,6,1,500,30,4,0,0,0,2,2,4,1,10,2,1,1,1,1,8,2,3,1,1,G,464,2,1,2,4,4,8,4,4,27100,1,1,0,4,4,8,4,4,27100,1,1,0,4,4,8,4,4,27100,1,1,0,2026,2,6,7820000,13130000,1,2
202601,6,,용인수지,41465,14,0,0,0,1,0,3,11,03,6,1,500,30,4,0,0,0,2,2,4,1,10,2,1,1,1,1,8,2,3,1,1,M,716,2,1,2,4,4,8,4,4,26300,1,1,0,4,4,8,4,4,26300,1,1,0,4,4,8,4,4,26300,1,1,0,2025,3,10,7820000,13130000,1,2
202601,6,,용인수지,41465,14,0,0,0,1,0,3,11,03,6,1,500,30,4,0,0,0,2,2,4,1,10,2,1,1,1,1,8,2,3,1,1,J,581,2,1,2,4,4,8,4,5,27300,1,1,0,4,4,8,4,5,27300,1,1,0,4,4,8,4,5,27300,1,1,0,2024,3,7,7820000,13130000,1,2
202601,6,,0.비상권,41465,14,0,0,0,1,0,7,32,03,3,1,220,80,3,0,1,0,4,2,4,1,10,2,1,1,1,1,28,4,3,1,1,I,561,4,1,4,7,6,9,7,6,32300,1,1,0,7,6,9,7,6,32300,1,1,0,7,6,9,7,6,32300,1,1,0,2025,3,10,6120000,27150000,1,1
202601,6,,0.비상권,41465,14,0,0,0,1,0,7,32,03,3,1,220,80,3,0,1,0,4,2,4,1,10,2,1,1,1,1,28,4,3,1,1,I,562,2,1,2,6,5,9,6,5,31200,1,1,0,6,5,9,6,5,31200,1,1,0,6,5,9,6,5,31200,1,1,0,2025,3,10,6120000,27150000,1,1
202601,6,,파주시청,41480,22,0,0,0,1,0,4,32,03,8,1,300,50,1,0,0,0,1,1,3,1,10,1,1,1,1,1,8,1,3,1,1,G,474,3,1,3,7,6,9,7,6,42700,1,1,0,7,6,9,7,6,42700,1,1,0,7,6,9,7,6,42700,1,1,0,2025,3,10,6270000,8190000,1,3
202601,6,,파주시청,41480,22,0,0,0,1,0,6,31,03,4,1,428,35,1,0,0,0,2,1,3,1,10,1,1,1,1,1,8,2,3,1,1,G,472,2,1,2,4,4,7,4,4,15600,1,1,0,4,4,7,4,4,15600,1,1,0,4,4,7,4,4,15600,1,1,0,2026,3,10,4180000,12520000,1,3
202601,6,,파주시청,41480,22,0,0,0,1,0,6,31,03,4,1,428,35,1,0,0,0,2,1,3,1,10,1,1,1,1,1,8,2,3,1,6,0,999,2,1,2,1,1,1,4,4,16300,1,1,1,1,1,1,4,4,16300,1,1,1,1,1,1,4,4,16300,1,1,1,0,1,1,4180000,12520000,1,3
202601,6,,파주시청,41480,22,0,0,0,1,0,1,19,04,1,1,400,70,6,0,0,0,1,1,1,1,10,1,1,1,1,1,8,1,3,1,1,R,912,1,1,1,5,4,9,5,4,39800,1,1,0,5,4,9,5,4,39800,1,1,0,5,4,9,5,4,39800,1,1,0,2025,3,10,5560000,6170000,1,3
202601,6,,파주시청,41480,22,0,0,0,1,0,8,31,03,1,1,334,64,5,0,0,0,2,1,2,1,10,1,1,1,1,1,8,1,3,1,1,G,474,1,1,1,3,4,8,3,4,26000,1,1,0,3,4,8,3,4,26000,1,1,0,3,4,8,3,4,26000,1,1,0,2024,3,9,5600000,10470000,1,3
202601,6,,파주시청,41480,22,0,0,0,1,0,8,31,03,1,1,334,64,5,0,0,0,2,1,2,1,10,1,1,1,1,1,8,1,3,1,2,G,474,1,1,1,1,1,1,5,4,35900,1,1,0,1,1,1,5,4,35900,1,1,0,1,1,1,5,4,35900,1,1,0,0,1,1,5600000,10470000,1,3
202601,6,,파주시청,41480,22,13,0,0,1,0,5,31,04,8,2,130,100,4,0,0,0,1,2,4,1,10,2,1,1,1,1,8,1,3,1,1,I,561,1,1,1,3,4,8,4,5,36700,1,1,0,3,4,8,4,5,36700,1,1,0,3,4,8,4,5,36700,1,1,0,2025,3,10,7390000,5270000,1,2
202601,6,,파주시청,41480,22,13,0,0,1,0,5,31,04,8,2,130,100,4,0,0,0,1,2,4,1,10,2,1,1,1,1,8,1,3,1,1,I,561,1,1,1,5,5,9,5,5,39100,1,1,0,5,5,9,5,5,39100,1,1,0,5,5,9,5,5,39100,1,1,0,2024,3,9,7390000,5270000,1,2
202601,6,,파주시청,41480,22,13,0,0,1,0,5,31,04,8,2,130,100,4,0,0,0,1,2,4,1,10,2,1,1,1,1,8,1,3,2,1,S,961,1,1,1,3,3,7,4,4,19300,1,1,0,3,3,7,4,4,19300,1,1,0,3,3,7,4,4,19300,1,1,0,2025,3,10,7390000,5270000,1,2
202601,6,,파주시청,41480,22,13,0,0,1,0,5,31,04,8,2,130,100,4,0,0,0,1,2,4,1,10,2,1,1,1,1,8,1,3,2,1,S,961,1,1,1,4,4,8,4,4,19300,1,1,0,4,4,8,4,4,19300,1,1,0,4,4,8,4,4,19300,1,1,0,2024,3,9,7390000,5270000,1,2
202601,6,,파주시청,41480,22,0,0,0,1,0,3,32,04,7,1,800,50,1,0,0,0,2,1,3,1,10,1,1,1,1,1,8,2,3,1,1,I,561,3,1,3,5,5,7,5,5,16500,1,1,0,5,5,7,5,5,16500,1,1,0,5,5,7,5,5,16500,1,1,0,2025,3,10,4590000,7250000,1,2
202601,6,,0.비상권,41480,14,0,0,0,1,0,5,32,04,6,1,없음,150,6,0,0,0,2,1,3,1,10,1,1,1,1,1,8,2,3,1,1,G,478,2,1,2,3,3,6,3,3,9000,1,1,0,3,3,6,3,3,9000,1,1,0,3,3,6,3,3,9000,1,1,0,2026,3,7,1970000,3510000,1,2
202601,6,,0.비상권,41480,14,0,0,0,1,0,5,32,04,6,1,없음,150,6,0,0,0,2,1,3,1,10,1,1,1,1,1,8,2,3,1,1,G,478,2,1,2,3,3,6,3,3,9200,1,1,0,3,3,6,3,3,9200,1,1,0,3,3,6,3,3,9200,1,1,0,2026,3,7,1970000,3510000,1,2
202601,6,,파주시청,41480,14,0,0,0,1,0,4,32,04,6,1,890,20,5,0,0,0,1,1,2,1,10,1,1,1,1,1,8,1,3,1,1,I,561,2,1,2,6,5,9,6,5,31200,1,1,0,6,5,9,6,5,31200,1,1,0,6,5,9,6,5,31200,1,1,0,2025,3,10,5210000,8720000,1,3
202601,6,,파주시청,41480,14,0,0,0,1,0,5,31,04,6,2,없음,120,5,0,0,0,1,1,3,1,10,1,1,1,1,1,8,1,3,1,1,I,562,2,1,2,6,5,8,6,5,29400,1,1,0,6,5,8,6,5,29400,1,1,0,6,5,8,6,5,29400,1,1,0,2026,3,10,5590000,5310000,1,3
202601,6,,파주시청,41480,14,0,0,0,1,0,5,31,04,6,2,없음,120,5,0,0,0,1,1,3,1,10,1,1,1,1,1,8,1,3,2,1,I,562,2,1,2,4,3,6,4,3,9200,1,1,0,4,3,6,4,3,9200,1,1,0,4,3,6,4,3,9200,1,1,0,2026,3,10,5590000,5310000,1,3
202601,6,,파주시청,41480,14,0,0,0,1,0,4,32,04,6,1,853,75,4,0,1,0,3,2,4,1,10,2,1,1,1,1,8,3,3,1,1,I,561,4,1,4,7,6,8,7,6,22100,1,1,0,7,6,8,7,6,22100,1,1,0,7,6,8,7,6,22100,1,1,0,2025,3,10,3740000,6530000,1,3
202601,6,,파주시청,41480,14,0,0,0,1,0,7,31,04,6,2,850,10,4,0,1,0,2,2,4,2,9,2,1,1,1,1,8,2,3,1,1,G,463,3,1,4,6,6,8,6,6,25400,1,1,0,6,6,8,6,6,25400,1,1,0,6,6,8,6,6,25400,1,1,0,2025,3,9,5900000,5300000,1,2
202601,6,,파주시청,41480,14,0,0,0,1,0,7,31,04,6,2,850,10,4,0,1,0,2,2,4,2,9,2,1,1,1,1,8,2,3,2,1,R,912,3,1,4,6,5,7,6,5,15500,1,1,0,6,5,7,6,5,15500,1,1,0,6,5,7,6,5,15500,1,1,0,2024,3,9,5900000,5300000,1,2
202601,6,,파주시청,41480,14,0,0,0,1,0,4,32,04,5,1,750,150,4,0,1,0,3,2,4,1,10,2,1,1,1,1,8,3,3,1,1,I,561,4,1,4,6,6,7,6,6,15900,1,1,0,6,6,7,6,6,15900,1,1,0,6,6,7,6,6,15900,1,1,0,2025,3,10,4780000,10300000,1,3
202601,6,,파주시청,41480,22,0,0,0,1,0,6,31,03,6,2,700,200,6,0,1,0,2,2,4,1,9,2,1,1,1,1,8,2,3,1,1,G,476,1,1,1,4,4,8,4,4,21900,1,1,0,4,4,8,4,4,21900,1,1,0,4,4,8,4,4,21900,1,1,0,2025,3,10,4850000,4050000,1,2
202601,6,,파주시청,41480,22,0,0,0,1,0,6,31,03,6,2,700,200,6,0,1,0,2,2,4,1,9,2,1,1,1,1,8,2,3,1,1,S,961,1,1,2,5,4,8,5,4,19800,1,1,0,5,4,8,5,4,19800,1,1,0,5,4,8,5,4,19800,1,1,0,2025,3,10,4850000,4050000,1,2
202601,6,,파주시청,41480,22,0,0,0,1,0,6,31,03,6,2,700,200,6,0,1,0,2,2,4,1,9,2,1,1,1,1,8,2,3,2,1,S,961,2,1,3,6,4,7,6,4,11300,1,1,0,6,4,7,6,4,11300,1,1,0,6,4,7,6,4,11300,1,1,0,2026,3,10,4850000,4050000,1,2
202601,6,,0.비상권,41480,13,0,0,0,1,0,6,31,04,6,1,470,100,6,0,1,0,2,2,4,1,10,2,1,1,1,1,8,2,3,1,1,S,969,2,1,2,3,3,7,3,3,11500,1,1,0,3,3,7,3,3,11500,1,1,0,3,3,7,3,3,11500,1,1,0,2026,3,8,2030000,3440000,1,1
202601,6,,0.비상권,41480,13,0,0,0,1,0,6,31,04,6,1,470,100,6,0,1,0,2,2,4,1,10,2,1,1,1,1,8,2,3,1,1,G,463,3,1,3,3,4,6,3,4,10800,1,1,0,3,4,6,3,4,10800,1,1,0,3,4,6,3,4,10800,1,1,0,2026,3,8,2030000,3440000,1,1
202601,6,,파주시청,41480,13,0,0,0,1,1,4,21,04,6,2,300,150,7,0,0,0,2,2,4,1,9,2,1,1,1,1,8,2,3,-1,6,0,999,3,1,3,1,1,1,3,3,3600,1,1,1,1,1,1,3,3,3600,1,1,1,1,1,1,3,3,3600,1,1,1,0,1,1,2520000,1430000,1,1
202601,6,,파주시청,41480,13,0,0,0,1,1,4,21,04,6,2,300,150,7,0,0,0,2,2,4,1,9,2,1,1,1,1,8,2,3,1,1,I,561,2,1,3,5,4,7,5,4,12300,1,1,0,5,4,7,5,4,12300,1,1,0,5,4,7,5,4,12300,1,1,0,2026,3,8,2520000,1430000,1,1
202601,6,,파주시청,41480,13,0,0,0,1,1,4,21,04,6,2,300,150,7,0,0,0,2,2,4,1,9,2,1,1,1,1,8,2,3,2,1,I,562,2,1,3,4,4,7,4,4,10200,1,1,0,4,4,7,4,4,10200,1,1,0,4,4,7,4,4,10200,1,1,0,2025,3,10,2520000,1430000,1,1
202601,6,,0.비상권,41480,64,0,0,0,1,0,6,31,04,4,1,200,10,6,0,1,0,3,2,4,1,10,1,1,1,1,1,8,3,3,1,6,0,999,3,1,3,1,1,1,6,4,13000,1,1,1,1,1,1,6,4,13000,1,1,1,1,1,1,6,4,13000,1,1,1,0,1,1,2160000,5650000,1,2
202601,6,,0.비상권,41480,64,0,0,0,1,0,6,31,04,4,1,200,10,6,0,1,0,3,2,4,1,10,1,1,1,1,1,8,3,3,1,1,I,561,3,1,3,6,4,7,6,4,13000,1,1,0,6,4,7,6,4,13000,1,1,0,6,4,7,6,4,13000,1,1,0,2025,3,10,2160000,5650000,1,2
202601,6,,이천종합터미널,41500,14,0,0,0,1,0,1,21,03,1,1,없음,672,5,0,0,0,2,2,4,2,9,2,1,2,1,1,8,2,3,1,1,G,462,3,1,4,7,5,7,7,5,15500,2,1,0,7,5,7,7,5,15500,2,1,0,7,5,7,7,5,15500,2,1,0,2025,3,8,2810000,2720000,1,1
202601,6,,이천종합터미널,41500,14,0,0,0,1,0,1,21,03,1,1,없음,672,5,0,0,0,2,2,4,2,9,2,1,2,1,1,8,2,3,2,2,0,999,3,1,4,1,1,1,6,4,7300,2,1,0,1,1,1,6,4,7300,2,1,0,1,1,1,6,4,7300,2,1,0,0,1,1,2810000,2720000,1,1
202601,6,,이천종합터미널,41500,14,0,0,0,1,0,3,32,04,6,1,없음,178,4,0,0,0,2,1,3,1,10,1,1,1,1,1,8,2,3,1,1,S,953,3,1,3,6,3,4,6,3,8100,1,1,0,6,3,4,6,3,8100,1,1,0,6,3,4,6,3,8100,1,1,0,2024,3,5,2300000,3940000,1,1
202601,6,,이천종합터미널,41500,22,0,0,0,1,0,4,21,03,8,2,없음,190,6,0,0,0,1,2,4,1,9,2,1,1,1,1,8,1,3,1,1,I,561,2,1,3,6,5,8,6,5,29100,1,1,0,6,5,8,6,5,29100,1,1,0,6,5,8,6,5,29100,1,1,0,2024,3,10,8210000,5190000,1,3
202601,6,,이천종합터미널,41500,22,0,0,0,1,0,4,21,03,8,2,없음,190,6,0,0,0,1,2,4,1,9,2,1,1,1,1,8,1,3,2,1,I,561,2,1,3,4,4,7,4,4,11100,1,1,0,4,4,7,4,4,11100,1,1,0,4,4,7,4,4,11100,1,1,0,2024,3,10,8210000,5190000,1,3
202601,6,,이천종합터미널,41500,22,0,0,0,1,0,5,31,03,7,2,없음,190,6,0,0,0,1,1,2,1,10,1,1,1,1,1,8,1,3,1,1,G,474,1,1,1,5,4,9,5,4,30700,1,1,0,5,4,9,5,4,30700,1,1,0,5,4,9,5,4,30700,1,1,0,2024,3,10,7390000,5370000,1,3
202601,6,,이천종합터미널,41500,22,0,0,0,1,0,5,31,03,7,2,없음,190,6,0,0,0,1,1,2,1,10,1,1,1,1,1,8,1,3,2,1,G,474,1,1,1,3,3,7,3,3,16200,1,1,0,3,3,7,3,3,16200,1,1,0,3,3,7,3,3,16200,1,1,0,2024,3,10,7390000,5370000,1,3
202601,6,,0.비상권,41500,16,0,0,0,1,0,5,32,04,7,1,없음,50,4,0,0,0,2,1,3,1,10,1,1,1,1,1,8,2,3,1,1,I,561,2,1,2,5,4,8,5,4,19900,1,1,0,5,4,8,5,4,19900,1,1,0,5,4,8,5,4,19900,1,1,0,2025,3,10,3690000,5530000,1,2
202601,6,,0.비상권,41500,16,0,0,0,1,0,5,32,04,7,1,없음,50,4,0,0,0,2,1,3,1,10,1,1,1,1,1,8,2,3,1,1,I,561,2,1,2,5,4,8,5,4,19900,1,1,0,5,4,8,5,4,19900,1,1,0,5,4,8,5,4,19900,1,1,0,2025,3,10,3690000,5530000,1,2
202601,6,,이천종합터미널,41500,16,0,0,0,1,0,6,32,04,1,1,없음,74,6,0,0,0,3,2,4,1,10,2,1,1,1,1,8,3,3,1,1,I,561,3,1,4,6,5,7,6,5,18800,1,1,0,6,5,7,6,5,18800,1,1,0,6,5,7,6,5,18800,1,1,0,2024,3,9,2520000,4010000,1,2
202601,6,,이천종합터미널,41500,16,0,0,0,1,0,6,32,04,1,1,없음,74,6,0,0,0,3,2,4,1,10,2,1,1,1,1,8,3,3,1,1,R,912,1,1,1,4,4,8,4,4,20700,1,1,0,4,4,8,4,4,20700,1,1,0,4,4,8,4,4,20700,1,1,0,2024,3,10,2520000,4010000,1,2
202601,6,,이천종합터미널,41500,16,0,0,0,1,0,6,32,04,1,1,없음,74,6,0,0,0,3,2,4,1,10,2,1,1,1,1,8,3,3,1,1,I,561,2,1,2,6,4,7,6,4,19500,1,1,0,6,4,7,6,4,19500,1,1,0,6,4,7,6,4,19500,1,1,0,2024,3,7,2520000,4010000,1,2
202601,6,,이천종합터미널,41500,16,0,0,0,1,0,6,32,04,1,1,없음,74,6,0,0,0,3,2,4,1,10,2,1,1,1,1,8,3,3,1,1,I,562,2,1,2,6,4,7,6,4,18000,1,1,0,6,4,7,6,4,18000,1,1,0,6,4,7,6,4,18000,1,1,0,2024,3,10,2520000,4010000,1,2
202601,6,,이천종합터미널,41500,16,0,0,0,1,0,1,21,04,1,1,없음,85,4,0,0,0,2,2,4,2,9,2,1,1,1,1,8,2,3,1,1,G,478,4,1,4,6,5,7,6,5,16900,2,1,0,6,5,7,6,5,16900,2,1,0,6,5,7,6,5,16900,2,1,0,2024,3,9,2930000,3100000,1,1
202601,6,,이천종합터미널,41500,16,0,0,0,1,0,1,21,04,1,1,없음,85,4,0,0,0,2,2,4,2,9,2,1,1,1,1,8,2,3,2,1,G,478,4,1,4,4,4,6,4,4,8300,2,1,0,4,4,6,4,4,8300,2,1,0,4,4,6,4,4,8300,2,1,0,2024,3,9,2930000,3100000,1,1
202601,6,,이천종합터미널,41500,14,0,0,0,1,0,3,32,04,1,1,없음,500,4,0,0,0,3,2,4,1,10,2,1,1,1,1,8,3,3,1,1,I,561,4,1,4,6,5,7,6,5,12700,1,1,0,6,5,7,6,5,12700,1,1,0,6,5,7,6,5,12700,1,1,0,2024,3,7,3720000,9690000,1,2
202601,6,,이천종합터미널,41500,14,0,0,0,1,0,3,11,03,1,1,없음,94,4,0,0,0,2,2,4,1,10,2,1,1,1,1,8,2,3,1,1,M,711,2,1,3,4,4,7,4,4,12300,1,1,0,4,4,7,4,4,12300,1,1,0,4,4,7,4,4,12300,1,1,0,2025,3,7,2550000,4310000,1,1
202601,6,,이천종합터미널,41500,14,0,0,0,1,0,3,11,03,1,1,없음,94,4,0,0,0,2,2,4,1,10,2,1,1,1,1,8,2,3,1,1,S,969,2,1,2,3,3,7,3,3,13000,1,1,0,3,3,7,3,3,13000,1,1,0,3,3,7,3,3,13000,1,1,0,2025,3,10,2550000,4310000,1,1
202601,6,,이천종합터미널,41500,14,0,0,0,1,0,1,21,04,1,1,없음,333,5,0,0,0,2,2,4,1,9,2,1,1,1,1,8,2,3,1,1,N,762,1,1,1,5,3,7,5,3,16900,1,1,0,5,3,7,5,3,16900,1,1,0,5,3,7,5,3,16900,1,1,0,2025,4,7,3730000,2790000,1,3
202601,6,,이천종합터미널,41500,14,0,0,0,1,0,1,21,04,1,1,없음,333,5,0,0,0,2,2,4,1,9,2,1,1,1,1,8,2,3,1,1,I,561,1,1,1,5,3,7,5,3,18800,1,1,0,5,3,7,5,3,18800,1,1,0,5,3,7,5,3,18800,1,1,0,2025,3,9,3730000,2790000,1,3
202601,6,,이천종합터미널,41500,14,0,0,0,1,0,1,21,04,1,1,없음,333,5,0,0,0,2,2,4,1,9,2,1,1,1,1,8,2,3,1,1,L,682,1,1,1,5,3,7,5,3,19100,1,1,0,5,3,7,5,3,19100,1,1,0,5,3,7,5,3,19100,1,1,0,2024,3,8,3730000,2790000,1,3
202601,6,,이천종합터미널,41500,14,0,0,0,1,0,1,21,04,1,1,없음,333,5,0,0,0,2,2,4,1,9,2,1,1,1,1,8,2,3,2,1,I,561,2,1,2,5,3,5,5,3,7200,2,1,0,5,3,5,5,3,7200,2,1,0,5,3,5,5,3,7200,2,1,0,2025,2,10,3730000,2790000,1,3
202601,6,,이천종합터미널,41500,16,0,0,0,1,0,1,21,04,1,1,없음,100,5,0,0,0,2,2,4,1,10,2,1,1,1,1,8,2,3,1,1,I,561,2,1,2,4,4,7,4,4,19100,1,1,0,4,4,7,4,4,19100,1,1,0,4,4,7,4,4,19100,1,1,0,2025,3,10,3710000,4940000,1,1
202601,6,,이천종합터미널,41500,16,0,0,0,1,0,1,21,04,1,1,없음,100,5,0,0,0,2,2,4,1,10,2,1,1,1,1,8,2,3,1,1,S,961,2,1,2,6,3,7,6,3,19500,1,1,0,6,3,7,6,3,19500,1,1,0,6,3,7,6,3,19500,1,1,0,2026,3,7,3710000,4940000,1,1
202601,6,,이천종합터미널,41500,16,0,0,0,1,0,1,21,04,1,1,없음,100,5,0,0,0,2,2,4,1,10,2,1,1,1,1,8,2,3,1,1,I,561,2,1,2,4,4,7,4,4,19100,1,1,0,4,4,7,4,4,19100,1,1,0,4,4,7,4,4,19100,1,1,0,2025,3,10,3710000,4940000,1,1
202601,6,,이천종합터미널,41500,16,0,0,0,1,0,1,21,04,1,1,없음,100,5,0,0,0,2,2,4,1,10,2,1,1,1,1,8,2,3,2,1,S,949,3,1,3,6,4,5,6,4,7800,2,1,0,6,4,5,6,4,7800,2,1,0,6,4,5,6,4,7800,2,1,0,2025,3,7,3710000,4940000,1,1
202601,6,,이천종합터미널,41500,22,0,0,0,1,1,1,21,03,1,1,없음,300,7,0,0,0,2,2,4,1,10,2,1,1,1,1,8,2,3,-1,1,C,291,4,1,4,3,3,3,3,3,4000,1,1,0,3,3,3,3,3,4000,1,1,0,3,3,3,3,3,4000,1,1,0,2026,3,8,4150000,2210000,1,1
202601,6,,이천종합터미널,41500,22,0,0,0,1,1,1,21,03,1,1,없음,300,7,0,0,0,2,2,4,1,10,2,1,1,1,1,8,2,3,1,1,C,291,3,1,4,5,5,7,5,5,15600,1,1,0,5,5,7,5,5,15600,1,1,0,5,5,7,5,5,15600,1,1,0,2026,3,7,4150000,2210000,1,1
202601,6,,이천종합터미널,41500,22,0,0,0,1,1,1,21,03,1,1,없음,300,7,0,0,0,2,2,4,1,10,2,1,1,1,1,8,2,3,2,1,C,291,3,1,4,4,3,4,4,3,5400,1,1,0,4,3,4,4,3,5400,1,1,0,4,3,4,4,3,5400,1,1,0,2026,3,7,4150000,2210000,1,1
202601,6,,이천종합터미널,41500,22,0,0,0,1,0,2,11,03,1,1,없음,30,4,0,0,0,2,2,4,1,10,2,1,1,1,1,8,2,3,1,1,G,478,3,1,3,6,5,8,6,5,21300,1,1,0,6,5,8,6,5,21300,1,1,0,6,5,8,6,5,21300,1,1,0,2024,3,7,4150000,9510000,1,2
202601,6,,이천종합터미널,41500,22,0,0,0,1,0,2,11,03,1,1,없음,30,4,0,0,0,2,2,4,1,10,2,1,1,1,1,8,2,3,1,1,S,951,1,1,2,4,4,8,4,4,20000,1,1,0,4,4,8,4,4,20000,1,1,0,4,4,8,4,4,20000,1,1,0,2024,3,7,4150000,9510000,1,2
202601,6,,이천종합터미널,41500,22,0,0,0,1,0,2,11,03,1,1,없음,30,4,0,0,0,2,2,4,1,10,2,1,1,1,1,8,2,3,1,1,I,561,1,1,1,4,4,8,4,4,21200,1,1,0,4,4,8,4,4,21200,1,1,0,4,4,8,4,4,21200,1,1,0,2024,3,7,4150000,9510000,1,2
202601,6,,이천종합터미널,41500,16,0,0,0,1,0,2,21,03,1,1,없음,131,5,0,0,0,2,1,3,1,10,1,1,1,1,1,8,2,3,1,1,M,721,3,1,3,6,5,8,6,5,20200,1,1,0,6,5,8,6,5,20200,1,1,0,6,5,8,6,5,20200,1,1,0,2025,3,8,3770000,6410000,1,2
202601,6,,이천종합터미널,41500,16,0,0,0,1,0,1,21,04,7,2,없음,100,5,0,0,0,2,2,4,1,10,1,1,1,1,1,8,2,3,1,1,I,561,3,1,3,5,4,7,5,4,10100,1,1,0,5,4,7,5,4,10100,1,1,0,5,4,7,5,4,10100,1,1,0,2025,4,10,3090000,2470000,1,1
202601,6,,이천종합터미널,41500,16,0,0,0,1,0,1,21,04,7,2,없음,100,5,0,0,0,2,2,4,1,10,1,1,1,1,1,8,2,3,2,2,0,999,3,1,3,1,1,1,5,3,5600,1,1,0,1,1,1,5,3,5600,1,1,0,1,1,1,5,3,5600,1,1,0,0,1,1,3090000,2470000,1,1
202601,6,,안성 서인사거리,41550,16,0,0,0,1,0,5,32,04,6,1,없음,38,6,0,0,0,2,1,3,1,10,1,1,1,1,1,8,2,3,1,1,I,561,3,1,3,4,3,4,4,4,7400,1,1,0,4,3,4,4,4,7400,1,1,0,4,3,4,4,4,7400,1,1,0,2025,3,9,1810000,3260000,1,1
202601,6,,안성 서인사거리,41550,13,0,0,0,1,0,3,21,04,1,1,없음,170,7,0,0,0,1,2,3,1,10,1,1,1,1,1,8,1,3,1,1,I,561,2,1,2,5,4,7,5,4,12800,1,1,0,5,4,7,5,4,12800,1,1,0,5,4,7,5,4,12800,1,1,0,2025,3,8,1890000,1590000,1,2
202601,6,,안성 서인사거리,41550,13,0,0,0,1,0,3,21,04,1,1,없음,170,7,0,0,0,1,2,3,1,10,1,1,1,1,1,8,1,3,2,6,0,999,2,1,2,1,1,1,3,3,3600,1,1,1,1,1,1,3,3,3600,1,1,1,1,1,1,3,3,3600,1,1,1,0,1,1,1890000,1590000,1,2
202601,6,,안성 서인사거리,41550,13,0,0,0,1,0,3,21,03,8,2,없음,21,7,0,0,0,2,2,4,1,10,1,1,1,1,1,8,2,3,1,1,S,952,3,1,3,4,3,4,4,3,4600,1,1,0,4,3,4,4,3,4600,1,1,0,4,3,4,4,3,4500,1,1,0,2025,3,9,1510000,1370000,1,1
202601,6,,안성 서인사거리,41550,13,0,0,0,1,0,3,21,03,8,2,없음,21,7,0,0,0,2,2,4,1,10,1,1,1,1,1,8,2,3,2,2,0,999,3,1,3,1,1,1,6,3,4200,1,1,0,1,1,1,6,3,4200,1,1,0,1,1,1,6,3,4200,1,1,0,0,1,1,1510000,1370000,1,1
202601,6,,안성 서인사거리,41550,14,0,0,0,1,0,1,11,03,1,1,없음,120,4,0,0,0,2,2,4,1,10,2,1,1,1,1,8,2,3,1,1,G,466,2,1,2,5,3,6,5,3,8800,1,1,0,5,3,6,5,3,8800,1,1,0,5,3,6,5,3,8800,1,1,0,2026,3,7,1770000,1540000,1,1
202601,6,,안성 서인사거리,41550,14,0,0,0,1,0,1,11,03,1,1,없음,120,4,0,0,0,2,2,4,1,10,2,1,1,1,1,8,2,3,2,1,G,466,2,1,2,3,3,3,3,3,3100,1,1,0,3,3,3,3,3,3100,1,1,0,3,3,3,3,3,3100,1,1,0,2026,3,7,1770000,1540000,1,1
202601,6,,안성 서인사거리,41550,13,0,0,0,1,0,1,21,03,6,2,없음,79,4,0,0,0,2,2,4,1,9,2,1,1,1,1,8,2,3,1,1,I,561,1,1,2,3,3,7,3,3,12400,1,1,0,3,3,7,3,3,12400,1,1,0,3,3,7,3,3,12400,1,1,0,2024,3,8,1860000,1630000,1,2
202601,6,,안성 서인사거리,41550,13,0,0,0,1,0,1,21,03,6,2,없음,79,4,0,0,0,2,2,4,1,9,2,1,1,1,1,8,2,3,1,1,G,463,1,1,2,3,3,7,3,3,12400,1,1,0,3,3,7,3,3,12400,1,1,0,3,3,7,3,3,12400,1,1,0,2025,3,9,1860000,1630000,1,2
202601,6,,안성 서인사거리,41550,13,0,0,0,1,0,1,21,03,6,2,없음,79,4,0,0,0,2,2,4,1,9,2,1,1,1,1,8,2,3,2,1,N,751,2,1,3,3,3,3,3,3,2800,1,1,0,3,3,3,3,3,2800,1,1,0,3,3,3,3,3,2800,1,1,0,2024,3,9,1860000,1630000,1,2
202601,6,,안성 서인사거리,41550,13,0,0,0,1,0,1,21,03,1,1,없음,50,5,0,0,0,2,2,4,1,10,2,2,1,1,1,8,2,3,1,1,S,952,3,1,3,3,3,5,3,4,7500,1,1,0,3,3,5,3,4,7500,1,1,0,3,3,5,3,4,7500,1,1,0,2026,3,5,1730000,1390000,1,1
202601,6,,안성 서인사거리,41550,13,0,0,0,1,0,1,21,03,1,1,없음,50,5,0,0,0,2,2,4,1,10,2,2,1,1,1,8,2,3,1,1,S,953,3,1,3,5,4,6,5,4,9900,1,1,0,5,4,6,5,4,9900,1,1,0,5,4,6,5,4,9800,1,1,0,2026,3,6,1730000,1390000,1,1
202601,6,,안성 서인사거리,41550,13,0,0,0,1,0,1,21,03,1,1,없음,50,5,0,0,0,2,2,4,1,10,2,2,1,1,1,8,2,3,2,6,0,999,4,1,4,1,1,1,3,3,2800,1,1,1,1,1,1,3,3,2800,1,1,1,1,1,1,3,3,2800,1,1,1,0,1,1,1730000,1390000,1,1
202601,6,,안성 서인사거리,41550,13,0,0,0,1,0,8,21,03,6,1,없음,135,5,0,1,0,2,2,4,1,10,2,1,1,1,1,8,2,3,1,1,R,912,3,1,3,5,4,6,5,4,9500,1,1,0,5,4,6,5,4,9500,1,1,0,5,4,6,5,4,9500,1,1,0,2026,3,9,2290000,4000000,1,1
202601,6,,안성 서인사거리,41550,13,0,0,0,1,0,8,21,03,6,1,없음,135,5,0,1,0,2,2,4,1,10,2,1,1,1,1,8,2,3,1,1,I,561,3,1,3,6,5,7,6,5,15200,1,1,0,6,5,7,6,5,15200,1,1,0,6,5,7,6,5,15200,1,1,0,2025,3,9,2290000,4000000,1,1
202601,6,,안성 서인사거리,41550,13,0,0,0,1,0,1,11,04,1,1,없음,90,6,0,0,0,2,2,4,1,10,1,1,1,1,1,8,2,3,1,1,I,561,3,1,3,3,3,4,3,4,5300,1,1,0,3,3,4,3,4,5300,1,1,0,3,3,4,3,4,5300,1,1,0,2025,3,9,1320000,1520000,1,1
202601,6,,안성 서인사거리,41550,13,0,0,0,1,0,1,11,04,1,1,없음,90,6,0,0,0,2,2,4,1,10,1,1,1,1,1,8,2,3,2,2,0,999,2,1,2,1,1,1,3,3,3800,1,1,0,1,1,1,3,3,3800,1,1,0,1,1,1,3,3,3800,1,1,0,0,1,1,1320000,1520000,1,1
202601,6,,안성 서인사거리,41550,16,0,0,0,1,0,3,21,03,6,1,없음,70,4,0,0,0,2,2,4,1,10,1,1,1,1,1,8,2,3,1,1,G,472,1,1,1,3,3,5,3,3,6200,1,1,0,3,3,5,3,3,6200,1,1,0,3,3,5,3,3,6200,1,1,0,2025,2,6,2560000,2560000,1,1
202601,6,,안성 서인사거리,41550,16,0,0,0,1,0,3,21,03,6,1,없음,70,4,0,0,0,2,2,4,1,10,1,1,1,1,1,8,2,3,1,6,0,999,2,1,2,1,1,1,4,3,11200,1,1,1,1,1,1,4,3,11200,1,1,1,1,1,1,4,3,11200,1,1,1,0,1,1,2560000,2560000,1,1
202601,6,,안성 서인사거리,41550,16,0,0,0,1,0,3,21,03,6,1,없음,70,4,0,0,0,2,2,4,1,10,1,1,1,1,1,8,2,3,2,1,S,961,2,1,2,3,3,4,3,3,3200,1,1,0,3,3,4,3,3,3200,1,1,0,3,3,4,3,3,3200,1,1,0,2025,3,10,2560000,2560000,1,1
202601,6,,안성 서인사거리,41550,16,0,0,0,1,0,1,21,03,1,1,없음,50,4,0,0,0,2,2,4,1,10,1,2,1,1,1,8,2,3,1,2,0,999,3,1,3,1,1,1,3,4,8900,1,1,0,1,1,1,3,4,8900,1,1,0,1,1,1,3,4,8900,1,1,0,0,1,1,2310000,1690000,1,1
202601,6,,안성 서인사거리,41550,16,0,0,0,1,0,1,21,03,1,1,없음,50,4,0,0,0,2,2,4,1,10,1,2,1,1,1,8,2,3,1,1,J,581,1,1,1,2,3,6,2,3,9000,1,1,0,2,3,6,2,3,9000,1,1,0,2,3,6,2,3,8900,1,1,0,2024,3,10,2310000,1690000,1,1
202601,6,,안성 서인사거리,41550,16,0,0,0,1,0,1,21,03,1,1,없음,50,4,0,0,0,2,2,4,1,10,1,2,1,1,1,8,2,3,1,1,S,953,2,1,2,4,3,6,4,3,9300,1,1,0,4,3,6,4,3,9300,1,1,0,4,3,6,4,3,9300,1,1,0,2026,4,4,2310000,1690000,1,1
202601,6,,안성 서인사거리,41550,16,0,0,0,1,0,1,21,03,1,1,없음,50,4,0,0,0,2,2,4,1,10,1,2,1,1,1,8,2,3,2,6,0,999,2,1,2,1,1,1,3,3,4700,1,1,1,1,1,1,3,3,4700,1,1,1,1,1,1,3,3,4700,1,1,1,0,1,1,2310000,1690000,1,1
202601,6,,안성 서인사거리,41550,16,0,0,0,1,0,1,21,03,1,1,없음,50,4,0,0,0,2,2,4,1,10,1,2,1,1,1,8,2,3,2,6,0,999,3,1,3,1,1,1,4,3,3700,1,1,1,1,1,1,4,3,3700,1,1,1,1,1,1,4,3,3700,1,1,1,0,1,1,2310000,1690000,1,1
202601,6,,안성 서인사거리,41550,22,0,0,0,1,0,1,21,04,7,2,없음,79,6,0,0,0,2,2,4,1,9,1,1,1,1,1,8,2,3,1,1,G,474,3,1,3,6,5,8,6,5,20600,1,1,0,6,5,8,6,5,20600,1,1,0,6,5,8,6,5,20500,1,1,0,2026,3,9,2950000,2150000,1,2
202601,6,,안성 서인사거리,41550,22,0,0,0,1,0,1,21,04,7,2,없음,79,6,0,0,0,2,2,4,1,9,1,1,1,1,1,8,2,3,2,6,0,999,3,1,3,1,1,1,6,4,10400,1,1,1,1,1,1,6,4,10400,1,1,1,1,1,1,6,4,10400,1,1,1,0,1,1,2950000,2150000,1,2
202601,6,,안성 서인사거리,41550,22,0,0,0,1,1,1,21,04,1,1,없음,68,4,0,0,0,2,2,4,2,9,2,2,1,1,1,8,2,3,-1,6,0,999,1,1,1,1,1,1,2,2,5200,1,1,1,1,1,1,2,2,5200,1,1,1,1,1,1,2,2,5100,1,1,1,0,1,1,5110000,3490000,1,2
202601,6,,안성 서인사거리,41550,22,0,0,0,1,1,1,21,04,1,1,없음,68,4,0,0,0,2,2,4,2,9,2,2,1,1,1,8,2,3,1,1,G,473,3,1,4,6,6,9,6,6,21000,1,1,0,6,6,9,6,6,21000,1,1,0,6,6,9,6,6,21000,1,1,0,2024,3,8,5110000,3490000,1,2
202601,6,,안성 서인사거리,41550,22,0,0,0,1,1,1,21,04,1,1,없음,68,4,0,0,0,2,2,4,2,9,2,2,1,1,1,8,2,3,2,6,0,999,3,1,4,1,1,1,5,4,10300,1,1,1,1,1,1,5,4,10300,1,1,1,1,1,1,5,4,10300,1,1,1,0,1,1,5110000,3490000,1,2
202601,6,,안성 서인사거리,41550,22,0,0,0,1,0,3,32,03,4,1,없음,80,4,0,0,0,2,2,4,1,10,2,1,1,1,1,8,2,3,1,1,Q,862,4,1,4,6,6,8,6,6,20100,1,1,0,6,6,8,6,6,20100,1,1,0,6,6,8,6,6,20100,1,1,0,2024,3,10,5040000,6450000,1,1
202601,6,,안성 서인사거리,41550,22,0,0,0,1,0,3,32,03,6,1,없음,120,6,0,1,0,2,2,4,1,10,2,1,1,1,1,8,2,3,1,1,S,961,2,1,2,4,4,7,4,4,14100,1,1,0,4,4,7,4,4,14100,1,1,0,4,4,7,4,4,14100,1,1,0,2024,3,8,2960000,2980000,1,1
202601,6,,안성 서인사거리,41550,22,0,0,0,1,0,3,32,03,6,1,없음,120,6,0,1,0,2,2,4,1,10,2,1,1,1,1,8,2,3,1,1,S,961,2,1,2,4,3,7,4,3,13200,1,1,0,4,3,7,4,3,13200,1,1,0,4,3,7,4,3,13200,1,1,0,2024,3,10,2960000,2980000,1,1
202601,6,,안성 서인사거리,41550,22,0,0,0,1,0,3,32,03,6,1,없음,120,6,0,1,0,2,2,4,1,10,2,1,1,1,1,8,2,3,1,1,R,912,2,1,2,4,3,6,4,3,11300,1,1,0,4,3,6,4,3,11300,1,1,0,4,3,6,4,3,11300,1,1,0,2025,3,10,2960000,2980000,1,1
202601,6,,안성 서인사거리,41550,22,0,0,0,1,0,3,32,03,6,1,없음,120,6,0,1,0,2,2,4,1,10,2,1,1,1,1,8,2,3,1,1,G,474,2,1,2,4,3,7,4,3,13600,1,1,0,4,3,7,4,3,13600,1,1,0,4,3,7,4,3,13600,1,1,0,2025,3,9,2960000,2980000,1,1
202601,6,,안성 서인사거리,41550,22,0,0,0,1,0,3,32,03,6,1,없음,120,6,0,1,0,2,2,4,1,10,2,1,1,1,1,8,2,3,2,1,R,912,4,1,4,5,3,4,5,3,4300,1,1,0,5,3,4,5,3,4300,1,1,0,5,3,4,5,3,4300,1,1,0,2025,3,8,2960000,2980000,1,1
202601,6,,안성 서인사거리,41550,22,0,0,0,1,0,1,21,03,1,1,없음,50,7,0,0,0,1,2,4,1,10,2,1,1,1,1,28,1,3,1,1,S,961,2,1,3,5,4,7,5,4,13500,1,1,0,5,4,7,5,4,13500,1,1,0,5,4,7,5,4,13500,1,1,0,2026,3,10,2280000,1070000,1,3
202601,6,,안성 서인사거리,41550,22,0,0,0,1,0,1,21,03,1,1,없음,50,7,0,0,0,1,2,4,1,10,2,1,1,1,1,28,1,3,2,1,0,999,1,1,2,3,3,6,3,3,9100,1,1,0,3,3,6,3,3,9100,1,1,0,3,3,6,3,3,9100,1,1,0,2026,3,10,2280000,1070000,1,3
202601,6,,안성 서인사거리,41550,22,0,0,0,1,0,1,21,03,1,1,없음,50,7,0,0,0,1,2,4,1,10,2,1,1,1,1,28,1,3,2,1,0,999,1,1,2,3,3,6,3,3,9100,1,1,0,3,3,6,3,3,9100,1,1,0,3,3,6,3,3,9100,1,1,0,2026,3,10,2280000,1070000,1,3
202601,6,,안성 서인사거리,41550,22,0,0,0,1,0,4,32,03,8,1,없음,130,8,0,0,0,2,2,4,1,10,2,1,1,1,1,8,2,3,1,1,I,561,2,1,2,4,3,6,4,3,9200,1,1,0,4,3,6,4,3,9200,1,1,0,4,3,6,4,3,9200,1,1,0,2026,3,8,2650000,3750000,1,2
202601,6,,안성 서인사거리,41550,22,0,0,0,1,0,4,32,03,8,1,없음,130,8,0,0,0,2,2,4,1,10,2,1,1,1,1,8,2,3,1,1,S,961,2,1,2,4,3,6,4,3,9200,1,1,0,4,3,6,4,3,9200,1,1,0,4,3,6,4,3,9200,1,1,0,2025,3,8,2650000,3750000,1,2
202601,6,,안성 서인사거리,41550,22,0,0,0,1,0,4,32,03,8,1,없음,130,8,0,0,0,2,2,4,1,10,2,1,1,1,1,8,2,3,1,1,I,562,2,1,2,4,3,6,4,3,9200,1,1,0,4,3,6,4,3,9200,1,1,0,4,3,6,4,3,9200,1,1,0,2024,3,10,2650000,3750000,1,2
202601,6,,안성 서인사거리,41550,22,0,0,0,1,0,6,31,03,7,2,없음,10,4,0,0,0,2,2,4,1,10,2,1,1,1,1,8,2,3,1,1,Q,862,3,1,3,6,6,9,5,6,24400,1,1,0,6,6,9,5,6,24400,1,1,0,6,6,9,5,6,24400,1,1,0,2024,3,10,4770000,4180000,1,3
202601,6,,안성 서인사거리,41550,22,0,0,0,1,0,6,31,03,7,2,없음,10,4,0,0,0,2,2,4,1,10,2,1,1,1,1,8,2,3,2,1,Q,862,2,1,2,5,4,7,4,4,14500,1,1,0,5,4,7,4,4,14500,1,1,0,5,4,7,4,4,14500,1,1,0,2024,3,10,4770000,4180000,1,3
202601,6,,안성 서인사거리,41550,22,0,0,0,1,0,2,12,04,3,1,없음,75,6,0,0,0,2,1,2,1,10,1,1,1,1,1,8,2,3,1,1,I,561,2,1,3,6,5,8,6,5,20400,1,1,0,6,5,8,6,5,20400,1,1,0,6,5,8,6,5,20300,1,1,0,2024,3,9,2080000,9490000,1,2
202601,6,,0.비상권,41550,22,0,0,0,1,0,5,31,03,6,2,없음,90,1,0,0,0,2,2,4,1,9,2,1,1,1,1,8,2,3,1,1,S,961,1,1,2,4,3,7,4,4,15000,1,1,0,4,3,7,4,4,15000,1,1,0,4,3,7,4,4,15000,1,1,0,2024,3,9,3970000,3330000,1,1
202601,6,,0.비상권,41550,22,0,0,0,1,0,5,31,03,6,2,없음,90,1,0,0,0,2,2,4,1,9,2,1,1,1,1,8,2,3,1,1,F,424,1,1,1,4,3,7,4,3,17600,1,1,0,4,3,7,4,3,17600,1,1,0,4,3,7,4,3,17600,1,1,0,2025,2,8,3970000,3330000,1,1
202601,6,,0.비상권,41550,22,0,0,0,1,0,5,31,03,6,2,없음,90,1,0,0,0,2,2,4,1,9,2,1,1,1,1,8,2,3,2,1,Q,872,2,1,3,3,4,6,4,4,8900,1,1,0,3,4,6,4,4,8900,1,1,0,3,4,6,4,4,8900,1,1,0,2025,3,10,3970000,3330000,1,1
202601,6,,병점역,41595,13,0,0,0,1,1,2,21,03,1,1,없음,50,4,0,0,0,2,2,4,1,10,2,1,1,1,1,8,2,3,-1,5,0,999,1,1,1,1,1,1,1,1,0,1,1,0,1,1,1,1,1,0,1,1,0,1,1,1,1,1,0,1,1,0,0,1,1,3960000,3020000,1,1
202601,6,,병점역,41595,13,0,0,0,1,1,2,21,03,1,1,없음,50,4,0,0,0,2,2,4,1,10,2,1,1,1,1,8,2,3,1,1,I,561,2,1,2,4,4,7,5,4,15900,1,1,0,4,4,7,5,4,15900,1,1,0,4,4,7,5,4,15900,1,1,0,2025,3,7,3960000,3020000,1,1
202601,6,,병점역,41595,13,0,0,0,1,1,2,21,03,1,1,없음,50,4,0,0,0,2,2,4,1,10,2,1,1,1,1,8,2,3,2,1,0,999,2,1,2,3,3,6,4,4,9100,1,1,0,3,3,6,4,4,9100,1,1,0,3,3,6,4,4,9100,1,1,0,2025,3,7,3960000,3020000,1,1
202601,6,,병점역,41595,14,0,0,0,1,0,6,32,04,6,1,950,125,7,0,1,0,3,2,4,1,10,2,1,1,1,1,8,3,3,1,1,I,562,2,1,2,5,5,9,5,5,32200,2,1,0,5,5,9,5,5,32200,2,1,0,5,5,9,5,5,32200,2,1,0,2025,3,10,3790000,6520000,1,3
202601,6,,병점역,41595,14,0,0,0,1,0,6,32,04,6,1,950,125,7,0,1,0,3,2,4,1,10,2,1,1,1,1,8,3,3,1,1,I,562,2,1,2,5,5,8,5,5,29700,1,1,0,5,5,8,5,5,29700,1,1,0,5,5,8,5,5,29700,1,1,0,2025,3,10,3790000,6520000,1,3
202601,6,,병점역,41595,14,0,0,0,1,0,6,32,04,6,1,950,125,7,0,1,0,3,2,4,1,10,2,1,1,1,1,8,3,3,1,1,I,562,4,1,4,7,6,9,7,6,32200,2,1,0,7,6,9,7,6,32200,2,1,0,7,6,9,7,6,32200,2,1,0,2024,3,9,3790000,6520000,1,3
202601,6,,병점역,41595,14,0,0,0,1,0,5,32,04,6,1,없음,50,7,0,1,0,3,2,4,1,10,2,1,1,1,1,8,3,3,1,1,I,561,4,1,4,6,6,8,6,6,22600,1,1,0,6,6,8,6,6,22600,1,1,0,6,6,8,6,6,22600,1,1,0,2024,3,9,3930000,7350000,1,2
202601,6,,병점역,41595,14,0,0,0,1,0,5,32,04,6,1,없음,50,7,0,1,0,3,2,4,1,10,2,1,1,1,1,8,3,3,1,1,G,471,2,1,2,5,4,8,5,4,22900,1,1,0,5,4,8,5,4,22900,1,1,0,5,4,8,5,4,22900,1,1,0,2024,3,7,3930000,7350000,1,2
202601,6,,병점역,41595,14,0,0,0,1,0,5,32,04,6,1,없음,50,7,0,1,0,3,2,4,1,10,2,1,1,1,1,8,3,3,1,1,I,562,4,1,4,6,6,8,6,6,21500,1,1,0,6,6,8,6,6,21500,1,1,0,6,6,8,6,6,21500,1,1,0,2024,3,9,3930000,7350000,1,2
202601,6,,병점역,41595,14,0,0,0,1,0,5,31,04,6,2,760,없음,4,0,1,0,2,2,4,1,10,2,1,1,1,1,8,2,3,1,1,I,561,3,1,3,6,5,7,6,5,17100,1,1,0,6,5,7,6,5,17100,1,1,0,6,5,7,6,5,17100,1,1,0,2026,3,9,4160000,3530000,1,2
202601,6,,병점역,41595,14,0,0,0,1,0,5,31,04,6,2,760,없음,4,0,1,0,2,2,4,1,10,2,1,1,1,1,8,2,3,1,1,L,682,1,1,1,5,4,8,5,4,28400,1,1,0,5,4,8,5,4,28400,1,1,0,5,4,8,5,4,28400,1,1,0,2026,3,10,4160000,3530000,1,2
202601,6,,병점역,41595,14,0,0,0,1,0,5,31,04,6,2,760,없음,4,0,1,0,2,2,4,1,10,2,1,1,1,1,8,2,3,2,1,R,912,4,1,4,6,5,7,6,5,9400,1,1,0,6,5,7,6,5,9400,1,1,0,6,5,7,6,5,9400,1,1,0,2026,3,9,4160000,3530000,1,2
202601,6,,병점역,41595,14,0,0,0,1,0,5,31,04,6,1,없음,50,4,0,1,0,3,2,4,1,10,2,1,1,1,1,8,3,3,1,1,G,473,4,1,4,7,6,9,7,6,37000,1,1,0,7,6,9,7,6,37000,1,1,0,7,6,9,7,6,37000,1,1,0,2024,3,10,6720000,11280000,1,3
202601,6,,병점역,41595,14,0,0,0,1,0,5,31,04,6,1,없음,50,4,0,1,0,3,2,4,1,10,2,1,1,1,1,8,3,3,1,1,I,561,4,1,4,7,7,9,7,7,43300,1,1,0,7,7,9,7,7,43300,1,1,0,7,7,9,7,7,43300,1,1,0,2026,3,10,6720000,11280000,1,3
202601,6,,병점역,41595,14,0,0,0,1,0,5,32,04,6,1,없음,50,6,0,1,0,3,2,4,1,10,2,1,1,1,1,8,3,3,1,1,I,561,4,1,4,6,6,7,6,6,19600,1,1,0,6,6,7,6,6,19600,1,1,0,6,6,7,6,6,19600,1,1,0,2025,3,8,3790000,7540000,1,1
202601,6,,병점역,41595,14,0,0,0,1,0,5,32,04,6,1,없음,50,6,0,1,0,3,2,4,1,10,2,1,1,1,1,8,3,3,1,1,R,912,3,1,3,5,5,7,5,5,18200,1,1,0,5,5,7,5,5,18200,1,1,0,5,5,7,5,5,18200,1,1,0,2024,3,10,3790000,7540000,1,1
202601,6,,병점역,41595,14,0,0,0,1,0,6,31,04,6,1,900,100,6,0,1,0,3,2,4,1,10,2,1,1,1,1,8,3,3,1,1,I,561,4,1,4,6,6,7,6,6,19300,1,1,0,6,6,7,6,6,19300,1,1,0,6,6,7,6,6,19300,1,1,0,2024,3,10,3840000,6440000,1,2
202601,6,,병점역,41595,14,0,0,0,1,0,6,31,04,6,1,900,100,6,0,1,0,3,2,4,1,10,2,1,1,1,1,8,3,3,1,1,I,561,4,1,4,6,6,7,6,6,19200,1,1,0,6,6,7,6,6,19200,1,1,0,6,6,7,6,6,19200,1,1,0,2026,3,8,3840000,6440000,1,2
202601,6,,병점역,41595,14,0,0,0,1,0,5,32,04,1,1,없음,200,6,0,0,0,2,1,2,1,10,1,1,1,1,1,8,2,3,1,1,F,411,2,1,2,4,4,7,4,4,12900,1,1,0,4,4,7,4,4,12900,1,1,0,4,4,7,4,4,12900,1,1,0,2024,3,8,3260000,6840000,1,2
202601,6,,0.비상권,41595,42,0,0,0,1,0,7,31,04,2,1,없음,50,1,0,1,0,4,2,4,1,9,2,1,1,1,1,8,4,3,1,1,I,561,4,1,4,6,6,8,6,6,26000,1,1,0,6,6,8,6,6,26000,1,1,0,6,6,8,6,6,26000,1,1,0,2025,3,10,2540000,12850000,1,1
202601,6,,0.비상권,41597,42,0,0,0,1,0,6,31,03,2,1,없음,50,1,0,0,0,2,1,3,1,9,1,1,1,1,1,8,2,3,1,1,G,474,2,1,2,4,4,8,4,4,23800,1,1,0,4,4,8,4,4,23800,1,1,0,4,4,8,4,4,23800,1,1,0,2024,3,7,2350000,6340000,1,1
202601,6,,0.비상권,41597,42,0,0,0,1,0,6,31,03,2,1,없음,50,1,0,0,0,2,1,3,1,9,1,1,1,1,1,8,2,3,2,6,0,999,2,1,2,1,1,1,4,3,14600,1,1,1,1,1,1,4,3,14600,1,1,1,1,1,1,4,3,14600,1,1,1,0,1,1,2350000,6340000,1,1
202601,6,,0.비상권,41595,43,0,0,0,1,0,4,31,04,1,1,없음,130,1,0,0,0,3,2,4,1,10,2,1,1,1,1,8,3,3,1,1,I,561,4,1,4,6,6,8,6,6,25100,1,1,0,6,6,8,6,6,25100,1,1,0,6,6,8,6,6,25100,1,1,0,2025,3,9,3650000,10240000,1,2
202601,6,,화성봉담읍,41593,15,0,0,0,1,0,8,31,03,5,1,없음,100,5,0,0,0,2,1,3,1,10,1,1,1,1,1,8,2,3,1,1,I,562,2,1,2,6,5,8,6,5,26300,1,1,0,6,5,8,6,5,26300,1,1,0,6,5,8,6,5,26300,1,1,0,2025,3,10,3820000,4170000,1,3
202601,6,,화성봉담읍,41593,15,0,0,0,1,0,8,31,03,5,1,없음,100,5,0,0,0,2,1,3,1,10,1,1,1,1,1,8,2,3,2,1,I,562,2,1,2,4,3,6,4,3,9500,1,1,0,4,3,6,4,3,9500,1,1,0,4,3,6,4,3,9500,1,1,0,2025,3,10,3820000,4170000,1,3
202601,6,,화성봉담읍,41593,13,0,0,0,1,0,7,32,04,6,1,없음,100,6,0,1,0,2,1,3,1,10,1,1,1,1,1,8,2,3,1,1,I,561,3,1,3,5,4,7,5,5,16200,2,1,0,5,4,7,5,5,16200,2,1,0,5,4,7,5,5,16200,2,1,0,2025,3,10,2950000,5200000,1,3
202601,6,,화성봉담읍,41593,13,0,0,0,1,0,7,31,04,6,1,없음,100,6,0,0,0,1,1,2,1,9,1,1,1,1,1,8,1,3,1,1,I,561,1,1,2,4,5,9,4,5,30700,1,1,0,4,5,9,4,5,30700,1,1,0,4,5,9,4,5,30700,1,1,0,2024,3,10,3830000,4090000,1,3
202601,6,,화성봉담읍,41593,13,0,0,0,1,0,7,31,04,6,1,없음,100,6,0,0,0,1,1,2,1,9,1,1,1,1,1,8,1,3,2,1,I,561,1,1,1,4,3,7,4,3,15500,1,1,0,4,3,7,4,3,15500,1,1,0,4,3,7,4,3,15500,1,1,0,2024,3,10,3830000,4090000,1,3
202601,6,,화성봉담읍,41593,13,0,0,0,1,0,8,99,04,5,1,없음,30,6,0,0,0,2,1,3,1,10,1,1,1,1,1,8,2,3,1,1,I,561,3,1,3,5,5,8,5,6,24800,1,1,0,5,5,8,5,6,24800,1,1,0,5,5,8,5,6,24800,1,1,0,2025,3,9,3280000,7760000,1,3
202601,6,,화성봉담읍,41593,13,0,0,0,1,0,7,31,04,6,2,없음,100,6,0,0,0,2,2,4,1,10,2,1,1,1,1,8,2,3,1,1,I,562,1,1,2,4,5,9,4,4,31400,1,1,0,4,5,9,4,4,31400,1,1,0,4,5,9,4,4,31400,1,1,0,2025,3,9,3800000,3590000,1,3
202601,6,,화성봉담읍,41593,13,0,0,0,1,0,7,31,04,6,2,없음,100,6,0,0,0,2,2,4,1,10,2,1,1,1,1,8,2,3,1,1,I,561,1,1,2,4,5,9,4,4,31400,1,1,0,4,5,9,4,4,31400,1,1,0,4,5,9,4,4,31400,1,1,0,2025,3,10,3800000,3590000,1,3
202601,6,,화성봉담읍,41593,13,0,0,0,1,0,7,31,04,6,2,없음,100,6,0,0,0,2,2,4,1,10,2,1,1,1,1,8,2,3,2,1,F,422,2,1,3,4,4,7,4,4,15500,1,1,0,4,4,7,4,4,15500,1,1,0,4,4,7,4,4,15500,1,1,0,2025,3,10,3800000,3590000,1,3
202601,6,,화성봉담읍,41593,14,0,0,0,1,0,5,31,04,6,1,없음,100,7,0,0,0,1,1,1,1,9,1,1,1,1,1,8,1,3,1,1,I,561,1,1,1,4,4,9,4,4,35800,1,1,0,4,4,9,4,4,35800,1,1,0,4,4,9,4,4,35800,1,1,0,2024,3,10,3710000,4260000,1,4
202601,6,,화성봉담읍,41593,14,0,0,0,1,0,5,31,04,6,1,없음,100,7,0,0,0,1,1,1,1,9,1,1,1,1,1,8,1,3,2,6,0,999,1,1,1,1,1,1,3,3,26100,1,1,1,1,1,1,3,3,26100,1,1,1,1,1,1,3,3,26100,1,1,1,0,1,1,3710000,4260000,1,4
202601,6,,화성봉담읍,41593,13,0,0,0,1,0,7,32,03,1,1,없음,100,4,0,1,0,2,1,3,1,10,1,1,1,1,1,8,2,3,1,1,G,478,3,1,3,6,5,8,6,5,22400,1,1,0,6,5,8,6,5,22400,1,1,0,6,5,8,6,5,22400,1,1,0,2025,3,8,2350000,6180000,1,3
202601,6,,화성봉담읍,41593,13,0,0,0,1,0,2,21,04,4,1,없음,150,4,0,1,0,2,2,4,1,10,2,1,1,1,1,8,2,3,1,1,I,561,3,1,3,6,6,8,6,6,24000,2,1,0,6,6,8,6,6,24000,2,1,0,6,6,8,6,6,24000,2,1,0,2024,3,9,2190000,3260000,1,3
202601,6,,화성봉담읍,41593,13,0,0,0,1,0,2,21,04,4,1,없음,150,4,0,1,0,2,2,4,1,10,2,1,1,1,1,8,2,3,2,1,I,561,3,1,3,4,4,7,4,4,10600,1,1,0,4,4,7,4,4,10600,1,1,0,4,4,7,4,4,10600,1,1,0,2024,3,9,2190000,3260000,1,3
202601,6,,화성봉담읍,41593,42,0,610,0,1,0,6,12,03,2,1,없음,300,4,0,0,0,3,1,3,1,10,1,1,1,1,1,13,3,3,1,1,I,561,3,1,3,6,5,8,6,5,23000,1,1,0,6,5,8,6,5,23000,1,1,0,6,5,8,6,5,23000,1,1,0,2025,3,9,1350000,6820000,1,3
202601,6,,화성남양읍,41591,16,0,0,0,1,0,3,19,03,7,2,없음,130,7,0,0,0,3,1,3,1,10,1,1,1,1,1,8,1,3,1,1,S,961,2,1,2,6,4,8,4,4,20800,1,1,0,6,4,8,4,4,20800,1,1,0,6,4,8,4,4,20800,1,1,0,2025,3,6,4550000,3380000,1,1
202601,6,,화성남양읍,41591,16,0,0,0,1,0,3,19,03,7,2,없음,130,7,0,0,0,3,1,3,1,10,1,1,1,1,1,8,1,3,2,1,0,999,2,1,2,6,3,7,6,3,11400,1,1,0,6,3,7,6,3,11400,1,1,0,6,3,7,6,3,11400,1,1,0,2024,3,9,4550000,3380000,1,1
202601,6,,화성남양읍,41591,22,0,0,0,1,0,1,51,03,1,1,없음,130,6,0,0,0,1,1,2,1,10,1,1,1,1,1,8,1,3,1,1,G,478,2,1,2,5,5,7,5,5,19800,1,1,0,5,5,7,5,5,19800,1,1,0,5,5,7,5,5,19800,1,1,0,2025,3,8,4820000,4330000,1,2
202601,6,,화성남양읍,41591,16,0,0,0,1,0,6,32,03,7,1,없음,100,8,0,0,0,1,1,2,1,10,1,1,1,1,1,8,1,3,1,1,G,473,2,1,2,5,5,9,5,5,31000,1,1,0,5,5,9,5,5,31000,1,1,0,5,5,9,5,5,31000,1,1,0,2024,3,7,3220000,4770000,1,2
202601,6,,화성남양읍,41591,16,0,0,0,1,0,5,32,04,7,1,없음,100,8,0,0,0,2,2,4,1,10,2,1,1,1,1,8,2,3,1,1,G,474,2,1,2,5,4,7,5,4,18600,1,1,0,5,4,7,5,4,18600,1,1,0,5,4,7,5,4,18600,1,1,0,2025,3,10,3050000,4680000,1,1
202601,6,,화성남양읍,41591,16,0,0,0,1,0,5,32,04,7,1,없음,100,8,0,0,0,2,2,4,1,10,2,1,1,1,1,8,2,3,1,1,I,561,3,1,3,5,5,7,5,5,17600,1,1,0,5,5,7,5,5,17600,1,1,0,5,5,7,5,5,17600,1,1,0,2025,3,10,3050000,4680000,1,1
202601,6,,화성남양읍,41591,16,0,0,0,1,0,6,31,04,5,1,없음,150,8,0,1,0,2,2,4,1,10,2,1,1,1,1,8,2,3,1,1,I,561,2,1,2,4,4,7,4,4,15500,1,1,0,4,4,7,4,4,15500,1,1,0,4,4,7,4,4,15500,1,1,0,2026,3,10,3140000,3410000,1,1
202601,6,,화성남양읍,41591,16,0,0,0,1,0,6,31,04,5,1,없음,150,8,0,1,0,2,2,4,1,10,2,1,1,1,1,8,2,3,2,1,I,561,2,1,2,4,3,5,4,3,7700,1,1,0,4,3,5,4,3,7700,1,1,0,4,3,5,4,3,7700,1,1,0,2026,3,10,3140000,3410000,1,1
202601,6,,화성남양읍,41591,22,0,0,0,1,0,4,32,04,8,1,없음,120,8,0,0,0,2,2,4,1,10,2,1,1,1,1,8,2,3,1,1,I,562,4,1,4,6,5,7,6,5,14400,1,1,0,6,5,7,6,5,14400,1,1,0,6,5,7,6,5,14400,1,1,0,2026,3,8,3390000,4520000,1,1
202601,6,,화성남양읍,41591,22,0,0,0,1,0,4,32,03,8,1,없음,100,6,0,0,0,2,1,3,1,10,1,1,1,1,1,8,2,3,1,1,I,561,2,1,2,4,4,7,5,4,20100,1,1,0,4,4,7,5,4,20100,1,1,0,4,4,7,5,4,20100,1,1,0,2024,3,9,5500000,7580000,1,1
202601,6,,화성남양읍,41591,22,0,0,0,1,0,4,32,03,8,1,없음,100,6,0,0,0,2,1,3,1,10,1,1,1,1,1,8,2,3,1,1,G,462,2,1,2,5,4,8,5,4,20700,1,1,0,5,4,8,5,4,20700,1,1,0,5,4,8,5,4,20700,1,1,0,2024,3,5,5500000,7580000,1,1
202601,6,,화성남양읍,41591,22,0,0,0,1,0,8,31,16,7,1,없음,100,2,0,1,0,2,2,4,1,10,2,1,1,1,1,8,2,3,1,1,I,561,4,1,4,5,6,7,5,6,19500,1,1,0,5,6,7,5,6,19500,1,1,0,5,6,7,5,6,19500,1,1,0,2026,3,10,7370000,11590000,1,1
202601,6,,화성남양읍,41591,22,0,0,0,1,0,8,32,04,6,1,없음,50,6,0,1,0,3,2,4,1,10,2,1,1,1,1,8,3,3,1,1,I,561,4,1,4,6,6,7,6,6,16700,1,1,0,6,6,7,6,6,16700,1,1,0,6,6,7,6,6,16700,1,1,0,2025,3,10,5160000,10050000,1,1
202601,6,,광주시가지,41610,16,0,0,0,1,0,6,31,03,6,1,없음,50,6,0,0,0,2,1,3,1,10,1,1,1,1,1,8,2,3,1,1,G,474,2,1,2,5,5,9,5,5,31300,1,1,0,5,5,9,5,5,31300,1,1,0,5,5,9,5,5,31100,1,1,0,2024,3,8,4580000,4850000,1,3
202601,6,,광주시가지,41610,16,0,0,0,1,0,6,31,03,6,1,없음,50,6,0,0,0,2,1,3,1,10,1,1,1,1,1,8,2,3,2,1,I,561,2,1,2,4,4,7,4,4,15000,1,1,0,4,4,7,4,4,15000,1,1,0,4,4,7,4,4,15000,1,1,0,2025,3,10,4580000,4850000,1,3
202601,6,,광주시가지,41610,16,0,0,0,1,0,6,31,04,7,2,없음,50,8,0,1,0,2,2,4,1,10,2,1,2,1,1,8,2,3,1,1,K,662,1,1,1,3,3,8,3,3,25300,1,1,0,3,3,8,3,3,25300,1,1,0,3,3,8,3,3,25300,1,1,0,2025,3,10,4410000,3650000,1,2
202601,6,,광주시가지,41610,16,0,0,0,1,0,6,31,04,7,2,없음,50,8,0,1,0,2,2,4,1,10,2,1,2,1,1,8,2,3,1,2,G,478,4,1,4,1,1,1,6,5,18900,2,1,0,1,1,1,6,5,18900,2,1,0,1,1,1,6,5,18900,2,1,0,0,1,1,4410000,3650000,1,2
202601,6,,광주시가지,41610,16,0,0,0,1,0,6,31,04,7,2,없음,50,8,0,1,0,2,2,4,1,10,2,1,2,1,1,8,2,3,2,1,I,562,4,1,4,4,5,7,4,5,10800,2,1,0,4,5,7,4,5,10800,2,1,0,4,5,7,4,5,10800,2,1,0,2025,3,9,4410000,3650000,1,2
202601,6,,광주시가지,41610,16,0,0,0,1,0,6,31,04,3,1,없음,3,1,0,0,0,2,1,3,1,10,1,1,1,1,1,8,2,3,1,1,G,473,2,1,2,6,5,10,6,5,53400,1,1,0,6,5,10,6,5,53400,1,1,0,6,5,10,6,5,53400,1,1,0,2025,3,10,7510000,26120000,1,2
202601,6,,광주시가지,41610,16,0,0,0,1,0,6,31,04,3,1,없음,3,1,0,0,0,2,1,3,1,10,1,1,1,1,1,8,2,3,1,1,L,682,2,1,2,6,5,10,6,5,53000,1,1,0,6,5,10,6,5,53000,1,1,0,6,5,10,6,5,53000,1,1,0,2025,4,8,7510000,26120000,1,2
202601,6,,광주시가지,41610,22,0,800,0,1,0,4,21,03,8,2,없음,20,5,0,0,0,1,1,2,1,10,1,1,1,1,1,8,1,3,1,1,G,473,1,1,1,6,5,10,6,5,66900,1,1,0,6,5,10,6,5,66900,1,1,0,6,5,10,6,5,66900,1,1,0,2025,3,9,10780000,6970000,1,3
202601,6,,광주시가지,41610,22,0,800,0,1,0,4,21,03,8,2,없음,20,5,0,0,0,1,1,2,1,10,1,1,1,1,1,8,1,3,2,1,G,473,1,1,1,6,5,9,6,5,37900,1,1,0,6,5,9,6,5,37900,1,1,0,6,5,9,6,5,37900,1,1,0,2025,3,9,10780000,6970000,1,3
202601,6,,광주시가지,41610,13,0,0,0,1,0,1,12,03,1,1,없음,300,7,0,0,0,1,1,2,1,10,1,1,1,1,1,8,1,3,1,1,G,474,1,1,1,5,3,7,5,3,18900,1,1,0,5,3,7,5,3,18900,1,1,0,5,3,7,5,3,18500,1,1,0,2025,3,9,3800000,7950000,1,3
202601,6,,광주시가지,41610,13,0,0,0,1,0,1,12,03,1,1,없음,300,7,0,0,0,1,1,2,1,10,1,1,1,1,1,8,1,3,1,6,0,999,1,1,1,1,1,1,5,3,17800,1,1,1,1,1,1,5,3,17800,1,1,1,1,1,1,5,3,17800,1,1,1,0,1,1,3800000,7950000,1,3
202601,6,,광주시가지,41610,13,0,0,0,1,0,6,31,04,6,1,없음,20,4,0,0,0,2,2,4,1,10,1,1,1,1,1,8,2,3,1,1,L,682,2,1,2,5,5,8,5,5,23500,1,1,0,5,5,8,5,5,23500,1,1,0,5,5,8,5,5,23500,1,1,0,2025,3,7,4490000,7630000,1,1
202601,6,,광주시가지,41610,13,0,0,0,1,0,6,31,04,6,1,없음,20,4,0,0,0,2,2,4,1,10,1,1,1,1,1,8,2,3,1,6,0,999,3,1,3,1,1,1,5,5,22700,1,1,1,1,1,1,5,5,22700,1,1,1,1,1,1,5,5,22700,1,1,1,0,1,1,4490000,7630000,1,1
202601,6,,광주시가지,41610,13,0,0,0,1,0,5,21,04,4,1,없음,300,4,0,1,0,3,2,4,1,10,2,1,1,1,1,8,3,3,1,1,I,561,2,1,2,5,4,8,5,4,21100,2,1,0,5,4,8,5,4,21100,2,1,0,5,4,8,5,4,21100,2,1,0,2025,3,10,4830000,12250000,1,3
202601,6,,광주시가지,41610,13,0,0,0,1,0,5,21,04,4,1,없음,300,4,0,1,0,3,2,4,1,10,2,1,1,1,1,8,3,3,1,1,I,561,4,1,4,6,6,7,6,6,14300,2,1,0,6,6,7,6,6,14300,2,1,0,6,6,7,6,6,14300,2,1,0,2024,3,10,4830000,12250000,1,3
202601,6,,광주시가지,41610,13,0,0,0,1,0,5,21,04,4,1,없음,300,4,0,1,0,3,2,4,1,10,2,1,1,1,1,8,3,3,1,1,I,561,1,1,1,4,3,7,4,3,22300,1,1,0,4,3,7,4,3,22300,1,1,0,4,3,7,4,3,22300,1,1,0,2024,3,10,4830000,12250000,1,3
202601,6,,광주시가지,41610,13,0,0,0,1,0,5,21,04,4,1,없음,300,4,0,1,0,3,2,4,1,10,2,1,1,1,1,8,3,3,1,1,G,472,1,1,1,4,4,8,4,4,25500,2,1,0,4,4,8,4,4,25500,2,1,0,4,4,8,4,4,25500,2,1,0,2024,3,8,4830000,12250000,1,3
202601,6,,광주시가지,41610,13,0,0,0,1,0,6,32,04,6,1,없음,300,8,0,0,0,2,1,2,1,9,1,1,1,1,1,8,2,3,1,1,S,961,2,1,2,5,4,7,4,4,14700,1,1,0,5,4,7,4,4,14700,1,1,0,5,4,7,4,4,14700,1,1,0,2025,3,10,2370000,4240000,1,2
202601,6,,광주시가지,41610,13,0,0,0,1,0,6,32,04,6,1,없음,300,8,0,0,0,2,1,2,1,9,1,1,1,1,1,8,2,3,1,1,P,855,1,1,1,3,3,7,3,3,16300,1,1,0,3,3,7,3,3,16300,1,1,0,3,3,7,3,3,16300,1,1,0,2024,3,9,2370000,4240000,1,2
202601,6,,광주시가지,41610,13,0,0,0,1,0,1,11,03,1,1,없음,300,6,0,0,0,1,1,2,1,10,1,1,1,1,1,8,1,3,1,1,S,969,1,1,1,4,4,8,4,4,26400,1,1,0,4,4,8,4,4,26400,1,1,0,4,4,8,4,4,26400,1,1,0,2025,3,10,4280000,7260000,1,3
202601,6,,광주시가지,41610,13,0,0,0,1,0,1,11,03,1,1,없음,300,6,0,0,0,1,1,2,1,10,1,1,1,1,1,8,1,3,1,1,G,474,1,1,1,4,4,8,4,4,26800,1,1,0,4,4,8,4,4,26800,1,1,0,4,4,8,4,4,26800,1,1,0,2025,3,10,4280000,7260000,1,3
202601,6,,광주시가지,41610,13,0,0,0,1,1,3,21,03,6,2,없음,150,6,0,0,0,1,2,4,2,8,2,1,1,1,1,8,1,3,-1,6,0,999,2,1,2,1,1,1,3,3,4500,1,1,1,1,1,1,3,3,4500,1,1,1,1,1,1,3,3,4500,1,1,1,0,1,1,4990000,2680000,1,1
202601,6,,광주시가지,41610,13,0,0,0,1,1,3,21,03,6,2,없음,150,6,0,0,0,1,2,4,2,8,2,1,1,1,1,8,1,3,1,1,I,561,2,1,2,5,5,8,5,4,18600,1,1,0,5,5,8,5,4,18600,1,1,0,5,5,8,5,4,18600,1,1,0,2025,3,10,4990000,2680000,1,1
202601,6,,광주시가지,41610,13,0,0,0,1,1,3,21,03,6,2,없음,150,6,0,0,0,1,2,4,2,8,2,1,1,1,1,8,1,3,2,1,0,999,2,1,2,7,1,5,3,3,9300,1,1,0,7,1,5,3,3,9300,1,1,0,7,1,5,3,3,9300,1,1,0,2025,3,7,4990000,2680000,1,1
202601,6,,광주시가지,41610,16,0,0,0,1,0,7,21,04,6,2,없음,76,4,0,0,0,2,2,4,1,9,2,1,1,1,1,8,2,3,1,1,I,561,1,1,1,5,3,8,5,3,20300,1,1,0,5,3,8,5,3,20300,1,1,0,5,3,8,5,3,20300,1,1,0,2025,3,8,6420000,5470000,1,3
202601,6,,광주시가지,41610,16,0,0,0,1,0,7,21,04,6,2,없음,76,4,0,0,0,2,2,4,1,9,2,1,1,1,1,8,2,3,1,1,I,561,2,1,2,6,5,9,6,5,30100,2,1,0,6,5,9,6,5,30100,2,1,0,6,5,9,6,5,30100,2,1,0,2026,3,9,6420000,5470000,1,3
202601,6,,광주시가지,41610,16,0,0,0,1,0,7,21,04,6,2,없음,76,4,0,0,0,2,2,4,1,9,2,1,1,1,1,8,2,3,2,1,I,561,3,1,3,4,4,6,4,4,9800,2,1,0,4,4,6,4,4,9800,2,1,0,4,4,6,4,4,9800,2,1,0,2025,3,10,6420000,5470000,1,3
202601,6,,광주시가지,41610,13,0,0,0,1,0,1,21,03,1,1,없음,189,5,0,0,0,2,2,4,1,9,2,1,1,1,1,8,2,3,1,6,0,999,1,1,1,1,1,1,4,3,26700,1,1,1,1,1,1,4,3,26700,1,1,1,1,1,1,4,3,26700,1,1,1,0,1,1,4260000,4550000,1,2
202601,6,,광주시가지,41610,13,0,0,0,1,0,1,21,03,1,1,없음,189,5,0,0,0,2,2,4,1,9,2,1,1,1,1,8,2,3,1,1,G,471,3,1,4,6,6,8,6,6,28000,2,1,0,6,6,8,6,6,28000,2,1,0,6,6,8,6,6,28000,2,1,0,2025,3,9,4260000,4550000,1,2
202601,6,,광주시가지,41610,13,0,0,0,1,0,1,21,03,1,1,없음,189,5,0,0,0,2,2,4,1,9,2,1,1,1,1,8,2,3,2,2,0,999,3,1,3,1,1,1,4,4,9000,1,1,0,1,1,1,4,4,9000,1,1,0,1,1,1,4,4,9000,1,1,0,0,1,1,4260000,4550000,1,2
202601,6,,광주시가지,41610,13,0,0,0,1,0,7,32,03,4,1,없음,250,4,0,1,0,3,2,4,1,10,2,1,1,1,1,8,3,3,1,1,H,521,4,1,4,5,5,7,6,5,12800,2,1,0,5,5,7,6,5,12800,2,1,0,5,5,7,6,5,12800,2,1,0,2025,3,9,2820000,7700000,1,1
202601,6,,광주시가지,41610,13,0,0,0,1,0,2,21,03,6,1,없음,82,8,0,0,0,2,2,4,1,9,2,1,1,1,1,8,2,3,1,1,G,465,1,1,2,4,3,7,5,3,13000,1,1,0,4,3,7,5,3,13000,1,1,0,4,3,7,5,3,13000,1,1,0,2024,3,8,3190000,3400000,1,2
202601,6,,광주시가지,41610,13,0,0,0,1,0,2,21,03,6,1,없음,82,8,0,0,0,2,2,4,1,9,2,1,1,1,1,8,2,3,1,1,G,463,2,1,3,4,3,5,4,3,7200,1,1,0,4,3,5,4,3,7200,1,1,0,4,3,5,4,3,7200,1,1,0,2024,3,9,3190000,3400000,1,2
202601,6,,광주시가지,41610,13,0,0,0,1,0,2,21,03,6,1,없음,82,8,0,0,0,2,2,4,1,9,2,1,1,1,1,8,2,3,2,1,G,463,3,1,3,4,3,4,4,3,4800,1,1,0,4,3,4,4,3,4800,1,1,0,4,3,4,4,3,4800,1,1,0,2024,3,9,3190000,3400000,1,2
202601,6,,광주시가지,41610,13,0,0,0,1,0,7,32,04,5,1,없음,300,5,0,0,0,2,1,3,1,10,1,1,1,1,1,8,2,3,1,1,R,912,2,1,2,5,4,7,4,4,17500,1,1,0,5,4,7,4,4,17500,1,1,0,5,4,7,4,4,17500,1,1,0,2024,3,9,4010000,8110000,1,3
202601,6,,광주시가지,41610,13,0,0,0,1,0,7,32,04,5,1,없음,300,5,0,0,0,2,1,3,1,10,1,1,1,1,1,8,2,3,1,1,G,478,2,1,2,4,4,7,4,4,16100,1,1,0,4,4,7,4,4,16100,1,1,0,4,4,7,4,4,16100,1,1,0,2025,3,10,4010000,8110000,1,3
202601,6,,광주시가지,41610,13,0,0,0,1,0,4,21,03,5,1,없음,100,4,0,0,0,3,2,4,1,10,2,1,2,1,1,8,3,3,1,1,I,561,2,1,2,4,3,7,4,4,15600,1,1,0,4,3,7,4,4,15600,1,1,0,4,3,7,4,4,15600,1,1,0,2026,3,10,2800000,3470000,1,2
202601,6,,광주시가지,41610,13,0,0,0,1,0,4,21,03,5,1,없음,100,4,0,0,0,3,2,4,1,10,2,1,2,1,1,8,3,3,1,1,I,561,4,1,4,6,5,7,6,5,16200,2,1,0,6,5,7,6,5,16200,2,1,0,6,5,7,6,5,16200,2,1,0,2024,3,7,2800000,3470000,1,2
202601,6,,광주시가지,41610,13,0,0,0,1,0,4,21,03,5,1,없음,100,4,0,0,0,3,2,4,1,10,2,1,2,1,1,8,3,3,2,2,0,999,4,1,4,1,1,1,5,5,11200,2,1,0,1,1,1,5,5,11200,2,1,0,1,1,1,5,5,11200,2,1,0,0,1,1,2800000,3470000,1,2
202601,6,,광주시가지,41610,14,0,0,0,1,0,3,21,03,6,2,935,73,4,0,0,0,2,2,4,1,10,1,1,1,1,1,8,2,3,1,6,0,999,2,1,2,1,1,1,4,4,17700,1,1,1,1,1,1,4,4,17700,1,1,1,1,1,1,4,4,17700,1,1,1,0,1,1,4830000,4370000,1,2
202601,6,,광주시가지,41610,14,0,0,0,1,0,3,21,03,6,2,935,73,4,0,0,0,2,2,4,1,10,1,1,1,1,1,8,2,3,1,6,0,999,2,1,2,1,1,1,4,4,17900,1,1,1,1,1,1,4,4,17900,1,1,1,1,1,1,4,4,17900,1,1,1,0,1,1,4830000,4370000,1,2
202601,6,,광주시가지,41610,14,0,0,0,1,0,3,21,03,6,2,935,73,4,0,0,0,2,2,4,1,10,1,1,1,1,1,8,2,3,2,1,0,999,2,1,3,4,4,6,4,4,9200,1,1,0,4,4,6,4,4,9200,1,1,0,4,4,6,4,4,9200,1,1,0,2024,3,6,4830000,4370000,1,2
202601,6,,광주시가지,41610,22,0,800,0,1,0,1,11,04,6,2,없음,50,5,0,0,0,2,2,4,1,10,2,1,1,1,1,8,2,3,1,1,I,562,2,1,2,6,6,10,6,6,67100,1,1,0,6,6,10,6,6,67100,1,1,0,6,6,10,6,6,67100,1,1,0,2024,3,9,8710000,7970000,1,3
202601,6,,광주시가지,41610,22,0,800,0,1,0,1,11,04,6,2,없음,50,5,0,0,0,2,2,4,1,10,2,1,1,1,1,8,2,3,1,1,G,474,1,1,1,5,5,10,5,5,59700,1,1,0,5,5,10,5,5,59700,1,1,0,5,5,10,5,5,59700,1,1,0,2025,3,8,8710000,7970000,1,3
202601,6,,광주시가지,41610,22,0,800,0,1,0,1,11,04,6,2,없음,50,5,0,0,0,2,2,4,1,10,2,1,1,1,1,8,2,3,1,6,0,999,3,1,3,1,1,1,8,6,60400,1,1,1,1,1,1,8,6,60400,1,1,1,1,1,1,8,6,60400,1,1,1,0,1,1,8710000,7970000,1,3
202601,6,,광주시가지,41610,22,0,800,0,1,0,1,11,04,6,2,없음,50,5,0,0,0,2,2,4,1,10,2,1,1,1,1,8,2,3,1,1,G,478,1,1,1,4,3,9,3,3,33000,1,1,0,4,3,9,3,3,33000,1,1,0,4,3,9,3,3,33000,1,1,0,2024,3,9,8710000,7970000,1,3
202601,6,,광주시가지,41610,22,0,800,0,1,0,1,11,04,6,2,없음,50,5,0,0,0,2,2,4,1,10,2,1,1,1,1,8,2,3,2,1,S,961,3,1,3,4,5,7,4,5,15800,2,1,0,4,5,7,4,5,15800,2,1,0,4,5,7,4,5,15800,2,1,0,2025,3,8,8710000,7970000,1,3
202601,6,,광주시가지,41610,22,0,800,0,1,0,1,11,04,6,2,없음,50,5,0,0,0,2,2,4,1,10,2,1,1,1,1,8,2,3,2,2,0,999,3,1,3,1,1,1,4,4,7200,2,1,0,1,1,1,4,4,7200,2,1,0,1,1,1,4,4,7200,2,1,0,0,1,1,8710000,7970000,1,3
202601,6,,광주시가지,41610,14,0,0,0,1,0,6,31,04,5,1,없음,20,9,0,1,0,4,2,4,1,10,2,1,1,1,1,8,4,3,1,1,G,471,4,1,4,6,6,7,6,6,19500,2,1,0,6,6,7,6,6,19500,2,1,0,6,6,7,6,6,19500,2,1,0,2025,3,10,4480000,10420000,1,1
202601,6,,광주시가지,41610,14,0,0,0,1,0,6,31,04,5,1,없음,20,9,0,1,0,4,2,4,1,10,2,1,1,1,1,8,4,3,1,1,I,561,3,1,3,5,5,7,6,5,18500,1,1,0,5,5,7,6,5,18500,1,1,0,5,5,7,6,5,18500,1,1,0,2025,3,9,4480000,10420000,1,1
202601,6,,광주시가지,41610,14,0,0,0,1,0,6,31,04,5,1,없음,20,9,0,1,0,4,2,4,1,10,2,1,1,1,1,8,4,3,1,1,I,561,3,1,3,5,5,7,6,5,18500,1,1,0,5,5,7,6,5,18500,1,1,0,5,5,7,6,5,18500,1,1,0,2025,3,9,4480000,10420000,1,1
202601,6,,0.비상권,41610,64,0,710,0,1,0,4,21,03,4,1,없음,10,4,0,0,0,2,2,4,1,9,1,1,1,1,1,8,2,3,1,1,S,961,3,1,3,6,6,8,6,5,23800,1,1,0,6,6,8,6,5,23800,1,1,0,6,6,8,6,5,24900,1,1,0,2026,3,10,4130000,6530000,1,2
202601,6,,0.비상권,41610,64,0,710,0,1,0,4,21,03,4,1,없음,10,4,0,0,0,2,2,4,1,9,1,1,1,1,1,8,2,3,2,6,0,999,3,1,3,1,1,1,6,4,11900,1,1,1,1,1,1,6,4,11900,1,1,1,1,1,1,6,4,11900,1,1,1,0,1,1,4130000,6530000,1,2
202601,6,,0.비상권,41630,43,0,610,0,1,0,3,11,04,1,1,없음,125,1,0,0,0,3,1,3,1,10,1,1,1,1,1,8,3,3,1,1,M,732,3,1,3,6,5,7,6,5,20600,1,1,0,6,5,7,6,5,20600,1,1,0,6,5,7,6,5,20500,1,1,0,2025,3,10,1640000,5590000,1,2
202601,6,,0.비상권,41630,43,0,610,0,1,0,6,32,04,2,1,없음,100,1,0,0,0,3,1,3,1,9,1,1,1,1,1,8,3,3,1,1,G,452,3,1,3,6,6,8,6,6,25300,1,1,0,6,6,8,6,6,25300,1,1,0,6,6,8,6,6,25300,1,1,0,2025,3,8,2030000,10200000,1,2
202601,6,,0.비상권,41630,43,0,610,0,1,0,6,32,04,2,1,없음,100,1,0,0,0,2,1,2,1,10,1,1,1,1,1,8,2,3,1,1,G,452,2,1,2,4,4,8,4,5,23600,1,1,0,4,4,8,4,5,23600,1,1,0,4,4,8,4,5,23600,1,1,0,2026,3,10,2030000,10520000,1,2
202601,6,,0.비상권,41630,42,0,0,0,1,0,8,21,04,2,1,없음,950,8,0,1,0,5,2,4,1,10,2,1,1,1,1,8,5,3,1,1,I,561,4,1,4,7,6,7,7,6,17700,1,1,0,7,6,7,7,6,17700,1,1,0,7,6,7,7,6,17700,1,1,0,2025,3,10,1040000,6050000,1,1
202601,6,,0.비상권,41630,42,0,0,0,1,0,8,31,04,2,1,없음,770,5,0,1,0,5,2,4,1,10,2,1,1,1,1,8,5,3,1,1,I,561,4,1,4,6,6,7,6,6,19200,1,1,0,6,6,7,6,6,19200,1,1,0,6,6,7,6,6,19200,1,1,0,2024,3,10,1400000,7020000,1,1
202601,6,,0.비상권,41630,42,0,0,0,1,0,9,31,04,2,1,없음,5,4,0,1,0,4,2,4,1,9,2,1,1,1,1,8,4,3,1,1,I,561,4,1,4,7,6,8,7,6,21000,1,1,0,7,6,8,7,6,21000,1,1,0,7,6,8,7,6,21100,1,1,0,2025,3,10,1520000,5470000,1,1
202601,6,,0.비상권,41630,42,0,0,0,1,0,9,31,04,2,1,없음,5,4,0,1,0,4,2,4,1,9,2,1,1,1,1,8,4,3,2,6,0,999,2,1,3,1,1,1,4,4,8900,1,1,1,1,1,1,4,4,8900,1,1,1,1,1,1,4,4,8900,1,1,1,0,1,1,1520000,5470000,1,1
202601,6,,0.비상권,41630,42,0,0,0,1,0,9,31,04,2,1,없음,5,4,0,1,0,4,2,4,1,9,2,1,1,1,1,8,4,3,2,1,J,582,1,1,1,3,1,3,3,2,7700,1,1,0,3,1,3,3,2,7700,1,1,0,3,1,3,3,2,7700,1,1,0,2025,3,10,1520000,5470000,1,1
202601,6,,0.비상권,41630,42,0,0,0,1,0,7,31,03,2,1,없음,220,3,0,1,0,4,2,4,1,10,2,1,1,1,1,9,4,3,1,1,L,682,2,1,2,5,5,8,5,5,24700,1,1,0,5,5,8,5,5,24700,1,1,0,5,5,8,5,5,24700,1,1,0,2025,4,10,1730000,8790000,1,3
202601,6,,0.비상권,41630,42,0,0,0,1,0,7,31,03,2,1,없음,220,3,0,1,0,4,2,4,1,10,2,1,1,1,1,9,4,3,1,1,M,713,2,1,2,5,5,8,6,5,24800,1,1,0,5,5,8,6,5,24800,1,1,0,5,5,8,6,5,24800,1,1,0,2025,4,10,1730000,8790000,1,3
202601,6,,0.비상권,41630,42,0,0,0,1,0,8,31,04,2,1,없음,300,1,0,1,0,5,2,4,1,10,2,1,1,1,1,8,5,3,1,1,I,561,4,1,4,8,7,8,8,7,27000,1,1,0,8,7,8,8,7,27000,1,1,0,8,7,8,8,7,27000,1,1,0,2025,5,10,1800000,9050000,1,1
202601,6,,0.비상권,41630,42,0,0,0,1,0,9,31,04,2,1,없음,35,1,0,1,0,3,2,4,1,10,2,1,1,1,1,8,3,3,1,1,I,561,4,1,4,6,6,8,7,6,25600,1,1,0,6,6,8,7,6,25600,1,1,0,6,6,8,7,6,25600,1,1,0,2021,5,10,1810000,9210000,1,1
202601,6,,0.비상권,41630,42,0,0,0,1,0,8,31,04,2,1,없음,60,1,0,1,0,4,2,4,1,10,2,1,1,1,1,8,4,3,1,1,I,561,4,1,4,6,6,8,6,6,24400,1,1,0,6,6,8,6,6,24400,1,1,0,6,6,8,6,6,24400,1,1,0,2024,3,9,1710000,8550000,1,1
202601,6,,양주덕정역,41630,22,0,0,0,1,0,5,32,03,6,1,238,162,8,0,0,0,1,1,1,1,10,1,1,1,1,1,8,1,3,1,1,I,561,1,1,1,3,3,7,3,3,14900,1,1,0,3,3,7,3,3,14900,1,1,0,3,3,7,3,3,14900,1,1,0,2025,3,9,2640000,4440000,1,1
202601,6,,양주덕정역,41630,22,0,0,0,1,0,1,11,04,1,1,100,50,7,0,0,0,1,1,2,1,9,1,1,1,1,1,8,1,3,1,1,G,475,1,1,1,3,3,8,3,3,24400,1,1,0,3,3,8,3,3,24400,1,1,0,3,3,8,3,3,24400,1,1,0,2024,3,4,4830000,4660000,1,2
202601,6,,양주덕정역,41630,22,0,0,0,1,0,1,11,04,1,1,100,50,7,0,0,0,1,1,2,1,9,1,1,1,1,1,8,1,3,2,1,N,742,1,1,1,4,3,7,3,3,16300,1,1,0,4,3,7,3,3,16300,1,1,0,4,3,7,3,3,16300,1,1,0,2025,3,6,4830000,4660000,1,2
202601,6,,양주덕정역,41630,14,0,0,0,1,0,7,31,03,5,1,650,350,9,0,0,0,1,1,1,1,10,1,1,1,1,1,8,1,3,1,1,I,562,1,1,1,3,3,8,3,3,19700,1,1,0,3,3,8,3,3,19700,1,1,0,3,3,8,3,3,19700,1,1,0,2026,3,10,1880000,2760000,1,2
202601,6,,양주덕정역,41630,14,0,0,0,1,0,7,31,03,5,1,650,350,9,0,0,0,1,1,1,1,10,1,1,1,1,1,8,1,3,2,1,I,562,1,1,1,3,3,7,3,3,14600,1,1,0,3,3,7,3,3,14600,1,1,0,3,3,7,3,3,14600,1,1,0,2026,3,10,1880000,2760000,1,2
202601,6,,양주덕정역,41630,14,0,0,0,1,0,6,32,03,6,1,550,300,8,0,1,0,3,2,4,1,10,2,1,1,1,1,8,3,3,1,1,S,961,2,1,2,4,3,7,4,3,12100,1,1,0,4,3,7,4,3,12100,1,1,0,4,3,7,4,3,12100,1,1,0,2025,3,10,2200000,3740000,1,1
202601,6,,양주덕정역,41630,14,0,0,0,1,0,6,32,03,6,1,550,300,8,0,1,0,3,2,4,1,10,2,1,1,1,1,8,3,3,1,1,G,478,3,1,3,5,5,8,6,5,24800,1,1,0,5,5,8,6,5,24800,1,1,0,5,5,8,6,5,24800,1,1,0,2025,3,10,2200000,3740000,1,1
202601,6,,양주덕정역,41630,14,0,0,0,1,0,6,32,03,6,1,550,300,8,0,1,0,3,2,4,1,10,2,1,1,1,1,8,3,3,1,6,0,999,2,1,2,1,1,1,5,5,19500,1,1,1,1,1,1,5,5,19500,1,1,1,1,1,1,5,5,19500,1,1,1,0,1,1,2200000,3740000,1,1
202601,6,,양주덕정역,41630,14,0,0,0,1,0,6,32,03,6,1,550,300,8,0,1,0,3,2,4,1,10,2,1,1,1,1,8,3,3,1,1,I,561,2,1,2,4,4,7,4,4,12100,1,1,0,4,4,7,4,4,12100,1,1,0,4,4,7,4,4,12100,1,1,0,2025,3,10,2200000,3740000,1,1
202601,6,,양주덕정역,41630,14,0,0,0,1,0,6,32,03,6,1,550,300,8,0,1,0,3,2,4,1,10,2,1,1,1,1,8,3,3,1,1,I,561,2,1,2,4,4,7,4,4,19200,1,1,0,4,4,7,4,4,19200,1,1,0,4,4,7,4,4,19200,1,1,0,2025,3,10,2200000,3740000,1,1
202601,6,,양주덕정역,41630,14,0,0,0,1,0,6,31,03,2,1,550,100,4,0,0,0,2,1,2,1,9,1,1,1,1,1,8,2,3,1,1,G,478,1,1,1,4,4,9,4,4,36900,1,1,0,4,4,9,4,4,36900,1,1,0,4,4,9,4,4,36900,1,1,0,2024,3,10,3250000,8340000,1,1
202601,6,,양주덕정역,41630,14,0,0,0,1,0,6,31,03,2,1,550,100,4,0,0,0,2,1,2,1,9,1,1,1,1,1,8,2,3,2,1,S,961,1,1,1,3,3,7,3,3,16300,1,1,0,3,3,7,3,3,16300,1,1,0,3,3,7,3,3,16300,1,1,0,2024,3,10,3250000,8340000,1,1
202601,6,,양주덕정역,41630,22,0,0,0,1,0,4,32,03,4,1,50,50,1,0,1,0,3,2,4,1,10,2,1,1,1,1,8,3,3,1,1,I,561,4,1,4,6,6,7,6,6,14300,1,1,0,6,6,7,6,6,14300,1,1,0,6,6,7,6,6,14300,1,1,0,2025,3,10,5440000,13680000,1,1
202601,6,,양주덕정역,41630,16,0,0,0,1,0,7,31,03,6,1,150,100,3,0,1,0,3,2,4,1,10,2,2,1,1,1,8,3,3,1,6,0,999,1,1,1,1,1,1,5,3,23500,1,1,1,1,1,1,5,3,23500,1,1,1,1,1,1,5,3,23500,1,1,1,0,1,1,4220000,7640000,1,1
202601,6,,양주덕정역,41630,16,0,0,0,1,0,7,31,03,6,1,150,100,3,0,1,0,3,2,4,1,10,2,2,1,1,1,8,3,3,1,6,0,999,1,1,1,1,1,1,5,4,42200,1,1,1,1,1,1,5,4,42200,1,1,1,1,1,1,5,4,42200,1,1,1,0,1,1,4220000,7640000,1,1
202601,6,,양주덕정역,41630,16,0,0,0,1,0,7,31,03,6,1,150,100,3,0,1,0,3,2,4,1,10,2,2,1,1,1,8,3,3,1,1,I,561,4,1,4,5,6,8,5,6,28700,1,1,0,5,6,8,5,6,28700,1,1,0,5,6,8,5,6,28700,1,1,0,2024,3,9,4220000,7640000,1,1
202601,6,,양주덕정역,41630,16,0,0,0,1,0,7,31,03,6,1,150,100,3,0,1,0,3,2,4,1,10,2,2,1,1,1,8,3,3,1,6,0,999,2,1,2,1,1,1,5,5,32600,1,1,1,1,1,1,5,5,32600,1,1,1,1,1,1,5,5,32100,1,1,1,0,1,1,4220000,7640000,1,1
202601,6,,양주덕정역,41630,16,0,0,0,1,0,7,31,03,6,1,150,100,3,0,1,0,3,2,4,1,10,2,2,1,1,1,8,3,3,1,6,0,999,2,1,2,1,1,1,5,5,29900,1,1,1,1,1,1,5,5,29900,1,1,1,1,1,1,5,5,29900,1,1,1,0,1,1,4220000,7640000,1,1
202601,6,,양주덕정역,41630,16,0,0,0,1,0,7,31,03,6,1,150,100,3,0,1,0,3,2,4,1,10,2,2,1,1,1,8,3,3,1,1,L,682,2,1,2,5,5,9,5,5,35200,1,1,0,5,5,9,5,5,35200,1,1,0,5,5,9,5,5,35200,1,1,0,2024,3,9,4220000,7640000,1,1
202601,6,,양주덕정역,41630,14,0,0,0,1,0,8,31,03,6,2,400,280,8,0,1,0,2,2,4,1,10,2,1,1,1,1,8,2,3,1,1,G,472,4,1,4,5,5,7,5,5,14300,1,1,0,5,5,7,5,5,14300,1,1,0,5,5,7,5,5,14300,1,1,0,2024,3,10,3070000,2740000,1,1
202601,6,,양주덕정역,41630,14,0,0,0,1,0,8,31,03,6,2,400,280,8,0,1,0,2,2,4,1,10,2,1,1,1,1,8,2,3,2,1,S,961,4,1,4,4,4,5,4,4,7800,1,1,0,4,4,5,4,4,7800,1,1,0,4,4,5,4,4,7800,1,1,0,2024,3,9,3070000,2740000,1,1
202601,6,,양주덕정역,41630,14,0,0,0,1,1,1,11,03,6,1,410,270,7,0,0,0,2,1,3,1,10,1,1,1,1,1,8,2,3,-1,6,0,999,1,1,1,1,1,1,2,3,10900,1,1,1,1,1,1,2,3,10900,1,1,1,1,1,1,2,3,10900,1,1,1,0,1,1,2780000,4150000,1,3
202601,6,,양주덕정역,41630,14,0,0,0,1,1,1,11,03,6,1,410,270,7,0,0,0,2,1,3,1,10,1,1,1,1,1,8,2,3,1,1,I,561,2,1,2,5,5,8,5,5,25400,1,1,0,5,5,8,5,5,25400,1,1,0,5,5,8,5,5,25400,1,1,0,2024,3,10,2780000,4150000,1,3
202601,6,,양주덕정역,41630,14,0,0,0,1,1,1,11,03,6,1,410,270,7,0,0,0,2,1,3,1,10,1,1,1,1,1,8,2,3,1,1,L,682,1,1,1,4,3,10,4,3,51000,1,1,0,4,3,10,4,3,51000,1,1,0,4,3,10,4,3,51000,1,1,0,2025,3,10,2780000,4150000,1,3
202601,6,,0.비상권,41630,14,0,0,0,1,0,7,32,03,6,1,없음,85,9,0,1,0,2,2,4,1,10,2,1,1,1,1,8,2,3,1,1,C,105,3,1,3,6,4,6,6,4,9500,1,1,0,6,4,6,6,4,9500,1,1,0,6,4,6,6,4,9500,1,1,0,2026,3,10,1800000,3020000,1,1
202601,6,,0.비상권,41630,14,0,0,0,1,0,7,32,03,6,1,없음,85,9,0,1,0,2,2,4,1,10,2,1,1,1,1,8,2,3,1,1,I,561,3,1,3,5,4,6,5,4,9300,1,1,0,5,4,6,5,4,9300,1,1,0,5,4,6,5,4,9300,1,1,0,2024,3,10,1800000,3020000,1,1
202601,6,,포천시외버스터미널,41650,16,0,0,0,1,0,5,32,03,7,1,없음,100,5,0,0,0,2,1,3,1,10,1,1,1,1,1,8,2,3,1,1,I,561,3,1,3,4,3,6,5,4,9700,1,1,0,4,3,6,5,4,9700,1,1,0,4,3,6,5,4,9600,1,1,0,2025,3,9,2270000,3720000,1,1
202601,6,,포천시외버스터미널,41650,22,0,0,0,1,0,3,32,03,1,1,없음,126,4,0,0,0,5,2,4,1,10,2,1,1,1,1,8,2,3,1,1,G,474,4,1,4,5,6,8,5,6,25500,1,1,0,5,6,8,5,6,25500,1,1,0,5,6,8,5,6,25500,1,1,0,2024,3,9,4830000,6450000,1,1
202601,6,,포천시외버스터미널,41650,22,0,0,0,1,0,3,32,03,1,1,없음,100,8,0,0,0,2,1,2,1,10,1,1,1,1,1,8,2,3,1,1,S,961,1,1,1,4,3,7,4,3,16800,1,1,0,4,3,7,4,3,16800,1,1,0,4,3,7,4,3,16800,1,1,0,2023,4,8,3250000,10000000,1,1
202601,6,,포천시외버스터미널,41650,22,0,0,0,1,0,3,32,03,1,1,없음,100,8,0,0,0,2,1,2,1,10,1,1,1,1,1,8,2,3,1,6,0,999,1,1,1,1,1,1,4,3,17100,1,1,1,1,1,1,4,3,17100,1,1,1,1,1,1,4,3,17100,1,1,1,0,1,1,3250000,10000000,1,1
202601,6,,포천시외버스터미널,41650,22,0,0,0,1,0,2,51,03,1,1,없음,130,8,0,0,0,1,1,2,1,10,1,1,1,1,1,8,1,3,1,1,G,464,2,1,2,5,4,7,6,4,16900,1,1,0,5,4,7,6,4,16900,1,1,0,5,4,7,6,4,16900,1,1,0,2023,4,9,3250000,5320000,1,1
202601,6,,포천시외버스터미널,41650,22,0,0,0,1,0,1,19,04,1,1,없음,180,8,0,0,0,1,1,3,1,9,1,1,1,1,1,8,1,3,1,1,S,961,2,1,2,5,4,7,5,4,17000,1,1,0,5,4,7,5,4,17000,1,1,0,5,4,7,5,4,17000,1,1,0,2026,3,9,3480000,2840000,1,1
202601,6,,포천시외버스터미널,41650,22,0,0,0,1,0,1,19,04,1,1,없음,180,8,0,0,0,1,1,3,1,9,1,1,1,1,1,8,1,3,2,1,0,999,2,1,2,4,3,6,4,3,9300,1,1,0,4,3,6,4,3,9300,1,1,0,4,3,6,4,3,9300,1,1,0,2024,3,9,3480000,2840000,1,1
202601,6,,포천시외버스터미널,41650,22,0,0,0,1,0,1,51,03,1,1,없음,130,8,0,0,0,2,1,2,1,10,1,1,1,1,1,8,2,3,1,1,S,949,2,1,2,3,4,7,3,4,14000,1,1,0,3,4,7,3,4,14000,1,1,0,3,4,7,3,4,14000,1,1,0,2025,2,10,3460000,6280000,1,3
202601,6,,포천시외버스터미널,41650,14,0,0,0,1,0,7,39,04,4,1,없음,221,9,0,1,0,3,2,4,1,10,2,1,1,1,1,8,3,3,1,1,I,561,3,1,3,5,5,7,5,4,11400,1,1,0,5,5,7,5,4,11400,1,1,0,5,5,7,5,4,11500,1,1,0,2025,3,10,1960000,4510000,1,1
202601,6,,포천시외버스터미널,41650,14,0,0,0,1,0,7,39,04,4,1,없음,221,9,0,1,0,3,2,4,1,10,2,1,1,1,1,8,3,3,1,1,I,561,3,1,3,5,5,7,5,4,11500,1,1,0,5,5,7,5,4,11500,1,1,0,5,5,7,5,4,11500,1,1,0,2025,3,10,1960000,4510000,1,1
202601,6,,포천시외버스터미널,41650,14,0,0,0,1,0,6,21,03,6,2,없음,221,7,0,0,0,1,1,2,1,10,1,1,1,1,1,8,1,3,1,1,I,561,1,1,1,4,4,8,4,4,27300,1,1,0,4,4,8,4,4,27300,1,1,0,4,4,8,4,4,27300,1,1,0,2025,3,10,2480000,3300000,1,1
202601,6,,포천시외버스터미널,41650,14,0,0,0,1,0,6,21,03,6,2,없음,221,7,0,0,0,1,1,2,1,10,1,1,1,1,1,8,1,3,2,1,S,961,1,1,1,3,3,7,3,3,11000,1,1,0,3,3,7,3,3,11000,1,1,0,3,3,7,3,3,11000,1,1,0,2025,3,9,2480000,3300000,1,1
202601,6,,포천시외버스터미널,41650,22,0,0,0,1,0,6,32,03,8,1,없음,200,9,0,0,0,2,2,4,1,10,2,1,1,1,1,8,2,3,1,6,0,999,2,1,2,1,1,1,4,3,10400,1,1,1,1,1,1,4,3,10400,1,1,1,1,1,1,4,3,10400,1,1,1,0,1,1,2710000,4130000,1,1
202601,6,,포천시외버스터미널,41650,22,0,0,0,1,0,6,32,03,8,1,없음,200,9,0,0,0,2,2,4,1,10,2,1,1,1,1,8,2,3,1,1,S,969,2,1,2,4,3,6,4,3,10500,1,1,0,4,3,6,4,3,10500,1,1,0,4,3,6,4,3,10500,1,1,0,2024,3,10,2710000,4130000,1,1
202601,6,,포천시외버스터미널,41650,22,0,0,0,1,0,6,32,03,8,1,없음,200,9,0,0,0,2,2,4,1,10,2,1,1,1,1,8,2,3,1,1,I,561,2,1,2,3,3,6,5,3,10900,1,1,0,3,3,6,5,3,10900,1,1,0,3,3,6,5,3,10900,1,1,0,2024,3,10,2710000,4130000,1,1
202601,6,,포천시외버스터미널,41650,22,0,0,0,1,0,1,21,03,1,1,없음,126,8,0,0,0,1,2,3,1,10,2,1,1,1,1,8,1,3,1,1,I,561,2,1,2,4,3,7,4,3,11200,1,1,0,4,3,7,4,3,11200,1,1,0,4,3,7,4,3,11200,1,1,0,2025,3,10,2660000,2430000,1,2
202601,6,,포천시외버스터미널,41650,22,0,0,0,1,0,1,21,03,1,1,없음,126,8,0,0,0,1,2,3,1,10,2,1,1,1,1,8,1,3,2,1,S,961,2,1,2,3,3,5,3,3,7600,1,1,0,3,3,5,3,3,7600,1,1,0,3,3,5,3,3,7600,1,1,0,2024,3,9,2660000,2430000,1,2
202601,6,,포천시외버스터미널,41650,22,0,0,0,1,0,1,51,03,1,1,없음,126,8,0,0,0,1,1,2,1,10,1,1,1,1,1,8,1,3,1,1,S,969,2,1,2,6,3,6,6,3,9600,1,1,0,6,3,6,6,3,9600,1,1,0,6,3,6,6,3,9600,1,1,0,2025,3,4,1920000,3490000,1,1
202601,6,,포천시외버스터미널,41650,22,0,0,0,1,0,1,11,03,1,1,없음,50,8,0,0,0,1,1,2,1,9,1,1,1,1,1,8,1,3,1,1,S,961,1,1,1,3,3,7,3,3,13500,1,1,0,3,3,7,3,3,13500,1,1,0,3,3,7,3,3,13500,1,1,0,2024,3,7,2300000,2230000,1,2
202601,6,,포천시외버스터미널,41650,22,0,0,0,1,0,1,11,03,1,1,없음,50,8,0,0,0,1,1,2,1,9,1,1,1,1,1,8,1,3,2,2,G,464,1,1,1,1,1,1,2,3,4600,1,1,0,1,1,1,2,3,4600,1,1,0,1,1,1,2,3,4600,1,1,0,0,1,1,2300000,2230000,1,2
202601,6,,포천시외버스터미널,41650,22,0,0,0,1,0,7,31,03,1,1,없음,121,6,0,1,0,5,2,4,1,10,1,2,1,1,1,8,4,3,1,6,0,999,4,1,4,1,1,1,5,6,8700,1,1,1,1,1,1,5,6,8700,1,1,1,1,1,1,5,6,8700,1,1,1,0,1,1,2520000,6040000,1,1
202601,6,,포천시외버스터미널,41650,22,0,0,0,1,0,1,51,04,1,1,없음,30,4,0,0,0,2,1,3,1,10,1,1,1,1,1,8,2,3,1,6,0,999,3,1,3,1,1,1,5,5,17300,1,1,1,1,1,1,5,5,17300,1,1,1,1,1,1,5,5,17300,1,1,1,0,1,1,3550000,7620000,1,1
202601,6,,포천시외버스터미널,41650,22,0,0,0,1,0,4,32,03,8,1,없음,10,5,0,0,0,2,2,4,1,10,2,1,1,1,1,8,2,3,1,1,I,562,3,1,3,5,4,6,5,4,9400,1,1,0,5,4,6,5,4,9400,1,1,0,5,4,6,5,4,9400,1,1,0,2025,3,10,3730000,4700000,1,2
202601,6,,포천시외버스터미널,41650,22,0,0,0,1,0,4,32,03,8,1,없음,10,5,0,0,0,2,2,4,1,10,2,1,1,1,1,8,2,3,1,1,S,961,2,1,2,4,4,7,4,4,18300,1,1,0,4,4,7,4,4,18300,1,1,0,4,4,7,4,4,18300,1,1,0,2024,3,8,3730000,4700000,1,2
202601,6,,포천시외버스터미널,41650,22,0,0,0,1,0,6,31,03,5,1,없음,30,4,0,1,0,3,2,4,1,10,1,2,1,1,1,8,3,3,1,6,0,999,4,1,4,1,1,1,6,6,16700,1,1,1,1,1,1,6,6,16700,1,1,1,1,1,1,6,6,16700,1,1,1,0,1,1,4290000,5100000,1,1
202601,6,,포천시외버스터미널,41650,22,0,0,0,1,0,6,31,03,5,1,없음,30,4,0,1,0,3,2,4,1,10,1,2,1,1,1,8,3,3,2,6,0,999,4,1,4,1,1,1,6,5,10800,1,1,1,1,1,1,6,5,10800,1,1,1,1,1,1,6,5,10800,1,1,1,0,1,1,4290000,5100000,1,1
202601,6,,포천시외버스터미널,41650,22,0,0,0,1,0,1,51,07,1,1,없음,1,4,0,0,0,2,1,3,1,10,1,1,1,1,1,8,2,3,1,1,J,581,2,1,2,3,4,7,3,4,14500,1,1,0,3,4,7,3,4,14500,1,1,0,3,4,7,3,4,14500,1,1,0,2024,3,5,3550000,11630000,1,1
202601,6,,포천시외버스터미널,41650,22,0,0,0,1,0,1,51,07,1,1,없음,1,4,0,0,0,2,1,3,1,10,1,1,1,1,1,8,2,3,1,1,G,471,1,1,1,3,3,7,3,3,12700,1,1,0,3,3,7,3,3,12700,1,1,0,3,3,7,3,3,12700,1,1,0,2024,3,10,3550000,11630000,1,1
202601,6,,포천소흘읍,41650,13,0,710,0,1,0,5,21,03,2,1,없음,40,4,0,0,0,4,2,4,1,10,2,1,1,1,1,8,4,3,1,1,I,561,4,1,4,6,6,7,6,6,17200,1,1,0,6,6,7,6,6,17200,1,1,0,6,6,7,6,6,17200,1,1,0,2024,5,10,1700000,8630000,1,1
202601,6,,포천소흘읍,41650,13,0,710,0,1,0,4,32,03,1,1,없음,370,1,0,0,0,2,1,1,1,10,1,1,1,1,1,8,2,3,1,6,0,999,1,1,1,1,1,1,4,4,43900,1,1,1,1,1,1,4,4,43900,1,1,1,1,1,1,4,4,43900,1,1,1,0,1,1,1830000,21730000,1,2
202601,6,,포천소흘읍,41650,13,0,710,0,1,0,6,21,03,2,1,없음,10,4,0,1,0,4,2,4,1,10,2,2,1,1,1,8,4,3,1,1,G,475,4,1,4,6,6,8,6,6,22500,1,1,0,6,6,8,6,6,22500,1,1,0,6,6,8,6,6,22500,1,1,0,2024,3,10,2660000,6670000,1,2
202601,6,,포천소흘읍,41650,13,0,710,0,1,0,6,21,03,2,1,없음,10,4,0,1,0,4,2,4,1,10,2,2,1,1,1,8,4,3,2,6,0,999,4,1,4,1,1,1,6,5,10600,1,1,1,1,1,1,6,5,10600,1,1,1,1,1,1,6,5,10600,1,1,1,0,1,1,2660000,6670000,1,2
202601,6,,포천소흘읍,41650,13,0,0,0,1,0,5,31,04,2,1,없음,50,4,0,1,0,5,2,4,1,10,2,1,1,1,1,8,5,3,1,1,S,961,2,1,2,4,4,7,4,4,16000,1,1,0,4,4,7,4,4,16000,1,1,0,4,4,7,4,4,16000,1,1,0,2025,3,8,2290000,11490000,1,3
202601,6,,포천소흘읍,41650,13,0,0,0,1,0,5,31,04,2,1,없음,50,4,0,1,0,5,2,4,1,10,2,1,1,1,1,8,5,3,1,1,G,472,2,1,2,5,4,7,5,4,16300,1,1,0,5,4,7,5,4,16300,1,1,0,5,4,7,5,4,16300,1,1,0,2025,5,10,2290000,11490000,1,3
202601,6,,포천소흘읍,41650,13,0,0,0,1,0,5,31,04,2,1,없음,50,4,0,1,0,5,2,4,1,10,2,1,1,1,1,8,5,3,1,1,I,562,2,1,2,4,4,7,4,4,16000,1,1,0,4,4,7,4,4,16000,1,1,0,4,4,7,4,4,16000,1,1,0,2026,3,9,2290000,11490000,1,3
202601,6,,포천소흘읍,41650,13,0,0,0,1,0,5,31,04,2,1,없음,50,4,0,1,0,5,2,4,1,10,2,1,1,1,1,8,5,3,1,1,G,472,2,1,2,5,4,7,5,4,16100,1,1,0,5,4,7,5,4,16100,1,1,0,5,4,7,5,4,16100,1,1,0,2025,5,10,2290000,11490000,1,3
202601,6,,포천소흘읍,41650,13,0,0,0,1,0,5,31,04,2,1,없음,50,4,0,1,0,5,2,4,1,10,2,1,1,1,1,8,5,3,1,1,I,561,2,1,2,4,4,7,4,4,16000,1,1,0,4,4,7,4,4,16000,1,1,0,4,4,7,4,4,16000,1,1,0,2025,3,10,2290000,11490000,1,3
202601,6,,포천소흘읍,41650,13,0,0,0,1,0,5,31,04,2,1,없음,50,4,0,1,0,5,2,4,1,10,2,1,1,1,1,8,5,3,1,1,J,581,2,1,2,4,4,7,4,4,16000,1,1,0,4,4,7,4,4,16000,1,1,0,4,4,7,4,4,16000,1,1,0,2024,3,6,2290000,11490000,1,3
202601,6,,포천소흘읍,41650,13,0,710,0,1,0,4,32,03,2,1,없음,180,4,0,0,0,5,2,4,1,10,2,1,1,1,1,8,5,3,1,6,0,999,2,1,2,1,1,1,4,4,16600,1,1,1,1,1,1,4,4,16600,1,1,1,1,1,1,4,4,16600,1,1,1,0,1,1,1950000,10710000,1,1
202601,6,,포천소흘읍,41650,13,0,710,0,1,0,4,32,03,2,1,없음,180,4,0,0,0,5,2,4,1,10,2,1,1,1,1,8,5,3,1,1,F,424,3,1,3,5,5,7,5,5,16600,1,1,0,5,5,7,5,5,16600,1,1,0,5,5,7,5,5,16600,1,1,0,2024,3,7,1950000,10710000,1,1
202601,6,,포천소흘읍,41650,13,0,710,0,1,0,4,32,03,2,1,없음,180,4,0,0,0,5,2,4,1,10,2,1,1,1,1,8,5,3,1,1,G,472,1,1,1,4,3,7,4,3,17000,1,1,0,4,3,7,4,3,17000,1,1,0,4,3,7,4,3,17000,1,1,0,2025,3,9,1950000,10710000,1,1
202601,6,,포천소흘읍,41650,13,0,710,0,1,0,4,32,03,2,1,없음,180,4,0,0,0,5,2,4,1,10,2,1,1,1,1,8,5,3,1,1,I,561,2,1,2,4,4,7,4,4,16600,1,1,0,4,4,7,4,4,16600,1,1,0,4,4,7,4,4,16600,1,1,0,2025,3,10,1950000,10710000,1,1
202601,6,,포천소흘읍,41650,13,0,710,0,1,0,4,32,03,2,1,없음,180,4,0,0,0,5,2,4,1,10,2,1,1,1,1,8,5,3,1,1,G,466,2,1,2,4,4,7,4,4,16600,1,1,0,4,4,7,4,4,16600,1,1,0,4,4,7,4,4,16600,1,1,0,2024,3,7,1950000,10710000,1,1
202601,6,,포천소흘읍,41650,13,0,710,0,1,0,4,32,03,2,1,없음,180,4,0,0,0,5,2,4,1,10,2,1,1,1,1,8,5,3,1,1,G,466,2,1,2,4,4,7,4,4,16600,1,1,0,4,4,7,4,4,16600,1,1,0,4,4,7,4,4,16600,1,1,0,2024,3,7,1950000,10710000,1,1
202601,6,,포천소흘읍,41650,22,0,0,0,1,0,3,32,03,2,1,없음,75,8,0,1,0,5,2,4,1,10,2,1,1,1,1,8,5,3,1,1,I,561,4,1,4,5,6,6,5,5,7700,1,1,0,5,6,6,5,5,7700,1,1,0,5,6,6,5,5,7700,1,1,0,2025,3,10,3370000,28570000,1,1
202601,6,,포천소흘읍,41650,22,0,0,0,1,0,3,32,03,7,1,없음,200,8,0,0,0,2,2,4,1,10,2,1,1,1,1,8,2,3,1,1,R,912,2,1,2,4,4,7,4,4,11600,1,1,0,4,4,7,4,4,11600,1,1,0,4,4,7,4,4,11600,1,1,0,2025,3,10,3020000,4930000,1,1
202601,6,,포천소흘읍,41650,22,0,0,0,1,0,3,32,03,7,1,없음,200,8,0,0,0,2,2,4,1,10,2,1,1,1,1,8,2,3,1,1,I,561,2,1,2,4,4,7,4,4,10100,1,1,0,4,4,7,4,4,10100,1,1,0,4,4,7,4,4,10100,1,1,0,2025,3,10,3020000,4930000,1,1
202601,6,,포천소흘읍,41650,22,0,0,0,1,0,3,32,03,7,1,없음,200,8,0,0,0,2,2,4,1,10,2,1,1,1,1,8,2,3,1,1,I,561,2,1,2,4,4,7,4,4,11400,1,1,0,4,4,7,4,4,11400,1,1,0,4,4,7,4,4,11400,1,1,0,2025,3,9,3020000,4930000,1,1
202601,6,,포천소흘읍,41650,14,0,0,0,1,0,4,32,03,2,1,없음,120,4,0,0,0,2,1,1,1,10,1,1,1,1,1,8,2,3,1,1,G,473,1,1,1,5,6,12,5,6,105300,1,1,0,5,6,12,5,6,105300,1,1,0,5,6,12,5,6,105300,1,1,0,2024,3,9,3490000,29230000,1,2
202601,6,,포천소흘읍,41650,14,0,0,0,1,0,4,32,03,6,1,없음,83,6,0,0,0,1,1,2,1,10,1,1,1,1,1,8,1,3,1,1,G,473,2,1,2,5,4,8,5,4,22600,1,1,0,5,4,8,5,4,22600,1,1,0,5,4,8,5,4,22600,1,1,0,2025,3,8,2650000,5350000,1,1
202601,6,,0.비상권,41650,22,0,0,0,1,0,4,32,03,5,1,없음,50,4,0,0,0,2,1,3,1,10,1,1,1,1,1,8,2,3,1,1,G,473,2,1,2,6,6,10,6,6,58900,1,1,0,6,6,10,6,6,58900,1,1,0,6,6,10,6,6,58900,1,1,0,2026,5,7,7260000,14620000,1,2
202601,6,,0.비상권,41650,22,0,0,0,1,0,4,32,03,5,1,없음,50,4,0,0,0,2,1,3,1,10,1,1,1,1,1,8,2,3,1,1,G,464,1,1,1,5,4,10,5,5,54800,1,1,0,5,4,10,5,5,54800,1,1,0,5,4,10,5,5,54800,1,1,0,2024,3,7,7260000,14620000,1,2
202601,6,,포천소흘읍,41650,15,0,0,0,1,0,6,32,03,6,1,없음,340,7,0,0,0,2,2,4,1,10,2,1,1,1,1,8,2,3,1,1,I,561,1,1,1,4,4,8,4,4,28300,1,1,0,4,4,8,4,4,28300,1,1,0,4,4,8,4,4,28300,1,1,0,2025,3,10,3220000,5400000,1,2
202601,6,,포천소흘읍,41650,15,0,0,0,1,0,6,32,03,6,1,없음,340,7,0,0,0,2,2,4,1,10,2,1,1,1,1,8,2,3,1,1,I,562,1,1,1,5,4,8,5,4,28300,1,1,0,5,4,8,5,4,28300,1,1,0,5,4,8,5,4,28300,1,1,0,2024,3,9,3220000,5400000,1,2
202601,6,,포천소흘읍,41650,15,0,0,0,1,0,6,32,03,6,1,없음,340,7,0,0,0,2,2,4,1,10,2,1,1,1,1,8,2,3,1,1,S,969,1,1,1,5,4,8,5,4,28100,1,1,0,5,4,8,5,4,28100,1,1,0,5,4,8,5,4,28100,1,1,0,2024,3,8,3220000,5400000,1,2
202601,6,,포천소흘읍,41650,15,0,0,0,1,0,6,32,03,6,1,없음,340,7,0,0,0,2,2,4,1,10,2,1,1,1,1,8,2,3,1,1,S,961,1,1,1,5,4,8,5,4,28000,1,1,0,5,4,8,5,4,28000,1,1,0,5,4,8,5,4,28000,1,1,0,2025,3,10,3220000,5400000,1,2
202601,6,,여주시청,41670,14,0,0,0,1,0,8,32,04,6,1,없음,220,5,0,0,0,2,1,2,1,10,1,1,1,1,1,8,2,3,1,6,0,999,1,1,1,1,1,1,3,3,18500,1,1,1,1,1,1,3,3,18500,1,1,1,1,1,1,3,3,18500,1,1,1,0,1,1,2470000,4780000,1,2
202601,6,,여주시청,41670,14,0,0,0,1,0,8,32,04,6,1,없음,220,5,0,0,0,2,1,2,1,10,1,1,1,1,1,8,2,3,1,1,F,412,2,1,2,4,4,7,4,4,17500,1,1,0,4,4,7,4,4,17500,1,1,0,4,4,7,4,4,17500,1,1,0,2025,3,10,2470000,4780000,1,2
202601,6,,여주시청,41670,14,0,0,0,1,0,4,32,04,3,1,없음,120,6,0,0,0,3,1,3,1,10,1,1,1,1,1,8,3,3,1,1,I,561,2,1,2,4,4,7,4,4,16300,1,1,0,4,4,7,4,4,16300,1,1,0,4,4,7,4,4,16300,1,1,0,2024,3,5,1210000,4390000,1,2
202601,6,,여주시청,41670,14,0,0,0,1,0,4,32,04,3,1,없음,120,6,0,0,0,3,1,3,1,10,1,1,1,1,1,8,3,3,1,6,0,999,1,1,2,1,1,1,4,3,11000,1,1,1,1,1,1,4,3,11000,1,1,1,1,1,1,4,3,11000,1,1,1,0,1,1,1210000,4390000,1,2
202601,6,,여주시청,41670,22,0,0,0,1,0,7,21,04,7,2,없음,150,4,0,0,0,1,1,3,1,9,1,1,1,1,1,8,1,3,1,1,N,752,2,1,2,5,4,7,5,4,13100,1,1,0,5,4,7,5,4,13100,1,1,0,5,4,7,5,4,13100,1,1,0,2024,3,9,6380000,4600000,1,2
202601,6,,여주시청,41670,22,0,0,0,1,0,7,21,04,7,2,없음,150,4,0,0,0,1,1,3,1,9,1,1,1,1,1,8,1,3,2,1,S,969,2,1,2,3,3,7,4,3,11400,1,1,0,3,3,7,4,3,11400,1,1,0,3,3,7,4,3,11400,1,1,0,2026,2,10,6380000,4600000,1,2
202601,6,,여주시청,41670,22,0,0,0,1,0,1,51,03,1,1,없음,100,7,0,0,0,1,1,3,1,9,1,1,1,1,1,8,1,3,1,1,G,473,2,1,2,6,5,9,6,5,33900,1,1,0,6,5,9,6,5,33900,1,1,0,6,5,9,6,5,33900,1,1,0,2024,3,7,6710000,3120000,1,3
202601,6,,여주시청,41670,22,0,0,0,1,0,1,51,03,1,1,없음,100,7,0,0,0,1,1,3,1,9,1,1,1,1,1,8,1,3,2,1,G,473,2,1,2,5,3,7,6,3,12900,1,1,0,5,3,7,6,3,12900,1,1,0,5,3,7,6,3,12900,1,1,0,2024,3,7,6710000,3120000,1,3
202601,6,,여주시청,41670,16,0,0,0,1,0,1,21,03,1,1,없음,100,4,0,0,0,1,1,3,1,9,1,1,1,1,1,8,1,3,1,1,G,475,2,1,2,3,3,7,3,3,12000,1,1,0,3,3,7,3,3,12000,1,1,0,3,3,7,3,3,12000,1,1,0,2025,3,10,3500000,1580000,1,2
202601,6,,여주시청,41670,16,0,0,0,1,0,1,21,03,1,1,없음,100,4,0,0,0,1,1,3,1,9,1,1,1,1,1,8,1,3,2,6,0,999,2,1,2,1,1,1,3,3,6900,1,1,1,1,1,1,3,3,6900,1,1,1,1,1,1,3,3,6900,1,1,1,0,1,1,3500000,1580000,1,2
202601,6,,여주시청,41670,22,0,0,0,1,0,1,21,04,1,1,없음,45,1,0,0,0,2,1,2,1,9,1,1,1,1,1,8,2,3,1,1,S,961,1,1,1,4,4,8,4,4,23700,2,1,0,4,4,8,4,4,23700,2,1,0,4,4,8,4,4,23700,2,1,0,2024,3,10,3730000,6670000,1,2
202601,6,,여주시청,41670,22,0,0,0,1,0,1,21,04,1,1,없음,45,1,0,0,0,2,1,2,1,9,1,1,1,1,1,8,2,3,2,6,0,999,1,1,1,1,1,1,3,3,8200,1,1,1,1,1,1,3,3,8200,1,1,1,1,1,1,3,3,8200,1,1,1,0,1,1,3730000,6670000,1,2
202601,6,,여주시청,41670,16,0,0,0,1,0,1,21,03,1,1,없음,50,4,0,0,0,2,2,4,1,10,1,1,1,1,1,8,2,3,1,1,S,961,2,1,2,5,4,8,5,4,28400,1,1,0,5,4,8,5,4,28400,1,1,0,5,4,8,5,4,28400,1,1,0,2025,3,9,2870000,4570000,1,2
202601,6,,여주시청,41670,16,0,0,0,1,0,1,21,03,1,1,없음,50,4,0,0,0,2,2,4,1,10,1,1,1,1,1,8,2,3,1,1,G,474,1,1,2,5,4,8,5,4,27200,1,1,0,5,4,8,5,4,27200,1,1,0,5,4,8,5,4,27200,1,1,0,2025,3,10,2870000,4570000,1,2
202601,6,,여주시청,41670,16,0,0,0,1,0,1,21,03,1,1,없음,50,4,0,0,0,2,2,4,1,10,1,1,1,1,1,8,2,3,2,6,0,999,3,1,3,1,1,1,4,3,6800,1,1,1,1,1,1,4,3,6800,1,1,1,1,1,1,4,3,6800,1,1,1,0,1,1,2870000,4570000,1,2
202601,6,,여주시청,41670,22,0,0,0,1,0,1,11,03,3,1,없음,40,1,0,0,0,2,1,2,1,8,1,1,1,1,1,8,2,3,1,1,G,474,1,1,2,4,4,8,4,4,28100,1,1,0,4,4,8,4,4,28100,1,1,0,4,4,8,4,4,28100,1,1,0,2025,3,10,5430000,11600000,1,2
202601,6,,여주시청,41670,22,0,0,0,1,0,1,11,03,3,1,없음,40,1,0,0,0,2,1,2,1,8,1,1,1,1,1,8,2,3,2,1,G,474,2,1,2,5,3,7,5,4,14700,1,1,0,5,3,7,5,4,14700,1,1,0,5,3,7,5,4,14700,1,1,0,2024,3,7,5430000,11600000,1,2
202601,6,,여주시청,41670,16,0,0,0,1,0,4,21,03,6,2,없음,100,6,0,0,0,1,1,2,1,10,1,1,1,1,1,8,1,3,1,1,G,475,1,1,1,4,3,7,4,3,14700,1,1,0,4,3,7,4,3,14700,1,1,0,4,3,7,4,3,14700,1,1,0,2024,3,8,2920000,2760000,1,3
202601,6,,여주시청,41670,16,0,0,0,1,0,4,21,03,6,2,없음,100,6,0,0,0,1,1,2,1,10,1,1,1,1,1,8,1,3,2,6,0,999,1,1,1,1,1,1,3,3,5800,1,1,1,1,1,1,3,3,5800,1,1,1,1,1,1,3,3,5800,1,1,1,0,1,1,2920000,2760000,1,3
202601,6,,여주시청,41670,16,22,0,0,1,0,4,32,03,5,1,없음,100,6,0,0,0,2,2,4,1,10,2,1,1,1,1,8,2,3,1,1,S,961,2,1,2,4,3,7,4,3,15200,1,1,0,4,3,7,4,3,15200,1,1,0,4,3,7,4,3,15200,1,1,0,2024,3,7,2360000,5190000,1,1
202601,6,,여주시청,41670,16,22,0,0,1,0,4,32,03,5,1,없음,100,6,0,0,0,2,2,4,1,10,2,1,1,1,1,8,2,3,1,1,G,463,2,1,2,4,3,7,4,3,15200,1,1,0,4,3,7,4,3,15200,1,1,0,4,3,7,4,3,15200,1,1,0,2024,3,7,2360000,5190000,1,1
202601,6,,여주시청,41670,16,22,0,0,1,0,4,32,03,5,1,없음,100,6,0,0,0,2,2,4,1,10,2,1,1,1,1,8,2,3,1,1,G,472,2,1,2,4,3,7,4,3,14700,1,1,0,4,3,7,4,3,14700,1,1,0,4,3,7,4,3,14700,1,1,0,2024,3,9,2360000,5190000,1,1
202601,6,,여주시청,41670,22,0,0,0,1,0,4,21,03,8,2,없음,100,4,0,0,0,1,1,3,1,10,1,1,1,1,1,8,1,3,1,1,F,412,1,1,1,3,3,7,3,4,19800,1,1,0,3,3,7,3,4,19800,1,1,0,3,3,7,3,4,19800,1,1,0,2025,3,10,4930000,3270000,1,3
202601,6,,여주시청,41670,22,0,0,0,1,0,4,21,03,8,2,없음,100,4,0,0,0,1,1,3,1,10,1,1,1,1,1,8,1,3,1,1,F,412,1,1,1,3,3,8,3,3,24400,1,1,0,3,3,8,3,3,24400,1,1,0,3,3,8,3,3,24400,1,1,0,2024,3,9,4930000,3270000,1,3
202601,6,,여주시청,41670,22,0,0,0,1,0,4,21,03,8,2,없음,100,4,0,0,0,1,1,3,1,10,1,1,1,1,1,8,1,3,2,1,M,721,1,1,1,3,3,7,3,3,15900,1,1,0,3,3,7,3,3,15900,1,1,0,3,3,7,3,3,15900,1,1,0,2025,3,10,4930000,3270000,1,3
202601,6,,여주시청,41670,22,0,0,0,1,0,4,21,03,8,2,없음,100,4,0,0,0,1,1,3,1,10,1,1,1,1,1,8,1,3,2,2,0,999,1,1,1,1,1,1,7,1,11800,1,1,0,1,1,1,7,1,11800,1,1,0,1,1,1,7,1,11800,1,1,0,0,1,1,4930000,3270000,1,3
202601,6,,여주시청,41670,22,0,0,0,1,0,1,21,03,1,1,없음,120,6,0,0,0,1,2,4,1,9,2,1,1,1,1,8,1,3,1,1,G,478,3,1,3,6,6,8,6,6,27200,1,1,0,6,6,8,6,6,27200,1,1,0,6,6,8,6,6,27200,1,1,0,2026,3,9,6420000,2460000,1,2
202601,6,,여주시청,41670,22,0,0,0,1,0,1,21,03,1,1,없음,120,6,0,0,0,1,2,4,1,9,2,1,1,1,1,8,1,3,2,1,M,716,3,1,3,4,4,5,4,4,6400,1,1,0,4,4,5,4,4,6400,1,1,0,4,4,5,4,4,6400,1,1,0,2026,3,10,6420000,2460000,1,2
202601,6,,여주시청,41670,16,0,0,0,1,0,1,21,04,1,1,없음,70,6,0,0,0,1,2,4,1,10,2,1,1,1,1,8,1,3,1,1,G,472,3,1,3,6,5,7,6,4,13600,1,1,0,6,5,7,6,4,13600,1,1,0,6,5,7,6,4,13600,1,1,0,2024,4,8,2610000,1500000,1,2
202601,6,,여주시청,41670,16,0,0,0,1,0,1,21,04,1,1,없음,70,6,0,0,0,1,2,4,1,10,2,1,1,1,1,8,1,3,2,1,O,841,3,1,3,4,4,5,6,4,9900,1,1,0,4,4,5,6,4,9900,1,1,0,4,4,5,6,4,9900,1,1,0,2024,3,10,2610000,1500000,1,2
202601,6,,여주시청,41670,14,22,0,0,1,0,8,21,03,6,2,없음,145,5,0,0,0,1,1,3,1,9,1,1,1,1,1,8,1,3,1,1,G,472,2,1,2,4,4,7,4,4,15200,1,1,0,4,4,7,4,4,15200,1,1,0,4,4,7,4,4,15200,1,1,0,2024,3,10,2800000,2740000,1,2
202601,6,,여주시청,41670,14,22,0,0,1,0,8,21,03,6,2,없음,145,5,0,0,0,1,1,3,1,9,1,1,1,1,1,8,1,3,2,6,0,999,2,1,2,1,1,1,4,3,9900,1,1,1,1,1,1,4,3,9900,1,1,1,1,1,1,4,3,9900,1,1,1,0,1,1,2800000,2740000,1,2
202601,6,,여주시청,41670,14,0,0,0,1,0,3,21,03,6,2,없음,100,4,0,0,0,2,2,4,1,9,2,1,1,1,1,8,2,3,1,1,S,969,2,1,2,4,3,6,4,3,9800,1,1,0,4,3,6,4,3,9800,1,1,0,4,3,6,4,3,9800,1,1,0,2025,3,10,1810000,1600000,1,1
202601,6,,여주시청,41670,14,0,0,0,1,0,3,21,03,6,2,없음,100,4,0,0,0,2,2,4,1,9,2,1,1,1,1,8,2,3,1,1,I,561,2,1,2,4,3,6,4,3,9400,1,1,0,4,3,6,4,3,9400,1,1,0,4,3,6,4,3,9400,1,1,0,2024,3,10,1810000,1600000,1,1
202601,6,,여주시청,41670,14,0,0,0,1,0,3,21,03,6,2,없음,100,4,0,0,0,2,2,4,1,9,2,1,1,1,1,8,2,3,2,1,R,912,4,1,4,4,3,4,4,3,4900,1,1,0,4,3,4,4,3,4900,1,1,0,4,3,4,4,3,4900,1,1,0,2023,4,9,1810000,1600000,1,1
202601,6,,여주시청,41670,13,0,0,0,1,0,5,32,04,6,1,없음,40,4,0,0,0,2,1,2,1,10,1,1,1,1,1,8,2,3,1,1,L,682,2,1,2,4,3,5,4,3,7000,1,1,0,4,3,5,4,3,7000,1,1,0,4,3,5,4,3,7000,1,1,0,2025,3,9,1370000,2320000,1,1
202601,6,,0.비상권,41800,13,0,0,0,1,0,4,11,04,6,1,750,100,5,0,0,0,2,2,4,1,10,2,1,1,1,1,8,2,3,1,1,N,759,2,1,2,4,4,7,4,4,10500,1,1,0,4,4,7,4,4,10500,1,1,0,4,4,7,4,4,10500,1,1,0,2026,3,9,1260000,2230000,1,1
202601,6,,0.비상권,41800,13,0,0,0,1,0,4,11,04,6,1,750,100,5,0,0,0,2,2,4,1,10,2,1,1,1,1,8,2,3,1,1,L,682,2,1,2,3,3,6,3,3,9000,1,1,0,3,3,6,3,3,9000,1,1,0,3,3,6,3,3,9000,1,1,0,2026,3,9,1260000,2230000,1,1
202601,6,,0.비상권,41800,13,0,0,0,1,0,4,11,04,6,1,750,100,5,0,0,0,2,2,4,1,10,2,1,1,1,1,8,2,3,1,1,F,421,2,1,2,3,3,7,3,3,14200,1,1,0,3,3,7,3,3,14200,1,1,0,3,3,7,3,3,14200,1,1,0,2025,3,10,1260000,2230000,1,1
202601,6,,0.비상권,41800,14,0,0,0,1,0,6,32,04,6,1,500,400,2,0,0,0,1,1,2,1,10,1,1,1,1,1,8,1,3,1,1,L,682,2,1,2,3,3,6,3,3,9500,1,1,0,3,3,6,3,3,9500,1,1,0,3,3,6,3,3,9500,1,1,0,2024,3,9,980000,1780000,1,1
202601,6,,0.비상권,41800,14,0,0,0,1,0,5,31,04,3,1,없음,15,5,0,1,0,3,2,4,1,10,2,1,1,1,1,8,3,3,1,1,S,953,4,1,4,6,5,6,6,5,8300,1,1,0,6,5,6,6,5,8300,1,1,0,6,5,6,6,5,8300,1,1,0,2024,3,9,870000,2930000,1,2
202601,6,,0.비상권,41800,13,0,0,0,1,0,7,21,04,6,2,950,140,6,0,0,0,1,1,3,1,10,1,1,1,1,1,8,1,3,1,1,I,562,2,1,2,3,3,7,3,3,11300,1,1,0,3,3,7,3,3,11300,1,1,0,3,3,7,3,3,11300,1,1,0,2025,3,10,1430000,1210000,1,3
202601,6,,0.비상권,41800,13,0,0,0,1,0,7,21,04,6,2,950,140,6,0,0,0,1,1,3,1,10,1,1,1,1,1,8,1,3,2,1,I,562,2,1,2,3,3,5,3,3,6000,1,1,0,3,3,5,3,3,6000,1,1,0,3,3,5,3,3,6000,1,1,0,2025,3,10,1430000,1210000,1,3
202601,6,,0.비상권,41800,22,0,0,0,1,0,1,21,04,1,1,430,160,9,0,0,0,2,2,4,1,10,2,1,1,1,1,8,2,3,1,1,I,561,3,1,3,4,4,5,4,4,7700,1,1,0,4,4,5,4,4,7700,1,1,0,4,4,5,4,4,7700,1,1,0,2025,3,8,1100000,790000,1,1
202601,6,,0.비상권,41800,22,0,0,0,1,0,1,21,04,1,1,430,160,9,0,0,0,2,2,4,1,10,2,1,1,1,1,8,2,3,2,1,0,999,3,1,3,3,3,3,3,3,3600,1,1,0,3,3,3,3,3,3600,1,1,0,3,3,3,3,3,3600,1,1,0,2025,3,8,1100000,790000,1,1
202601,6,,0.비상권,41800,22,0,0,0,1,0,4,32,03,8,1,150,140,8,0,0,0,2,2,4,1,10,2,1,1,1,1,15,2,3,1,1,I,561,4,1,4,5,5,7,5,5,11500,1,1,0,5,5,7,5,5,11500,1,1,0,5,5,7,5,5,11500,1,1,0,2024,3,10,1280000,1800000,1,3
202601,6,,0.비상권,41800,22,0,0,0,1,0,2,21,03,1,1,550,160,6,0,0,0,1,2,4,1,10,2,1,1,1,1,8,1,3,1,1,M,733,2,1,2,3,4,7,3,4,10500,1,1,0,3,4,7,3,4,10500,1,1,0,3,4,7,3,4,10500,1,1,0,2024,3,10,2450000,1570000,1,2
202601,6,,0.비상권,41800,22,0,0,0,1,0,2,21,03,1,1,550,160,6,0,0,0,1,2,4,1,10,2,1,1,1,1,8,1,3,2,1,M,733,2,1,2,3,3,3,3,3,3800,1,1,0,3,3,3,3,3,3800,1,1,0,3,3,3,3,3,3800,1,1,0,2024,3,10,2450000,1570000,1,2
202601,6,,0.비상권,41800,22,0,0,0,1,0,1,21,03,1,1,450,50,6,0,0,0,1,1,2,1,10,1,1,1,1,1,8,1,3,1,1,I,561,2,1,2,5,4,8,5,4,22500,1,1,0,5,4,8,5,4,22500,1,1,0,5,4,8,5,4,22500,1,1,0,2024,3,10,3520000,3520000,1,1
202601,6,,0.비상권,41800,22,0,0,0,1,0,1,21,04,1,1,600,20,4,0,0,0,1,1,2,1,10,1,1,1,1,1,8,1,3,1,1,S,961,1,1,1,4,4,8,4,4,19600,1,1,0,4,4,8,4,4,19600,1,1,0,4,4,8,4,4,19600,1,1,0,2025,3,10,3870000,1880000,1,3
202601,6,,0.비상권,41800,22,0,0,0,1,0,1,21,04,1,1,600,20,4,0,0,0,1,1,2,1,10,1,1,1,1,1,8,1,3,2,1,S,961,1,1,1,4,3,7,4,3,10000,1,1,0,4,3,7,4,3,10000,1,1,0,4,3,7,4,3,10000,1,1,0,2025,3,10,3870000,1880000,1,3
202601,6,,0.비상권,41800,22,0,0,0,1,0,1,11,04,8,2,550,20,4,0,0,0,1,2,4,1,10,2,1,1,1,1,8,1,3,1,1,G,474,2,1,2,4,4,7,4,4,18400,1,1,0,4,4,7,4,4,18400,1,1,0,4,4,7,4,4,18400,1,1,0,2025,3,7,3100000,2100000,1,1
202601,6,,0.비상권,41800,22,0,0,0,1,0,1,11,04,8,2,550,20,4,0,0,0,1,2,4,1,10,2,1,1,1,1,8,1,3,2,1,G,474,2,1,2,4,3,6,4,3,9800,1,1,0,4,3,6,4,3,9800,1,1,0,4,3,6,4,3,9800,1,1,0,2025,3,7,3100000,2100000,1,1
202601,6,,0.비상권,41800,22,0,0,0,1,0,5,32,04,1,1,500,200,7,0,0,0,2,2,4,1,10,2,1,1,1,1,8,2,3,1,2,F,424,1,1,1,1,1,1,4,4,22100,1,1,0,1,1,1,4,4,22100,1,1,0,1,1,1,4,4,22100,1,1,0,0,1,1,1910000,2640000,1,1
202601,6,,0.비상권,41800,22,0,0,0,1,0,5,32,04,1,1,500,200,7,0,0,0,2,2,4,1,10,2,1,1,1,1,8,2,3,1,1,I,561,3,1,4,6,4,7,6,4,10000,1,1,0,6,4,7,6,4,10000,1,1,0,6,4,7,6,4,10000,1,1,0,2024,3,9,1910000,2640000,1,1
202601,6,,0.비상권,41800,22,0,0,0,1,0,5,32,04,1,1,500,200,7,0,0,0,2,2,4,1,10,2,1,1,1,1,8,2,3,1,1,L,682,1,1,1,5,3,8,4,4,22100,1,1,0,5,3,8,4,4,22100,1,1,0,5,3,8,4,4,22100,1,1,0,2024,3,8,1910000,2640000,1,1
202601,6,,0.비상권,41830,14,0,0,0,1,0,6,32,04,6,1,없음,90,3,0,0,0,3,2,4,1,10,2,1,1,1,1,8,3,3,1,1,Q,862,4,1,4,6,6,8,6,6,21500,1,1,0,6,6,8,6,6,21500,1,1,0,6,6,8,6,6,21500,1,1,0,2025,3,10,4020000,7370000,1,1
202601,6,,0.비상권,41830,14,0,0,0,1,0,6,32,04,6,1,없음,90,3,0,0,0,3,2,4,1,10,2,1,1,1,1,8,3,3,1,1,I,561,3,1,3,5,5,8,5,5,21800,1,1,0,5,5,8,5,5,21800,1,1,0,5,5,8,5,5,21800,1,1,0,2024,3,9,4020000,7370000,1,1
202601,6,,0.비상권,41830,14,0,0,0,1,0,6,32,04,6,1,없음,90,3,0,0,0,3,2,4,1,10,2,1,1,1,1,8,3,3,1,1,L,682,2,1,2,5,4,7,5,4,20700,1,1,0,5,4,7,5,4,20700,1,1,0,5,4,7,5,4,20700,1,1,0,2025,3,9,4020000,7370000,1,1
202601,6,,0.비상권,41830,14,0,0,0,1,0,7,11,04,4,1,없음,60,4,0,1,0,3,2,4,1,10,2,1,1,1,1,8,3,3,1,1,S,961,2,1,2,5,4,8,5,4,28800,1,1,0,5,4,8,5,4,28800,1,1,0,5,4,8,5,4,28800,1,1,0,2026,3,8,3960000,10390000,1,1
202601,6,,0.비상권,41830,14,0,0,0,1,0,7,11,04,4,1,없음,60,4,0,1,0,3,2,4,1,10,2,1,1,1,1,8,3,3,1,1,I,561,4,1,4,6,5,7,6,5,19700,1,1,0,6,5,7,6,5,19700,1,1,0,6,5,7,6,5,19700,1,1,0,2025,3,9,3960000,10390000,1,1
202601,6,,0.비상권,41830,14,0,0,0,1,0,7,11,04,4,1,없음,60,4,0,1,0,3,2,4,1,10,2,1,1,1,1,8,3,3,1,1,S,961,2,1,2,3,3,7,3,3,11400,1,1,0,3,3,7,3,3,11400,1,1,0,3,3,7,3,3,11400,1,1,0,2024,3,9,3960000,10390000,1,1
202601,6,,0.비상권,41830,14,0,0,0,1,0,7,11,04,4,1,없음,60,4,0,1,0,3,2,4,1,10,2,1,1,1,1,8,3,3,1,2,L,681,1,1,1,1,1,1,2,2,4600,1,1,0,1,1,1,2,2,4600,1,1,0,1,1,1,2,2,4600,1,1,0,0,1,1,3960000,10390000,1,1
202601,6,,0.비상권,41830,14,0,0,0,1,0,7,11,04,4,1,없음,60,4,0,1,0,3,2,4,1,10,2,1,1,1,1,8,3,3,1,1,G,473,2,1,2,5,4,8,5,4,26000,1,1,0,5,4,8,5,4,26000,1,1,0,5,4,8,5,4,26000,1,1,0,2026,3,9,3960000,10390000,1,1
202601,6,,0.비상권,41830,16,0,0,0,1,0,4,32,03,7,1,없음,250,6,0,0,0,2,2,4,1,10,2,1,1,1,1,8,2,3,1,1,L,682,2,1,2,3,3,5,3,3,12600,1,1,0,3,3,5,3,3,12600,1,1,0,3,3,5,3,3,12600,1,1,0,2025,3,10,2340000,3280000,1,1
202601,6,,0.비상권,41830,16,0,0,0,1,0,4,32,03,7,1,없음,250,6,0,0,0,2,2,4,1,10,2,1,1,1,1,8,2,3,1,1,I,561,2,1,2,3,3,6,3,3,9200,1,1,0,3,3,6,3,3,9200,1,1,0,3,3,6,3,3,9200,1,1,0,2025,3,10,2340000,3280000,1,1
202601,6,,0.비상권,41830,16,0,0,0,1,0,4,32,03,7,1,없음,250,6,0,0,0,2,2,4,1,10,2,1,1,1,1,8,2,3,1,1,S,961,2,1,2,3,3,7,3,3,12600,1,1,0,3,3,7,3,3,12600,1,1,0,3,3,7,3,3,12600,1,1,0,2025,3,9,2340000,3280000,1,1
202601,6,,0.비상권,41830,22,0,0,0,1,0,1,51,04,7,1,360,50,4,0,0,0,1,1,3,1,10,1,1,1,1,1,8,1,3,1,1,I,561,3,1,3,6,5,8,6,5,29500,2,1,0,6,5,8,6,5,29500,2,1,0,6,5,8,6,5,29500,2,1,0,2025,3,10,6360000,9270000,1,2
202601,6,,0.비상권,41830,22,0,0,0,1,0,1,51,03,1,1,700,150,4,0,0,0,2,2,4,1,10,2,1,1,1,1,8,2,3,1,1,G,478,2,1,2,6,5,9,6,5,29500,1,1,0,6,5,9,6,5,29500,1,1,0,6,5,9,6,5,29500,1,1,0,2025,3,6,6110000,12350000,1,1
202601,6,,0.비상권,41830,22,0,0,0,1,0,1,51,03,1,1,700,150,4,0,0,0,2,2,4,1,10,2,1,1,1,1,8,2,3,1,1,S,961,2,1,2,6,5,9,6,5,29500,1,1,0,6,5,9,6,5,29500,1,1,0,6,5,9,6,5,29500,1,1,0,2024,3,9,6110000,12350000,1,1
202601,6,,0.비상권,41830,22,0,0,0,1,0,1,51,03,1,1,700,150,4,0,0,0,2,2,4,1,10,2,1,1,1,1,8,2,3,2,1,0,999,1,1,1,3,3,7,3,3,16100,1,1,0,3,3,7,3,3,16100,1,1,0,3,3,7,3,3,16100,1,1,0,2026,3,10,6110000,12350000,1,1
202601,6,,0.비상권,41830,22,0,0,0,1,0,1,51,04,1,1,410,50,8,0,0,0,1,1,2,1,10,1,1,1,1,1,8,1,3,1,1,I,562,1,1,1,3,3,8,3,3,20100,1,1,0,3,3,8,3,3,20100,1,1,0,3,3,8,3,3,20100,1,1,0,2024,3,9,5270000,13170000,1,3
202601,6,,0.비상권,41830,22,0,0,0,1,0,1,51,04,1,1,410,50,8,0,0,0,1,1,2,1,10,1,1,1,1,1,8,1,3,1,1,I,561,1,1,1,3,3,8,3,3,20100,1,1,0,3,3,8,3,3,20100,1,1,0,3,3,8,3,3,20200,1,1,0,2024,3,10,5270000,13170000,1,3
202601,6,,0.비상권,41830,22,0,0,0,1,0,3,21,04,7,2,380,170,6,0,0,0,2,2,4,1,10,2,1,1,1,1,8,2,3,1,1,I,562,2,1,2,6,5,9,6,5,42900,1,1,0,6,5,9,6,5,42900,1,1,0,6,5,9,6,5,42900,1,1,0,2024,3,9,9740000,8360000,1,1
202601,6,,0.비상권,41830,22,0,0,0,1,0,3,21,04,7,2,380,170,6,0,0,0,2,2,4,1,10,2,1,1,1,1,8,2,3,1,1,C,107,1,1,1,5,5,9,5,5,40900,1,1,0,5,5,9,5,5,40900,1,1,0,5,5,9,5,5,40900,1,1,0,2025,3,10,9740000,8360000,1,1
202601,6,,0.비상권,41830,22,0,0,0,1,0,3,21,04,7,2,380,170,6,0,0,0,2,2,4,1,10,2,1,1,1,1,8,2,3,2,1,0,999,2,1,2,3,3,7,3,3,10100,1,1,0,3,3,7,3,3,10100,1,1,0,3,3,7,3,3,10100,1,1,0,2024,3,9,9740000,8360000,1,1
202601,6,,0.비상권,41830,22,0,0,0,1,0,1,21,04,1,1,350,150,6,0,0,0,2,2,4,1,10,1,1,1,1,1,8,2,3,1,1,I,561,2,1,2,6,6,9,6,6,41600,1,1,0,6,6,9,6,6,41600,1,1,0,6,6,9,6,6,41600,1,1,0,2024,3,10,7660000,6640000,1,1
202601,6,,0.비상권,41830,22,0,0,0,1,0,1,21,04,1,1,350,150,6,0,0,0,2,2,4,1,10,1,1,1,1,1,8,2,3,2,6,0,999,2,1,2,1,1,1,4,4,17600,1,1,1,1,1,1,4,4,17600,1,1,1,1,1,1,4,4,17600,1,1,1,0,1,1,7660000,6640000,1,1
202601,6,,0.비상권,41830,22,0,0,0,1,0,6,32,04,8,1,없음,150,1,0,0,0,2,2,4,1,10,2,1,1,1,1,8,2,3,1,1,I,561,2,1,2,5,4,7,5,4,18500,1,1,0,5,4,7,5,4,18500,1,1,0,5,4,7,5,4,18500,1,1,0,2025,3,9,4920000,6810000,1,1
202601,6,,0.비상권,41830,22,0,0,0,1,0,6,32,04,8,1,없음,150,1,0,0,0,2,2,4,1,10,2,1,1,1,1,8,2,3,1,1,S,969,2,1,2,5,4,7,5,4,18900,1,1,0,5,4,7,5,4,18900,1,1,0,5,4,7,5,4,18900,1,1,0,2025,3,8,4920000,6810000,1,1
202601,6,,0.비상권,41830,22,0,0,0,1,0,6,32,04,8,1,없음,150,1,0,0,0,2,2,4,1,10,2,1,1,1,1,8,2,3,1,1,I,562,2,1,2,5,4,7,5,4,18900,1,1,0,5,4,7,5,4,18900,1,1,0,5,4,7,5,4,18900,1,1,0,2025,3,10,4920000,6810000,1,1
202601,6,,0.비상권,41830,22,0,0,0,1,0,6,32,04,8,1,없음,150,1,0,0,0,2,2,4,1,10,2,1,1,1,1,8,2,3,1,1,C,107,2,1,2,5,4,7,5,4,18900,1,1,0,5,4,7,5,4,18900,1,1,0,5,4,7,5,4,18900,1,1,0,2025,3,10,4920000,6810000,1,1
202601,6,,춘천명동,51110,22,0,300,0,1,0,3,21,04,6,1,없음,90,8,0,0,0,2,2,4,1,10,1,1,1,1,1,8,2,3,1,1,I,561,3,1,3,5,4,7,4,4,8800,1,1,0,5,4,7,4,4,8800,1,1,0,5,4,7,4,4,8800,1,1,0,2024,4,10,1590000,2050000,1,1
202601,6,,춘천명동,51110,22,0,300,0,1,0,3,21,04,6,1,없음,90,8,0,0,0,2,2,4,1,10,1,1,1,1,1,8,2,3,2,6,0,999,1,1,1,1,1,1,2,2,1800,1,1,1,1,1,1,2,2,1800,1,1,1,1,1,1,2,2,1800,1,1,1,0,1,1,1590000,2050000,1,1
202601,6,,춘천명동,51110,22,0,300,0,1,0,1,51,03,1,1,없음,70,5,0,0,0,1,1,3,1,10,1,1,1,1,1,8,1,3,1,1,I,561,3,1,3,4,4,7,5,4,14600,1,1,0,4,4,7,5,4,14600,1,1,0,4,4,7,5,4,14600,1,1,0,2025,3,7,3220000,4400000,1,1
202601,6,,춘천명동,51110,22,0,300,0,1,0,1,51,03,1,1,없음,70,8,0,0,0,1,1,3,1,10,1,1,1,1,1,8,1,3,1,1,I,561,3,1,3,1,1,1,4,4,9100,1,1,1,1,1,1,4,4,9100,1,1,1,4,4,6,4,4,9100,1,1,0,2026,3,10,2410000,2440000,1,3
202601,6,,춘천명동,51110,22,0,300,0,1,0,1,51,03,1,1,없음,70,8,0,0,0,1,1,3,1,10,1,1,1,1,1,8,1,3,2,1,I,561,1,1,1,1,1,1,2,2,3000,1,1,1,1,1,1,2,2,3000,1,1,1,2,2,3,2,2,3000,1,1,0,2026,3,10,2410000,2440000,1,3
202601,6,,춘천명동,51110,22,0,300,0,1,0,7,21,04,8,2,없음,100,6,0,1,0,2,2,4,1,10,2,2,1,1,1,8,2,3,1,1,I,561,3,1,4,5,5,7,5,5,14600,1,1,0,5,5,7,5,5,14600,1,1,0,5,5,7,5,5,14600,1,1,0,2025,3,10,3640000,2610000,1,1
202601,6,,춘천명동,51110,22,0,300,0,1,0,7,21,04,8,2,없음,100,6,0,1,0,2,2,4,1,10,2,2,1,1,1,8,2,3,2,6,0,999,4,1,4,1,1,1,5,4,8200,1,1,1,1,1,1,5,4,8200,1,1,1,1,1,1,5,4,8200,1,1,1,0,1,1,3640000,2610000,1,1
202601,6,,춘천명동,51110,22,0,300,0,1,0,1,21,04,1,1,없음,115,6,0,0,0,1,2,3,1,8,1,1,1,1,1,8,1,3,1,1,I,562,2,1,2,4,3,7,4,3,10300,1,1,0,4,3,7,4,3,10300,1,1,0,4,3,7,4,3,10300,1,1,0,2024,3,9,3170000,1780000,1,1
202601,6,,춘천명동,51110,22,0,300,0,1,0,1,21,04,1,1,없음,115,6,0,0,0,1,2,3,1,8,1,1,1,1,1,8,1,3,2,2,S,961,2,1,2,1,1,1,3,3,5700,1,1,0,1,1,1,3,3,5700,1,1,0,1,1,1,3,3,5700,1,1,0,0,1,1,3170000,1780000,1,1
202601,6,,춘천명동,51110,22,0,300,0,1,0,2,12,04,1,1,없음,130,8,0,0,0,1,1,2,1,10,1,1,1,1,1,8,1,3,1,1,I,562,2,1,2,3,3,5,3,3,6500,1,1,0,3,3,5,3,3,6500,1,1,0,3,3,5,3,3,6500,1,1,0,2026,3,10,2540000,4940000,1,1
202601,6,,춘천명동,51110,22,0,300,0,1,0,1,21,03,1,1,없음,80,6,0,0,0,1,2,4,1,10,2,1,1,1,1,8,1,3,1,1,I,561,3,1,3,4,4,7,5,4,12800,1,1,0,4,4,7,5,4,12800,1,1,0,4,4,7,5,4,12800,1,1,0,2024,3,9,2760000,1940000,1,1
202601,6,,춘천명동,51110,22,0,300,0,1,0,1,21,03,1,1,없음,80,6,0,0,0,1,2,4,1,10,2,1,1,1,1,8,1,3,2,1,0,999,2,1,2,3,2,3,3,3,3300,1,1,0,3,2,3,3,3,3300,1,1,0,3,2,3,3,3,3300,1,1,0,2024,3,9,2760000,1940000,1,1
202601,6,,0.비상권,51110,22,0,300,0,1,0,1,21,04,1,1,없음,75,7,0,0,0,2,2,4,1,10,2,1,1,1,1,8,2,3,1,1,G,471,4,1,4,6,4,7,6,4,11100,1,1,0,6,4,7,6,4,11100,1,1,0,6,4,7,6,4,11100,1,1,0,2024,3,7,2550000,2920000,1,1
202601,6,,춘천명동,51110,22,0,300,0,1,0,1,21,03,1,1,없음,60,8,0,0,0,1,1,2,1,10,1,1,1,1,1,8,1,3,1,6,0,999,1,1,1,1,1,1,3,3,11800,1,1,1,1,1,1,3,3,11800,1,1,1,1,1,1,3,3,11800,1,1,1,0,1,1,2850000,1990000,1,1
202601,6,,춘천명동,51110,22,0,300,0,1,0,1,21,03,1,1,없음,60,8,0,0,0,1,1,2,1,10,1,1,1,1,1,8,1,3,2,6,0,999,1,1,1,1,1,1,2,2,4700,1,1,1,1,1,1,2,2,4700,1,1,1,1,1,1,2,2,4700,1,1,1,0,1,1,2850000,1990000,1,1
202601,6,,춘천명동,51110,22,0,300,0,1,0,1,21,03,1,1,없음,50,9,0,0,0,1,1,1,1,10,1,1,1,1,1,8,1,3,1,1,S,953,1,1,1,3,3,9,3,3,32000,1,1,0,3,3,9,3,3,32000,1,1,0,3,3,9,3,3,32000,1,1,0,2024,3,6,3850000,5010000,1,3
202601,6,,춘천명동,51110,22,0,120,300,1,0,1,21,03,1,1,없음,7,5,0,0,0,1,1,2,1,10,1,1,1,1,1,8,1,3,1,1,L,682,1,1,1,4,3,8,4,4,30700,1,1,0,4,3,8,4,4,30700,1,1,0,4,3,8,4,4,30700,1,1,0,2024,3,10,6580000,4000000,1,1
202601,6,,춘천명동,51110,22,0,120,300,1,0,1,21,03,1,1,없음,7,5,0,0,0,1,1,2,1,10,1,1,1,1,1,8,1,3,2,6,0,999,1,1,1,1,1,1,3,3,8100,1,1,1,1,1,1,3,3,8100,1,1,1,1,1,1,3,3,8100,1,1,1,0,1,1,6580000,4000000,1,1
202601,6,,춘천명동,51110,22,0,120,300,1,0,1,21,03,1,1,없음,38,4,0,0,0,1,1,3,1,10,1,1,1,1,1,8,1,3,1,1,G,462,2,1,2,4,5,8,4,4,24100,1,1,0,4,5,8,4,4,24100,1,1,0,4,5,8,4,4,24100,1,1,0,2025,3,10,7720000,4190000,1,3
202601,6,,춘천명동,51110,22,0,120,300,1,0,1,21,03,1,1,없음,38,4,0,0,0,1,1,3,1,10,1,1,1,1,1,8,1,3,2,1,G,462,2,1,2,3,3,7,3,3,10400,1,1,0,3,3,7,3,3,10400,1,1,0,3,3,7,3,3,10400,1,1,0,2025,3,10,7720000,4190000,1,3
202601,6,,춘천명동,51110,22,0,300,120,1,1,1,21,03,1,1,없음,45,7,0,0,0,2,2,4,1,10,2,1,1,1,1,8,2,3,-1,1,G,475,2,1,3,3,3,3,3,3,2400,1,1,0,3,3,3,3,3,2400,1,1,0,3,3,3,3,3,2400,1,1,0,2024,3,9,2080000,2530000,1,1
202601,6,,춘천명동,51110,22,0,300,120,1,1,1,21,03,1,1,없음,45,7,0,0,0,2,2,4,1,10,2,1,1,1,1,8,2,3,1,1,I,561,2,1,2,4,4,7,4,4,18200,1,1,0,4,4,7,4,4,18200,1,1,0,4,4,7,4,4,18200,1,1,0,2025,3,8,2080000,2530000,1,1
202601,6,,춘천명동,51110,22,0,300,120,1,1,1,21,03,1,1,없음,45,7,0,0,0,2,2,4,1,10,2,1,1,1,1,8,2,3,2,1,0,999,2,1,2,3,3,7,3,3,10400,1,1,0,3,3,7,3,3,10400,1,1,0,3,3,7,3,3,10400,1,1,0,2024,3,8,2080000,2530000,1,1
202601,6,,춘천명동,51110,22,0,120,300,1,0,1,11,03,1,1,없음,40,4,0,0,0,2,1,2,1,9,1,1,1,1,1,8,2,3,1,1,G,463,1,1,2,5,4,8,5,4,20600,1,1,0,5,4,8,5,4,20600,1,1,0,5,4,8,5,4,20600,1,1,0,2025,3,8,4720000,7770000,1,2
202601,6,,춘천명동,51110,22,0,120,300,1,0,1,11,03,1,1,없음,40,4,0,0,0,2,1,2,1,9,1,1,1,1,1,8,2,3,2,1,Q,872,1,1,1,3,3,5,3,3,6900,1,1,0,3,3,5,3,3,6900,1,1,0,3,3,5,3,3,6900,1,1,0,2025,3,10,4720000,7770000,1,2
202601,6,,춘천명동,51110,22,0,120,300,1,0,5,32,04,7,1,없음,45,6,0,0,0,2,1,3,1,10,1,1,1,1,1,8,2,3,1,1,I,561,3,1,3,5,5,7,6,5,17100,1,1,0,5,5,7,6,5,17100,1,1,0,5,5,7,6,5,17100,1,1,0,2024,3,8,2450000,3780000,1,1
202601,6,,춘천명동,51110,22,0,120,300,1,0,1,11,03,1,1,없음,39,6,0,0,0,1,1,3,1,9,1,1,1,1,1,8,1,3,1,1,I,562,2,1,2,3,3,7,3,4,12200,1,1,0,3,3,7,3,4,12200,1,1,0,3,3,7,3,4,12200,1,1,0,2024,3,9,5240000,4220000,1,1
202601,6,,춘천명동,51110,22,0,120,300,1,0,1,11,03,1,1,없음,39,6,0,0,0,1,1,3,1,9,1,1,1,1,1,8,1,3,2,1,I,562,2,1,2,3,3,4,3,3,5800,1,1,0,3,3,4,3,3,5800,1,1,0,3,3,4,3,3,5800,1,1,0,2024,3,9,5240000,4220000,1,1
202601,6,,춘천명동,51110,22,0,120,300,1,0,1,51,03,1,1,없음,28,4,0,0,0,1,1,1,1,9,1,1,1,1,1,8,1,3,1,6,0,999,1,1,1,1,1,1,4,4,33200,1,1,1,1,1,1,4,4,33200,1,1,1,1,1,1,4,4,33200,1,1,1,0,1,1,6430000,5130000,1,1
202601,6,,춘천명동,51110,22,0,120,300,1,0,1,51,03,1,1,없음,28,4,0,0,0,1,1,1,1,9,1,1,1,1,1,8,1,3,2,6,0,999,1,1,1,1,1,1,3,3,21900,1,1,1,1,1,1,3,3,21900,1,1,1,1,1,1,3,3,21900,1,1,1,0,1,1,6430000,5130000,1,1
202601,6,,춘천명동,51110,22,0,300,120,1,0,1,21,03,1,1,없음,70,4,0,0,0,1,1,3,1,10,1,1,1,1,1,8,1,3,1,1,M,733,2,1,2,5,4,9,6,4,30700,1,1,0,5,4,9,6,4,30700,1,1,0,5,4,9,6,4,30700,1,1,0,2024,3,9,6380000,7600000,1,2
202601,6,,춘천명동,51110,22,0,300,120,1,0,1,21,03,1,1,없음,70,4,0,0,0,1,1,3,1,10,1,1,1,1,1,8,1,3,2,1,S,961,2,1,2,5,3,7,5,3,15400,1,1,0,5,3,7,5,3,15400,1,1,0,5,3,7,5,3,15400,1,1,0,2025,2,9,6380000,7600000,1,2
202601,6,,춘천명동,51110,14,0,0,0,1,0,5,32,04,6,1,없음,195,8,0,1,0,2,2,3,1,9,2,1,1,1,1,8,2,3,1,1,G,478,2,1,2,3,3,5,3,3,6700,1,1,0,3,3,5,3,3,6700,1,1,0,3,3,5,3,3,6700,1,1,0,2025,3,10,1340000,2390000,1,1
202601,6,,춘천명동,51110,14,0,0,0,1,0,5,32,04,6,1,없음,195,8,0,1,0,2,2,3,1,9,2,1,1,1,1,8,2,3,1,1,R,901,1,1,2,3,3,5,3,3,7100,1,1,0,3,3,5,3,3,7100,1,1,0,3,3,5,3,3,7100,1,1,0,2024,3,10,1340000,2390000,1,1
202601,6,,춘천명동,51110,14,0,0,0,1,0,5,32,04,6,1,없음,195,8,0,1,0,2,2,3,1,9,2,1,1,1,1,8,2,3,1,1,S,969,1,1,2,3,3,5,3,3,7100,1,1,0,3,3,5,3,3,7100,1,1,0,3,3,5,3,3,7100,1,1,0,2025,3,8,1340000,2390000,1,1
202601,6,,춘천명동,51110,22,0,300,0,1,0,1,11,04,1,1,없음,90,9,0,0,0,1,1,3,1,9,1,1,1,1,1,8,1,3,1,1,I,561,2,1,2,5,4,8,5,5,24600,1,1,0,5,4,8,5,5,24600,1,1,0,5,4,8,5,5,24600,1,1,0,2025,3,10,6760000,3920000,1,2
202601,6,,춘천명동,51110,22,0,300,0,1,0,1,11,04,1,1,없음,90,9,0,0,0,1,1,3,1,9,1,1,1,1,1,8,1,3,2,1,I,561,2,1,2,4,3,7,4,4,14000,1,1,0,4,3,7,4,4,14000,1,1,0,4,3,7,4,4,14000,1,1,0,2025,3,10,6760000,3920000,1,2
202601,6,,춘천명동,51110,22,0,300,0,1,0,1,21,03,1,1,없음,40,1,0,0,0,2,2,4,1,10,2,1,1,1,1,8,2,3,1,1,G,474,3,1,4,6,6,8,6,6,22200,1,1,0,6,6,8,6,6,22200,1,1,0,6,6,8,6,6,22200,1,1,0,2025,3,9,5790000,3420000,1,1
202601,6,,춘천명동,51110,22,0,300,0,1,0,1,21,03,1,1,없음,40,1,0,0,0,2,2,4,1,10,2,1,1,1,1,8,2,3,2,1,G,474,3,1,4,5,5,7,5,5,11700,1,1,0,5,5,7,5,5,11700,1,1,0,5,5,7,5,5,11700,1,1,0,2025,3,9,5790000,3420000,1,1
202601,6,,춘천명동,51110,22,0,300,0,1,0,1,11,04,1,1,없음,91,8,0,0,0,1,1,2,1,10,1,1,1,1,1,8,1,3,1,1,G,472,1,1,1,3,3,7,3,3,10500,1,1,0,3,3,7,3,3,10500,1,1,0,3,3,7,3,3,10500,1,1,0,2024,3,8,3440000,1890000,1,1
202601,6,,춘천명동,51110,22,0,300,0,1,0,1,11,04,1,1,없음,91,8,0,0,0,1,1,2,1,10,1,1,1,1,1,8,1,3,2,1,G,472,1,1,1,2,2,3,2,2,2700,1,1,0,2,2,3,2,2,2700,1,1,0,2,2,3,2,2,2700,1,1,0,2024,3,8,3440000,1890000,1,1
202601,6,,춘천명동,51110,22,0,300,0,1,0,1,21,03,1,1,없음,100,7,0,0,0,2,2,4,1,10,1,1,1,1,1,8,2,3,1,1,G,468,2,1,2,3,4,7,3,4,16200,1,1,0,3,4,7,3,4,16200,1,1,0,3,4,7,3,4,16200,1,1,0,2025,3,7,3510000,4170000,1,1
202601,6,,춘천명동,51110,22,0,300,0,1,0,1,21,03,1,1,없음,100,7,0,0,0,2,2,4,1,10,1,1,1,1,1,8,2,3,1,1,I,561,1,1,1,3,3,7,3,3,18300,1,1,0,3,3,7,3,3,18300,1,1,0,3,3,7,3,3,18300,1,1,0,2025,3,8,3510000,4170000,1,1
202601,6,,춘천명동,51110,22,0,300,0,1,0,1,21,03,1,1,없음,100,7,0,0,0,2,2,4,1,10,1,1,1,1,1,8,2,3,2,2,0,999,3,1,3,1,1,1,3,4,7300,1,1,0,1,1,1,3,4,7300,1,1,0,1,1,1,3,4,7300,1,1,0,0,1,1,3510000,4170000,1,1
202601,6,,춘천명동,51110,22,0,300,0,1,0,1,11,03,5,1,없음,300,5,0,0,0,2,2,4,1,10,2,1,1,1,1,8,2,3,1,1,I,561,2,1,2,1,1,1,5,4,12100,1,1,1,1,1,1,5,4,12100,1,1,1,5,4,7,5,4,12100,1,1,0,2026,3,10,2330000,2400000,1,1
202601,6,,춘천명동,51110,22,0,300,0,1,0,1,11,03,5,1,없음,300,5,0,0,0,2,2,4,1,10,2,1,1,1,1,8,2,3,2,1,I,561,2,1,2,1,1,1,3,3,6600,1,1,1,1,1,1,3,3,6600,1,1,1,3,3,5,3,3,6600,1,1,0,2026,3,10,2330000,2400000,1,1
202601,6,,0.비상권,51110,14,0,0,0,1,0,1,11,03,4,1,없음,300,7,0,0,0,1,1,3,1,10,1,1,1,1,1,8,1,3,1,1,G,466,2,1,2,3,3,6,3,3,10000,1,1,0,3,3,6,3,3,10000,1,1,0,3,3,6,3,3,10000,1,1,0,2025,3,6,1930000,2170000,1,1
202601,6,,0.비상권,51110,14,0,0,0,1,0,1,11,03,4,1,없음,300,7,0,0,0,1,1,3,1,10,1,1,1,1,1,8,1,3,1,2,J,581,1,1,2,1,1,1,3,3,10700,1,1,0,1,1,1,3,3,10700,1,1,0,1,1,1,3,3,10700,1,1,0,0,1,1,1930000,2170000,1,1
202601,6,,춘천명동,51110,14,0,0,0,1,0,8,32,04,6,1,없음,165,8,0,0,0,2,1,3,1,10,1,1,1,1,1,8,2,3,1,1,R,911,3,1,3,4,4,6,4,4,11400,1,1,0,4,4,6,4,4,11400,1,1,0,4,4,6,4,4,11400,1,1,0,2025,3,9,1140000,2420000,1,1
202601,6,,춘천명동,51110,16,0,0,0,1,0,1,11,03,1,1,없음,50,4,0,0,0,1,2,4,1,10,2,1,1,1,1,8,1,3,1,1,G,474,3,1,3,4,4,7,4,4,11000,1,1,0,4,4,7,4,4,11000,1,1,0,4,4,7,4,4,11000,1,1,0,2025,3,9,2550000,1410000,1,1
202601,6,,춘천명동,51110,16,0,0,0,1,0,1,11,03,1,1,없음,50,4,0,0,0,1,2,4,1,10,2,1,1,1,1,8,1,3,2,1,S,949,3,1,3,6,1,3,3,3,3900,1,1,0,6,1,3,3,3,3900,1,1,0,6,1,3,3,3,3900,1,1,0,2024,3,10,2550000,1410000,1,1
202601,6,,춘천명동,51110,16,0,0,0,1,0,4,21,03,7,2,없음,82,4,0,0,0,2,2,4,1,10,2,1,1,1,1,8,2,3,1,1,N,752,3,1,3,5,4,6,5,4,8900,1,1,0,5,4,6,5,4,8900,1,1,0,5,4,6,5,4,8900,1,1,0,2025,3,7,2690000,2010000,1,1
202601,6,,춘천명동,51110,16,0,0,0,1,0,4,21,03,7,2,없음,82,4,0,0,0,2,2,4,1,10,2,1,1,1,1,8,2,3,2,1,S,949,3,1,3,3,3,3,3,3,4000,1,1,0,3,3,3,3,3,4000,1,1,0,3,3,3,3,3,4000,1,1,0,2025,3,9,2690000,2010000,1,1
202601,6,,0.비상권,51110,14,0,0,0,1,0,6,32,04,6,1,없음,88,5,0,0,0,2,2,4,1,10,2,1,1,1,1,8,2,3,1,1,G,473,4,1,4,6,5,7,6,5,10100,1,1,0,6,5,7,6,5,10100,1,1,0,6,5,7,6,5,10100,1,1,0,2025,3,10,2120000,3550000,1,1
202601,6,,0.비상권,51110,22,0,300,0,1,0,7,32,04,6,1,없음,170,1,0,0,0,1,1,2,1,10,1,1,1,1,1,8,1,3,1,1,L,682,2,1,2,3,3,7,3,3,12800,1,1,0,3,3,7,3,3,12800,1,1,0,3,3,7,3,3,12800,1,1,0,2024,3,10,3330000,5970000,1,1
202601,6,,0.비상권,51110,14,0,0,0,1,0,3,10,04,6,1,없음,25,1,0,0,0,1,1,3,1,10,1,1,1,1,1,8,1,3,1,1,L,682,2,1,2,3,3,5,3,3,9100,1,1,0,3,3,5,3,3,9100,1,1,0,3,3,5,3,3,9100,1,1,0,2025,3,8,2110000,1760000,1,1
202601,6,,0.비상권,51110,14,0,0,0,1,0,3,10,04,6,1,없음,25,1,0,0,0,1,1,3,1,10,1,1,1,1,1,8,1,3,2,1,0,999,2,1,2,3,3,5,5,3,6000,1,1,0,3,3,5,5,3,6000,1,1,0,3,3,5,5,3,6000,1,1,0,2026,3,10,2110000,1760000,1,1
202601,6,,0.비상권,51110,16,0,0,0,1,0,6,32,03,7,1,900,5,2,0,1,0,3,2,4,1,10,2,1,1,1,1,8,3,3,1,1,I,561,4,1,4,7,6,7,7,6,19500,1,1,0,7,6,7,7,6,19500,1,1,0,7,6,7,7,6,19500,1,1,0,2024,3,10,2850000,4220000,1,1
202601,6,,0.비상권,51110,16,0,0,0,1,0,6,32,03,7,1,900,5,2,0,1,0,3,2,4,1,10,2,1,1,1,1,8,3,3,1,1,I,561,2,1,2,5,4,8,5,4,22900,1,1,0,5,4,8,5,4,22900,1,1,0,5,4,8,5,4,22900,1,1,0,2024,3,10,2850000,4220000,1,1
202601,6,,0.비상권,51110,16,0,0,0,1,0,6,32,03,7,1,900,5,2,0,1,0,3,2,4,1,10,2,1,1,1,1,8,3,3,1,6,0,999,2,1,2,1,1,1,5,4,25200,1,1,1,1,1,1,5,4,25200,1,1,1,1,1,1,5,4,25200,1,1,1,0,1,1,2850000,4220000,1,1
202601,6,,원주중앙/일산,51130,22,0,120,0,1,0,1,21,03,1,1,없음,100,4,0,0,0,2,2,4,1,10,1,1,2,1,1,8,2,3,1,1,N,759,1,1,1,3,3,6,3,3,7800,1,1,0,3,3,6,3,3,7800,1,1,0,3,3,6,3,3,7800,1,1,0,2025,3,10,3740000,2180000,1,1
202601,6,,원주중앙/일산,51130,22,0,120,0,1,0,1,21,03,1,1,없음,100,4,0,0,0,2,2,4,1,10,1,1,2,1,1,8,2,3,1,1,S,969,2,1,2,3,3,5,3,3,7800,1,1,0,3,3,5,3,3,7800,1,1,0,3,3,5,3,3,7800,1,1,0,2024,3,2,3740000,2180000,1,1
202601,6,,원주중앙/일산,51130,22,0,120,0,1,0,1,21,03,1,1,없음,100,4,0,0,0,2,2,4,1,10,1,1,2,1,1,8,2,3,2,2,0,999,4,1,4,1,1,1,4,3,3800,1,1,0,1,1,1,4,3,3800,1,1,0,1,1,1,4,3,3800,1,1,0,0,1,1,3740000,2180000,1,1
202601,6,,원주중앙/일산,51130,22,0,300,0,1,0,1,12,03,1,1,없음,50,6,0,0,0,1,1,2,1,10,1,1,1,1,1,8,1,3,1,1,G,471,2,1,2,5,3,7,5,4,16300,1,1,0,5,3,7,5,4,16300,1,1,0,5,3,7,5,4,16300,1,1,0,2025,3,7,4640000,4960000,1,2
202601,6,,원주중앙/일산,51130,22,0,300,0,1,0,1,21,03,1,1,없음,120,4,0,0,0,1,2,4,1,10,2,1,1,1,1,8,1,3,1,1,G,463,2,1,2,5,5,8,5,5,29700,1,1,0,5,5,8,5,5,29700,1,1,0,5,5,8,5,5,29700,1,1,0,2024,3,7,6660000,4010000,1,1
202601,6,,원주중앙/일산,51130,22,0,300,0,1,0,1,21,03,1,1,없음,120,4,0,0,0,1,2,4,1,10,2,1,1,1,1,8,1,3,2,1,0,999,2,1,2,4,3,6,3,3,8100,1,1,0,4,3,6,3,3,8100,1,1,0,4,3,6,3,3,8100,1,1,0,2024,3,10,6660000,4010000,1,1
202601,6,,원주중앙/일산,51130,22,0,300,0,1,0,1,51,03,1,1,없음,50,10,0,0,0,1,1,1,1,10,1,1,1,1,1,8,1,3,1,1,I,561,1,1,1,6,3,8,7,3,29000,1,1,0,6,3,8,7,3,29000,1,1,0,7,3,8,7,3,28500,1,1,0,2026,3,7,3250000,5890000,1,3
202601,6,,원주중앙/일산,51130,22,0,300,0,1,0,1,21,03,1,1,없음,110,5,0,0,0,1,1,1,1,10,1,1,1,1,1,8,1,3,1,1,G,474,1,1,1,4,4,9,4,4,31900,1,1,0,4,4,9,4,4,31900,1,1,0,4,4,9,4,4,31900,1,1,0,2025,3,9,4520000,8010000,1,2
202601,6,,원주중앙/일산,51130,22,0,300,0,1,0,1,21,03,1,1,없음,150,5,0,0,0,1,1,1,1,10,1,1,1,1,1,8,1,3,1,6,0,999,1,1,1,1,1,1,3,3,20600,1,1,1,1,1,1,3,3,20600,1,1,1,1,1,1,3,3,20600,1,1,1,0,1,1,3620000,7110000,1,2
202601,6,,원주중앙/일산,51130,22,0,120,300,1,0,1,21,03,1,1,없음,120,5,0,0,0,1,1,1,1,10,1,1,1,1,1,8,1,3,1,1,G,474,1,1,1,4,3,9,4,3,37600,1,1,0,4,3,9,4,3,37600,1,1,0,4,3,9,4,3,36900,1,1,0,2025,3,8,5220000,6800000,1,3
202601,6,,원주중앙/일산,51130,22,0,300,0,1,0,1,21,03,1,1,없음,120,5,0,0,0,1,1,1,1,10,1,1,1,1,1,8,1,3,1,1,G,463,1,1,1,3,3,9,3,3,55000,1,1,0,3,3,9,3,3,55000,1,1,0,3,3,9,3,3,55000,1,1,0,2025,3,7,8670000,11540000,1,3
202601,6,,원주중앙/일산,51130,22,0,300,0,1,0,1,21,03,1,1,없음,115,5,0,0,0,1,1,2,1,10,1,1,1,1,1,8,1,3,1,1,G,474,1,1,1,4,4,8,4,4,28400,1,1,0,4,4,8,4,4,28400,1,1,0,4,4,8,4,4,28400,1,1,0,2025,3,8,5380000,3960000,1,1
202601,6,,원주중앙/일산,51130,22,0,300,0,1,0,1,21,03,1,1,없음,115,5,0,0,0,1,1,2,1,10,1,1,1,1,1,8,1,3,2,1,G,471,1,1,1,3,3,5,3,3,7100,1,1,0,3,3,5,3,3,7100,1,1,0,3,3,5,3,3,7100,1,1,0,2024,3,10,5380000,3960000,1,1
202601,6,,원주중앙/일산,51130,22,0,300,0,1,0,1,21,03,1,1,없음,150,5,0,0,0,1,1,1,1,10,1,1,1,1,1,8,1,3,1,1,I,561,1,1,1,3,3,8,3,3,26900,1,1,0,3,3,8,3,3,26900,1,1,0,3,3,8,3,3,26900,1,1,0,2025,3,10,4290000,6710000,1,2
202601,6,,원주중앙/일산,51130,22,0,120,300,1,0,1,51,03,1,1,없음,20,4,0,0,0,2,2,4,1,10,2,1,1,1,1,8,2,3,1,1,G,474,2,1,2,6,5,9,6,5,40100,1,1,0,6,5,9,6,5,40100,1,1,0,6,5,9,6,5,40100,1,1,0,2024,3,9,12070000,7030000,1,1
202601,6,,원주중앙/일산,51130,22,0,120,300,1,0,1,51,03,1,1,없음,20,4,0,0,0,2,2,4,1,10,2,1,1,1,1,8,2,3,1,1,G,474,2,1,2,7,6,10,7,5,45100,1,1,0,7,6,10,7,5,45100,1,1,0,7,6,10,7,5,45100,1,1,0,2024,3,9,12070000,7030000,1,1
202601,6,,원주중앙/일산,51130,22,0,120,300,1,0,1,51,03,1,1,없음,20,4,0,0,0,2,2,4,1,10,2,1,1,1,1,8,2,3,2,1,G,474,3,1,3,6,6,8,6,5,21700,1,1,0,6,6,8,6,5,21700,1,1,0,6,6,8,6,5,21700,1,1,0,2024,3,9,12070000,7030000,1,1
202601,6,,원주중앙/일산,51130,22,0,300,0,1,0,1,21,03,1,1,없음,50,4,0,0,0,1,2,4,1,10,2,1,1,1,1,8,1,3,1,1,G,475,2,1,2,4,4,7,4,4,14300,1,1,0,4,4,7,4,4,14300,1,1,0,4,4,7,4,4,14300,1,1,0,2025,3,8,3570000,1780000,1,2
202601,6,,원주중앙/일산,51130,22,0,300,0,1,0,1,21,03,1,1,없음,50,4,0,0,0,1,2,4,1,10,2,1,1,1,1,8,1,3,2,1,S,969,2,1,2,3,3,5,3,3,6500,1,1,0,3,3,5,3,3,6500,1,1,0,3,3,5,3,3,6500,1,1,0,2025,3,10,3570000,1780000,1,2
202601,6,,원주중앙/일산,51130,22,0,300,0,1,0,5,31,04,8,2,없음,75,5,0,0,0,2,2,4,1,10,2,1,1,1,1,8,2,3,1,1,G,474,3,1,3,4,4,7,4,4,11500,1,1,0,4,4,7,4,4,11500,1,1,0,4,4,7,4,4,11500,1,1,0,2025,3,7,3770000,2640000,1,1
202601,6,,원주중앙/일산,51130,22,0,300,0,1,0,5,31,04,8,2,없음,75,5,0,0,0,2,2,4,1,10,2,1,1,1,1,8,2,3,2,1,I,562,3,1,3,3,3,3,3,3,4000,1,1,0,3,3,3,3,3,4000,1,1,0,3,3,3,3,3,4000,1,1,0,2024,3,10,3770000,2640000,1,1
202601,6,,원주중앙/일산,51130,22,0,120,999,1,0,1,12,03,1,1,없음,50,4,0,0,0,2,1,2,1,10,1,1,1,1,1,8,2,3,1,1,G,478,2,1,2,5,6,10,5,6,44900,1,1,0,5,6,10,5,6,44900,1,1,0,5,6,10,5,6,44900,1,1,0,2026,2,6,3780000,11070000,1,3
202601,6,,원주중앙/일산,51130,22,0,120,999,1,0,1,51,03,1,1,없음,40,4,0,0,0,2,1,1,1,10,1,1,1,1,1,8,2,3,1,1,G,472,1,1,1,4,5,9,4,5,44800,1,1,0,4,5,9,4,5,44800,1,1,0,4,5,9,4,5,44800,1,1,0,2025,4,10,3570000,19860000,1,3
202601,6,,원주중앙/일산,51130,22,0,120,0,1,0,1,12,04,1,1,없음,100,6,0,0,0,1,1,2,1,10,1,1,1,1,1,8,1,3,1,1,R,912,2,1,2,3,3,7,3,3,14200,1,1,0,3,3,7,3,3,14200,1,1,0,3,3,7,3,3,14200,1,1,0,2025,3,10,3330000,3930000,1,3
202601,6,,원주중앙/일산,51130,22,0,0,0,1,0,4,32,03,8,1,없음,140,7,0,1,0,3,2,4,1,10,2,1,1,1,1,8,3,3,1,1,G,471,4,1,4,5,5,5,5,5,7200,1,1,0,5,5,5,5,5,7200,1,1,0,5,5,5,5,5,7200,1,1,0,2025,5,9,1230000,1700000,1,1
202601,6,,원주중앙/일산,51130,22,0,0,0,1,0,3,21,03,1,1,없음,183,8,0,0,0,2,2,4,1,10,2,1,1,1,1,8,2,3,1,1,G,472,4,1,4,1,3,4,3,4,5600,1,1,0,1,3,4,3,4,5600,1,1,0,1,3,4,3,4,5600,1,1,0,2025,3,8,1540000,1270000,1,1
202601,6,,원주중앙/일산,51130,22,0,0,0,1,0,3,21,03,1,1,없음,183,8,0,0,0,2,2,4,1,10,2,1,1,1,1,8,2,3,2,1,0,999,3,1,3,6,1,3,6,1,2300,1,1,0,6,1,3,6,1,2300,1,1,0,6,1,3,6,1,2300,1,1,0,2025,3,9,1540000,1270000,1,1
202601,6,,원주중앙/일산,51130,22,0,120,999,1,0,1,21,03,1,1,없음,60,4,0,0,0,2,2,4,1,9,2,1,1,1,1,8,2,3,1,1,S,961,3,1,4,4,4,6,5,4,9800,1,1,0,4,4,6,5,4,9800,1,1,0,4,4,6,5,4,9800,1,1,0,2022,5,10,3360000,3130000,1,1
202601,6,,원주중앙/일산,51130,22,0,120,999,1,0,1,21,03,1,1,없음,60,4,0,0,0,2,2,4,1,9,2,1,1,1,1,8,2,3,2,1,S,949,3,1,4,3,3,3,3,3,3600,1,1,0,3,3,3,3,3,3600,1,1,0,3,3,3,3,3,3600,1,1,0,2024,3,10,3360000,3130000,1,1
202601,6,,원주중앙/일산,51130,22,0,120,999,1,0,1,51,03,8,1,없음,60,5,0,0,0,2,2,4,1,10,2,1,1,1,1,8,2,3,1,1,G,472,1,1,1,2,3,7,3,3,16200,1,1,0,2,3,7,3,3,16200,1,1,0,2,3,7,3,3,16200,1,1,0,2025,2,9,3340000,3350000,1,1
202601,6,,원주중앙/일산,51130,22,0,120,999,1,0,1,51,03,8,1,없음,60,5,0,0,0,2,2,4,1,10,2,1,1,1,1,8,2,3,1,1,G,476,2,1,2,5,4,7,5,4,19500,1,1,0,5,4,7,5,4,19500,1,1,0,5,4,7,5,4,19500,1,1,0,2024,3,3,3340000,3350000,1,1
202601,6,,원주중앙/일산,51130,22,0,120,999,1,0,1,51,03,8,1,없음,60,5,0,0,0,2,2,4,1,10,2,1,1,1,1,8,2,3,1,1,G,472,2,1,2,3,4,8,3,4,20400,1,1,0,3,4,8,3,4,20400,1,1,0,3,4,8,3,4,20400,1,1,0,2025,3,8,3340000,3350000,1,1
202601,6,,원주중앙/일산,51130,22,0,120,999,1,0,1,51,03,8,1,없음,60,5,0,0,0,2,2,4,1,10,2,1,1,1,1,8,2,3,2,1,G,476,2,1,2,2,3,3,2,3,3400,1,1,0,2,3,3,2,3,3400,1,1,0,2,3,3,2,3,3400,1,1,0,2024,3,3,3340000,3350000,1,1
202601,6,,원주중앙/일산,51130,22,0,120,0,1,0,1,11,03,1,1,없음,30,5,0,0,0,1,1,3,1,9,1,1,1,1,1,8,1,3,1,1,G,471,2,1,2,2,3,7,4,3,12300,1,1,0,2,3,7,4,3,12300,1,1,0,2,3,7,4,3,12300,1,1,0,2024,3,7,2550000,1740000,1,1
202601,6,,원주중앙/일산,51130,22,0,120,0,1,0,1,11,03,1,1,없음,30,5,0,0,0,1,1,3,1,9,1,1,1,1,1,8,1,3,2,1,G,468,2,1,2,3,2,3,3,3,4500,1,1,0,3,2,3,3,3,4500,1,1,0,3,2,3,3,3,4500,1,1,0,2024,3,7,2550000,1740000,1,1
202601,6,,원주중앙/일산,51130,22,0,0,0,1,0,6,39,04,7,1,없음,160,6,0,1,0,2,2,3,1,10,2,1,1,1,1,8,2,3,1,1,G,472,1,1,2,3,3,6,3,3,9600,1,1,0,3,3,6,3,3,9600,1,1,0,3,3,6,3,3,9600,1,1,0,2021,6,10,1190000,1890000,1,1
202601,6,,원주중앙/일산,51130,22,0,0,0,1,0,6,39,04,7,1,없음,160,6,0,1,0,2,2,3,1,10,2,1,1,1,1,8,2,3,1,1,I,561,1,1,2,3,3,6,3,3,9600,1,1,0,3,3,6,3,3,9600,1,1,0,3,3,6,3,3,9600,1,1,0,2024,3,7,1190000,1890000,1,1
202601,6,,원주중앙/일산,51130,22,0,0,0,1,0,6,39,04,7,1,없음,160,6,0,1,0,2,2,3,1,10,2,1,1,1,1,8,2,3,1,1,G,472,1,1,2,3,3,6,3,3,9600,1,1,0,3,3,6,3,3,9600,1,1,0,3,3,6,3,3,9600,1,1,0,2024,3,9,1190000,1890000,1,1
202601,6,,원주중앙/일산,51130,22,0,0,0,1,0,4,31,03,6,1,없음,89,9,0,0,0,2,2,4,1,10,1,2,1,1,1,8,2,3,1,6,0,999,3,1,3,1,1,1,4,4,7900,1,1,1,1,1,1,4,4,7900,1,1,1,1,1,1,4,4,7900,1,1,1,0,1,1,1850000,2070000,1,1
202601,6,,원주중앙/일산,51130,22,0,0,0,1,0,4,31,03,6,1,없음,89,9,0,0,0,2,2,4,1,10,1,2,1,1,1,8,2,3,2,6,0,999,2,1,2,1,1,1,3,3,4300,1,1,1,1,1,1,3,3,4300,1,1,1,1,1,1,3,3,4300,1,1,1,0,1,1,1850000,2070000,1,1
202601,6,,원주중앙/일산,51130,22,0,0,0,1,0,1,11,04,1,1,없음,130,4,0,0,0,1,1,2,1,8,1,1,1,1,1,8,1,3,1,1,I,561,1,1,2,3,3,7,3,3,10700,1,1,0,3,3,7,3,3,10700,1,1,0,3,3,7,3,3,10700,1,1,0,2024,3,9,2610000,1640000,1,1
202601,6,,원주중앙/일산,51130,22,0,0,0,1,0,1,11,04,1,1,없음,130,4,0,0,0,1,1,2,1,8,1,1,1,1,1,8,1,3,2,1,0,999,1,1,1,2,2,3,2,2,2700,1,1,0,2,2,3,2,2,2700,1,1,0,2,2,3,2,2,2700,1,1,0,2025,3,8,2610000,1640000,1,1
202601,6,,원주중앙/일산,51130,22,0,0,0,1,0,3,32,03,4,1,없음,100,5,0,0,0,2,2,4,1,10,2,1,1,1,1,8,2,3,1,1,G,478,2,1,2,4,4,6,4,4,11400,1,1,0,4,4,6,4,4,11400,1,1,0,4,4,6,4,4,11400,1,1,0,2025,3,10,1950000,2610000,1,3
202601,6,,원주중앙/일산,51130,22,0,0,0,1,0,3,32,03,4,1,없음,100,5,0,0,0,2,2,4,1,10,2,1,1,1,1,8,2,3,2,1,Q,872,2,1,2,3,3,5,3,3,5300,1,1,0,3,3,5,3,3,5300,1,1,0,3,3,5,3,3,5300,1,1,0,2025,3,10,1950000,2610000,1,3
202601,6,,원주중앙/일산,51130,22,0,0,0,1,0,3,21,03,4,1,없음,50,8,0,0,0,2,1,3,1,10,1,1,1,1,1,8,2,3,1,1,G,478,3,1,3,4,4,7,4,4,11800,1,1,0,4,4,7,4,4,11800,1,1,0,4,4,7,4,4,11800,1,1,0,2023,5,8,1440000,3630000,1,1
202601,6,,원주중앙/일산,51130,22,0,120,0,1,0,1,11,03,1,1,없음,100,1,0,0,0,1,2,3,1,10,2,1,1,1,1,8,1,3,1,1,I,561,2,1,2,4,4,7,4,4,14400,1,1,0,4,4,7,4,4,14400,1,1,0,4,4,7,4,4,14400,1,1,0,2024,3,9,3370000,1320000,1,2
202601,6,,원주중앙/일산,51130,22,0,120,0,1,0,1,11,03,1,1,없음,100,1,0,0,0,1,2,3,1,10,2,1,1,1,1,8,1,3,2,1,0,999,2,1,2,3,3,6,3,3,7200,1,1,0,3,3,6,3,3,7200,1,1,0,3,3,6,3,3,7200,1,1,0,2025,3,10,3370000,1320000,1,2
202601,6,,원주중앙/일산,51130,22,0,120,0,1,0,1,11,03,6,1,없음,30,1,0,0,0,2,2,4,1,10,2,1,1,1,1,8,2,3,1,1,F,424,3,1,3,4,4,7,4,4,11100,1,1,0,4,4,7,4,4,11100,1,1,0,4,4,7,4,4,11100,1,1,0,2026,3,10,2920000,3900000,1,2
202601,6,,원주중앙/일산,51130,22,0,120,0,1,0,1,11,03,6,1,없음,30,1,0,0,0,2,2,4,1,10,2,1,1,1,1,8,2,3,2,1,G,472,3,1,3,3,3,4,3,3,5400,1,1,0,3,3,4,3,3,5400,1,1,0,3,3,4,3,3,5400,1,1,0,2026,3,8,2920000,3900000,1,2
202601,6,,원주중앙/일산,51130,22,0,0,0,1,0,2,21,03,1,1,없음,120,4,0,0,0,2,1,3,1,10,1,1,1,1,1,8,2,3,1,1,I,561,2,1,2,4,4,8,4,4,17300,1,1,0,4,4,8,4,4,17300,1,1,0,4,4,8,4,4,17300,1,1,0,2025,3,10,3070000,3900000,1,1
202601,6,,원주중앙/일산,51130,22,0,0,0,1,0,2,21,03,1,1,없음,120,4,0,0,0,2,1,3,1,10,1,1,1,1,1,8,2,3,2,6,0,999,2,1,2,1,1,1,3,3,7800,1,1,1,1,1,1,3,3,7800,1,1,1,1,1,1,3,3,7800,1,1,1,0,1,1,3070000,3900000,1,1
202601,6,,원주중앙/일산,51130,22,0,0,0,1,0,1,21,03,1,1,없음,99,4,0,0,0,1,2,3,1,9,1,1,1,1,1,8,1,3,1,1,I,561,2,1,2,5,4,7,5,4,16900,1,1,0,5,4,7,5,4,16900,1,1,0,5,4,7,5,4,16900,1,1,0,2025,3,9,3160000,1800000,1,1
202601,6,,원주중앙/일산,51130,22,0,0,0,1,0,1,21,03,1,1,없음,99,4,0,0,0,1,2,3,1,9,1,1,1,1,1,8,1,3,2,6,0,999,2,1,2,1,1,1,3,3,7400,1,1,1,1,1,1,3,3,7400,1,1,1,1,1,1,3,3,7400,1,1,1,0,1,1,3160000,1800000,1,1
202601,6,,원주중앙/일산,51130,22,0,0,0,1,0,1,12,03,1,1,없음,131,5,0,0,0,1,1,2,1,10,1,1,1,1,1,8,1,3,1,1,G,474,2,1,2,4,4,8,5,5,26700,1,1,0,4,4,8,5,5,26700,1,1,0,4,4,8,5,5,26700,1,1,0,2025,2,10,2870000,6540000,1,2
202601,6,,원주중앙/일산,51130,22,0,0,0,1,0,5,31,03,8,1,없음,86,8,0,0,0,2,2,4,1,10,2,1,1,1,1,8,2,3,1,1,G,474,2,1,2,4,4,7,4,4,13100,1,1,0,4,4,7,4,4,13100,1,1,0,4,4,7,4,4,13100,1,1,0,2024,3,9,2650000,3780000,1,2
202601,6,,원주중앙/일산,51130,22,0,0,0,1,0,5,31,03,8,1,없음,86,8,0,0,0,2,2,4,1,10,2,1,1,1,1,8,2,3,1,1,R,912,2,1,2,4,4,7,4,4,15300,1,1,0,4,4,7,4,4,15300,1,1,0,4,4,7,4,4,15300,1,1,0,2025,3,10,2650000,3780000,1,2
202601,6,,원주중앙/일산,51130,22,0,0,0,1,0,5,31,03,8,1,없음,86,8,0,0,0,2,2,4,1,10,2,1,1,1,1,8,2,3,1,6,0,999,2,1,2,1,1,1,4,4,14600,1,1,1,1,1,1,4,4,14600,1,1,1,1,1,1,4,4,14600,1,1,1,0,1,1,2650000,3780000,1,2
202601,6,,원주중앙/일산,51130,16,0,0,0,1,0,4,32,03,7,2,없음,120,8,0,0,0,1,1,3,1,10,1,1,1,1,1,11,2,3,1,1,I,561,2,1,2,5,4,8,5,4,24000,1,1,0,5,4,8,5,4,24000,1,1,0,5,4,8,5,4,24000,1,1,0,2025,3,8,3710000,7650000,1,2
202601,6,,원주중앙/일산,51130,16,0,0,0,1,0,4,32,03,7,2,없음,120,8,0,0,0,1,1,3,1,10,1,1,1,1,1,11,2,3,2,2,H,529,1,1,1,1,1,1,3,3,10900,1,1,0,1,1,1,3,3,10900,1,1,0,1,1,1,3,3,10900,1,1,0,0,1,1,3710000,7650000,1,2
202601,6,,원주중앙/일산,51130,16,0,0,0,1,0,1,11,04,1,1,없음,82,8,0,0,0,1,1,2,1,10,1,1,1,1,1,8,1,3,1,1,I,562,2,1,2,6,5,9,6,5,39000,1,1,0,6,5,9,6,5,39000,1,1,0,6,5,9,6,5,39000,1,1,0,2025,3,10,3770000,5870000,1,3
202601,6,,원주중앙/일산,51130,16,0,0,0,1,1,1,11,03,1,1,없음,97,4,0,0,0,2,2,4,1,10,1,1,1,1,1,8,2,3,-1,5,0,999,1,1,1,1,1,1,1,1,0,1,1,0,1,1,1,1,1,0,1,1,0,1,1,1,1,1,0,1,1,0,0,1,1,5510000,5620000,1,1
202601,6,,원주중앙/일산,51130,16,0,0,0,1,1,1,11,03,1,1,없음,97,4,0,0,0,2,2,4,1,10,1,1,1,1,1,8,2,3,1,1,G,478,3,1,3,8,6,9,8,6,47900,1,1,0,8,6,9,8,6,47900,1,1,0,8,6,9,8,6,47900,1,1,0,2026,3,7,5510000,5620000,1,1
202601,6,,원주중앙/일산,51130,16,0,0,0,1,1,1,11,03,1,1,없음,97,4,0,0,0,2,2,4,1,10,1,1,1,1,1,8,2,3,2,6,0,999,2,1,2,1,1,1,2,2,900,1,1,1,1,1,1,2,2,900,1,1,1,1,1,1,2,2,900,1,1,1,0,1,1,5510000,5620000,1,1
202601,6,,원주중앙/일산,51130,16,0,0,0,1,0,5,32,03,7,1,없음,80,4,0,0,0,2,2,4,1,10,2,1,1,1,1,8,2,3,1,1,G,472,2,1,2,6,5,9,6,5,41200,1,1,0,6,5,9,6,5,41200,1,1,0,6,5,9,6,5,41200,1,1,0,2025,3,10,5020000,7770000,1,2
202601,6,,원주중앙/일산,51130,16,0,0,0,1,0,5,32,03,7,1,없음,80,4,0,0,0,2,2,4,1,10,2,1,1,1,1,8,2,3,1,1,I,561,3,1,3,7,6,9,7,6,39200,1,1,0,7,6,9,7,6,39200,1,1,0,7,6,9,7,6,39200,1,1,0,2025,3,10,5020000,7770000,1,2
202601,6,,원주중앙/일산,51130,16,0,0,0,1,0,5,32,03,7,1,없음,80,4,0,0,0,2,2,4,1,10,2,1,1,1,1,8,2,3,1,1,Q,869,2,1,2,7,6,9,7,5,41000,1,1,0,7,6,9,7,5,41000,1,1,0,7,6,9,7,5,41000,1,1,0,2024,3,6,5020000,7770000,1,2
202601,6,,원주중앙/일산,51130,22,0,120,999,1,0,4,32,04,7,1,없음,38,4,0,0,0,2,2,4,1,10,2,1,1,1,1,8,2,3,1,1,G,478,4,1,4,5,5,7,6,5,14400,1,1,0,5,5,7,6,5,14400,1,1,0,5,5,7,6,5,14400,1,1,0,2025,3,10,2340000,2790000,1,1
202601,6,,원주중앙/일산,51130,22,0,120,999,1,0,4,32,04,7,1,없음,38,4,0,0,0,2,2,4,1,10,2,1,1,1,1,8,2,3,2,1,G,478,1,1,1,3,3,5,3,3,7600,1,1,0,3,3,5,3,3,7600,1,1,0,3,3,5,3,3,7600,1,1,0,2025,3,10,2340000,2790000,1,1
202601,6,,원주중앙/일산,51130,22,0,0,0,1,0,1,11,03,1,1,없음,100,6,0,0,0,2,1,2,1,10,1,1,1,1,1,8,2,3,1,1,I,561,2,1,2,3,3,6,3,3,7300,1,1,0,3,3,6,3,3,7300,1,1,0,3,3,6,3,3,7300,1,1,0,2025,3,10,1490000,3800000,1,2
202601,6,,원주중앙/일산,51130,22,0,0,0,1,1,1,21,03,1,1,없음,100,4,0,0,0,2,2,4,1,10,2,1,1,1,1,8,2,3,-1,1,G,478,1,1,1,2,2,3,2,2,2100,1,1,0,2,2,3,2,2,2100,1,1,0,2,2,3,2,2,2100,1,1,0,2025,3,2,2380000,1810000,1,1
202601,6,,원주중앙/일산,51130,22,0,0,0,1,1,1,21,03,1,1,없음,100,4,0,0,0,2,2,4,1,10,2,1,1,1,1,8,2,3,1,1,G,478,4,1,4,3,4,4,3,4,5900,1,1,0,3,4,4,3,4,5900,1,1,0,3,4,4,3,4,5900,1,1,0,2025,3,2,2380000,1810000,1,1
202601,6,,원주중앙/일산,51130,22,0,0,0,1,1,1,21,03,1,1,없음,100,4,0,0,0,2,2,4,1,10,2,1,1,1,1,8,2,3,2,1,G,478,4,1,4,3,3,3,3,3,2500,1,1,0,3,3,3,3,3,2500,1,1,0,3,3,3,3,3,2500,1,1,0,2025,3,2,2380000,1810000,1,1
202601,6,,원주중앙/일산,51130,14,0,0,0,1,0,1,21,03,1,1,없음,165,7,0,0,0,2,2,4,1,10,1,1,2,1,1,8,2,3,1,1,G,474,2,1,3,3,3,4,3,3,5200,1,1,0,3,3,4,3,3,5200,1,1,0,3,3,4,3,3,5200,1,1,0,2025,3,10,1390000,1010000,1,1
202601,6,,원주중앙/일산,51130,14,0,0,0,1,0,1,21,03,1,1,없음,165,7,0,0,0,2,2,4,1,10,1,1,2,1,1,8,2,3,1,2,C,104,2,1,2,1,1,1,3,3,6000,1,1,0,1,1,1,3,3,6000,1,1,0,1,1,1,3,3,6000,1,1,0,0,1,1,1390000,1010000,1,1
202601,6,,원주중앙/일산,51130,14,0,0,0,1,0,1,21,03,1,1,없음,165,7,0,0,0,2,2,4,1,10,1,1,2,1,1,8,2,3,2,2,0,999,2,1,3,1,1,1,6,1,4100,1,1,0,1,1,1,6,1,4100,1,1,0,1,1,1,6,1,4100,1,1,0,0,1,1,1390000,1010000,1,1
202601,6,,원주중앙/일산,51130,22,0,120,0,1,0,7,31,03,6,1,350,130,4,0,1,0,2,2,4,1,10,2,1,1,1,1,8,2,3,1,1,G,461,3,1,3,4,4,6,4,4,9000,1,1,0,4,4,6,4,4,9000,1,1,0,4,4,6,4,4,9000,1,1,0,2025,3,9,2820000,3050000,1,1
202601,6,,원주중앙/일산,51130,22,0,120,0,1,0,7,31,03,6,1,350,130,4,0,1,0,2,2,4,1,10,2,1,1,1,1,8,2,3,2,1,G,461,3,1,3,3,3,4,3,3,4400,1,1,0,3,3,4,3,3,4400,1,1,0,3,3,4,3,3,4400,1,1,0,2025,3,9,2820000,3050000,1,1
202601,6,,원주중앙/일산,51130,22,0,120,0,1,0,5,31,04,8,2,없음,100,4,0,0,0,2,2,4,2,9,2,1,1,1,1,8,2,3,1,1,I,561,2,1,2,3,3,6,3,3,8200,1,1,0,3,3,6,3,3,8200,1,1,0,3,3,6,3,3,8200,1,1,0,2025,3,7,2400000,1720000,1,1
202601,6,,원주중앙/일산,51130,22,0,120,0,1,0,5,31,04,8,2,없음,100,4,0,0,0,2,2,4,2,9,2,1,1,1,1,8,2,3,1,1,R,912,2,1,3,3,3,5,4,4,8000,1,1,0,3,3,5,4,4,8000,1,1,0,3,3,5,4,4,8000,1,1,0,2025,2,10,2400000,1720000,1,1
202601,6,,원주중앙/일산,51130,22,0,120,0,1,0,5,31,04,8,2,없음,100,4,0,0,0,2,2,4,2,9,2,1,1,1,1,8,2,3,2,1,N,751,4,1,4,3,4,4,3,4,4400,1,1,0,3,4,4,3,4,4400,1,1,0,3,4,4,3,4,4400,1,1,0,2024,3,9,2400000,1720000,1,1
202601,6,,원주중앙/일산,51130,22,0,0,0,1,0,1,51,03,1,1,없음,89,4,0,0,0,1,1,2,1,9,1,1,1,1,1,8,1,3,1,1,S,961,1,1,1,3,3,7,3,3,10000,1,1,0,3,3,7,3,3,10000,1,1,0,3,3,7,3,3,10000,1,1,0,2024,3,3,1810000,1510000,1,2
202601,6,,원주중앙/일산,51130,22,0,0,0,1,0,1,51,03,1,1,없음,89,4,0,0,0,1,1,2,1,9,1,1,1,1,1,8,1,3,2,6,0,999,1,1,1,1,1,1,2,2,4000,1,1,1,1,1,1,2,2,4000,1,1,1,1,1,1,2,2,4000,1,1,1,0,1,1,1810000,1510000,1,2
202601,6,,원주중앙/일산,51130,22,0,0,0,1,0,1,51,03,1,1,없음,100,4,0,0,0,1,1,3,1,10,1,1,1,1,1,8,1,3,1,1,R,912,2,1,2,3,3,6,3,3,9400,1,1,0,3,3,6,3,3,9400,1,1,0,3,3,6,3,3,9400,1,1,0,2026,3,10,1860000,1210000,1,1
202601,6,,원주중앙/일산,51130,22,0,0,0,1,0,1,51,03,1,1,없음,100,4,0,0,0,1,1,3,1,10,1,1,1,1,1,8,1,3,2,1,0,999,2,1,2,2,3,4,2,3,4800,1,1,0,2,3,4,2,3,4800,1,1,0,2,3,4,2,3,4800,1,1,0,2026,2,10,1860000,1210000,1,1
202601,6,,원주중앙/일산,51130,22,0,120,0,1,0,1,51,03,1,1,100,20,8,0,0,0,1,1,2,1,10,1,1,1,1,1,8,1,3,1,1,I,561,1,1,1,3,3,7,3,3,10400,1,1,0,3,3,7,3,3,10400,1,1,0,3,3,7,3,3,10400,1,1,0,2025,3,7,1430000,970000,1,1
202601,6,,원주중앙/일산,51130,22,0,120,0,1,0,1,51,03,1,1,100,20,8,0,0,0,1,1,2,1,10,1,1,1,1,1,8,1,3,2,6,0,999,1,1,1,1,1,1,3,2,5500,1,1,1,1,1,1,3,2,5500,1,1,1,1,1,1,3,2,5500,1,1,1,0,1,1,1430000,970000,1,1
202601,6,,원주중앙/일산,51130,22,0,120,0,1,0,1,51,03,1,1,100,20,8,0,0,0,1,1,1,1,10,1,1,1,1,1,8,1,3,1,1,S,969,1,1,1,2,3,7,2,3,10700,1,1,0,2,3,7,2,3,10700,1,1,0,2,3,7,2,3,10700,1,1,0,2026,3,9,1430000,1290000,1,1
202601,6,,원주중앙/일산,51130,22,0,120,0,1,0,1,51,03,1,1,100,20,8,0,0,0,1,1,1,1,10,1,1,1,1,1,8,1,3,2,6,0,999,1,1,1,1,1,1,2,2,5700,1,1,1,1,1,1,2,2,5700,1,1,1,1,1,1,2,2,5700,1,1,1,0,1,1,1430000,1290000,1,1
202601,6,,원주중앙/일산,51130,15,0,0,0,1,0,1,11,04,1,1,없음,60,4,0,0,0,2,1,3,1,10,1,1,1,1,1,8,2,3,1,1,M,732,2,1,2,3,3,4,3,3,6300,1,1,0,3,3,4,3,3,6300,1,1,0,3,3,4,3,3,6300,1,1,0,2025,3,10,910000,1050000,1,2
202601,6,,원주중앙/일산,51130,15,0,0,0,1,0,1,11,04,1,1,없음,60,4,0,0,0,2,1,3,1,10,1,1,1,1,1,8,2,3,1,1,S,969,2,1,2,3,3,4,3,3,6400,1,1,0,3,3,4,3,3,6400,1,1,0,3,3,4,3,3,6400,1,1,0,2025,3,10,910000,1050000,1,2
202601,6,,0.비상권,51130,16,0,0,0,1,0,7,32,04,7,1,없음,100,5,0,0,0,2,1,3,1,10,1,1,1,1,1,8,2,3,1,1,I,561,2,1,2,4,4,7,4,4,13300,1,1,0,4,4,7,4,4,13300,1,1,0,4,4,7,4,4,13300,1,1,0,2025,3,10,1960000,3200000,1,1
202601,6,,0.비상권,51130,16,0,0,0,1,0,7,32,04,7,1,없음,100,5,0,0,0,2,1,3,1,10,1,1,1,1,1,8,2,3,1,1,I,561,2,1,2,4,4,8,4,4,20900,1,1,0,4,4,8,4,4,20900,1,1,0,4,4,8,4,4,20900,1,1,0,2025,3,9,1960000,3200000,1,1
202601,6,,0.비상권,51150,14,0,0,0,1,0,1,11,04,6,2,없음,20,8,0,0,0,1,2,4,1,10,1,1,1,1,1,8,1,3,1,1,I,561,2,1,2,3,3,4,3,3,5600,1,1,0,3,3,4,3,3,5600,1,1,0,3,3,4,3,3,5600,1,1,0,2024,3,7,1170000,1000000,1,1
202601,6,,0.비상권,51150,14,0,0,0,1,0,1,11,04,6,2,없음,20,8,0,0,0,1,2,4,1,10,1,1,1,1,1,8,1,3,2,2,0,999,2,1,2,1,1,1,3,3,5000,1,1,0,1,1,1,3,3,5000,1,1,0,1,1,1,3,3,5000,1,1,0,0,1,1,1170000,1000000,1,1
202601,6,,강릉중부,51150,22,0,300,0,1,0,1,51,04,1,1,없음,170,8,0,0,0,2,2,4,1,9,1,1,1,1,1,8,2,3,1,1,G,474,2,1,2,5,3,6,5,3,9300,1,1,0,5,3,6,5,3,9300,1,1,0,5,3,6,5,3,9300,1,1,0,2024,3,9,2550000,4690000,3,1
202601,6,,강릉중부,51150,22,0,300,0,1,0,1,51,04,1,1,없음,170,8,0,0,0,2,2,4,1,9,1,1,1,1,1,8,2,3,2,6,0,999,2,1,2,1,1,1,3,3,4800,1,1,1,1,1,1,3,3,4800,1,1,1,1,1,1,3,3,4800,1,1,1,0,1,1,2550000,4690000,3,1
202601,6,,강릉중부,51150,22,0,300,0,1,0,1,11,03,7,1,없음,183,5,0,0,0,2,2,3,1,8,2,1,1,1,1,8,2,3,1,1,G,463,2,1,2,4,4,7,4,4,13300,1,1,0,4,4,7,4,4,13300,1,1,0,4,4,7,4,4,13300,1,1,0,2024,3,10,2590000,3940000,1,3
202601,6,,강릉중부,51150,22,0,300,0,1,0,1,11,03,7,1,없음,183,5,0,0,0,2,2,3,1,8,2,1,1,1,1,8,2,3,1,1,I,562,1,1,1,5,4,9,4,4,43100,1,1,0,5,4,9,4,4,43100,1,1,0,5,4,9,4,4,43100,1,1,0,2026,2,10,2590000,3940000,1,3
202601,6,,강릉중부,51150,22,0,300,0,1,0,1,11,03,7,1,없음,183,5,0,0,0,2,2,3,1,8,2,1,1,1,1,8,2,3,1,1,S,961,1,1,1,5,4,9,5,4,30500,1,1,0,5,4,9,5,4,30500,1,1,0,5,4,9,5,4,30500,1,1,0,2024,3,9,2590000,3940000,1,3
202601,6,,강릉중부,51150,16,0,0,0,1,0,4,21,03,6,2,없음,157,4,0,0,0,2,2,4,1,10,1,1,1,1,1,8,2,3,1,1,I,561,2,1,3,4,4,7,4,4,9600,1,1,0,4,4,7,4,4,9600,1,1,0,4,4,7,4,4,9600,1,1,0,2025,3,10,1990000,1750000,1,2
202601,6,,강릉중부,51150,16,0,0,0,1,0,4,21,03,6,2,없음,157,4,0,0,0,2,2,4,1,10,1,1,1,1,1,8,2,3,2,2,0,999,2,1,2,1,1,1,3,3,4900,1,1,0,1,1,1,3,3,4900,1,1,0,1,1,1,3,3,4900,1,1,0,0,1,1,1990000,1750000,1,2
202601,6,,강릉중부,51150,22,0,300,0,1,0,2,11,03,1,1,없음,130,9,0,0,0,2,2,4,1,10,2,1,1,1,1,8,2,3,1,1,G,452,2,1,2,5,5,8,4,4,17800,1,1,0,5,5,8,4,4,17800,1,1,0,5,5,8,4,4,17800,1,1,0,2025,3,10,1940000,4520000,1,2
202601,6,,강릉중부,51150,22,0,300,0,1,0,2,11,03,1,1,없음,130,9,0,0,0,2,2,4,1,10,2,1,1,1,1,8,2,3,2,1,G,452,2,1,2,3,3,5,3,3,5400,1,1,0,3,3,5,3,3,5400,1,1,0,3,3,5,3,3,5400,1,1,0,2025,3,10,1940000,4520000,1,2
202601,6,,강릉중부,51150,16,0,0,0,1,0,4,32,03,1,1,없음,96,4,0,0,0,2,1,3,1,10,1,1,1,1,1,8,2,3,1,2,P,857,1,1,1,1,1,1,3,3,11600,1,1,0,1,1,1,3,3,11600,1,1,0,1,1,1,3,3,11600,1,1,0,0,1,1,1450000,3200000,1,2
202601,6,,강릉중부,51150,16,0,0,0,1,0,4,32,03,1,1,없음,96,4,0,0,0,2,1,3,1,10,1,1,1,1,1,8,2,3,1,1,Q,872,2,1,2,4,4,7,4,4,11000,1,1,0,4,4,7,4,4,11000,1,1,0,4,4,7,4,4,11000,1,1,0,2025,3,9,1450000,3200000,1,2
202601,6,,강릉중부,51150,16,0,0,0,1,0,3,21,04,6,2,없음,150,6,0,0,0,2,2,4,1,10,1,1,1,1,1,8,2,3,1,1,I,561,3,1,3,3,3,4,5,3,5300,1,1,0,3,3,4,5,3,5300,1,1,0,3,3,4,5,3,5300,1,1,0,2025,3,9,1960000,1690000,1,1
202601,6,,강릉중부,51150,16,0,0,0,1,0,3,21,04,6,2,없음,150,6,0,0,0,2,2,4,1,10,1,1,1,1,1,8,2,3,2,2,0,999,3,1,3,1,1,1,5,3,5300,1,1,0,1,1,1,5,3,5300,1,1,0,1,1,1,5,3,5300,1,1,0,0,1,1,1960000,1690000,1,1
202601,6,,강릉중부,51150,22,0,300,0,1,0,7,21,04,7,2,없음,42,8,0,0,0,2,2,4,1,9,1,1,1,1,1,8,2,3,1,1,G,474,2,1,3,6,5,8,6,5,23200,1,1,0,6,5,8,6,5,23200,1,1,0,6,5,8,6,5,23200,1,1,0,2025,3,8,6120000,5750000,1,1
202601,6,,강릉중부,51150,22,0,300,0,1,0,7,21,04,7,2,없음,42,8,0,0,0,2,2,4,1,9,1,1,1,1,1,8,2,3,2,6,0,999,2,1,2,1,1,1,5,4,13400,1,1,1,1,1,1,5,4,13400,1,1,1,1,1,1,5,4,13400,1,1,1,0,1,1,6120000,5750000,1,1
202601,6,,0.비상권,51150,14,0,0,0,1,0,4,11,04,5,1,없음,150,6,0,0,0,2,1,2,1,10,1,1,1,1,1,8,2,3,1,1,I,561,2,1,2,3,3,5,3,3,7100,1,1,0,3,3,5,3,3,7100,1,1,0,3,3,5,3,3,7100,1,1,0,2026,3,7,980000,2820000,1,1
202601,6,,강릉중부,51150,22,0,300,0,1,0,1,51,03,1,1,없음,120,6,0,0,0,2,2,4,1,10,1,1,1,1,1,8,2,3,1,2,I,561,2,1,2,1,1,1,3,4,9600,1,1,0,1,1,1,3,4,9600,1,1,0,1,1,1,3,4,9600,1,1,0,0,1,1,1900000,2690000,1,1
202601,6,,강릉중부,51150,22,0,300,0,1,0,1,51,03,1,1,없음,120,6,0,0,0,2,2,4,1,10,1,1,1,1,1,8,2,3,1,6,0,999,2,1,2,1,1,1,3,3,9700,1,1,1,1,1,1,3,3,9700,1,1,1,1,1,1,3,3,9700,1,1,1,0,1,1,1900000,2690000,1,1
202601,6,,강릉중부,51150,22,0,300,0,1,0,1,51,03,1,1,없음,120,6,0,0,0,2,2,4,1,10,1,1,1,1,1,8,2,3,1,1,G,462,2,1,2,3,3,6,3,3,9500,1,1,0,3,3,6,3,3,9500,1,1,0,3,3,6,3,3,9500,1,1,0,2025,3,7,1900000,2690000,1,1
202601,6,,강릉중부,51150,22,0,300,0,1,0,1,51,03,1,1,없음,120,6,0,0,0,2,2,4,1,10,1,1,1,1,1,8,2,3,1,1,G,472,2,1,2,3,3,6,3,3,9700,1,1,0,3,3,6,3,3,9700,1,1,0,3,3,6,3,3,9700,1,1,0,2025,3,7,1900000,2690000,1,1
202601,6,,강릉중부,51150,22,0,300,0,1,0,1,51,03,1,1,없음,70,6,0,0,0,2,1,2,1,10,1,1,1,1,1,8,2,3,1,1,S,961,1,1,1,3,3,7,3,3,11300,1,1,0,3,3,7,3,3,11300,1,1,0,3,3,7,3,3,11300,1,1,0,2026,3,7,2410000,10960000,3,2
202601,6,,강릉중부,51150,22,0,300,0,1,0,1,51,03,1,1,없음,70,6,0,0,0,2,1,2,1,10,1,1,1,1,1,8,2,3,1,1,G,474,1,1,1,3,3,7,3,3,11900,1,1,0,3,3,7,3,3,11900,1,1,0,3,3,7,3,3,11900,1,1,0,2025,3,6,2410000,10960000,3,2
202601,6,,강릉중부,51150,22,0,300,0,1,0,1,51,03,1,1,없음,110,6,0,0,0,1,1,2,1,10,1,1,1,1,1,8,1,3,1,1,I,561,1,1,1,3,3,7,3,3,11600,1,1,0,3,3,7,3,3,11600,1,1,0,3,3,7,3,3,11600,1,1,0,2025,3,9,2440000,3810000,1,1
202601,6,,강릉중부,51150,22,0,300,0,1,0,1,51,03,1,1,없음,110,6,0,0,0,1,1,2,1,10,1,1,1,1,1,8,1,3,1,1,G,472,1,1,1,3,3,7,3,3,11700,1,1,0,3,3,7,3,3,11700,1,1,0,3,3,7,3,3,11700,1,1,0,2025,3,9,2440000,3810000,1,1
202601,6,,강릉중부,51150,22,0,300,0,1,0,1,51,03,1,1,없음,50,6,0,0,0,1,1,3,1,10,1,1,1,1,1,8,1,3,1,1,G,472,1,1,1,3,3,7,3,3,11500,1,1,0,3,3,7,3,3,11500,1,1,0,3,3,7,3,3,11500,1,1,0,2025,3,7,2600000,2680000,1,2
202601,6,,강릉중부,51150,22,0,300,0,1,0,1,51,03,1,1,없음,50,6,0,0,0,1,1,3,1,10,1,1,1,1,1,8,1,3,1,1,I,561,1,1,1,3,3,7,3,3,11500,1,1,0,3,3,7,3,3,11500,1,1,0,3,3,7,3,3,11500,1,1,0,2024,3,9,2600000,2680000,1,2
202601,6,,강릉중부,51150,22,0,300,0,1,0,1,51,03,1,1,없음,50,6,0,0,0,1,1,3,1,10,1,1,1,1,1,8,1,3,1,1,G,472,1,1,1,3,3,7,3,3,11100,1,1,0,3,3,7,3,3,11100,1,1,0,3,3,7,3,3,11100,1,1,0,2025,3,9,2600000,2680000,1,2
202601,6,,강릉중부,51150,22,0,300,0,1,0,1,51,03,1,1,없음,50,6,0,0,0,1,1,3,1,10,1,1,1,1,1,8,1,3,1,1,I,561,1,1,1,3,3,7,3,3,11400,1,1,0,3,3,7,3,3,11400,1,1,0,3,3,7,3,3,11400,1,1,0,2025,3,8,2600000,2680000,1,2
202601,6,,강릉중부,51150,22,0,300,0,1,0,1,11,04,1,1,없음,200,8,0,0,0,2,2,4,1,10,2,1,1,1,1,8,2,3,1,1,G,474,4,1,4,4,4,6,4,5,10200,1,1,0,4,4,6,4,5,10200,1,1,0,4,4,6,4,5,10200,1,1,0,2025,3,8,2490000,2020000,1,1
202601,6,,강릉중부,51150,22,0,300,0,1,0,1,11,04,1,1,없음,200,8,0,0,0,2,2,4,1,10,2,1,1,1,1,8,2,3,2,6,0,999,3,1,3,1,1,1,3,3,3300,1,1,1,1,1,1,3,3,3300,1,1,1,1,1,1,3,3,3300,1,1,1,0,1,1,2490000,2020000,1,1
202601,6,,강릉중부,51150,22,0,300,0,1,0,1,51,04,1,1,없음,166,6,0,0,0,2,2,4,1,10,1,1,1,1,1,8,2,3,1,2,C,107,2,1,2,1,1,1,3,3,13900,1,1,0,1,1,1,3,3,13900,1,1,0,1,1,1,3,3,13900,1,1,0,0,1,1,3060000,5110000,1,2
202601,6,,강릉중부,51150,22,0,300,0,1,0,1,51,04,1,1,없음,166,6,0,0,0,2,2,4,1,10,1,1,1,1,1,8,2,3,1,1,G,463,2,1,2,3,3,7,3,3,14000,1,1,0,3,3,7,3,3,14000,1,1,0,3,3,7,3,3,14000,1,1,0,2025,3,10,3060000,5110000,1,2
202601,6,,강릉중부,51150,22,0,300,0,1,0,1,51,04,1,1,없음,166,6,0,0,0,2,2,4,1,10,1,1,1,1,1,8,2,3,1,1,G,475,2,1,2,3,3,7,3,3,13900,1,1,0,3,3,7,3,3,13900,1,1,0,3,3,7,3,3,13900,1,1,0,2024,3,7,3060000,5110000,1,2
202601,6,,강릉중부,51150,22,0,300,0,1,0,4,21,03,8,1,없음,180,7,0,0,0,1,1,2,1,9,1,1,1,1,1,8,1,3,1,1,G,463,1,1,1,3,3,7,3,3,10800,1,1,0,3,3,7,3,3,10800,1,1,0,3,3,7,3,3,10800,1,1,0,2025,3,10,3450000,4400000,1,2
202601,6,,강릉중부,51150,22,0,300,0,1,0,4,21,03,8,1,없음,180,7,0,0,0,1,1,2,1,9,1,1,1,1,1,8,1,3,1,1,G,474,1,1,1,3,3,7,3,3,10600,1,1,0,3,3,7,3,3,10600,1,1,0,3,3,7,3,3,10600,1,1,0,2025,3,10,3450000,4400000,1,2
202601,6,,강릉중부,51150,22,0,300,0,1,0,4,21,03,8,1,없음,180,7,0,0,0,1,1,2,1,9,1,1,1,1,1,8,1,3,1,1,I,561,1,1,1,4,3,7,3,3,12000,1,1,0,4,3,7,3,3,12000,1,1,0,4,3,7,3,3,12000,1,1,0,2024,3,10,3450000,4400000,1,2
202601,6,,강릉중부,51150,22,0,300,0,1,0,7,31,04,8,1,없음,270,8,0,0,0,2,2,4,1,10,2,1,1,1,1,8,2,3,1,1,I,561,3,1,3,5,4,7,5,4,12900,1,1,0,5,4,7,5,4,12900,1,1,0,5,4,7,5,4,12900,1,1,0,2025,3,10,3060000,4000000,1,3
202601,6,,강릉중부,51150,22,0,300,0,1,0,7,31,04,8,1,없음,270,8,0,0,0,2,2,4,1,10,2,1,1,1,1,8,2,3,1,1,I,561,2,1,2,4,3,7,4,3,12900,1,1,0,4,3,7,4,3,12900,1,1,0,4,3,7,4,3,12900,1,1,0,2024,3,9,3060000,4000000,1,3
202601,6,,강릉중부,51150,22,0,300,0,1,0,1,51,03,1,1,없음,330,5,0,0,0,1,1,2,1,10,1,1,1,1,1,8,1,3,1,1,G,472,2,1,2,4,3,6,4,3,9400,1,1,0,4,3,6,4,3,9400,1,1,0,4,3,6,4,3,9400,1,1,0,2024,3,7,2560000,3340000,1,1
202601,6,,강릉중부,51150,22,0,120,300,1,0,1,31,03,1,1,없음,20,1,0,0,0,2,1,2,1,8,1,1,1,1,1,8,2,3,1,1,S,961,1,1,2,4,3,7,4,3,14300,1,1,0,4,3,7,4,3,14300,1,1,0,4,3,7,4,3,14300,1,1,0,2026,3,9,1940000,4490000,1,2
202601,6,,강릉중부,51150,22,0,120,300,1,0,1,31,03,1,1,없음,20,1,0,0,0,2,1,2,1,8,1,1,1,1,1,8,2,3,1,1,R,912,1,1,2,4,3,7,4,3,14400,1,1,0,4,3,7,4,3,14400,1,1,0,4,3,7,4,3,14400,1,1,0,2025,3,9,1940000,4490000,1,2
202601,6,,강릉중부,51150,22,0,120,300,1,0,1,51,03,1,1,없음,20,2,0,0,0,2,1,3,1,10,1,1,1,1,1,8,2,3,1,1,I,561,2,1,2,4,3,6,4,3,10000,1,1,0,4,3,6,4,3,10000,1,1,0,4,3,6,4,3,10000,1,1,0,2025,3,10,2820000,3780000,1,3
202601,6,,강릉중부,51150,22,0,120,300,1,0,1,51,03,1,1,없음,20,2,0,0,0,2,1,3,1,10,1,1,1,1,1,8,2,3,1,1,G,462,2,1,2,4,3,7,4,4,10700,1,1,0,4,3,7,4,4,10700,1,1,0,4,3,7,4,4,10700,1,1,0,2024,3,10,2820000,3780000,1,3
202601,6,,강릉중부,51150,22,0,120,300,1,1,1,21,04,1,1,없음,50,1,0,0,0,2,2,4,1,10,2,1,2,1,1,8,2,3,-1,6,0,999,1,1,1,1,1,1,2,2,3100,1,1,1,1,1,1,2,2,3100,1,1,1,1,1,1,2,2,3100,1,1,1,0,1,1,2290000,1880000,1,1
202601,6,,강릉중부,51150,22,0,120,300,1,1,1,21,04,1,1,없음,50,1,0,0,0,2,2,4,1,10,2,1,2,1,1,8,2,3,1,1,Q,861,3,1,3,5,4,7,5,4,10100,1,1,0,5,4,7,5,4,10100,1,1,0,5,4,7,5,4,10100,1,1,0,2024,4,6,2290000,1880000,1,1
202601,6,,강릉중부,51150,22,0,120,300,1,1,1,21,04,1,1,없음,50,1,0,0,0,2,2,4,1,10,2,1,2,1,1,8,2,3,1,1,G,478,2,1,2,4,3,6,4,3,9600,1,1,0,4,3,6,4,3,9600,1,1,0,4,3,6,4,3,9600,1,1,0,2024,3,8,2290000,1880000,1,1
202601,6,,강릉중부,51150,22,0,120,300,1,1,1,21,04,1,1,없음,50,1,0,0,0,2,2,4,1,10,2,1,2,1,1,8,2,3,2,2,0,999,4,1,4,1,1,1,4,3,4600,1,1,0,1,1,1,4,3,4600,1,1,0,1,1,1,4,3,4600,1,1,0,0,1,1,2290000,1880000,1,1
202601,6,,강릉중부,51150,22,0,300,0,1,0,3,32,04,7,1,없음,70,8,0,0,0,2,2,4,1,10,2,1,1,1,1,8,2,3,1,1,I,561,2,1,3,3,3,5,3,3,7700,1,1,0,3,3,5,3,3,7700,1,1,0,3,3,5,3,3,7700,1,1,0,2025,4,7,1430000,2110000,1,2
202601,6,,강릉중부,51150,22,0,300,0,1,0,3,32,04,7,1,없음,70,8,0,0,0,2,2,4,1,10,2,1,1,1,1,8,2,3,1,1,I,561,2,1,2,3,3,5,3,3,7500,1,1,0,3,3,5,3,3,7500,1,1,0,3,3,5,3,3,7500,1,1,0,2025,3,9,1430000,2110000,1,2
202601,6,,강릉중부,51150,14,0,0,0,1,0,3,21,04,6,2,없음,100,4,0,0,0,2,2,4,1,9,1,1,1,1,1,8,2,3,1,1,C,103,1,1,1,3,3,5,3,3,6700,1,1,0,3,3,5,3,3,6700,1,1,0,3,3,5,3,3,6700,1,1,0,2025,3,10,1690000,1480000,1,1
202601,6,,강릉중부,51150,14,0,0,0,1,0,3,21,04,6,2,없음,100,4,0,0,0,2,2,4,1,9,1,1,1,1,1,8,2,3,1,6,0,999,1,1,1,1,1,1,3,3,6400,1,1,1,1,1,1,3,3,6400,1,1,1,1,1,1,3,3,6400,1,1,1,0,1,1,1690000,1480000,1,1
202601,6,,강릉중부,51150,14,0,0,0,1,0,3,21,04,6,2,없음,100,4,0,0,0,2,2,4,1,9,1,1,1,1,1,8,2,3,2,2,0,999,2,1,2,1,1,1,3,3,4300,1,1,0,1,1,1,3,3,4300,1,1,0,1,1,1,3,3,4300,1,1,0,0,1,1,1690000,1480000,1,1
202601,6,,강릉중부,51150,22,0,300,0,1,0,7,32,04,6,1,없음,130,6,0,0,0,2,1,3,1,10,1,1,1,1,1,8,2,3,1,1,I,561,3,1,3,4,4,5,4,4,6000,1,1,0,4,4,5,4,4,6000,1,1,0,4,4,5,4,4,6000,1,1,0,2024,3,9,1510000,2950000,1,1
202601,6,,강릉중부,51150,22,0,120,300,1,0,4,32,04,8,1,없음,40,4,0,0,0,2,2,4,1,10,2,1,1,1,1,8,2,3,1,1,G,466,4,1,4,4,4,4,4,4,4200,1,1,0,4,4,4,4,4,4200,1,1,0,4,4,4,4,4,4200,1,1,0,2025,3,7,1450000,1850000,1,1
202601,6,,강릉중부,51150,22,0,300,0,1,0,3,32,04,3,1,없음,125,6,0,0,0,2,1,2,1,10,1,1,1,1,1,8,2,3,1,1,I,561,2,1,2,3,3,6,3,3,9000,1,1,0,3,3,6,3,3,9000,1,1,0,3,3,6,3,3,9000,1,1,0,2024,3,9,1360000,6030000,1,1
202601,6,,강릉교동,51150,16,0,0,0,1,0,7,31,03,7,1,없음,100,5,0,1,0,3,2,4,1,10,2,1,1,1,1,8,3,3,1,1,I,561,2,1,2,5,5,8,5,5,21400,1,1,0,5,5,8,5,5,21400,1,1,0,5,5,8,5,5,21400,1,1,0,2024,4,9,4180000,6150000,1,1
202601,6,,강릉교동,51150,16,0,0,0,1,0,7,31,03,7,1,없음,100,5,0,1,0,3,2,4,1,10,2,1,1,1,1,8,3,3,1,1,I,561,4,1,4,6,6,8,6,6,21200,1,1,0,6,6,8,6,6,21200,1,1,0,6,6,8,6,6,21200,1,1,0,2025,3,9,4180000,6150000,1,1
202601,6,,강릉교동,51150,16,0,0,0,1,0,7,31,03,7,1,없음,100,5,0,1,0,3,2,4,1,10,2,1,1,1,1,8,3,3,1,1,I,562,2,1,2,5,5,8,5,5,21700,1,1,0,5,5,8,5,5,21700,1,1,0,5,5,8,5,5,21700,1,1,0,2025,3,10,4180000,6150000,1,1
202601,6,,강릉교동,51150,16,0,0,0,1,0,7,31,04,7,1,없음,278,5,0,1,0,3,2,4,1,10,2,1,1,1,1,8,3,3,1,1,G,472,3,1,3,5,5,8,5,5,20600,1,1,0,5,5,8,5,5,20600,1,1,0,5,5,8,5,5,20600,1,1,0,2026,3,10,3980000,5710000,1,1
202601,6,,강릉교동,51150,16,0,0,0,1,0,7,31,04,7,1,없음,278,5,0,1,0,3,2,4,1,10,2,1,1,1,1,8,3,3,1,1,I,561,4,1,4,6,6,8,6,6,20600,1,1,0,6,6,8,6,6,20600,1,1,0,6,6,8,6,6,20600,1,1,0,2025,3,9,3980000,5710000,1,1
202601,6,,강릉교동,51150,16,0,0,0,1,0,7,31,04,7,1,없음,278,5,0,1,0,3,2,4,1,10,2,1,1,1,1,8,3,3,1,1,I,561,3,1,3,5,5,8,5,5,20600,1,1,0,5,5,8,5,5,20600,1,1,0,5,5,8,5,5,20600,1,1,0,2026,3,10,3980000,5710000,1,1
202601,6,,강릉교동,51150,16,0,0,0,1,0,5,31,04,7,1,없음,150,8,0,1,0,2,2,4,1,10,2,1,1,1,1,8,2,3,1,1,I,561,4,1,4,6,5,7,6,5,11300,1,1,0,6,5,7,6,5,11300,1,1,0,6,5,7,6,5,11300,1,1,0,2026,3,7,3150000,3310000,1,1
202601,6,,강릉교동,51150,16,0,0,0,1,0,5,31,04,7,1,없음,150,8,0,1,0,2,2,4,1,10,2,1,1,1,1,8,2,3,2,2,0,999,3,1,3,1,1,1,6,3,9400,1,1,0,1,1,1,6,3,9400,1,1,0,1,1,1,6,3,9400,1,1,0,0,1,1,3150000,3310000,1,1
202601,6,,0.비상권,51150,14,0,0,0,1,0,6,32,04,1,1,없음,300,5,0,0,0,2,1,3,1,10,1,1,1,1,1,8,2,3,1,1,G,475,3,1,3,3,4,5,3,4,7300,1,1,0,3,4,5,3,4,7300,1,1,0,3,4,5,3,4,7300,1,1,0,2024,3,8,990000,2970000,1,1
202601,6,,강릉중부,51150,14,0,0,0,1,0,3,32,03,3,1,없음,54,2,0,0,0,2,2,4,1,10,2,1,1,1,1,8,2,3,1,1,G,478,3,1,3,5,3,6,5,3,8300,1,1,0,5,3,6,5,3,8300,1,1,0,5,3,6,5,3,8300,1,1,0,2025,3,6,2030000,2610000,1,1
202601,6,,강릉중부,51150,14,0,0,0,1,0,3,32,03,3,1,없음,54,2,0,0,0,2,2,4,1,10,2,1,1,1,1,8,2,3,1,1,I,561,2,1,2,4,3,5,4,3,6800,1,1,0,4,3,5,4,3,6800,1,1,0,4,3,5,4,3,6800,1,1,0,2025,3,8,2030000,2610000,1,1
202601,6,,강릉중부,51150,14,0,0,0,1,0,3,32,04,6,1,없음,335,4,0,0,0,2,2,4,1,8,2,1,1,1,1,8,2,3,1,1,I,561,4,1,4,6,4,4,6,4,5700,1,1,0,6,4,4,6,4,5700,1,1,0,6,4,4,6,4,5700,1,1,0,2022,5,8,1280000,2210000,1,1
202601,6,,강릉중부,51150,14,0,0,0,1,1,2,21,03,1,1,없음,120,6,0,0,0,2,2,4,1,10,2,1,1,1,1,8,2,3,-1,6,0,999,2,1,2,1,1,1,2,2,1400,1,1,1,1,1,1,2,2,1400,1,1,1,1,1,1,2,2,1400,1,1,1,0,1,1,1280000,1090000,1,1
202601,6,,강릉중부,51150,14,0,0,0,1,1,2,21,03,1,1,없음,120,6,0,0,0,2,2,4,1,10,2,1,1,1,1,8,2,3,1,1,I,561,4,1,4,3,3,3,3,3,3800,1,1,0,3,3,3,3,3,3800,1,1,0,3,3,3,3,3,3800,1,1,0,2024,3,9,1280000,1090000,1,1
202601,6,,강릉중부,51150,14,0,0,0,1,1,2,21,03,1,1,없음,120,6,0,0,0,2,2,4,1,10,2,1,1,1,1,8,2,3,2,2,0,999,3,1,3,1,1,1,3,3,2900,1,1,0,1,1,1,3,3,2900,1,1,0,1,1,1,3,3,2900,1,1,0,0,1,1,1280000,1090000,1,1
202601,6,,강릉중부,51150,16,0,0,0,1,0,3,32,04,7,1,없음,80,6,0,0,0,2,1,2,1,10,1,1,1,1,1,8,2,3,1,1,I,561,2,1,2,3,3,4,3,3,5700,1,1,0,3,3,4,3,3,5700,1,1,0,3,3,4,3,3,5700,1,1,0,2025,3,6,1220000,1970000,1,1
202601,6,,강릉중부,51150,16,0,0,0,1,0,6,32,03,7,1,없음,79,5,0,0,0,2,1,3,1,10,1,1,1,1,1,8,2,3,1,1,I,561,1,1,1,3,3,7,3,3,9800,1,1,0,3,3,7,3,3,9800,1,1,0,3,3,7,3,3,9800,1,1,0,2024,3,9,1490000,2250000,1,2
202601,6,,강릉중부,51150,16,0,0,0,1,0,6,32,03,7,1,없음,79,5,0,0,0,2,1,3,1,10,1,1,1,1,1,8,2,3,1,1,S,969,1,1,1,3,3,6,3,3,8100,1,1,0,3,3,6,3,3,8100,1,1,0,3,3,6,3,3,8100,1,1,0,2024,3,9,1490000,2250000,1,2
202601,6,,강릉중부,51150,16,0,0,0,1,0,6,32,03,7,1,없음,79,5,0,0,0,2,1,3,1,10,1,1,1,1,1,8,2,3,1,1,G,476,1,1,1,3,3,6,3,3,8900,1,1,0,3,3,6,3,3,8900,1,1,0,3,3,6,3,3,8900,1,1,0,2025,5,10,1490000,2250000,1,2
202601,6,,강릉중부,51150,16,0,0,0,1,0,6,32,03,7,1,없음,79,5,0,0,0,2,1,3,1,10,1,1,1,1,1,8,2,3,1,1,S,969,1,1,1,3,3,6,3,3,8400,1,1,0,3,3,6,3,3,8400,1,1,0,3,3,6,3,3,8400,1,1,0,2025,3,10,1490000,2250000,1,2
202601,6,,강릉중부,51150,16,0,0,0,1,0,2,51,03,1,1,없음,30,4,0,0,0,2,2,4,1,10,1,1,1,1,1,8,2,3,1,1,S,951,2,1,2,3,3,4,3,3,8900,1,1,0,3,3,4,3,3,8900,1,1,0,3,3,4,3,3,8900,1,1,0,2025,3,8,1160000,2500000,1,1
202601,6,,강릉중부,51150,16,0,0,0,1,0,2,51,03,1,1,없음,30,4,0,0,0,2,2,4,1,10,1,1,1,1,1,8,2,3,1,2,0,999,3,1,3,1,1,1,3,3,3500,1,1,0,1,1,1,3,3,3500,1,1,0,1,1,1,3,3,3500,1,1,0,0,1,1,1160000,2500000,1,1
202601,6,,강릉중부,51150,16,0,0,0,1,0,3,32,03,6,2,없음,70,4,0,0,0,2,2,4,1,10,2,2,1,1,1,8,2,3,1,1,I,561,4,1,4,5,5,6,5,4,9000,1,1,0,5,5,6,5,4,9000,1,1,0,5,5,6,5,4,9000,1,1,0,2025,3,6,1420000,1250000,1,1
202601,6,,강릉중부,51150,16,0,0,0,1,0,3,32,03,6,2,없음,70,4,0,0,0,2,2,4,1,10,2,2,1,1,1,8,2,3,2,6,0,999,4,1,4,1,1,1,3,3,3000,1,1,1,1,1,1,3,3,3000,1,1,1,1,1,1,3,3,3000,1,1,1,0,1,1,1420000,1250000,1,1
202601,6,,강릉중부,51150,16,0,0,0,1,0,3,32,03,5,1,없음,100,7,0,0,0,3,2,4,1,9,2,1,1,1,1,8,3,3,1,1,G,466,3,1,3,3,4,7,3,4,10100,1,1,0,3,4,7,3,4,10100,1,1,0,3,4,7,3,4,10100,1,1,0,2025,3,7,1320000,3060000,1,1
202601,6,,강릉중부,51150,16,0,0,0,1,0,3,32,03,5,1,없음,100,7,0,0,0,3,2,4,1,9,2,1,1,1,1,8,3,3,1,1,I,561,3,1,3,3,4,7,3,4,10100,1,1,0,3,4,7,3,4,10100,1,1,0,3,4,7,3,4,10100,1,1,0,2024,3,8,1320000,3060000,1,1
202601,6,,강릉중부,51150,14,0,0,0,1,0,3,32,04,3,1,없음,30,4,0,0,0,2,1,2,1,10,1,1,1,1,1,8,2,3,1,1,G,463,2,1,2,3,3,6,3,3,8800,1,1,0,3,3,6,3,3,8800,1,1,0,3,3,6,3,3,8800,1,1,0,2025,3,8,1000000,3510000,1,2
202601,6,,강릉중부,51150,14,0,0,0,1,0,7,32,04,6,1,없음,270,6,0,1,0,2,2,4,1,10,2,1,1,1,1,8,2,3,1,1,I,561,2,1,2,5,4,7,5,4,13000,1,1,0,5,4,7,5,4,13000,1,1,0,5,4,7,5,4,13000,1,1,0,2025,3,9,1530000,2600000,1,3
202601,6,,강릉중부,51150,14,0,0,0,1,0,7,32,04,6,1,없음,270,6,0,1,0,2,2,4,1,10,2,1,1,1,1,8,2,3,1,1,I,561,4,1,4,6,5,7,6,5,13600,1,1,0,6,5,7,6,5,13600,1,1,0,6,5,7,6,5,13600,1,1,0,2024,3,10,1530000,2600000,1,3
202601,6,,강릉중부,51150,16,0,0,0,1,0,3,32,03,5,1,없음,90,1,0,0,0,2,1,3,1,10,1,1,1,1,1,8,2,3,1,1,G,476,3,1,3,4,4,5,4,4,6700,1,1,0,4,4,5,4,4,6700,1,1,0,4,4,5,4,4,6700,1,1,0,2025,5,7,1330000,3290000,1,1
202601,6,,0.비상권,51150,14,0,0,0,1,0,6,32,04,5,1,없음,95,6,0,1,0,2,2,4,1,10,2,1,1,1,1,3,2,3,1,1,I,561,4,1,4,6,4,6,6,4,9500,1,1,0,6,4,6,6,4,9500,1,1,0,6,4,6,6,4,9500,1,1,0,2024,3,7,1110000,2400000,1,1
202601,6,,주문진항,51150,22,0,300,0,1,0,1,21,03,1,1,없음,51,5,0,0,0,1,2,4,1,10,2,1,1,1,1,8,1,3,1,1,J,581,3,1,3,3,3,4,4,4,6100,1,1,0,3,3,4,4,4,6100,1,1,0,3,3,4,4,4,6100,1,1,0,2025,3,7,2070000,930000,2,1
202601,6,,주문진항,51150,22,0,300,0,1,0,1,21,03,1,1,없음,51,5,0,0,0,1,2,4,1,10,2,1,1,1,1,8,1,3,2,1,I,562,3,1,3,3,3,4,3,3,4200,1,1,0,3,3,4,3,3,4200,1,1,0,3,3,4,3,3,4200,1,1,0,2024,3,9,2070000,930000,2,1
202601,6,,주문진항,51150,22,0,300,0,1,0,1,51,04,1,1,없음,100,8,0,0,0,1,1,2,1,10,1,1,1,1,1,8,1,3,1,1,I,561,2,1,2,5,3,7,5,3,13500,1,1,0,5,3,7,5,3,13500,1,1,0,5,3,7,5,3,13500,1,1,0,2025,3,8,890000,2210000,1,3
202601,6,,주문진항,51150,22,0,300,0,1,0,1,21,04,1,1,없음,45,4,0,0,0,1,1,2,1,9,1,1,1,1,1,8,1,3,1,1,I,561,2,1,2,4,3,7,4,3,11100,1,1,0,4,3,7,4,3,11100,1,1,0,4,3,7,4,3,11100,1,1,0,2025,3,10,1880000,1400000,1,3
202601,6,,주문진항,51150,22,0,300,0,1,0,1,21,04,1,1,없음,45,4,0,0,0,1,1,2,1,9,1,1,1,1,1,8,1,3,2,6,0,999,1,1,1,1,1,1,2,2,3900,1,1,1,1,1,1,2,2,3900,1,1,1,1,1,1,2,2,3900,1,1,1,0,1,1,1880000,1400000,1,3
202601,6,,주문진항,51150,22,0,300,0,1,0,1,51,03,1,1,없음,145,6,0,0,0,1,1,2,1,10,1,1,1,1,1,8,1,3,1,1,I,561,2,1,2,4,4,7,4,4,14200,1,1,0,4,4,7,4,4,14200,1,1,0,4,4,7,4,4,14200,1,1,0,2024,3,10,1500000,2770000,1,3
202601,6,,주문진항,51150,22,0,300,0,1,0,1,51,03,5,1,없음,150,6,0,0,0,1,1,1,1,10,1,1,1,1,1,28,1,3,1,1,I,561,1,1,1,4,3,7,4,3,13800,1,1,0,4,3,7,4,3,13800,1,1,0,4,3,7,4,3,13800,1,1,0,2024,3,8,1530000,3670000,1,2
202601,6,,주문진항,51150,22,0,300,0,1,0,3,19,03,6,1,없음,50,10,0,0,0,1,1,1,1,10,1,1,1,1,1,8,1,3,1,1,G,468,1,1,1,1,3,7,2,3,8400,1,1,0,1,3,7,2,3,8400,1,1,0,1,3,7,2,3,8400,1,1,0,2025,3,7,1740000,1870000,1,3
202601,6,,주문진항,51150,22,0,300,0,1,0,3,19,04,8,1,없음,50,10,0,0,0,1,1,2,1,10,1,1,1,1,1,8,1,3,1,1,G,463,2,1,2,3,3,5,3,3,7000,1,1,0,3,3,5,3,3,7000,1,1,0,3,3,5,3,3,7000,1,1,0,2025,3,8,1530000,1980000,1,2
202601,6,,주문진항,51150,22,0,300,0,1,0,8,11,04,7,1,없음,36,8,0,0,0,1,1,2,1,10,1,1,1,1,1,8,1,3,1,1,I,561,2,1,2,3,3,7,3,3,11500,1,1,0,3,3,7,3,3,11500,1,1,0,3,3,7,3,3,11500,1,1,0,2024,3,10,1380000,2380000,1,3
202601,6,,주문진항,51150,22,0,300,0,1,0,1,21,03,1,1,없음,20,4,0,0,0,2,2,4,1,10,1,1,1,1,1,8,2,3,1,1,S,969,1,1,1,3,3,7,3,3,14000,1,1,0,3,3,7,3,3,14000,1,1,0,3,3,7,3,3,14000,1,1,0,2026,3,9,1800000,1770000,1,1
202601,6,,주문진항,51150,22,0,300,0,1,0,1,21,03,1,1,없음,20,4,0,0,0,2,2,4,1,10,1,1,1,1,1,8,2,3,1,1,S,961,2,1,2,4,3,7,4,4,13300,1,1,0,4,3,7,4,4,13300,1,1,0,4,3,7,4,4,13300,1,1,0,2024,3,7,1800000,1770000,1,1
202601,6,,주문진항,51150,22,0,300,0,1,0,1,21,03,1,1,없음,20,4,0,0,0,2,2,4,1,10,1,1,1,1,1,8,2,3,2,6,0,999,2,1,2,1,1,1,3,3,4200,1,1,1,1,1,1,3,3,4200,1,1,1,1,1,1,3,3,4200,1,1,1,0,1,1,1800000,1770000,1,1
202601,6,,주문진항,51150,22,0,300,0,1,0,4,21,03,8,1,없음,20,6,0,0,0,2,1,3,1,10,1,1,1,1,1,8,2,3,1,1,I,561,3,1,3,5,5,7,5,5,14100,1,1,0,5,5,7,5,5,14100,1,1,0,5,5,7,5,5,14100,1,1,0,2025,6,9,2250000,3440000,1,3
202601,6,,묵호항,51170,22,0,0,0,1,0,1,12,04,1,1,없음,60,6,0,0,0,1,1,2,1,10,1,1,1,1,1,8,1,3,1,1,I,561,2,1,2,3,3,5,3,3,6400,1,1,0,3,3,5,3,3,6400,1,1,0,3,3,5,3,3,6400,1,1,0,2024,3,5,1310000,1490000,1,1
202601,6,,묵호항,51170,22,0,0,0,1,0,4,31,03,9,2,없음,76,6,0,0,0,2,2,4,1,10,2,1,2,1,1,8,2,3,1,1,I,561,2,1,2,3,3,5,3,3,7000,1,1,0,3,3,5,3,3,7000,1,1,0,3,3,5,3,3,7000,1,1,0,2024,3,10,1990000,1190000,1,1
202601,6,,묵호항,51170,22,0,0,0,1,0,4,31,03,9,2,없음,76,6,0,0,0,2,2,4,1,10,2,1,2,1,1,8,2,3,1,1,I,561,2,1,2,3,3,5,3,3,6500,1,1,0,3,3,5,3,3,6500,1,1,0,3,3,5,3,3,6500,1,1,0,2025,3,9,1990000,1190000,1,1
202601,6,,묵호항,51170,22,0,0,0,1,0,4,31,03,9,2,없음,76,6,0,0,0,2,2,4,1,10,2,1,2,1,1,8,2,3,1,6,0,999,2,1,2,1,1,1,3,3,7600,1,1,1,1,1,1,3,3,7600,1,1,1,1,1,1,3,3,7600,1,1,1,0,1,1,1990000,1190000,1,1
202601,6,,묵호항,51170,22,0,0,0,1,0,4,31,03,9,2,없음,76,6,0,0,0,2,2,4,1,10,2,1,2,1,1,8,2,3,2,2,0,999,2,1,2,1,1,1,2,3,4300,1,1,0,1,1,1,2,3,4300,1,1,0,1,1,1,2,3,4300,1,1,0,0,1,1,1990000,1190000,1,1
202601,6,,묵호항,51170,22,0,0,0,1,0,4,31,03,9,2,없음,76,6,0,0,0,2,2,4,1,10,2,1,2,1,1,8,2,3,2,2,0,999,3,1,3,1,1,1,3,3,3300,1,1,0,1,1,1,3,3,3300,1,1,0,1,1,1,3,3,3300,1,1,0,0,1,1,1990000,1190000,1,1
202601,6,,묵호항,51170,22,0,0,0,1,0,5,31,04,4,2,없음,83,6,0,0,0,1,1,2,1,9,1,1,1,1,1,8,1,3,1,1,A,020,2,1,2,3,3,4,3,3,4700,1,1,0,3,3,4,3,3,4700,1,1,0,3,3,4,3,3,4700,1,1,0,2024,3,10,1310000,850000,1,1
202601,6,,묵호항,51170,22,0,0,0,1,0,5,31,04,4,2,없음,83,6,0,0,0,1,1,2,1,9,1,1,1,1,1,8,1,3,2,1,0,999,1,1,2,1,2,3,2,2,2600,1,1,0,1,2,3,2,2,2600,1,1,0,1,2,3,2,2,2600,1,1,0,2024,3,10,1310000,850000,1,1
202601,6,,묵호항,51170,22,0,0,0,1,0,1,51,03,1,1,없음,49,4,0,0,0,1,1,2,1,10,1,1,1,1,1,8,1,3,1,1,S,953,2,1,2,3,3,6,3,3,9500,1,1,0,3,3,6,3,3,9500,1,1,0,3,3,6,3,3,9500,1,1,0,2024,3,9,1500000,2780000,1,1
202601,6,,묵호항,51170,22,0,0,0,1,0,5,32,03,7,1,없음,44,6,0,0,0,1,1,1,1,10,1,1,1,1,1,8,1,3,1,1,I,562,1,1,1,3,3,7,3,3,12200,1,1,0,3,3,7,3,3,12200,1,1,0,3,3,7,3,3,12200,1,1,0,2025,3,9,1350000,2000000,1,1
202601,6,,묵호항,51170,22,0,0,0,1,0,6,31,04,7,1,없음,43,6,0,0,0,1,1,2,1,10,1,1,1,1,1,8,1,3,1,1,I,561,2,1,2,6,3,7,6,3,12500,1,1,0,6,3,7,6,3,12500,1,1,0,6,3,7,6,3,12500,1,1,0,2024,3,10,1370000,2140000,1,2
202601,6,,묵호항,51170,22,0,0,0,1,0,1,51,03,1,1,없음,45,6,0,0,0,1,1,2,1,10,1,1,1,1,1,8,1,3,1,1,I,562,2,1,2,3,3,5,3,3,5900,1,1,0,3,3,5,3,3,5900,1,1,0,3,3,5,3,3,5900,1,1,0,2024,3,7,840000,1100000,1,1
202601,6,,0.비상권,51170,14,0,0,0,1,0,4,51,03,1,1,없음,100,5,0,0,0,2,1,3,1,10,1,1,1,1,1,8,2,3,1,1,I,561,2,1,2,3,3,4,3,3,5800,1,1,0,3,3,4,3,3,5800,1,1,0,3,3,4,3,3,5800,1,1,0,2025,3,10,580000,970000,1,1
202601,6,,0.비상권,51170,14,0,0,0,1,0,4,51,03,1,1,없음,100,5,0,0,0,2,1,3,1,10,1,1,1,1,1,8,2,3,1,6,0,999,1,1,1,1,1,1,3,3,6200,1,1,1,1,1,1,3,3,6200,1,1,1,1,1,1,3,3,6200,1,1,1,0,1,1,580000,970000,1,1
202601,6,,0.비상권,51170,14,0,0,0,1,0,4,51,03,1,1,없음,100,5,0,0,0,2,1,3,1,10,1,1,1,1,1,8,2,3,1,1,I,562,1,1,1,3,3,5,3,3,6700,1,1,0,3,3,5,3,3,6700,1,1,0,3,3,5,3,3,6700,1,1,0,2025,3,6,580000,970000,1,1
202601,6,,묵호항,51170,14,0,0,0,1,0,7,32,04,1,1,없음,107,3,0,0,0,1,1,3,1,10,1,1,1,1,1,8,1,3,1,1,G,476,3,1,3,4,3,6,4,3,8100,1,1,0,4,3,6,4,3,8100,1,1,0,4,3,6,4,3,8100,1,1,0,2024,3,9,1550000,1460000,1,1
202601,6,,묵호항,51170,22,0,0,0,1,0,1,51,03,1,1,없음,39,6,0,0,0,1,1,3,1,9,1,1,1,1,1,8,1,3,1,1,I,561,1,1,1,2,3,7,2,3,10300,1,1,0,2,3,7,2,3,10300,1,1,0,2,3,7,2,3,10300,1,1,0,2025,3,4,1190000,950000,2,1
202601,6,,묵호항,51170,22,0,0,0,1,0,1,51,03,1,1,없음,39,6,0,0,0,1,1,3,1,9,1,1,1,1,1,8,1,3,1,1,G,474,1,1,1,2,3,7,2,3,10100,1,1,0,2,3,7,2,3,10100,1,1,0,2,3,7,2,3,10100,1,1,0,2025,3,10,1190000,950000,2,1
202601,6,,묵호항,51170,22,0,0,0,1,0,1,51,03,1,1,없음,39,6,0,0,0,1,1,3,1,9,1,1,1,1,1,8,1,3,2,6,0,999,2,1,2,1,1,1,2,2,900,1,1,1,1,1,1,2,2,900,1,1,1,1,1,1,2,2,900,1,1,1,0,1,1,1190000,950000,2,1
202601,6,,묵호항,51170,22,0,200,0,1,0,1,12,04,1,1,없음,73,4,0,0,0,2,2,4,1,10,2,1,1,1,1,8,2,3,1,1,G,472,4,1,4,1,5,6,4,5,9400,1,1,0,1,5,6,4,5,9400,1,1,0,1,5,6,4,5,9400,1,1,0,2023,5,10,2880000,4210000,1,1
202601,6,,묵호항,51170,14,0,0,0,1,0,1,21,04,1,1,없음,150,5,0,0,0,1,1,2,1,10,1,1,1,1,1,8,1,3,1,1,G,463,1,1,1,4,3,7,4,3,18400,1,1,0,4,3,7,4,3,18400,1,1,0,4,3,7,4,3,18400,1,1,0,2024,3,5,1830000,1800000,1,1
202601,6,,묵호항,51170,14,0,0,0,1,0,1,21,04,1,1,없음,150,5,0,0,0,1,1,2,1,10,1,1,1,1,1,8,1,3,2,6,0,999,1,1,1,1,1,1,2,2,3900,1,1,1,1,1,1,2,2,3900,1,1,1,1,1,1,2,2,3900,1,1,1,0,1,1,1830000,1800000,1,1
202601,6,,묵호항,51170,22,0,0,0,1,0,1,51,03,1,1,없음,150,8,0,0,0,1,1,3,1,10,1,1,1,1,1,8,1,3,1,1,I,561,3,1,3,6,5,7,4,5,15900,1,1,0,6,5,7,4,5,15900,1,1,0,6,5,7,4,5,15900,1,1,0,2025,3,10,4570000,2640000,1,1
202601,6,,묵호항,51170,14,0,0,0,1,0,4,11,03,6,1,없음,102,5,0,0,0,1,1,1,1,10,1,1,1,1,1,8,1,3,1,1,G,472,1,1,1,3,3,8,3,3,26300,1,1,0,3,3,8,3,3,26300,1,1,0,3,3,8,3,3,26300,1,1,0,2025,5,8,2290000,3840000,1,3
202601,6,,태백중앙시장,51190,22,0,0,0,1,0,1,12,04,5,1,없음,100,8,0,0,0,2,1,3,1,10,1,1,1,1,1,8,2,3,1,1,I,561,3,1,3,6,5,7,6,5,13600,1,1,0,6,5,7,6,5,13600,1,1,0,6,5,7,6,5,13600,1,1,0,2025,3,8,1280000,2710000,1,2
202601,6,,태백중앙시장,51190,22,0,0,0,1,0,1,12,04,8,2,없음,50,6,0,0,0,1,1,3,1,10,1,1,1,1,1,8,1,3,1,1,G,478,2,1,2,5,4,7,5,4,13300,1,1,0,5,4,7,5,4,13300,1,1,0,5,4,7,5,4,13300,1,1,0,2025,3,8,1920000,1580000,1,1
202601,6,,태백중앙시장,51190,22,0,0,0,1,0,1,12,04,8,2,없음,50,6,0,0,0,1,1,3,1,10,1,1,1,1,1,8,1,3,2,1,S,961,1,1,1,3,3,7,3,3,10200,1,1,0,3,3,7,3,3,10200,1,1,0,3,3,7,3,3,10200,1,1,0,2025,3,10,1920000,1580000,1,1
202601,6,,태백중앙시장,51190,22,0,0,0,1,0,5,11,04,8,2,없음,86,9,0,0,0,2,2,4,1,10,2,1,1,1,1,8,2,3,1,1,G,463,1,1,1,3,3,7,3,3,13500,1,1,0,3,3,7,3,3,13500,1,1,0,3,3,7,3,3,13500,1,1,0,2025,3,8,2100000,1870000,1,2
202601,6,,태백중앙시장,51190,22,0,0,0,1,0,5,11,04,8,2,없음,86,9,0,0,0,2,2,4,1,10,2,1,1,1,1,8,2,3,1,1,I,562,1,1,1,3,3,7,3,3,13200,1,1,0,3,3,7,3,3,13200,1,1,0,3,3,7,3,3,13200,1,1,0,2026,3,10,2100000,1870000,1,2
202601,6,,태백중앙시장,51190,22,0,0,0,1,0,5,11,04,8,2,없음,86,9,0,0,0,2,2,4,1,10,2,1,1,1,1,8,2,3,1,1,G,474,1,1,1,3,3,7,3,3,13500,1,1,0,3,3,7,3,3,13500,1,1,0,3,3,7,3,3,13500,1,1,0,2025,3,7,2100000,1870000,1,2
202601,6,,태백중앙시장,51190,22,0,0,0,1,0,5,11,04,8,2,없음,86,9,0,0,0,2,2,4,1,10,2,1,1,1,1,8,2,3,1,1,G,474,1,1,1,3,3,7,3,3,13500,1,1,0,3,3,7,3,3,13500,1,1,0,3,3,7,3,3,13500,1,1,0,2025,3,9,2100000,1870000,1,2
202601,6,,태백중앙시장,51190,22,0,0,0,1,0,5,11,04,8,2,없음,86,9,0,0,0,2,2,4,1,10,2,1,1,1,1,8,2,3,2,1,0,999,2,1,2,3,3,4,3,3,4100,1,1,0,3,3,4,3,3,4100,1,1,0,3,3,4,3,3,4100,1,1,0,2025,3,8,2100000,1870000,1,2
202601,6,,태백중앙시장,51190,22,0,0,0,1,0,1,12,03,1,1,없음,80,11,0,0,0,1,1,3,1,10,1,1,1,1,1,8,1,3,1,1,I,561,3,1,3,4,3,3,3,3,4300,1,1,0,4,3,3,3,3,4300,1,1,0,4,3,3,3,3,4300,1,1,0,2024,3,5,1590000,1540000,1,1
202601,6,,태백중앙시장,51190,22,0,0,0,1,0,1,51,03,1,1,없음,120,10,0,0,0,1,1,2,1,10,1,1,1,1,1,8,1,3,1,1,I,561,2,1,2,4,3,6,4,3,7100,1,1,0,4,3,6,4,3,7100,1,1,0,4,3,6,4,3,7100,1,1,0,2025,3,7,1280000,2000000,1,2
202601,6,,태백중앙시장,51190,22,0,0,0,1,0,3,12,04,8,1,없음,70,8,0,0,0,2,2,4,1,10,2,1,1,1,1,8,2,3,1,1,I,561,2,1,2,3,4,6,3,4,9200,1,1,0,3,4,6,3,4,9200,1,1,0,3,4,6,3,4,9200,1,1,0,2024,3,8,1770000,1910000,1,2
202601,6,,태백중앙시장,51190,22,0,0,0,1,0,3,12,04,8,1,없음,70,8,0,0,0,2,2,4,1,10,2,1,1,1,1,8,2,3,1,1,I,561,2,1,2,3,3,6,3,3,9400,1,1,0,3,3,6,3,3,9400,1,1,0,3,3,6,3,3,9400,1,1,0,2024,3,8,1770000,1910000,1,2
202601,6,,태백중앙시장,51190,22,0,0,0,1,0,3,12,04,8,1,없음,70,8,0,0,0,2,2,4,1,10,2,1,1,1,1,8,2,3,2,1,0,999,1,1,1,2,2,3,2,2,2600,1,1,0,2,2,3,2,2,2600,1,1,0,2,2,3,2,2,2600,1,1,0,2024,3,8,1770000,1910000,1,2
202601,6,,태백중앙시장,51190,22,0,0,0,1,0,1,31,03,8,1,없음,98,6,0,0,0,2,2,4,1,9,1,1,1,1,1,8,2,3,1,2,G,463,1,1,1,1,1,1,3,3,14900,1,1,0,1,1,1,3,3,14900,1,1,0,1,1,1,3,3,14900,1,1,0,0,1,1,3350000,3810000,1,1
202601,6,,태백중앙시장,51190,22,0,0,0,1,0,1,31,03,8,1,없음,98,6,0,0,0,2,2,4,1,9,1,1,1,1,1,8,2,3,1,1,I,561,2,1,2,4,4,7,4,4,13700,1,1,0,4,4,7,4,4,13700,1,1,0,4,4,7,4,4,13700,1,1,0,2024,3,9,3350000,3810000,1,1
202601,6,,태백중앙시장,51190,22,0,0,0,1,0,1,31,03,8,1,없음,98,6,0,0,0,2,2,4,1,9,1,1,1,1,1,8,2,3,1,1,I,561,1,1,1,3,3,7,3,3,14700,1,1,0,3,3,7,3,3,14700,1,1,0,3,3,7,3,3,14700,1,1,0,2024,3,9,3350000,3810000,1,1
202601,6,,태백중앙시장,51190,22,0,0,0,1,0,1,31,03,8,1,없음,98,6,0,0,0,2,2,4,1,9,1,1,1,1,1,8,2,3,1,6,0,999,1,1,1,1,1,1,3,3,12500,1,1,1,1,1,1,3,3,12500,1,1,1,1,1,1,3,3,12500,1,1,1,0,1,1,3350000,3810000,1,1
202601,6,,태백중앙시장,51190,22,0,0,0,1,0,1,31,03,8,1,없음,98,6,0,0,0,2,2,4,1,9,1,1,1,1,1,8,2,3,1,2,G,472,1,1,1,1,1,1,3,3,14900,1,1,0,1,1,1,3,3,14900,1,1,0,1,1,1,3,3,14900,1,1,0,0,1,1,3350000,3810000,1,1
202601,6,,태백중앙시장,51190,22,0,0,0,1,0,1,31,03,8,1,없음,98,6,0,0,0,2,2,4,1,9,1,1,1,1,1,8,2,3,1,2,G,472,1,1,1,1,1,1,3,3,14900,1,1,0,1,1,1,3,3,14900,1,1,0,1,1,1,3,3,14900,1,1,0,0,1,1,3350000,3810000,1,1
202601,6,,태백중앙시장,51190,22,0,0,0,1,0,1,31,03,8,1,없음,98,6,0,0,0,2,2,4,1,9,1,1,1,1,1,8,2,3,1,6,0,999,1,1,1,1,1,1,3,3,12500,1,1,1,1,1,1,3,3,12500,1,1,1,1,1,1,3,3,12500,1,1,1,0,1,1,3350000,3810000,1,1
202601,6,,태백중앙시장,51190,22,0,0,0,1,0,4,31,04,7,1,없음,100,8,0,0,0,2,2,4,1,10,2,1,1,1,1,8,2,3,1,1,I,561,4,1,4,6,5,5,6,4,6400,1,1,0,6,5,5,6,4,6400,1,1,0,6,5,5,6,4,6400,1,1,0,2025,3,10,1520000,2560000,1,2
202601,6,,태백중앙시장,51190,22,0,0,0,1,0,1,11,03,1,1,없음,40,4,0,0,0,2,2,4,1,9,2,1,1,1,1,8,2,3,1,1,G,472,3,1,3,6,4,7,6,4,12100,1,1,0,6,4,7,6,4,12100,1,1,0,6,4,7,6,4,12100,1,1,0,2025,3,7,1970000,1500000,1,1
202601,6,,태백중앙시장,51190,22,0,0,0,1,0,1,11,03,1,1,없음,40,4,0,0,0,2,2,4,1,9,2,1,1,1,1,8,2,3,1,1,I,561,2,1,3,5,4,7,5,4,11800,1,1,0,5,4,7,5,4,11800,1,1,0,5,4,7,5,4,11800,1,1,0,2025,3,4,1970000,1500000,1,1
202601,6,,태백중앙시장,51190,22,0,0,0,1,0,1,11,03,1,1,없음,40,4,0,0,0,2,2,4,1,9,2,1,1,1,1,8,2,3,2,1,I,562,4,1,4,6,4,5,6,4,6000,1,1,0,6,4,5,6,4,6000,1,1,0,6,4,5,6,4,6000,1,1,0,2025,3,8,1970000,1500000,1,1
202601,6,,태백중앙시장,51190,22,0,0,0,1,1,2,21,03,7,1,없음,120,9,0,0,0,2,2,4,1,10,2,1,1,1,1,8,2,3,-1,2,0,999,1,1,1,1,1,1,2,2,1300,1,1,0,1,1,1,2,2,1300,1,1,0,1,1,1,2,2,1300,1,1,0,0,1,1,1520000,1520000,1,2
202601,6,,태백중앙시장,51190,22,0,0,0,1,1,2,21,03,7,1,없음,120,9,0,0,0,2,2,4,1,10,2,1,1,1,1,8,2,3,1,1,I,561,4,1,4,5,4,4,5,4,5100,1,3,0,5,4,4,5,4,5100,1,3,0,5,4,4,5,4,5100,1,3,0,2025,3,9,1520000,1520000,1,2
202601,6,,태백중앙시장,51190,22,0,0,0,1,1,2,21,03,7,1,없음,120,9,0,0,0,2,2,4,1,10,2,1,1,1,1,8,2,3,2,1,0,999,2,1,2,3,3,4,3,3,3600,1,1,0,3,3,4,3,3,3600,1,1,0,3,3,4,3,3,3600,1,1,0,2025,3,8,1520000,1520000,1,2
202601,6,,태백중앙시장,51190,22,0,0,0,1,0,1,21,03,5,1,없음,65,6,0,0,0,2,2,4,1,10,2,1,1,1,1,8,2,3,1,1,I,561,2,1,2,6,5,8,6,5,27800,1,1,0,6,5,8,6,5,27800,1,1,0,6,5,8,6,5,27800,1,1,0,2025,3,10,3270000,3750000,1,2
202601,6,,태백중앙시장,51190,22,0,0,0,1,0,1,21,03,5,1,없음,65,6,0,0,0,2,2,4,1,10,2,1,1,1,1,8,2,3,2,1,R,912,2,1,2,4,3,6,4,3,8900,1,1,0,4,3,6,4,3,8900,1,1,0,4,3,6,4,3,8900,1,1,0,2025,3,9,3270000,3750000,1,2
202601,6,,태백중앙시장,51190,22,0,0,0,1,0,1,11,16,1,1,없음,50,8,0,0,0,2,2,4,1,10,2,1,1,1,1,8,2,3,1,1,I,562,3,1,3,4,4,7,4,4,9200,1,1,0,4,4,7,4,4,9200,1,1,0,4,4,7,4,4,9200,1,1,0,2025,3,8,1690000,1560000,1,2
202601,6,,태백중앙시장,51190,22,0,0,0,1,0,1,11,16,1,1,없음,50,8,0,0,0,2,2,4,1,10,2,1,1,1,1,8,2,3,1,2,O,845,1,1,1,1,1,1,3,3,9200,1,1,0,1,1,1,3,3,9200,1,1,0,1,1,1,3,3,9200,1,1,0,0,1,1,1690000,1560000,1,2
202601,6,,태백중앙시장,51190,22,0,0,0,1,0,1,11,16,1,1,없음,50,8,0,0,0,2,2,4,1,10,2,1,1,1,1,8,2,3,2,1,0,999,3,1,3,3,3,3,3,3,2800,1,1,0,3,3,3,3,3,2800,1,1,0,3,3,3,3,3,2800,1,1,0,2024,3,9,1690000,1560000,1,2
202601,6,,태백중앙시장,51190,22,0,0,0,1,0,1,51,04,1,1,없음,50,6,0,0,0,2,1,3,1,10,1,1,1,1,1,8,2,3,1,1,G,472,2,1,2,3,3,6,3,3,7800,1,1,0,3,3,6,3,3,7800,1,1,0,3,3,6,3,3,7800,1,1,0,2025,2,10,1320000,2760000,1,1
202601,6,,태백중앙시장,51190,22,0,0,0,1,0,1,51,04,1,1,없음,50,6,0,0,0,2,1,3,1,10,1,1,1,1,1,8,2,3,1,1,G,478,2,1,2,3,3,7,3,3,8800,1,1,0,3,3,7,3,3,8800,1,1,0,3,3,7,3,3,8800,1,1,0,2024,3,5,1320000,2760000,1,1
202601,6,,태백중앙시장,51190,22,0,0,0,1,0,7,21,03,8,2,없음,86,6,0,0,0,1,2,4,1,10,1,1,1,1,1,8,2,3,1,1,I,561,3,1,3,5,4,7,5,4,15900,1,1,0,5,4,7,5,4,15900,1,1,0,5,4,7,5,4,15900,1,1,0,2024,3,8,1570000,2910000,1,2
202601,6,,태백중앙시장,51190,22,0,0,0,1,0,7,21,03,8,2,없음,86,6,0,0,0,1,2,4,1,10,1,1,1,1,1,8,2,3,2,6,0,999,3,1,3,1,1,1,4,4,9500,1,1,1,1,1,1,4,4,9500,1,1,1,1,1,1,4,4,9500,1,1,1,0,1,1,1570000,2910000,1,2
202601,6,,태백중앙시장,51190,22,0,0,0,1,0,1,21,04,8,2,없음,20,5,0,0,0,2,2,4,1,10,2,1,1,1,1,8,2,3,1,1,G,471,2,1,3,6,4,7,6,4,11500,1,1,0,6,4,7,6,4,11500,1,1,0,6,4,7,6,4,11500,1,1,0,2024,3,7,1660000,1070000,1,1
202601,6,,태백중앙시장,51190,22,0,0,0,1,0,1,21,04,8,2,없음,20,5,0,0,0,2,2,4,1,10,2,1,1,1,1,8,2,3,1,1,I,561,1,1,1,3,3,7,3,3,11500,1,1,0,3,3,7,3,3,11500,1,1,0,3,3,7,3,3,11500,1,1,0,2025,3,8,1660000,1070000,1,1
202601,6,,태백중앙시장,51190,22,0,0,0,1,0,1,21,04,8,2,없음,20,5,0,0,0,2,2,4,1,10,2,1,1,1,1,8,2,3,2,1,I,562,3,1,3,5,3,5,5,3,5900,1,1,0,5,3,5,5,3,5900,1,1,0,5,3,5,5,3,5900,1,1,0,2025,3,6,1660000,1070000,1,1
202601,6,,태백중앙시장,51190,14,0,0,0,1,0,6,21,04,6,1,없음,150,6,0,0,0,1,1,3,1,10,1,1,1,1,1,1,1,3,1,1,P,855,2,1,2,3,3,5,3,3,6100,1,1,0,3,3,5,3,3,6100,1,1,0,3,3,5,3,3,6100,1,1,0,2024,3,9,1130000,1220000,1,2
202601,6,,태백중앙시장,51190,14,0,0,0,1,0,6,21,04,6,1,없음,150,6,0,0,0,1,1,3,1,10,1,1,1,1,1,1,1,3,2,1,G,478,2,1,2,2,3,3,2,3,3700,1,1,0,2,3,3,2,3,3700,1,1,0,2,3,3,2,3,3700,1,1,0,2026,3,10,1130000,1220000,1,2
202601,6,,속초중앙시장,51210,22,0,120,0,1,0,5,11,03,8,2,없음,30,8,0,0,0,1,2,3,1,9,2,1,1,1,1,8,1,3,1,1,G,474,2,1,2,4,4,7,4,4,15000,1,1,0,4,4,7,4,4,15000,1,1,0,4,4,7,4,4,15000,1,1,0,2025,3,10,6460000,4140000,1,2
202601,6,,속초중앙시장,51210,22,0,120,0,1,0,5,11,03,8,2,없음,30,8,0,0,0,1,2,3,1,9,2,1,1,1,1,8,1,3,2,1,S,961,2,1,2,3,4,6,3,4,9900,1,1,0,3,4,6,3,4,9900,1,1,0,3,4,6,3,4,9900,1,1,0,2024,3,7,6460000,4140000,1,2
202601,6,,속초중앙시장,51210,14,0,0,0,1,0,5,21,03,6,2,없음,100,4,0,0,0,1,1,3,1,10,1,1,1,1,1,8,1,3,1,1,I,561,2,1,2,3,3,6,3,3,8900,1,1,0,3,3,6,3,3,8900,1,1,0,3,3,6,3,3,8900,1,1,0,2025,3,8,2280000,2180000,1,1
202601,6,,속초중앙시장,51210,14,0,0,0,1,0,5,21,03,6,2,없음,100,4,0,0,0,1,1,3,1,10,1,1,1,1,1,8,1,3,2,2,0,999,2,1,2,1,1,1,3,3,6800,1,1,0,1,1,1,3,3,6800,1,1,0,1,1,1,3,3,6800,1,1,0,0,1,1,2280000,2180000,1,1
202601,6,,속초중앙시장,51210,22,0,120,0,1,0,1,12,03,1,1,없음,152,8,0,0,0,1,1,3,1,10,1,1,1,1,1,8,1,3,1,1,S,969,3,1,3,1,3,4,4,3,5600,1,1,0,1,3,4,4,3,5600,1,1,0,1,3,4,4,3,5600,1,1,0,2026,2,10,2220000,2450000,1,1
202601,6,,속초중앙시장,51210,22,0,0,0,1,0,6,31,04,5,1,없음,50,8,0,0,0,2,1,3,1,10,1,1,1,1,1,8,2,3,1,1,G,475,3,1,3,4,4,5,4,4,6900,1,1,0,4,4,5,4,4,6900,1,1,0,4,4,5,4,4,6900,1,1,0,2023,5,8,1440000,2900000,1,1
202601,6,,속초중앙시장,51210,22,0,120,0,1,0,8,32,03,8,1,없음,80,6,0,0,0,1,1,2,1,10,1,1,1,1,1,8,1,3,1,1,S,961,2,1,2,4,4,7,4,4,18600,1,1,0,4,4,7,4,4,18600,1,1,0,4,4,7,4,4,18600,1,1,0,2025,3,10,3420000,4570000,1,2
202601,6,,속초중앙시장,51210,22,0,120,0,1,0,1,21,03,1,1,없음,70,4,0,0,0,1,1,3,1,10,1,1,1,1,1,8,1,3,1,1,G,474,2,1,2,6,5,9,6,5,30500,1,1,0,6,5,9,6,5,30500,1,1,0,6,5,9,6,5,30500,1,1,0,2024,3,8,5720000,4190000,1,1
202601,6,,속초중앙시장,51210,22,0,120,0,1,0,1,21,03,1,1,없음,70,4,0,0,0,1,1,3,1,10,1,1,1,1,1,8,1,3,2,6,0,999,2,1,2,1,1,1,4,3,7900,1,1,1,1,1,1,4,3,7900,1,1,1,1,1,1,4,3,7900,1,1,1,0,1,1,5720000,4190000,1,1
202601,6,,속초중앙시장,51210,22,0,120,0,1,0,1,21,03,1,1,없음,65,4,0,0,0,1,1,3,1,10,1,1,1,1,1,8,1,3,1,1,G,474,2,1,2,6,5,9,6,5,29500,1,1,0,6,5,9,6,5,29500,1,1,0,6,5,9,6,5,29500,1,1,0,2024,3,9,6190000,4570000,1,1
202601,6,,속초중앙시장,51210,22,0,120,0,1,0,1,21,03,1,1,없음,65,4,0,0,0,1,1,3,1,10,1,1,1,1,1,8,1,3,2,1,S,961,2,1,2,4,3,5,4,3,6800,1,1,0,4,3,5,4,3,6800,1,1,0,4,3,5,4,3,6800,1,1,0,2024,3,9,6190000,4570000,1,1
202601,6,,속초중앙시장,51210,22,0,120,0,1,0,1,21,03,1,1,없음,30,4,0,0,0,2,2,4,1,10,2,1,1,1,1,8,2,3,1,1,G,474,3,1,3,6,6,8,6,6,23600,1,1,0,6,6,8,6,6,23600,1,1,0,6,6,8,6,6,23600,1,1,0,2025,3,8,5410000,3820000,1,1
202601,6,,속초중앙시장,51210,22,0,120,0,1,0,1,21,03,1,1,없음,30,4,0,0,0,2,2,4,1,10,2,1,1,1,1,8,2,3,2,1,S,961,3,1,3,3,4,5,4,4,7100,1,1,0,3,4,5,4,4,7100,1,1,0,3,4,5,4,4,7100,1,1,0,2025,3,9,5410000,3820000,1,1
202601,6,,속초중앙시장,51210,22,0,120,0,1,0,6,32,04,4,1,없음,30,4,0,0,0,2,1,3,1,10,1,1,1,1,1,8,2,3,1,6,0,999,3,1,3,1,1,1,5,5,16100,1,1,1,1,1,1,5,5,16100,1,1,1,1,1,1,5,5,16100,1,1,1,0,1,1,3100000,9000000,1,1
202601,6,,속초중앙시장,51210,22,0,120,0,1,0,1,51,03,1,1,없음,50,4,0,0,0,2,1,2,1,10,1,1,1,1,1,8,2,3,1,1,I,561,2,1,2,4,4,7,4,4,13800,1,1,0,4,4,7,4,4,13800,1,1,0,4,4,7,4,4,13800,1,1,0,2024,3,9,1820000,6110000,1,1
202601,6,,속초중앙시장,51210,22,0,200,0,1,0,7,32,03,7,1,없음,65,5,0,0,0,2,2,4,1,10,2,1,1,1,1,8,2,3,1,1,I,561,2,1,2,5,5,8,5,5,22100,1,1,0,5,5,8,5,5,22100,1,1,0,5,5,8,5,5,22100,1,1,0,2024,3,9,3090000,4640000,1,1
202601,6,,속초중앙시장,51210,22,0,200,0,1,0,7,32,03,7,1,없음,65,5,0,0,0,2,2,4,1,10,2,1,1,1,1,8,2,3,1,1,G,472,2,1,2,5,4,8,5,4,20400,1,1,0,5,4,8,5,4,20400,1,1,0,5,4,8,5,4,20400,1,1,0,2025,3,10,3090000,4640000,1,1
202601,6,,속초중앙시장,51210,22,0,0,0,1,1,2,21,03,1,1,없음,130,6,0,0,0,2,2,4,1,10,2,1,1,1,1,8,2,3,-1,6,0,999,3,1,3,1,1,1,3,3,2600,1,1,1,1,1,1,3,3,2600,1,1,1,1,1,1,3,3,2600,1,1,1,0,1,1,1990000,1120000,1,1
202601,6,,속초중앙시장,51210,22,0,0,0,1,1,2,21,03,1,1,없음,130,6,0,0,0,2,2,4,1,10,2,1,1,1,1,8,2,3,1,1,G,472,3,1,3,3,3,4,4,4,10300,1,1,0,3,3,4,4,4,10300,1,1,0,3,3,4,4,4,10300,1,1,0,2025,3,8,1990000,1120000,1,1
202601,6,,속초중앙시장,51210,22,0,0,0,1,1,2,21,03,1,1,없음,130,6,0,0,0,2,2,4,1,10,2,1,1,1,1,8,2,3,2,1,I,562,3,1,3,3,3,4,3,3,5200,1,1,0,3,3,4,3,3,5200,1,1,0,3,3,4,3,3,5200,1,1,0,2025,3,8,1990000,1120000,1,1
202601,6,,삼척중앙시장,51230,22,0,0,0,1,1,4,21,04,8,2,없음,150,8,0,0,0,1,2,4,2,8,2,1,1,1,1,8,2,3,-1,6,0,999,1,1,1,1,1,1,2,2,2700,1,1,1,1,1,1,2,2,2700,1,1,1,1,1,1,2,2,2700,1,1,1,0,1,1,1620000,1130000,1,1
202601,6,,삼척중앙시장,51230,22,0,0,0,1,1,4,21,04,8,2,없음,150,8,0,0,0,1,2,4,2,8,2,1,1,1,1,8,2,3,1,1,S,961,2,1,3,3,3,5,3,3,7200,1,1,0,3,3,5,3,3,7200,1,1,0,3,3,5,3,3,7200,1,1,0,2026,3,9,1620000,1130000,1,1
202601,6,,삼척중앙시장,51230,22,0,0,0,1,1,4,21,04,8,2,없음,150,8,0,0,0,1,2,4,2,8,2,1,1,1,1,8,2,3,2,1,F,412,2,1,3,3,3,3,3,3,3000,1,1,0,3,3,3,3,3,3000,1,1,0,3,3,3,3,3,3000,1,1,0,2025,3,10,1620000,1130000,1,1
202601,6,,삼척중앙시장,51230,22,0,0,0,1,0,1,12,03,7,1,없음,200,8,0,0,0,2,2,4,2,7,2,1,1,1,1,8,2,3,1,1,S,961,2,1,2,3,3,4,3,3,5400,1,1,0,3,3,4,3,3,5400,1,1,0,3,3,4,3,3,5400,1,1,0,2024,4,9,1350000,2030000,1,1
202601,6,,삼척중앙시장,51230,22,0,0,0,1,0,1,12,03,7,1,없음,200,8,0,0,0,2,2,4,2,7,2,1,1,1,1,8,2,3,1,1,G,474,3,2,4,3,4,4,3,4,5600,1,1,0,3,4,4,3,4,5600,1,1,0,3,4,4,3,4,5600,1,1,0,2024,4,10,1350000,2030000,1,1
202601,6,,삼척중앙시장,51230,22,0,0,0,1,0,1,11,03,1,1,없음,20,2,0,0,0,3,1,2,1,9,1,1,1,1,1,8,3,3,1,1,S,953,2,1,2,4,3,7,4,3,10400,1,1,0,4,3,7,4,3,10400,1,1,0,4,3,7,4,3,10400,1,1,0,2025,3,7,1670000,9630000,1,1
202601,6,,삼척중앙시장,51230,22,0,0,0,1,0,1,11,03,1,1,없음,20,2,0,0,0,3,1,2,1,9,1,1,1,1,1,8,3,3,1,1,G,478,1,1,1,4,3,7,4,3,10500,1,1,0,4,3,7,4,3,10500,1,1,0,4,3,7,4,3,10500,1,1,0,2025,3,9,1670000,9630000,1,1
202601,6,,삼척중앙시장,51230,22,0,0,0,1,0,1,11,03,1,1,없음,134,2,0,0,0,2,1,3,1,10,1,1,1,1,1,8,2,3,1,1,G,472,3,1,3,5,4,7,5,4,11600,1,1,0,5,4,7,5,4,11600,1,1,0,5,4,7,5,4,11600,1,1,0,2025,3,10,2080000,2890000,1,1
202601,6,,삼척중앙시장,51230,22,0,0,0,1,0,1,51,03,1,1,없음,50,6,0,0,0,2,2,4,1,10,2,1,1,1,1,8,2,3,1,1,I,561,3,1,3,4,4,6,4,4,8300,1,1,0,4,4,6,4,4,8300,1,1,0,4,4,6,4,4,8300,1,1,0,2025,3,10,1670000,1710000,1,1
202601,6,,삼척중앙시장,51230,22,0,0,0,1,0,1,51,03,1,1,없음,50,6,0,0,0,2,2,4,1,10,2,1,1,1,1,8,2,3,2,1,0,999,1,1,1,4,3,5,3,3,6200,1,1,0,4,3,5,3,3,6200,1,1,0,4,3,5,3,3,6200,1,1,0,2024,3,9,1670000,1710000,1,1
202601,6,,삼척중앙시장,51230,22,0,0,0,1,0,1,11,03,1,1,없음,200,1,0,0,0,2,2,4,1,9,2,1,2,1,1,8,2,3,1,1,G,474,3,1,4,6,5,7,6,5,17200,1,1,0,6,5,7,6,5,17200,1,1,0,6,5,7,6,5,17200,1,1,0,2024,3,7,2590000,2070000,1,1
202601,6,,삼척중앙시장,51230,22,0,0,0,1,0,1,11,03,1,1,없음,200,1,0,0,0,2,2,4,1,9,2,1,2,1,1,8,2,3,2,2,0,999,2,1,2,1,1,1,3,3,5900,1,1,0,1,1,1,3,3,5900,1,1,0,1,1,1,3,3,5900,1,1,0,0,1,1,2590000,2070000,1,1
202601,6,,삼척중앙시장,51230,22,0,0,0,1,0,1,11,03,1,1,없음,200,1,0,0,0,2,2,4,1,9,2,1,2,1,1,8,2,3,2,3,G,474,2,1,2,1,1,1,3,3,6000,1,1,0,1,1,1,3,3,6000,1,1,0,1,1,1,3,3,6000,1,1,0,2024,3,7,2590000,2070000,1,1
202601,6,,삼척중앙시장,51230,22,0,0,0,1,0,4,32,04,6,1,없음,200,8,0,1,0,3,2,4,2,8,2,1,1,1,1,8,3,3,1,1,I,561,4,2,4,6,4,4,6,4,6100,1,1,0,6,4,4,6,4,6100,1,1,0,6,4,4,6,4,6100,1,1,0,2024,3,7,1410000,2490000,1,1
202601,6,,삼척중앙시장,51230,22,0,0,0,1,0,5,21,04,8,1,없음,82,7,0,0,0,1,1,1,1,10,1,1,1,1,1,8,1,3,1,1,I,561,1,1,2,4,4,8,4,4,21700,1,1,0,4,4,8,4,4,21700,1,1,0,4,4,8,4,4,21700,1,1,0,2024,3,8,2110000,2950000,1,2
202601,6,,삼척중앙시장,51230,22,0,0,0,1,0,2,11,03,4,1,없음,180,7,0,0,0,2,2,4,1,10,2,1,1,1,1,8,2,3,1,1,I,562,1,1,1,3,3,8,3,3,23000,1,1,0,3,3,8,3,3,23000,1,1,0,3,3,8,3,3,23000,1,1,0,2024,3,9,1870000,3380000,1,1
202601,6,,삼척중앙시장,51230,22,0,0,0,1,0,2,11,03,4,1,없음,180,7,0,0,0,2,2,4,1,10,2,1,1,1,1,8,2,3,1,1,I,561,4,1,4,5,5,7,5,5,10900,1,1,0,5,5,7,5,5,10900,1,1,0,5,5,7,5,5,10900,1,1,0,2025,3,10,1870000,3380000,1,1
202601,6,,0.비상권,51720,22,0,0,0,1,0,4,32,03,7,1,없음,100,4,0,0,0,2,1,3,1,10,1,1,1,1,1,8,2,3,1,1,I,561,2,1,2,3,3,5,3,3,6400,1,1,0,3,3,5,3,3,6400,1,1,0,3,3,5,3,3,6300,1,1,0,2024,3,8,1120000,1770000,1,1
202601,6,,0.비상권,51720,22,0,0,0,1,0,4,32,03,7,1,없음,100,4,0,0,0,2,1,3,1,10,1,1,1,1,1,8,2,3,1,1,I,562,2,1,2,3,3,5,3,3,7000,1,1,0,3,3,5,3,3,7000,1,1,0,3,3,5,3,3,7000,1,1,0,2025,3,10,1120000,1770000,1,1
202601,6,,0.비상권,51720,22,0,0,0,1,0,1,21,03,1,1,없음,5,4,0,0,0,1,2,4,1,8,2,1,1,1,1,8,1,3,1,1,I,561,2,1,3,5,3,5,5,3,7300,1,1,0,5,3,5,5,3,7300,1,1,0,5,3,5,5,3,7300,1,1,0,2024,3,5,2270000,1460000,1,1
202601,6,,0.비상권,51720,22,0,0,0,1,0,1,21,03,1,1,없음,5,4,0,0,0,1,2,4,1,8,2,1,1,1,1,8,1,3,2,1,S,949,2,1,3,3,3,3,4,3,4200,1,1,0,3,3,3,4,3,4200,1,1,0,3,3,3,4,3,4200,1,1,0,2026,3,2,2270000,1460000,1,1
202601,6,,0.비상권,51720,22,0,0,0,1,0,1,21,04,10,2,없음,250,6,0,0,0,2,2,4,1,10,2,2,1,1,1,8,2,3,1,1,G,474,4,1,4,5,6,8,5,6,20100,1,1,0,5,6,8,5,6,20100,1,1,0,5,6,8,5,6,20100,1,1,0,2025,3,9,4560000,2520000,1,2
202601,6,,0.비상권,51720,22,0,0,0,1,0,1,21,04,10,2,없음,250,6,0,0,0,2,2,4,1,10,2,2,1,1,1,8,2,3,2,6,0,999,4,1,4,1,1,1,4,5,9300,1,1,1,1,1,1,4,5,9300,1,1,1,1,1,1,4,5,9300,1,1,1,0,1,1,4560000,2520000,1,2
202601,6,,0.비상권,51720,22,0,0,0,1,0,1,21,03,1,1,없음,100,6,0,0,0,2,2,4,1,10,2,2,1,1,1,8,2,3,1,1,G,474,2,1,2,5,5,8,5,5,33900,1,1,0,5,5,8,5,5,33900,1,1,0,5,5,8,5,5,33900,1,1,0,2024,4,8,4870000,2430000,1,2
202601,6,,0.비상권,51720,22,0,0,0,1,0,1,21,03,1,1,없음,100,6,0,0,0,2,2,4,1,10,2,2,1,1,1,8,2,3,1,6,0,999,2,1,2,1,1,1,5,5,33900,1,1,1,1,1,1,5,5,33900,1,1,1,1,1,1,5,5,33900,1,1,1,0,1,1,4870000,2430000,1,2
202601,6,,0.비상권,51720,22,0,0,0,1,0,1,21,03,1,1,없음,100,6,0,0,0,2,2,4,1,10,2,2,1,1,1,8,2,3,2,1,G,474,2,1,2,3,3,6,3,4,10000,1,1,0,3,3,6,3,4,10000,1,1,0,3,3,6,3,4,10000,1,1,0,2024,4,8,4870000,2430000,1,2
202601,6,,0.비상권,51720,22,0,0,0,1,0,1,21,03,1,1,없음,100,6,0,0,0,2,2,4,1,10,2,2,1,1,1,8,2,3,2,6,0,999,2,1,2,1,1,1,3,3,8500,1,1,1,1,1,1,3,3,8500,1,1,1,1,1,1,3,3,8500,1,1,1,0,1,1,4870000,2430000,1,2
202601,6,,0.비상권,51720,22,0,0,0,1,0,5,31,03,8,2,없음,50,4,0,0,0,2,2,4,1,10,2,1,1,1,1,8,2,3,1,1,G,474,4,1,4,6,5,7,6,5,14000,1,1,0,6,5,7,6,5,14000,1,1,0,6,5,7,6,5,13800,1,1,0,2023,6,10,3330000,2180000,1,1
202601,6,,0.비상권,51720,22,0,0,0,1,0,5,31,03,8,2,없음,50,4,0,0,0,2,2,4,1,10,2,1,1,1,1,8,2,3,2,1,G,474,4,1,4,5,4,5,5,4,6900,1,1,0,5,4,5,5,4,6900,1,1,0,5,4,5,5,4,6700,1,1,0,2024,6,8,3330000,2180000,1,1
202601,6,,0.비상권,51720,22,0,0,0,1,0,1,21,03,8,2,없음,300,6,0,0,0,1,2,3,1,10,1,1,1,1,1,8,1,3,1,1,I,562,2,1,2,4,4,8,4,5,32000,1,1,0,4,4,8,4,5,32000,1,1,0,4,4,8,4,5,32000,1,1,0,2025,3,10,4650000,3900000,3,1
202601,6,,0.비상권,51720,22,0,0,0,1,0,1,21,03,8,2,없음,300,6,0,0,0,1,2,3,1,10,1,1,1,1,1,8,1,3,1,2,G,466,1,1,1,1,1,1,3,3,18800,1,1,0,1,1,1,3,3,18800,1,1,0,1,1,1,3,3,18800,1,1,0,0,1,1,4650000,3900000,3,1
202601,6,,0.비상권,51720,22,0,0,0,1,0,1,21,03,8,2,없음,300,6,0,0,0,1,2,3,1,10,1,1,1,1,1,8,1,3,2,1,0,999,2,1,2,3,3,5,3,3,9600,1,1,0,3,3,5,3,3,9600,1,1,0,3,3,5,3,3,9600,1,1,0,2025,3,10,4650000,3900000,3,1
202601,6,,0.비상권,51720,22,0,0,0,1,0,6,21,03,8,2,없음,150,6,0,0,0,1,2,4,1,9,1,1,1,1,1,8,1,3,1,6,0,999,2,1,3,1,1,1,6,5,26300,1,1,1,1,1,1,6,5,26300,1,1,1,1,1,1,6,5,26300,1,1,1,0,1,1,5460000,3430000,1,1
202601,6,,0.비상권,51720,22,0,0,0,1,0,6,21,03,8,2,없음,150,6,0,0,0,1,2,4,1,9,1,1,1,1,1,8,1,3,2,1,G,474,2,1,3,5,3,5,5,3,7700,1,1,0,5,3,5,5,3,7700,1,1,0,5,3,5,5,3,7700,1,1,0,2024,3,7,5460000,3430000,1,1
202601,6,,0.비상권,51720,13,0,0,0,1,0,5,31,04,3,1,없음,100,5,0,1,0,4,2,4,1,10,2,1,2,1,1,8,4,3,1,1,G,478,2,1,2,4,3,6,3,3,8100,1,1,0,4,3,6,3,3,8100,1,1,0,4,3,6,3,3,8100,1,1,0,2024,3,6,690000,1840000,1,1
202601,6,,0.비상권,51720,13,0,0,0,1,0,5,31,04,3,1,없음,100,5,0,1,0,4,2,4,1,10,2,1,2,1,1,8,4,3,1,1,I,561,4,1,4,5,4,5,5,4,7100,1,1,0,5,4,5,5,4,7100,1,1,0,5,4,5,5,4,7100,1,1,0,2024,3,6,690000,1840000,1,1
202601,6,,0.비상권,51720,13,0,0,0,1,0,5,31,04,3,1,없음,100,5,0,1,0,4,2,4,1,10,2,1,2,1,1,8,4,3,2,2,0,999,4,1,4,1,1,1,3,3,3000,1,1,0,1,1,1,3,3,3000,1,1,0,1,1,1,3,3,3000,1,1,0,0,1,1,690000,1840000,1,1
202601,6,,0.비상권,51730,14,0,0,0,1,0,3,21,04,6,1,없음,140,6,0,0,0,2,2,4,1,10,2,1,1,1,1,8,2,3,1,1,G,472,3,1,3,4,3,5,3,4,6300,1,1,0,4,3,5,3,4,6300,1,1,0,4,3,5,3,4,6300,1,1,0,2025,3,9,1320000,1500000,1,1
202601,6,,0.비상권,51730,14,0,0,0,1,0,3,21,04,6,1,없음,140,6,0,0,0,2,2,4,1,10,2,1,1,1,1,8,2,3,2,1,0,999,3,1,3,3,3,4,3,3,4100,1,1,0,3,3,4,3,3,4100,1,1,0,3,3,4,3,3,4100,1,1,0,2025,3,9,1320000,1500000,1,1
202601,6,,0.비상권,51730,22,0,0,0,1,0,3,21,04,6,1,없음,100,6,0,0,0,2,2,4,1,10,1,1,1,1,1,8,2,3,1,1,Q,861,2,1,2,4,3,5,4,3,7900,1,1,0,4,3,5,4,3,7900,1,1,0,4,3,5,4,3,7900,1,1,0,2025,3,8,1590000,1600000,1,1
202601,6,,0.비상권,51730,22,0,0,0,1,0,3,21,04,6,1,없음,100,6,0,0,0,2,2,4,1,10,1,1,1,1,1,8,2,3,1,1,I,561,1,1,1,3,3,5,3,3,9000,1,1,0,3,3,5,3,3,9000,1,1,0,3,3,5,3,3,9000,1,1,0,2025,3,6,1590000,1600000,1,1
202601,6,,0.비상권,51730,22,0,0,0,1,0,3,21,04,6,1,없음,100,6,0,0,0,2,2,4,1,10,1,1,1,1,1,8,2,3,2,6,0,999,3,1,3,1,1,1,3,3,4100,1,1,1,1,1,1,3,3,4100,1,1,1,1,1,1,3,3,4100,1,1,1,0,1,1,1590000,1600000,1,1
202601,6,,영월경찰서,51750,22,0,0,0,1,0,1,21,03,1,1,없음,100,4,0,0,0,1,2,4,1,9,2,1,1,1,1,8,1,3,1,1,I,562,2,1,2,3,3,6,3,3,8600,1,1,0,3,3,6,3,3,8600,1,1,0,3,3,6,3,3,8600,1,1,0,2024,5,9,2010000,1150000,1,1
202601,6,,영월경찰서,51750,22,0,0,0,1,0,1,21,03,1,1,없음,100,4,0,0,0,1,2,4,1,9,2,1,1,1,1,8,1,3,2,1,0,999,2,1,2,3,3,4,3,3,4200,1,1,0,3,3,4,3,3,4200,1,1,0,3,3,4,3,3,4200,1,1,0,2024,3,9,2010000,1150000,1,1
202601,6,,영월경찰서,51750,22,0,0,0,1,0,1,21,03,9,2,없음,100,4,0,0,0,2,2,4,1,9,2,1,1,1,1,8,2,3,1,1,I,562,3,1,3,3,3,4,4,4,7300,1,1,0,3,3,4,4,4,7300,1,1,0,3,3,4,4,4,7300,1,1,0,2021,5,10,2480000,1390000,1,1
202601,6,,영월경찰서,51750,22,0,0,0,1,0,1,21,03,9,2,없음,100,4,0,0,0,2,2,4,1,9,2,1,1,1,1,8,2,3,2,1,S,949,2,1,2,3,3,4,3,3,4900,1,1,0,3,3,4,3,3,4900,1,1,0,3,3,4,3,3,4900,1,1,0,2025,3,10,2480000,1390000,1,1
202601,6,,영월경찰서,51750,22,0,0,0,1,0,1,21,03,9,2,없음,100,4,0,0,0,2,2,4,1,9,2,1,1,1,1,8,2,3,2,1,0,999,1,1,1,3,3,5,2,3,6400,1,1,0,3,3,5,2,3,6400,1,1,0,3,3,5,2,3,6400,1,1,0,2024,3,8,2480000,1390000,1,1
202601,6,,영월경찰서,51750,22,0,0,0,1,0,1,21,03,9,2,없음,100,4,0,0,0,2,2,4,1,9,2,1,1,1,1,8,2,3,2,1,0,999,1,1,1,3,3,5,2,3,6400,1,1,0,3,3,5,2,3,6400,1,1,0,3,3,5,2,3,6400,1,1,0,2025,3,10,2480000,1390000,1,1
202601,6,,영월경찰서,51750,22,0,0,0,1,0,4,32,03,5,1,없음,200,7,0,0,0,2,1,3,1,10,1,1,1,1,1,8,2,3,1,1,N,752,1,1,1,3,3,7,3,3,11500,1,1,0,3,3,7,3,3,11500,1,1,0,3,3,7,3,3,11500,1,1,0,2025,3,9,1210000,2700000,1,1
202601,6,,영월경찰서,51750,22,0,0,0,1,0,4,32,03,5,1,없음,200,7,0,0,0,2,1,3,1,10,1,1,1,1,1,8,2,3,1,1,L,682,1,1,1,3,3,7,2,3,12000,1,1,0,3,3,7,2,3,12000,1,1,0,3,3,7,2,3,12000,1,1,0,2025,3,10,1210000,2700000,1,1
202601,6,,영월경찰서,51750,22,0,0,0,1,0,4,32,03,5,1,없음,200,7,0,0,0,2,1,3,1,10,1,1,1,1,1,8,2,3,1,1,I,561,2,1,2,3,4,7,3,4,11600,1,1,0,3,4,7,3,4,11600,1,1,0,3,4,7,3,4,11600,1,1,0,2024,3,9,1210000,2700000,1,1
202601,6,,영월경찰서,51750,22,0,0,0,1,0,1,12,04,8,1,없음,130,8,0,0,0,1,1,3,1,10,1,1,1,1,1,8,1,3,1,1,I,561,3,1,3,3,3,3,2,3,3200,1,1,0,3,3,3,2,3,3200,1,1,0,3,3,3,2,3,3200,1,1,0,2026,4,8,830000,1080000,1,1
202601,6,,영월경찰서,51750,13,0,0,0,1,0,8,32,03,6,1,없음,104,5,0,0,0,2,1,3,1,10,1,1,1,1,1,8,2,3,1,1,L,682,1,1,1,5,3,7,5,3,12800,1,1,0,5,3,7,5,3,12800,1,1,0,5,3,7,5,3,12800,1,1,0,2025,3,10,1630000,3180000,1,1
202601,6,,영월경찰서,51750,13,0,0,0,1,0,8,32,03,6,1,없음,104,5,0,0,0,2,1,3,1,10,1,1,1,1,1,8,2,3,1,1,S,953,1,1,1,5,3,7,5,3,12700,1,1,0,5,3,7,5,3,12700,1,1,0,5,3,7,5,3,12700,1,1,0,2025,3,9,1630000,3180000,1,1
202601,6,,영월경찰서,51750,13,0,0,0,1,0,8,32,03,6,1,없음,104,5,0,0,0,2,1,3,1,10,1,1,1,1,1,8,2,3,1,2,G,478,1,1,1,1,1,1,5,3,13000,1,1,0,1,1,1,5,3,13000,1,1,0,1,1,1,5,3,13000,1,1,0,0,1,1,1630000,3180000,1,1
202601,6,,영월경찰서,51750,13,0,0,0,1,0,4,21,03,6,2,없음,170,4,0,0,0,2,2,4,1,10,1,1,1,1,1,8,2,3,1,1,G,478,3,1,3,5,3,6,5,3,8500,1,1,0,5,3,6,5,3,8500,1,1,0,5,3,6,5,3,8500,1,1,0,2025,3,5,1840000,1790000,1,1
202601,6,,영월경찰서,51750,13,0,0,0,1,0,4,21,03,6,2,없음,170,4,0,0,0,2,2,4,1,10,1,1,1,1,1,8,2,3,2,2,0,999,3,1,3,1,1,1,3,3,4100,1,1,0,1,1,1,3,3,4100,1,1,0,1,1,1,3,3,4100,1,1,0,0,1,1,1840000,1790000,1,1
202601,6,,영월경찰서,51750,13,0,0,0,1,0,1,11,03,1,1,없음,270,6,0,0,0,2,2,4,1,10,1,1,1,1,1,8,2,3,1,1,G,478,3,1,3,4,4,7,4,4,9300,1,1,0,4,4,7,4,4,9300,1,1,0,4,4,7,4,4,9300,1,1,0,2025,3,9,900000,990000,1,1
202601,6,,영월경찰서,51750,13,0,0,0,1,0,1,11,03,1,1,없음,270,6,0,0,0,2,2,4,1,10,1,1,1,1,1,8,2,3,2,2,0,999,3,1,3,1,1,1,3,3,4000,1,1,0,1,1,1,3,3,4000,1,1,0,1,1,1,3,3,4000,1,1,0,0,1,1,900000,990000,1,1
202601,6,,영월경찰서,51750,22,0,0,0,1,0,1,51,04,1,1,없음,188,6,0,0,0,1,1,2,1,10,1,1,1,1,1,8,1,3,1,1,I,561,2,1,2,3,3,7,3,4,17600,1,1,0,3,3,7,3,4,17600,1,1,0,3,3,7,3,4,17600,1,1,0,2025,3,7,980000,2760000,1,2
202601,6,,영월경찰서,51750,22,0,0,0,1,0,4,21,03,6,2,없음,150,7,0,0,0,2,2,4,1,9,2,1,1,1,1,8,2,3,1,1,I,561,3,1,3,5,4,6,4,4,8300,1,1,0,5,4,6,4,4,8300,1,1,0,5,4,6,4,4,8300,1,1,0,2025,3,5,1610000,1500000,1,1
202601,6,,영월경찰서,51750,22,0,0,0,1,0,4,21,03,6,2,없음,150,7,0,0,0,2,2,4,1,9,2,1,1,1,1,8,2,3,2,1,S,969,2,1,3,2,3,3,3,3,4000,1,1,0,2,3,3,3,3,4000,1,1,0,2,3,3,3,3,4000,1,1,0,2026,3,9,1610000,1500000,1,1
202601,6,,영월경찰서,51750,22,0,0,0,1,0,1,21,04,1,1,없음,100,4,0,0,0,1,1,3,1,10,1,1,1,1,1,8,1,3,1,1,G,472,2,1,2,4,3,7,4,4,12300,1,1,0,4,3,7,4,4,12300,1,1,0,4,3,7,4,4,12300,1,1,0,2025,5,9,2740000,2770000,1,1
202601,6,,영월경찰서,51750,22,0,0,0,1,0,1,21,04,1,1,없음,100,4,0,0,0,1,1,3,1,10,1,1,1,1,1,8,1,3,2,1,I,561,2,1,2,5,3,5,5,3,6900,1,1,0,5,3,5,5,3,6900,1,1,0,5,3,5,5,3,6900,1,1,0,2025,5,9,2740000,2770000,1,1
202601,6,,영월경찰서,51750,22,0,0,0,1,0,1,21,04,1,1,없음,80,4,0,0,0,2,2,4,1,10,2,1,1,1,1,8,2,3,1,1,G,474,3,1,3,4,5,7,4,5,11700,1,1,0,4,5,7,4,5,11700,1,1,0,4,5,7,4,5,11700,1,1,0,2025,3,10,3200000,2360000,1,2
202601,6,,영월경찰서,51750,22,0,0,0,1,0,1,21,04,1,1,없음,80,4,0,0,0,2,2,4,1,10,2,1,1,1,1,8,2,3,2,1,R,912,3,1,3,3,4,5,3,4,7400,1,1,0,3,4,5,3,4,7400,1,1,0,3,4,5,3,4,7400,1,1,0,2025,3,7,3200000,2360000,1,2
202601,6,,영월경찰서,51750,22,0,0,0,1,0,6,21,04,6,2,없음,180,1,1,0,0,2,2,4,1,10,1,1,1,1,1,8,2,3,1,1,S,952,3,1,3,4,4,6,5,4,9100,1,1,0,4,4,6,5,4,9100,1,1,0,4,4,6,5,4,9100,1,1,0,2025,3,7,1750000,1870000,1,1
202601,6,,영월경찰서,51750,22,0,0,0,1,0,6,21,04,6,2,없음,180,1,1,0,0,2,2,4,1,10,1,1,1,1,1,8,2,3,2,2,0,999,3,1,3,1,1,1,5,3,4600,1,1,0,1,1,1,5,3,4600,1,1,0,1,1,1,5,3,4600,1,1,0,0,1,1,1750000,1870000,1,1
202601,6,,영월경찰서,51750,13,0,0,0,1,0,3,32,03,6,1,없음,80,5,0,0,0,3,2,4,1,10,2,1,1,1,1,8,3,3,1,1,L,682,2,1,2,3,3,4,3,3,7400,1,1,0,3,3,4,3,3,7400,1,1,0,3,3,4,3,3,7400,1,1,0,2024,3,6,1470000,2670000,1,1
202601,6,,영월경찰서,51750,13,0,0,0,1,0,3,32,03,6,1,없음,80,5,0,0,0,3,2,4,1,10,2,1,1,1,1,8,3,3,1,1,I,561,4,1,4,3,3,3,3,4,6400,1,1,0,3,3,3,3,4,6400,1,1,0,3,3,3,3,4,6400,1,1,0,2025,3,4,1470000,2670000,1,1
202601,6,,영월경찰서,51750,13,0,0,0,1,0,3,32,03,6,1,없음,80,5,0,0,0,3,2,4,1,10,2,1,1,1,1,8,3,3,1,1,J,612,2,1,2,3,3,6,3,3,7900,1,1,0,3,3,6,3,3,7900,1,1,0,3,3,6,3,3,7900,1,1,0,2025,3,6,1470000,2670000,1,1
202601,6,,영월경찰서,51750,13,0,0,0,1,0,3,32,03,6,1,없음,80,5,0,0,0,3,2,4,1,10,2,1,1,1,1,8,3,3,1,1,G,478,2,1,2,4,4,7,4,4,18500,1,1,0,4,4,7,4,4,18500,1,1,0,4,4,7,4,4,18500,1,1,0,2022,5,8,1470000,2670000,1,1
202601,6,,영월경찰서,51750,13,0,0,0,1,0,3,32,03,6,1,없음,80,5,0,0,0,3,2,4,1,10,2,1,1,1,1,8,3,3,1,1,J,612,1,1,1,3,3,7,3,3,10100,1,1,0,3,3,7,3,3,10100,1,1,0,3,3,7,3,3,10100,1,1,0,2025,3,6,1470000,2670000,1,1
202601,6,,영월경찰서,51750,22,0,0,0,1,0,5,32,03,5,1,없음,10,4,0,0,0,2,1,3,1,10,1,1,1,1,1,8,2,3,1,1,G,478,2,1,2,7,4,8,6,5,31300,1,1,0,7,4,8,6,5,31300,1,1,0,7,4,8,6,5,31300,1,1,0,2026,3,7,2440000,5740000,1,1
202601,6,,영월경찰서,51750,22,0,0,0,1,0,5,32,03,5,1,없음,10,4,0,0,0,2,1,3,1,10,1,1,1,1,1,8,2,3,1,1,G,478,2,1,2,7,4,9,6,5,33800,1,1,0,7,4,9,6,5,33800,1,1,0,7,4,9,6,5,33800,1,1,0,2026,3,7,2440000,5740000,1,1
202601,6,,0.비상권,51770,22,0,0,0,1,0,2,11,04,1,1,없음,200,6,0,0,0,1,1,3,1,10,1,1,1,1,1,8,2,3,1,1,K,649,2,1,2,5,5,9,5,5,33300,1,1,0,5,5,9,5,5,33300,1,1,0,5,5,9,5,5,33300,1,1,0,2024,3,9,4520000,6340000,1,3
202601,6,,0.비상권,51770,22,0,0,0,1,0,2,11,04,1,1,없음,200,6,0,0,0,1,1,3,1,10,1,1,1,1,1,8,2,3,1,1,S,961,2,1,2,4,5,8,4,5,31300,1,1,0,4,5,8,4,5,31300,1,1,0,4,5,8,4,5,31300,1,1,0,2025,3,3,4520000,6340000,1,3
202601,6,,0.비상권,51770,22,0,0,0,1,0,6,31,04,8,2,없음,130,10,0,0,0,1,1,3,1,10,1,1,1,1,1,8,1,3,1,1,I,561,2,1,2,3,4,7,3,4,16600,1,1,0,3,4,7,3,4,16600,1,1,0,3,4,7,3,4,16600,1,1,0,2025,3,10,2700000,1780000,1,1
202601,6,,0.비상권,51770,22,0,0,0,1,0,6,31,04,8,2,없음,130,10,0,0,0,1,1,3,1,10,1,1,1,1,1,8,1,3,2,6,0,999,2,1,2,1,1,1,2,3,3400,1,1,1,1,1,1,2,3,3400,1,1,1,1,1,1,2,3,3400,1,1,1,0,1,1,2700000,1780000,1,1
202601,6,,0.비상권,51780,22,0,0,0,1,0,6,21,04,4,1,없음,90,5,0,1,0,3,2,4,1,9,2,1,2,1,1,8,3,3,1,1,L,682,2,1,3,3,3,5,3,3,6400,1,1,0,3,3,5,3,3,6400,1,1,0,3,3,5,3,3,6400,1,1,0,2024,3,7,1190000,1550000,1,1
202601,6,,0.비상권,51780,22,0,0,0,1,0,6,21,04,4,1,없음,90,5,0,1,0,3,2,4,1,9,2,1,2,1,1,8,3,3,1,1,S,961,2,1,3,3,3,5,3,3,6500,1,1,0,3,3,5,3,3,6500,1,1,0,3,3,5,3,3,6500,1,1,0,2025,3,10,1190000,1550000,1,1
202601,6,,0.비상권,51780,22,0,0,0,1,0,6,21,04,4,1,없음,90,5,0,1,0,3,2,4,1,9,2,1,2,1,1,8,3,3,2,2,0,999,4,1,4,1,1,1,3,3,4200,1,1,0,1,1,1,3,3,4200,1,1,0,1,1,1,3,3,4200,1,1,0,0,1,1,1190000,1550000,1,1
202601,6,,0.비상권,51790,22,0,0,0,1,0,1,12,03,1,1,없음,80,4,0,0,0,2,1,2,1,10,1,1,1,1,1,8,2,3,1,1,I,562,2,1,2,3,4,7,3,4,10900,1,1,0,3,4,7,3,4,10900,1,1,0,3,4,7,3,4,10900,1,1,0,2025,3,10,1190000,4710000,1,2
202601,6,,0.비상권,51790,22,0,0,0,1,1,1,21,04,1,1,없음,80,4,0,0,0,2,2,4,1,10,1,1,1,1,1,8,2,3,-1,6,0,999,1,1,1,1,1,1,1,2,3000,1,1,1,1,1,1,1,2,3000,1,1,1,1,1,1,1,2,3000,1,1,1,0,1,1,1490000,1820000,1,1
202601,6,,0.비상권,51790,22,0,0,0,1,1,1,21,04,1,1,없음,80,4,0,0,0,2,2,4,1,10,1,1,1,1,1,8,2,3,1,1,I,561,2,1,2,4,3,6,4,4,9400,1,1,0,4,3,6,4,4,9400,1,1,0,4,3,6,4,4,9400,1,1,0,2021,5,10,1490000,1820000,1,1
202601,6,,0.비상권,51790,22,0,0,0,1,1,1,21,04,1,1,없음,80,4,0,0,0,2,2,4,1,10,1,1,1,1,1,8,2,3,1,1,L,682,1,1,1,4,3,6,4,3,9500,1,1,0,4,3,6,4,3,9500,1,1,0,4,3,6,4,3,9500,1,1,0,2024,3,5,1490000,1820000,1,1
202601,6,,0.비상권,51820,22,0,0,0,1,0,1,12,04,1,1,없음,70,4,0,0,0,1,1,1,1,10,1,1,1,1,1,8,1,3,1,1,I,561,1,1,1,5,3,7,5,3,15300,1,1,0,5,3,7,5,3,15300,1,1,0,5,3,7,5,3,15300,1,1,0,2025,3,6,2150000,2300000,1,3
202601,6,,0.비상권,51830,22,0,0,0,1,0,1,51,03,1,1,없음,100,4,0,0,0,2,1,3,1,10,1,1,1,1,1,8,2,3,1,1,I,561,2,1,2,3,3,7,4,3,11100,1,1,0,3,3,7,4,3,11100,1,1,0,3,3,7,4,3,11100,1,1,0,2024,3,8,2430000,3890000,1,1
202601,6,,0.비상권,51830,22,0,0,0,1,0,1,51,03,1,1,없음,100,4,0,0,0,2,1,3,1,10,1,1,1,1,1,8,2,3,1,1,S,951,2,1,2,3,3,7,3,3,11300,1,1,0,3,3,7,3,3,11300,1,1,0,3,3,7,3,3,11300,1,1,0,2024,3,6,2430000,3890000,1,1
202601,6,,0.비상권,51830,22,0,0,0,1,0,3,32,03,6,1,없음,135,6,0,0,0,3,2,4,1,10,2,1,1,1,1,8,3,3,1,1,I,561,3,1,3,3,3,4,3,3,4300,1,1,0,3,3,4,3,3,4300,1,1,0,3,3,4,3,3,4300,1,1,0,2025,3,7,970000,1690000,1,1
202601,6,,0.비상권,51830,22,0,0,0,1,0,3,32,03,6,1,없음,135,6,0,0,0,3,2,4,1,10,2,1,1,1,1,8,3,3,1,1,I,561,3,1,3,3,3,4,3,3,4200,1,1,0,3,3,4,3,3,4200,1,1,0,3,3,4,3,3,4200,1,1,0,2025,3,9,970000,1690000,1,1
202601,6,,0.비상권,51830,22,0,0,0,1,0,1,11,03,1,1,없음,45,9,0,0,0,2,1,3,1,10,1,1,1,1,1,8,2,3,1,1,I,561,3,1,3,3,3,5,3,4,6800,1,1,0,3,3,5,3,4,6800,1,1,0,3,3,5,3,4,6800,1,1,0,2024,3,7,920000,1660000,1,1
202601,6,,청주성안길,43111,22,0,140,0,1,0,6,32,03,6,1,없음,100,6,0,1,0,2,2,4,1,9,2,1,1,1,1,8,2,3,1,1,I,562,3,1,3,6,4,7,6,4,14400,1,1,0,6,4,7,6,4,14400,1,1,0,6,4,7,6,4,14400,1,1,0,2024,4,10,1650000,3040000,1,3
202601,6,,청주성안길,43111,22,0,140,0,1,0,6,32,03,6,1,없음,100,6,0,1,0,2,2,4,1,9,2,1,1,1,1,8,2,3,1,1,M,733,3,1,3,6,4,7,6,4,14200,1,1,0,6,4,7,6,4,14200,1,1,0,6,4,7,6,4,14200,1,1,0,2025,3,10,1650000,3040000,1,3
202601,6,,청주성안길,43111,22,0,120,140,1,0,1,51,03,6,1,없음,70,7,0,0,0,2,2,4,1,9,1,1,1,1,1,8,2,3,1,6,0,999,1,1,1,1,1,1,4,4,19200,1,1,1,1,1,1,4,4,19200,1,1,1,1,1,1,4,4,19200,1,1,1,0,1,1,2450000,4130000,1,3
202601,6,,청주성안길,43111,22,0,120,140,1,0,1,51,03,6,1,없음,70,7,0,0,0,2,2,4,1,9,1,1,1,1,1,8,2,3,1,1,G,474,1,1,1,4,3,8,4,3,19800,1,1,0,4,3,8,4,3,19800,1,1,0,4,3,8,4,3,19800,1,1,0,2025,3,10,2450000,4130000,1,3
202601,6,,청주성안길,43111,22,0,120,140,1,0,1,51,03,6,1,없음,70,7,0,0,0,2,2,4,1,9,1,1,1,1,1,8,2,3,1,1,G,474,1,1,1,4,4,7,4,4,19200,1,1,0,4,4,7,4,4,19200,1,1,0,4,4,7,4,4,19200,1,1,0,2025,3,10,2450000,4130000,1,3
202601,6,,청주성안길,43111,22,0,120,140,1,0,1,51,03,6,1,없음,70,7,0,0,0,2,2,4,1,9,1,1,1,1,1,8,2,3,1,1,G,475,1,1,2,4,4,7,4,4,19100,1,1,0,4,4,7,4,4,19100,1,1,0,4,4,7,4,4,19100,1,1,0,2025,3,10,2450000,4130000,1,3
202601,6,,청주성안길,43111,22,0,120,140,1,0,1,51,03,5,1,없음,55,8,0,0,0,2,1,2,1,10,1,1,1,1,1,8,2,3,1,1,I,562,2,1,2,5,4,7,5,4,13600,1,1,0,5,4,7,5,4,13600,1,1,0,5,4,7,5,4,13600,1,1,0,2025,3,9,1390000,3160000,1,2
202601,6,,청주성안길,43111,22,0,120,0,1,0,1,51,03,1,1,없음,100,3,0,0,0,2,2,3,1,9,2,1,1,1,1,8,2,3,1,1,S,961,3,1,4,7,6,8,7,6,26900,1,1,0,7,6,8,7,6,26900,1,1,0,7,6,8,7,6,26900,1,1,0,2024,3,9,4930000,6910000,1,2
202601,6,,청주성안길,43111,22,0,120,0,1,0,1,11,03,4,1,없음,10,1,0,0,0,3,2,4,2,8,2,1,1,1,1,8,3,3,1,1,I,561,3,1,3,6,6,8,6,6,25100,1,1,0,6,6,8,6,6,25100,1,1,0,6,6,8,6,6,25100,1,1,0,2024,3,9,4250000,6410000,1,1
202601,6,,청주성안길,43111,22,0,120,0,1,0,1,11,03,4,1,없음,10,1,0,0,0,3,2,4,2,8,2,1,1,1,1,8,3,3,2,1,S,961,4,2,4,5,4,5,6,4,7400,1,1,0,5,4,5,6,4,7400,1,1,0,5,4,5,6,4,7400,1,1,0,2025,3,8,4250000,6410000,1,1
202601,6,,청주성안길,43111,22,0,120,0,1,0,5,31,04,7,2,없음,121,1,0,1,0,2,2,4,3,8,2,1,1,1,1,8,2,3,1,1,N,752,2,1,3,6,5,8,6,5,25200,1,1,0,6,5,8,6,5,25200,1,1,0,6,5,8,6,5,25200,1,1,0,2025,3,8,5100000,4300000,1,1
202601,6,,청주성안길,43111,22,0,120,0,1,0,5,31,04,7,2,없음,121,1,0,1,0,2,2,4,3,8,2,1,1,1,1,8,2,3,1,1,R,902,2,1,3,6,5,8,6,5,25000,1,1,0,6,5,8,6,5,25000,1,1,0,6,5,8,6,5,25000,1,1,0,2025,3,10,5100000,4300000,1,1
202601,6,,청주성안길,43111,22,0,120,0,1,0,5,31,04,7,2,없음,121,1,0,1,0,2,2,4,3,8,2,1,1,1,1,8,2,3,2,1,F,424,4,2,4,6,5,6,6,5,9400,1,1,0,6,5,6,6,5,9400,1,1,0,6,5,6,6,5,9400,1,1,0,2025,3,10,5100000,4300000,1,1
202601,6,,청주성안길,43111,22,0,120,0,1,0,5,31,04,7,2,없음,121,1,0,1,0,2,2,4,3,8,2,1,1,1,1,8,2,3,2,1,N,752,1,1,2,4,3,6,4,3,9200,1,1,0,4,3,6,4,3,9200,1,1,0,4,3,6,4,3,9200,1,1,0,2025,3,9,5100000,4300000,1,1
202601,6,,청주성안길,43111,22,0,120,0,1,0,1,51,03,1,1,없음,100,8,0,0,0,2,2,3,1,10,1,1,1,1,1,8,2,3,1,1,G,474,1,1,1,4,5,9,4,5,43500,1,1,0,4,5,9,4,5,43500,1,1,0,4,5,9,4,5,43500,1,1,0,2026,3,9,4560000,9610000,1,2
202601,6,,청주성안길,43111,22,0,120,0,1,0,1,51,03,1,1,없음,100,8,0,0,0,2,2,3,1,10,1,1,1,1,1,8,2,3,1,1,G,478,1,1,1,4,5,9,4,5,43500,1,1,0,4,5,9,4,5,43500,1,1,0,4,5,9,4,5,43500,1,1,0,2025,3,9,4560000,9610000,1,2
202601,6,,청주성안길,43111,22,0,120,0,1,0,1,51,03,1,1,없음,100,8,0,0,0,2,2,3,1,10,1,1,1,1,1,8,2,3,1,6,0,999,1,1,1,1,1,1,4,5,43300,1,1,1,1,1,1,4,5,43300,1,1,1,1,1,1,4,5,43300,1,1,1,0,1,1,4560000,9610000,1,2
202601,6,,청주성안길,43111,22,0,120,0,1,0,1,51,03,1,1,없음,100,8,0,0,0,2,2,3,1,10,1,1,1,1,1,8,2,3,2,6,0,999,1,1,1,1,1,1,3,2,5900,1,1,1,1,1,1,3,2,5900,1,1,1,1,1,1,3,2,5900,1,1,1,0,1,1,4560000,9610000,1,2
202601,6,,청주성안길,43111,22,0,120,0,1,0,1,32,03,8,1,없음,100,6,0,0,0,2,2,4,1,10,2,1,1,1,1,8,2,3,1,1,G,474,4,1,4,7,7,9,7,7,49700,1,1,0,7,7,9,7,7,49700,1,1,0,7,7,9,7,7,49700,1,1,0,2024,3,8,12290000,16570000,1,3
202601,6,,청주성안길,43111,22,0,120,0,1,0,1,32,03,8,1,없음,100,6,0,0,0,2,2,4,1,10,2,1,1,1,1,8,2,3,1,1,G,474,3,1,3,7,6,9,7,6,49100,1,1,0,7,6,9,7,6,49100,1,1,0,7,6,9,7,6,49100,1,1,0,2025,3,10,12290000,16570000,1,3
202601,6,,청주성안길,43111,22,0,120,0,1,0,1,11,03,8,2,없음,180,8,0,0,0,1,2,3,1,9,1,1,1,1,1,8,1,3,1,1,G,474,1,1,2,6,5,9,6,5,39600,1,1,0,6,5,9,6,5,39600,1,1,0,6,5,9,6,5,39600,1,1,0,2025,3,9,4540000,3840000,1,3
202601,6,,청주성안길,43111,22,0,120,0,1,0,1,11,03,8,2,없음,180,8,0,0,0,1,2,3,1,9,1,1,1,1,1,8,1,3,1,6,0,999,1,1,2,1,1,1,6,5,39500,1,1,1,1,1,1,6,5,39500,1,1,1,1,1,1,6,5,39500,1,1,1,0,1,1,4540000,3840000,1,3
202601,6,,청주성안길,43111,22,0,120,0,1,0,1,11,03,8,2,없음,180,8,0,0,0,1,2,3,1,9,1,1,1,1,1,8,1,3,2,1,S,961,2,1,2,5,4,7,5,4,19700,1,1,0,5,4,7,5,4,19700,1,1,0,5,4,7,5,4,19700,1,1,0,2025,3,10,4540000,3840000,1,3
202601,6,,청주성안길,43111,22,0,120,140,1,0,3,21,03,8,2,없음,66,2,0,0,0,1,2,4,1,10,2,1,1,1,1,8,1,3,1,1,G,472,3,1,3,5,6,9,5,6,37400,1,1,0,5,6,9,5,6,37400,1,1,0,5,6,9,5,6,37400,1,1,0,2025,3,7,6300000,4070000,1,2
202601,6,,청주성안길,43111,22,0,120,140,1,0,3,21,03,8,2,없음,66,2,0,0,0,1,2,4,1,10,2,1,1,1,1,8,1,3,2,1,I,561,3,1,3,5,4,7,5,4,14900,1,1,0,5,4,7,5,4,14900,1,1,0,5,4,7,5,4,14900,1,1,0,2024,3,9,6300000,4070000,1,2
202601,6,,청주성안길,43111,22,0,120,140,1,0,1,11,04,8,2,없음,50,9,0,0,0,1,2,4,1,10,2,1,1,1,1,8,1,3,1,1,I,562,2,1,3,6,5,7,6,5,18000,1,1,0,6,5,7,6,5,18000,1,1,0,6,5,7,6,5,18000,1,1,0,2025,3,9,2370000,1510000,1,2
202601,6,,청주성안길,43111,22,0,120,140,1,0,1,11,04,8,2,없음,50,9,0,0,0,1,2,4,1,10,2,1,1,1,1,8,1,3,2,1,S,961,2,1,3,4,3,6,4,3,8300,1,1,0,4,3,6,4,3,8300,1,1,0,4,3,6,4,3,8300,1,1,0,2025,3,9,2370000,1510000,1,2
202601,6,,0.비상권,43111,22,0,140,0,1,0,1,51,04,9,1,없음,140,4,0,0,0,2,2,4,1,10,2,1,1,1,1,8,2,3,1,1,G,472,4,1,4,6,6,8,7,6,21100,1,1,0,6,6,8,7,6,21100,1,1,0,6,6,8,7,6,21100,1,1,0,2025,3,8,3030000,3710000,1,2
202601,6,,0.비상권,43111,16,0,140,0,1,0,1,51,04,2,1,없음,100,6,0,0,0,3,2,4,1,10,2,1,1,1,1,8,3,3,1,1,I,561,4,1,4,6,6,8,6,6,25700,1,1,0,6,6,8,6,6,25700,1,1,0,6,6,8,6,6,25700,1,1,0,2024,3,10,1050000,5410000,1,2
202601,6,,청주성안길,43111,22,0,120,0,1,0,5,32,03,8,1,없음,100,8,0,0,0,2,2,4,1,9,1,1,1,1,1,8,2,3,1,1,I,562,1,1,1,4,3,7,4,3,17800,1,1,0,4,3,7,4,3,17800,1,1,0,4,3,7,4,3,17800,1,1,0,2024,3,10,1750000,2360000,1,3
202601,6,,청주성안길,43111,22,0,120,0,1,0,5,32,03,8,1,없음,100,8,0,0,0,2,2,4,1,9,1,1,1,1,1,8,2,3,1,6,0,999,1,1,1,1,1,1,4,3,17700,1,1,1,1,1,1,4,3,17700,1,1,1,1,1,1,4,3,17700,1,1,1,0,1,1,1750000,2360000,1,3
202601,6,,청주성안길,43111,22,0,120,0,1,0,5,32,03,8,1,없음,100,8,0,0,0,2,2,4,1,9,1,1,1,1,1,8,2,3,1,1,G,474,1,1,1,4,3,7,4,3,17800,1,1,0,4,3,7,4,3,17800,1,1,0,4,3,7,4,3,17800,1,1,0,2025,3,7,1750000,2360000,1,3
202601,6,,청주성안길,43111,22,0,120,0,1,0,5,32,03,8,1,없음,100,8,0,0,0,2,2,4,1,9,1,1,1,1,1,8,2,3,1,1,G,474,1,1,1,4,3,7,4,3,17700,1,1,0,4,3,7,4,3,17700,1,1,0,4,3,7,4,3,17700,1,1,0,2024,3,9,1750000,2360000,1,3
202601,6,,청주성안길,43111,22,0,120,0,1,0,1,51,03,6,1,없음,86,8,0,0,0,2,1,3,1,10,1,1,1,1,1,8,2,2,1,2,S,961,1,1,1,1,1,1,3,3,13900,1,1,0,1,1,1,3,3,13900,1,1,0,1,1,1,3,3,13900,1,1,0,0,1,1,1390000,2700000,1,2
202601,6,,청주성안길,43111,22,0,120,0,1,0,1,51,03,6,1,없음,86,8,0,0,0,2,1,3,1,10,1,1,1,1,1,8,2,2,1,1,S,969,1,1,1,4,3,7,3,3,13800,1,1,0,4,3,7,3,3,13800,1,1,0,4,3,7,3,3,13800,1,1,0,2026,3,7,1390000,2700000,1,2
202601,6,,청주성안길,43111,22,0,120,0,1,0,1,51,03,6,1,없음,86,8,0,0,0,2,1,3,1,10,1,1,1,1,1,8,2,2,1,1,G,474,1,1,1,3,3,7,3,3,12600,1,1,0,3,3,7,3,3,12600,1,1,0,3,3,7,3,3,12600,1,1,0,2025,3,10,1390000,2700000,1,2
202601,6,,청주성안길,43111,22,0,120,0,1,0,1,51,03,1,1,없음,300,6,0,0,0,1,1,1,1,9,1,1,1,1,1,8,1,2,1,1,I,561,1,1,1,3,3,6,3,3,9200,1,1,0,3,3,6,3,3,9200,1,1,0,3,3,6,3,3,9200,1,1,0,2026,3,10,1350000,3060000,1,2
202601,6,,청주성안길,43111,22,0,120,0,1,0,1,51,03,8,1,없음,175,6,0,0,0,2,1,3,1,10,1,1,1,1,1,8,2,2,1,1,I,562,3,1,3,5,5,8,5,5,20200,1,1,0,5,5,8,5,5,20200,1,1,0,5,5,8,5,5,20200,1,1,0,2026,3,9,3860000,5240000,1,1
202601,6,,청주성안길,43111,22,0,120,0,1,0,5,32,03,8,1,없음,100,9,0,0,0,2,2,4,1,9,2,1,1,1,1,8,2,3,1,1,G,463,4,1,4,3,3,3,3,3,3900,1,1,0,3,3,3,3,3,3900,1,1,0,3,3,3,3,3,3900,1,1,0,2025,3,8,1380000,1790000,1,1
202601,6,,청주성안길,43111,22,0,120,0,1,0,1,21,03,1,1,없음,300,6,0,0,0,2,2,4,1,9,2,1,1,1,1,8,2,2,1,1,G,474,2,1,2,4,3,7,4,3,9200,1,1,0,4,3,7,4,3,9200,1,1,0,4,3,7,4,3,9200,1,1,0,2024,3,10,1400000,2130000,1,1
202601,6,,청주성안길,43111,22,0,120,0,1,0,1,21,03,1,1,없음,300,6,0,0,0,2,2,4,1,9,2,1,1,1,1,8,2,2,1,1,G,474,2,1,2,4,3,7,4,3,9200,1,1,0,4,3,7,4,3,9200,1,1,0,4,3,7,4,3,9200,1,1,0,2024,3,8,1400000,2130000,1,1
202601,6,,청주성안길,43111,22,0,120,0,1,0,1,21,03,1,1,없음,300,6,0,0,0,2,2,4,1,9,2,1,1,1,1,8,2,2,1,1,G,474,2,1,2,4,3,7,4,3,9200,1,1,0,4,3,7,4,3,9200,1,1,0,4,3,7,4,3,9200,1,1,0,2024,3,9,1400000,2130000,1,1
202601,6,,청주성안길,43111,22,0,120,0,1,0,1,21,04,7,1,없음,10,1,0,0,0,3,2,4,1,10,2,1,1,1,1,8,3,3,1,1,I,561,4,1,4,7,7,8,7,7,25400,1,1,0,7,7,8,7,7,25400,1,1,0,7,7,8,7,7,25400,1,1,0,2025,2,9,4990000,7960000,1,3
202601,6,,청주성안길,43111,22,0,120,0,1,0,1,51,03,4,1,없음,60,6,0,0,0,1,1,1,1,9,1,1,1,1,1,8,1,2,1,6,0,999,1,1,1,1,1,1,4,3,26200,1,1,1,1,1,1,4,3,26200,1,1,1,1,1,1,4,3,26200,1,1,1,0,1,1,3960000,9900000,1,2
202601,6,,청주성안길,43111,22,0,120,0,1,0,1,51,03,4,1,없음,60,6,0,0,0,1,1,1,1,9,1,1,1,1,1,8,1,2,1,1,G,464,1,1,1,4,3,8,4,3,25600,1,1,0,4,3,8,4,3,25600,1,1,0,4,3,8,4,3,25600,1,1,0,2024,3,8,3960000,9900000,1,2
202601,6,,청주성안길,43111,22,0,120,0,1,0,7,31,04,8,1,없음,144,6,0,0,0,2,2,4,1,10,1,2,1,1,1,8,2,2,1,6,0,999,4,1,4,1,1,1,7,7,42600,1,1,1,1,1,1,7,7,42600,1,1,1,1,1,1,7,7,42600,1,1,1,0,1,1,5830000,7410000,1,3
202601,6,,청주성안길,43111,22,0,120,0,1,0,7,31,03,8,1,없음,210,6,0,0,0,2,2,4,1,9,2,1,1,1,1,8,2,2,1,1,I,561,4,1,4,6,6,9,7,6,47100,2,1,0,6,6,9,7,6,47100,2,1,0,6,6,9,7,6,47100,2,1,0,2025,3,9,5750000,6360000,1,3
202601,6,,청주성안길,43111,22,0,120,0,1,0,7,31,03,8,1,없음,210,6,0,0,0,2,2,4,1,9,2,1,1,1,1,8,2,2,2,1,I,561,1,1,1,5,4,8,6,4,24100,1,1,0,5,4,8,6,4,24100,1,1,0,5,4,8,6,4,24100,1,1,0,2025,3,9,5750000,6360000,1,3
202601,6,,청주성안길,43111,22,0,120,0,1,0,1,11,03,9,2,없음,360,8,0,0,0,1,2,3,1,10,2,1,1,1,1,8,1,2,1,1,G,474,1,1,1,3,3,8,4,3,22900,1,1,0,3,3,8,4,3,22900,1,1,0,3,3,8,4,3,22900,1,1,0,2025,3,9,1760000,1010000,1,3
202601,6,,청주성안길,43111,22,0,120,0,1,0,1,11,03,9,2,없음,360,8,0,0,0,1,2,3,1,10,2,1,1,1,1,8,1,2,1,1,I,561,1,1,1,3,3,7,4,3,17400,1,1,0,3,3,7,4,3,17400,1,1,0,3,3,7,4,3,17400,1,1,0,2024,3,9,1760000,1010000,1,3
202601,6,,청주성안길,43111,22,0,120,0,1,0,1,11,03,9,2,없음,360,8,0,0,0,1,2,3,1,10,2,1,1,1,1,8,1,2,2,1,G,474,2,1,2,3,3,5,3,3,7000,1,1,0,3,3,5,3,3,7000,1,1,0,3,3,5,3,3,7000,1,1,0,2025,3,9,1760000,1010000,1,3
202601,6,,청주성안길,43111,22,0,120,0,1,0,6,21,04,8,2,없음,246,4,0,0,0,2,2,4,1,8,2,1,1,1,1,8,2,3,1,1,G,474,2,1,3,6,5,7,6,5,18500,1,1,0,6,5,7,6,5,18500,1,1,0,6,5,7,6,5,18500,1,1,0,2024,3,9,2870000,2060000,1,3
202601,6,,청주성안길,43111,22,0,120,0,1,0,6,21,04,8,2,없음,246,4,0,0,0,2,2,4,1,8,2,1,1,1,1,8,2,3,2,1,N,752,2,1,3,5,4,7,5,4,13000,1,1,0,5,4,7,5,4,13000,1,1,0,5,4,7,5,4,13000,1,1,0,2025,3,10,2870000,2060000,1,3
202601,6,,청주성안길,43111,22,0,120,0,1,0,1,12,03,1,1,없음,240,4,0,0,0,1,1,3,1,10,1,1,1,1,1,8,1,2,1,1,G,474,3,1,3,5,4,7,5,4,12600,1,1,0,5,4,7,5,4,12600,1,1,0,5,4,7,5,4,12600,1,1,0,2025,3,9,1820000,1640000,1,3
202601,6,,청주성안길,43111,22,0,120,0,1,0,1,12,03,4,1,없음,466,6,0,0,0,2,1,2,1,10,1,1,1,1,1,8,2,2,1,1,G,478,2,1,2,3,4,7,3,4,13400,1,1,0,3,4,7,3,4,13400,1,1,0,3,4,7,3,4,13400,1,1,0,2025,3,9,1290000,3870000,1,2
202601,6,,청주성안길,43111,22,0,200,0,1,0,3,11,03,5,1,없음,100,5,0,0,0,2,1,2,1,10,1,1,1,1,1,8,2,3,1,1,S,952,2,1,2,6,5,8,6,5,20600,1,1,0,6,5,8,6,5,20600,1,1,0,6,5,8,6,5,20600,1,1,0,2024,3,9,1650000,3720000,1,3
202601,6,,청주성안길,43111,22,0,120,0,1,0,1,11,03,9,1,없음,310,8,0,0,0,2,2,4,1,10,2,1,1,1,1,8,2,2,1,1,G,478,4,1,4,6,5,5,6,5,7600,1,1,0,6,5,5,6,5,7600,1,1,0,6,5,5,6,5,7600,1,1,0,2026,3,8,1360000,1590000,1,1
202601,6,,청주성안길,43111,22,0,120,0,1,0,3,21,03,8,1,없음,300,9,0,0,0,2,2,4,1,10,2,1,1,1,1,8,2,3,1,1,G,478,4,1,4,6,4,4,6,4,6100,1,1,0,6,4,4,6,4,6100,1,1,0,6,4,4,6,4,6100,1,1,0,2025,3,9,1330000,1860000,1,1
202601,6,,청주성안길,43111,22,0,120,0,1,0,1,51,04,8,1,없음,300,7,0,0,0,1,1,1,1,10,1,1,1,1,1,8,1,3,1,6,0,999,1,1,1,3,3,7,3,3,12600,1,1,0,3,3,7,3,3,12600,1,1,0,1,1,1,3,3,12600,1,1,1,0,1,1,1260000,1590000,1,2
202601,6,,청주성안길,43111,22,0,120,0,1,0,1,51,03,6,1,없음,330,7,0,0,0,1,1,1,1,10,1,1,1,1,1,8,1,2,1,1,F,422,1,1,1,4,3,6,4,3,8000,1,1,0,4,3,6,4,3,8000,1,1,0,4,3,6,4,3,8000,1,1,0,2024,3,10,980000,1890000,1,1
202601,6,,청주성안길,43111,22,0,120,0,1,0,1,11,03,1,1,없음,400,6,0,0,0,1,1,2,1,10,1,1,1,1,1,8,1,3,1,1,D,352,1,1,1,3,3,6,3,3,9400,1,1,0,3,3,6,3,3,9400,1,1,0,3,3,6,3,3,9400,1,1,0,2023,4,6,1170000,1970000,1,2
202601,6,,청주성안길,43111,22,0,120,0,1,0,1,11,03,1,1,없음,400,6,0,0,0,1,1,2,1,10,1,1,1,1,1,8,1,3,1,1,F,424,1,1,1,3,3,6,3,3,9200,1,1,0,3,3,6,3,3,9200,1,1,0,3,3,6,3,3,9200,1,1,0,2023,4,9,1170000,1970000,1,2
202601,6,,청주성안길,43111,22,0,120,0,1,0,1,51,03,1,1,없음,600,7,0,0,0,1,1,2,1,10,1,1,1,1,1,8,1,3,1,1,G,475,2,1,2,2,3,3,2,3,3500,1,1,0,2,3,3,2,3,3500,1,1,0,2,3,3,2,3,3500,1,1,0,2025,3,8,1130000,1480000,1,1
202601,6,,청주성안길,43111,22,0,120,0,1,0,1,51,03,9,1,없음,600,7,0,0,0,1,1,2,1,10,1,1,1,1,1,8,1,3,1,1,G,475,2,1,2,2,3,4,2,3,6100,1,1,0,2,3,4,2,3,6100,1,1,0,2,3,4,2,3,6100,1,1,0,2025,3,9,1060000,1290000,1,1
202601,6,,청주성안길,43111,22,0,120,0,1,1,1,21,04,9,2,없음,620,5,0,0,0,1,2,4,1,10,2,1,1,1,1,8,1,3,-1,6,0,999,2,1,2,1,1,1,3,3,2700,1,1,1,1,1,1,3,3,2700,1,1,1,1,1,1,3,3,2700,1,1,1,0,1,1,1930000,790000,1,1
202601,6,,청주성안길,43111,22,0,120,0,1,1,1,21,04,9,2,없음,620,5,0,0,0,1,2,4,1,10,2,1,1,1,1,8,1,3,1,1,G,465,2,1,2,4,3,5,4,3,6300,1,1,0,4,3,5,4,3,6300,1,1,0,4,3,5,4,3,6300,1,1,0,2024,4,8,1930000,790000,1,1
202601,6,,청주성안길,43111,22,0,120,0,1,1,1,21,04,9,2,없음,620,5,0,0,0,1,2,4,1,10,2,1,1,1,1,8,1,3,2,1,R,912,2,1,2,3,3,4,3,3,4200,1,1,0,3,3,4,3,3,4200,1,1,0,3,3,4,3,3,4200,1,1,0,2024,3,9,1930000,790000,1,1
202601,6,,청주성안길,43111,22,0,120,0,1,0,4,11,03,6,1,없음,638,7,0,0,0,2,1,3,1,10,1,1,1,1,1,8,2,3,1,1,G,467,2,1,2,4,4,7,4,4,12200,1,1,0,4,4,7,4,4,12200,1,1,0,4,4,7,4,4,12200,1,1,0,2026,3,5,1130000,1900000,1,2
202601,6,,청주성안길,43111,22,0,120,0,1,0,4,11,03,6,1,없음,638,7,0,0,0,2,1,3,1,10,1,1,1,1,1,8,2,3,1,1,S,969,1,1,1,3,3,7,3,3,12900,1,1,0,3,3,7,3,3,12900,1,1,0,3,3,7,3,3,12900,1,1,0,2025,3,8,1130000,1900000,1,2
202601,6,,청주성안길,43111,22,0,120,0,1,0,6,32,03,8,1,없음,160,9,0,1,0,2,2,4,1,10,2,1,1,1,1,8,2,3,1,1,I,561,2,1,2,5,3,6,5,3,9900,1,1,0,5,3,6,5,3,9900,1,1,0,5,3,6,5,3,9900,1,1,0,2025,3,9,1500000,2150000,1,2
202601,6,,청주성안길,43111,22,0,120,0,1,0,6,32,03,8,1,없음,160,9,0,1,0,2,2,4,1,10,2,1,1,1,1,8,2,3,1,1,G,462,2,1,2,5,4,7,5,4,12900,1,1,0,5,4,7,5,4,12900,1,1,0,5,4,7,5,4,12900,1,1,0,2025,3,8,1500000,2150000,1,2
202601,6,,청주성안길,43111,22,0,120,0,1,0,6,32,03,8,1,없음,160,9,0,1,0,2,2,4,1,10,2,1,1,1,1,8,2,3,1,1,G,462,1,1,1,4,3,7,4,3,11600,1,1,0,4,3,7,4,3,11600,1,1,0,4,3,7,4,3,11600,1,1,0,2025,3,10,1500000,2150000,1,2
202601,6,,청주성안길,43111,22,0,120,0,1,0,6,32,03,8,1,없음,160,9,0,1,0,2,2,4,1,10,2,1,1,1,1,8,2,3,1,1,G,478,2,1,2,4,3,6,4,3,10000,1,1,0,4,3,6,4,3,10000,1,1,0,4,3,6,4,3,10000,1,1,0,2025,3,10,1500000,2150000,1,2
202601,6,,청주성안길,43111,22,0,120,0,1,0,3,11,03,8,1,없음,210,8,0,0,0,2,2,4,1,10,2,1,1,1,1,8,2,3,1,1,S,969,4,1,4,5,4,5,5,4,6900,1,1,0,5,4,5,5,4,6900,1,1,0,5,4,5,5,4,6900,1,1,0,2026,3,9,1260000,1630000,1,2
202601,6,,청주성안길,43111,22,0,130,0,1,0,8,31,03,8,1,없음,164,2,0,0,0,2,2,4,1,10,2,1,1,1,1,8,2,3,1,1,G,472,4,1,4,7,6,8,7,6,28300,1,1,0,7,6,8,7,6,28300,1,1,0,7,6,8,7,6,28300,1,1,0,2025,4,9,3180000,4140000,1,3
202601,6,,청주성안길,43111,22,0,120,140,1,0,1,11,03,7,2,없음,300,6,0,0,0,2,2,4,1,10,1,2,1,1,1,8,2,3,1,6,0,999,2,1,2,1,1,1,4,2,2300,1,1,1,1,1,1,4,2,2300,1,1,1,1,1,1,4,2,2300,1,1,1,0,1,1,780000,660000,1,1
202601,6,,청주성안길,43111,22,0,120,140,1,0,1,11,03,7,2,없음,300,6,0,0,0,2,2,4,1,10,1,2,1,1,1,8,2,3,1,1,G,474,2,1,2,3,2,3,3,3,3900,1,1,0,3,2,3,3,3,3900,1,1,0,3,2,3,3,3,3900,1,1,0,2025,3,8,780000,660000,1,1
202601,6,,청주성안길,43111,22,0,120,140,1,0,1,11,03,7,2,없음,300,6,0,0,0,2,2,4,1,10,1,2,1,1,1,8,2,3,1,1,R,901,1,1,1,4,2,3,4,2,3800,1,1,0,4,2,3,4,2,3800,1,1,0,4,2,3,4,2,3800,1,1,0,2024,3,10,780000,660000,1,1
202601,6,,청주성안길,43111,22,0,120,140,1,0,1,11,03,7,2,없음,300,6,0,0,0,2,2,4,1,10,1,2,1,1,1,8,2,3,2,6,0,999,4,1,4,1,1,1,3,3,2200,1,1,1,1,1,1,3,3,2200,1,1,1,1,1,1,3,3,2200,1,1,1,0,1,1,780000,660000,1,1
202601,6,,청주성안길,43111,22,0,130,0,1,0,1,11,04,9,2,없음,350,7,0,1,0,2,2,4,2,9,2,1,1,1,1,8,2,3,1,1,G,472,4,1,4,4,4,5,4,4,6200,1,1,0,4,4,5,4,4,6200,1,1,0,4,4,5,4,4,6200,1,1,0,2024,3,5,1220000,980000,1,1
202601,6,,청주성안길,43111,22,0,130,0,1,0,1,11,04,9,2,없음,350,7,0,1,0,2,2,4,2,9,2,1,1,1,1,8,2,3,1,1,L,681,2,1,2,1,3,5,3,3,6500,1,1,0,1,3,5,3,3,6500,1,1,0,1,3,5,3,3,6500,1,1,0,2025,3,10,1220000,980000,1,1
202601,6,,청주성안길,43111,22,0,130,0,1,0,1,11,04,9,2,없음,350,7,0,1,0,2,2,4,2,9,2,1,1,1,1,8,2,3,2,2,0,999,3,1,3,1,1,1,3,3,3400,1,1,0,1,1,1,3,3,3400,1,1,0,1,1,1,3,3,3400,1,1,0,0,1,1,1220000,980000,1,1
202601,6,,0.비상권,43111,14,0,0,0,1,0,3,32,03,6,1,없음,400,6,0,0,0,2,1,3,1,10,1,1,1,1,1,8,2,3,1,1,E,390,3,1,3,5,4,6,5,4,9300,1,1,0,5,4,6,5,4,9300,1,1,0,5,4,6,5,4,9300,1,1,0,2025,3,9,990000,1650000,1,2
202601,6,,0.비상권,43111,13,0,120,0,1,0,6,31,03,6,1,없음,100,1,0,1,0,2,2,4,1,9,2,1,1,1,1,8,2,3,1,1,S,952,4,1,4,6,5,6,6,5,9000,1,1,0,6,5,6,6,5,9000,1,1,0,6,5,6,6,5,9000,1,1,0,2025,4,10,1220000,1540000,1,1
202601,6,,0.비상권,43111,13,0,120,0,1,0,6,31,03,6,1,없음,100,1,0,1,0,2,2,4,1,9,2,1,1,1,1,8,2,3,2,1,S,952,2,1,2,4,3,4,4,3,4800,1,1,0,4,3,4,4,3,4800,1,1,0,4,3,4,4,3,4800,1,1,0,2025,4,10,1220000,1540000,1,1
202601,6,,0.비상권,43111,13,0,0,0,1,0,6,31,04,6,1,없음,300,6,0,1,0,2,2,4,1,10,2,1,1,1,1,8,2,3,1,1,S,952,4,1,4,6,5,7,6,5,12300,1,1,0,6,5,7,6,5,12300,1,1,0,6,5,7,6,5,12300,1,1,0,2025,4,10,1450000,2420000,1,2
202601,6,,0.비상권,43111,13,0,0,0,1,0,3,21,04,2,1,없음,50,7,0,0,0,5,2,4,1,10,2,1,1,1,1,8,5,3,1,1,I,561,4,1,4,5,6,7,5,6,12700,1,1,0,5,6,7,5,6,12700,1,1,0,5,6,7,5,6,12700,1,1,0,2024,3,10,870000,2950000,1,1
202601,6,,0.비상권,43111,13,0,0,0,1,0,3,21,04,2,1,없음,50,7,0,0,0,5,2,4,1,10,2,1,1,1,1,8,5,3,2,1,I,561,3,1,4,4,4,5,4,4,7300,1,1,0,4,4,5,4,4,7300,1,1,0,4,4,5,4,4,7300,1,1,0,2024,3,10,870000,2950000,1,1
202601,6,,0.비상권,43112,13,0,0,0,1,0,7,32,04,6,1,없음,216,9,0,1,0,2,1,3,1,10,1,1,1,1,1,8,2,2,1,1,P,855,3,1,3,4,4,6,4,4,10000,2,1,0,4,4,6,4,4,10000,2,1,0,4,4,6,4,4,10000,2,1,0,2025,3,9,1380000,2330000,1,3
202601,6,,충북대학교,43112,13,0,120,200,1,0,5,32,04,6,1,없음,31,7,0,1,0,2,2,4,1,10,2,1,1,1,1,8,2,3,1,1,I,561,3,1,3,5,5,8,5,5,22000,1,1,0,5,5,8,5,5,22000,1,1,0,5,5,8,5,5,22000,1,1,0,2025,3,9,2370000,4220000,1,3
202601,6,,충북대학교,43112,13,0,120,200,1,0,5,32,04,6,1,없음,31,7,0,1,0,2,2,4,1,10,2,1,1,1,1,8,2,3,1,1,G,473,2,1,2,5,5,8,5,5,23400,1,1,0,5,5,8,5,5,23400,1,1,0,5,5,8,5,5,23400,1,1,0,2026,3,10,2370000,4220000,1,3
202601,6,,충북대학교,43112,13,0,120,200,1,0,4,31,04,6,2,없음,71,1,0,1,0,2,2,4,2,9,2,2,1,1,1,8,2,3,1,1,G,472,2,1,2,6,4,7,6,4,19900,1,1,0,6,4,7,6,4,19900,1,1,0,6,4,7,6,4,19900,1,1,0,2026,3,10,3220000,2930000,1,1
202601,6,,충북대학교,43112,13,0,120,200,1,0,4,31,04,6,2,없음,71,1,0,1,0,2,2,4,2,9,2,2,1,1,1,8,2,3,1,1,N,759,2,1,2,6,4,7,6,4,19700,1,1,0,6,4,7,6,4,19700,1,1,0,6,4,7,6,4,19700,1,1,0,2025,3,6,3220000,2930000,1,1
202601,6,,충북대학교,43112,13,0,120,200,1,0,4,31,04,6,2,없음,71,1,0,1,0,2,2,4,2,9,2,2,1,1,1,8,2,3,1,1,I,561,2,1,2,4,4,7,4,4,19900,1,1,0,4,4,7,4,4,19900,1,1,0,4,4,7,4,4,19900,1,1,0,2025,3,10,3220000,2930000,1,1
202601,6,,충북대학교,43112,13,0,120,200,1,0,4,31,04,6,2,없음,71,1,0,1,0,2,2,4,2,9,2,2,1,1,1,8,2,3,2,6,0,999,4,2,4,1,1,1,5,5,9500,1,1,1,1,1,1,5,5,9500,1,1,1,1,1,1,5,5,9500,1,1,1,0,1,1,3220000,2930000,1,1
202601,6,,0.비상권,43112,14,0,0,0,1,0,1,11,04,1,1,없음,52,4,0,0,0,2,1,3,1,10,1,1,1,1,1,8,2,2,1,1,I,561,2,1,2,4,3,7,4,3,10800,1,1,0,4,3,7,4,3,10800,1,1,0,4,3,7,4,3,10800,1,1,0,2025,3,9,1710000,2880000,1,1
202601,6,,0.비상권,43112,14,0,0,0,1,0,1,11,04,1,1,없음,52,4,0,0,0,2,1,3,1,10,1,1,1,1,1,8,2,2,1,1,F,412,2,1,2,3,3,7,3,3,10100,1,1,0,3,3,7,3,3,10100,1,1,0,3,3,7,3,3,10100,1,1,0,2025,3,9,1710000,2880000,1,1
202601,6,,0.비상권,43112,14,0,0,0,1,0,4,32,03,6,1,없음,120,4,0,0,0,2,1,3,1,10,1,1,1,1,1,8,2,2,1,1,S,951,2,1,2,4,3,7,4,3,10700,1,1,0,4,3,7,4,3,10700,1,1,0,4,3,7,4,3,10700,1,1,0,2024,3,5,1960000,3290000,1,1
202601,6,,0.비상권,43112,14,0,0,0,1,0,4,32,03,6,1,없음,120,4,0,0,0,2,1,3,1,10,1,1,1,1,1,8,2,2,1,1,G,466,2,1,2,4,3,7,4,3,10700,1,1,0,4,3,7,4,3,10700,1,1,0,4,3,7,4,3,10700,1,1,0,2024,3,6,1960000,3290000,1,1
202601,6,,0.비상권,43112,14,0,0,0,1,0,6,21,04,6,1,없음,300,5,0,1,0,3,2,4,1,10,2,1,1,1,1,8,3,3,1,1,S,952,3,1,3,4,4,7,4,4,13400,1,1,0,4,4,7,4,4,13400,1,1,0,4,4,7,4,4,13400,1,1,0,2024,3,10,2120000,3670000,1,3
202601,6,,0.비상권,43112,14,0,0,0,1,0,6,21,04,6,1,없음,300,5,0,1,0,3,2,4,1,10,2,1,1,1,1,8,3,3,1,1,S,969,2,1,2,4,4,7,4,4,16000,1,1,0,4,4,7,4,4,16000,1,1,0,4,4,7,4,4,16000,1,1,0,2025,3,9,2120000,3670000,1,3
202601,6,,0.비상권,43112,14,0,0,0,1,0,6,21,04,6,1,없음,300,5,0,1,0,3,2,4,1,10,2,1,1,1,1,8,3,3,1,1,L,682,2,1,2,4,4,7,4,4,16200,1,1,0,4,4,7,4,4,16200,1,1,0,4,4,7,4,4,16200,1,1,0,2025,3,10,2120000,3670000,1,3
202601,6,,0.비상권,43112,14,0,0,0,1,0,6,21,04,6,1,없음,300,5,0,1,0,3,2,4,1,10,2,1,1,1,1,8,3,3,1,1,G,471,3,1,3,6,5,7,6,5,19800,1,1,0,6,5,7,6,5,19800,1,1,0,6,5,7,6,5,19800,1,1,0,2025,2,8,2120000,3670000,1,3
202601,6,,0.비상권,43113,14,0,0,0,1,0,2,21,03,1,1,없음,70,1,0,0,0,2,2,4,3,8,2,1,1,1,1,8,2,2,1,1,G,463,4,2,4,6,5,7,6,5,10000,1,1,0,6,5,7,6,5,10000,1,1,0,6,5,7,6,5,10000,1,1,0,2025,3,8,2060000,1590000,1,1
202601,6,,0.비상권,43113,14,0,0,0,1,0,2,21,03,1,1,없음,70,1,0,0,0,2,2,4,3,8,2,1,1,1,1,8,2,2,2,1,P,856,4,2,4,4,3,3,4,3,3900,1,1,0,4,3,3,4,3,3900,1,1,0,4,3,3,4,3,3900,1,1,0,2025,2,8,2060000,1590000,1,1
202601,6,,0.비상권,43113,14,0,0,0,1,0,8,32,04,4,1,없음,100,9,0,1,0,4,2,4,1,10,2,1,1,1,1,8,4,2,1,1,I,561,4,1,4,7,6,7,7,6,11500,1,1,0,7,6,7,7,6,11500,1,1,0,7,6,7,7,6,11500,1,1,0,2024,3,9,1840000,5960000,1,1
202601,6,,충북대학교,43113,22,0,0,0,1,0,5,32,03,8,1,없음,200,5,0,0,0,2,2,4,1,10,2,1,1,1,1,8,2,3,1,1,I,561,3,1,3,5,4,7,4,4,11100,1,1,0,5,4,7,4,4,11100,1,1,0,5,4,7,4,4,11100,1,1,0,2025,3,9,1890000,2390000,1,1
202601,6,,충북대학교,43113,22,0,0,0,1,0,5,32,03,8,1,없음,200,5,0,0,0,2,2,4,1,10,2,1,1,1,1,8,2,3,1,1,I,561,4,1,4,4,5,7,4,5,11800,1,1,0,4,5,7,4,5,11800,1,1,0,4,5,7,4,5,11800,1,1,0,2025,3,10,1890000,2390000,1,1
202601,6,,충북대학교,43113,22,0,120,0,1,0,1,11,03,4,1,없음,70,2,0,0,0,3,2,4,1,9,2,1,1,1,1,8,3,3,1,1,G,478,1,1,1,4,3,8,4,3,26800,1,1,0,4,3,8,4,3,26800,1,1,0,4,3,8,4,3,26800,1,1,0,2025,3,9,2930000,6200000,1,1
202601,6,,충북대학교,43113,22,0,120,0,1,0,1,11,03,4,1,없음,70,2,0,0,0,3,2,4,1,9,2,1,1,1,1,8,3,3,1,1,G,478,3,1,4,6,6,8,6,6,23700,1,1,0,6,6,8,6,6,23700,1,1,0,6,6,8,6,6,23700,1,1,0,2024,3,6,2930000,6200000,1,1
202601,6,,충북대학교,43113,22,0,120,0,1,0,1,11,03,4,1,없음,70,2,0,0,0,3,2,4,1,9,2,1,1,1,1,8,3,3,2,1,G,478,2,1,2,3,3,5,3,3,7900,1,1,0,3,3,5,3,3,7900,1,1,0,3,3,5,3,3,7900,1,1,0,2024,3,6,2930000,6200000,1,1
202601,6,,충북대학교,43113,14,0,0,0,1,1,1,21,03,1,1,없음,200,4,0,0,0,2,2,4,2,9,2,1,1,1,1,8,2,3,-1,1,H,529,3,1,3,2,3,3,2,3,2300,1,1,0,2,3,3,2,3,2300,1,1,0,2,3,3,2,3,2300,1,1,0,2026,3,10,2210000,1270000,1,1
202601,6,,충북대학교,43113,14,0,0,0,1,1,1,21,03,1,1,없음,200,4,0,0,0,2,2,4,2,9,2,1,1,1,1,8,2,3,1,6,0,999,3,1,3,1,1,1,5,4,10500,1,1,1,1,1,1,5,4,10500,1,1,1,1,1,1,5,4,10500,1,1,1,0,1,1,2210000,1270000,1,1
202601,6,,충북대학교,43113,14,0,0,0,1,1,1,21,03,1,1,없음,200,4,0,0,0,2,2,4,2,9,2,1,1,1,1,8,2,3,2,1,I,561,3,1,3,3,3,4,3,3,5600,1,1,0,3,3,4,3,3,5600,1,1,0,3,3,4,3,3,5600,1,1,0,2026,3,10,2210000,1270000,1,1
202601,6,,충북대학교,43113,14,0,0,0,1,0,4,32,04,6,1,없음,176,5,0,1,0,3,2,4,1,10,2,1,1,1,1,8,3,2,1,1,I,561,4,1,4,7,5,6,7,5,9400,1,1,0,7,5,6,7,5,9400,1,1,0,7,5,6,7,5,9400,1,1,0,2023,5,8,1690000,2900000,1,3
202601,6,,0.비상권,43113,33,0,0,0,1,0,7,31,04,6,1,없음,100,7,0,1,0,3,2,4,1,10,2,1,1,1,1,8,3,2,1,1,I,561,4,1,4,6,6,8,6,6,23000,1,1,0,6,6,8,6,6,23000,1,1,0,6,6,8,6,6,23000,1,1,0,2023,5,10,3270000,5750000,1,3
202601,6,,0.비상권,43113,33,0,0,0,1,0,7,31,04,6,1,없음,100,7,0,1,0,3,2,4,1,10,2,1,1,1,1,8,3,2,1,1,I,561,4,1,4,6,6,8,6,6,23000,1,1,0,6,6,8,6,6,23000,1,1,0,6,6,8,6,6,23000,1,1,0,2025,3,10,3270000,5750000,1,3
202601,6,,0.비상권,43113,33,0,0,0,1,0,6,32,04,6,1,없음,100,6,0,1,0,3,2,4,1,10,2,1,1,1,1,8,3,2,1,1,I,561,4,1,4,6,6,7,6,6,17500,1,1,0,6,6,7,6,6,17500,1,1,0,6,6,7,6,6,17500,1,1,0,2025,3,10,3040000,5280000,1,2
202601,6,,0.비상권,43113,33,0,0,0,1,0,6,32,04,6,1,없음,100,6,0,1,0,3,2,4,1,10,2,1,1,1,1,8,3,2,1,1,I,561,4,1,4,6,6,8,6,6,24700,1,1,0,6,6,8,6,6,24700,1,1,0,6,6,8,6,6,24700,1,1,0,2025,3,10,3040000,5280000,1,2
202601,6,,0.비상권,43113,33,0,0,0,1,0,6,32,04,6,1,없음,100,2,0,1,0,3,2,4,1,10,2,1,1,1,1,8,3,2,1,1,I,561,2,1,2,6,5,7,6,5,19800,1,1,0,6,5,7,6,5,19800,1,1,0,6,5,7,6,5,19800,1,1,0,2024,3,10,3090000,5220000,1,2
202601,6,,0.비상권,43113,33,0,0,0,1,0,6,32,04,6,1,없음,100,2,0,1,0,3,2,4,1,10,2,1,1,1,1,8,3,2,1,1,G,462,2,1,2,6,5,7,6,5,19800,1,1,0,6,5,7,6,5,19800,1,1,0,6,5,7,6,5,19800,1,1,0,2026,3,10,3090000,5220000,1,2
202601,6,,0.비상권,43113,33,0,0,0,1,0,6,32,04,6,1,없음,100,2,0,1,0,3,2,4,1,10,2,1,1,1,1,8,3,2,1,1,M,732,2,1,2,6,5,7,6,5,19800,1,1,0,6,5,7,6,5,19800,1,1,0,6,5,7,6,5,19800,1,1,0,2025,3,10,3090000,5220000,1,2
202601,6,,0.비상권,43113,33,0,0,0,1,0,6,32,04,6,1,없음,100,2,0,1,0,3,2,4,1,10,2,1,1,1,1,8,3,2,1,1,G,472,2,1,2,6,5,7,6,5,19800,1,1,0,6,5,7,6,5,19800,1,1,0,6,5,7,6,5,19800,1,1,0,2026,3,10,3090000,5220000,1,2
202601,6,,봉명사거리,43113,16,0,120,0,1,0,5,32,04,7,1,없음,28,1,0,0,0,2,2,4,1,10,2,1,1,1,1,8,2,2,1,1,I,561,4,1,4,7,6,7,7,6,15500,1,1,0,7,6,7,7,6,15500,1,1,0,7,6,7,7,6,15500,1,1,0,2024,3,6,2250000,3280000,1,1
202601,6,,봉명사거리,43113,16,0,0,0,1,0,4,32,04,5,1,없음,75,1,0,0,0,2,2,4,1,10,2,1,1,1,1,8,2,2,1,1,S,952,4,1,4,5,5,7,5,6,21400,1,1,0,5,5,7,5,6,21400,1,1,0,5,5,7,5,6,21400,1,1,0,2024,4,8,2220000,3820000,1,1
202601,6,,봉명사거리,43113,16,0,0,0,1,0,4,32,04,5,1,없음,75,1,0,0,0,2,2,4,1,10,2,1,1,1,1,8,2,2,2,1,S,952,1,1,1,4,3,7,4,3,13500,1,1,0,4,3,7,4,3,13500,1,1,0,4,3,7,4,3,13500,1,1,0,2024,4,8,2220000,3820000,1,1
202601,6,,봉명사거리,43113,16,0,0,0,1,0,5,31,04,5,1,없음,140,1,0,1,0,3,2,4,1,10,2,1,1,1,1,8,3,2,1,1,S,952,4,1,4,5,6,7,5,6,16100,1,1,0,5,6,7,5,6,16100,1,1,0,5,6,7,5,6,16100,1,1,0,2024,4,7,2330000,4420000,1,1
202601,6,,봉명사거리,43113,16,0,0,0,1,0,5,31,04,5,1,없음,140,1,0,1,0,3,2,4,1,10,2,1,1,1,1,8,3,2,2,1,S,952,2,1,2,4,3,7,4,3,10100,1,1,0,4,3,7,4,3,10100,1,1,0,4,3,7,4,3,10100,1,1,0,2024,4,7,2330000,4420000,1,1
202601,6,,0.비상권,43113,14,0,0,0,1,0,3,32,04,4,1,없음,120,5,0,0,0,3,2,4,1,10,2,1,1,1,1,8,3,2,1,1,S,952,4,1,4,5,4,5,5,4,7600,2,1,0,5,4,5,5,4,7600,2,1,0,5,4,5,5,4,7600,2,1,0,2025,3,8,1410000,3780000,1,1
202601,6,,0.비상권,43113,16,0,0,0,1,0,4,32,04,2,1,없음,20,3,0,0,0,3,2,4,1,10,2,1,1,1,1,8,3,2,1,1,N,761,4,1,4,6,5,7,6,5,14000,1,1,0,6,5,7,6,5,14000,1,1,0,6,5,7,6,5,14000,1,1,0,2024,3,10,1880000,9750000,1,3
202601,6,,0.비상권,43113,16,0,0,0,1,0,6,32,04,6,1,없음,10,1,0,0,0,2,1,3,1,10,1,1,1,1,1,8,2,2,1,1,S,952,3,1,3,6,4,6,6,4,10800,1,1,0,6,4,6,6,4,10800,1,1,0,6,4,6,6,4,10800,1,1,0,2024,3,8,2040000,3630000,1,1
202601,6,,봉명사거리,43113,16,0,0,0,1,0,4,11,04,5,1,없음,50,1,0,1,0,2,2,4,1,10,2,1,1,1,1,8,2,2,1,1,I,561,4,1,4,6,4,6,6,5,9500,1,1,0,6,4,6,6,5,9500,1,1,0,6,4,6,6,5,9500,1,1,0,2026,3,9,2180000,2920000,1,1
202601,6,,봉명사거리,43113,16,0,0,0,1,0,4,11,04,5,1,없음,50,1,0,1,0,2,2,4,1,10,2,1,1,1,1,8,2,2,2,6,0,999,3,1,3,1,1,1,3,4,5700,1,1,1,1,1,1,3,4,5700,1,1,1,1,1,1,3,4,5700,1,1,1,0,1,1,2180000,2920000,1,1
202601,6,,봉명사거리,43113,22,0,120,0,1,0,8,32,04,5,1,없음,128,2,0,0,0,3,2,4,1,10,2,1,1,1,1,8,3,2,1,1,S,952,4,1,4,6,6,8,6,6,21400,1,1,0,6,6,8,6,6,21400,1,1,0,6,6,8,6,6,21400,1,1,0,2025,3,9,3230000,7620000,1,1
202601,6,,봉명사거리,43113,22,0,120,0,1,0,5,31,04,4,1,없음,115,2,0,1,0,3,2,4,1,10,2,1,1,1,1,8,3,2,1,1,I,561,4,1,4,6,6,7,6,6,21100,1,1,0,6,6,7,6,6,21100,1,1,0,6,6,7,6,6,21100,1,1,0,2025,4,9,2710000,8520000,1,2
202601,6,,봉명사거리,43113,16,0,120,0,1,0,3,21,03,6,2,없음,35,7,0,0,0,2,2,4,1,9,1,1,1,1,1,8,2,2,1,1,L,682,2,1,3,3,3,4,3,3,5300,1,1,0,3,3,4,3,3,5300,1,1,0,3,3,4,3,3,5300,1,1,0,2024,3,8,1680000,1570000,1,1
202601,6,,봉명사거리,43113,16,0,120,0,1,0,3,21,03,6,2,없음,35,7,0,0,0,2,2,4,1,9,1,1,1,1,1,8,2,2,2,2,0,999,2,1,3,1,1,1,3,3,4400,1,1,0,1,1,1,3,3,4400,1,1,0,1,1,1,3,3,4400,1,1,0,0,1,1,1680000,1570000,1,1
202601,6,,봉명사거리,43113,16,0,120,0,1,0,4,32,04,2,1,없음,19,1,0,0,0,3,1,2,1,10,1,1,1,1,1,8,3,2,1,1,M,713,2,1,2,5,4,7,5,4,16600,1,1,0,5,4,7,5,4,16600,1,1,0,5,4,7,5,4,16600,1,1,0,2026,3,9,1840000,9820000,1,1
202601,6,,봉명사거리,43113,13,0,0,0,1,0,1,11,03,1,1,없음,300,4,0,0,0,2,2,4,1,10,2,1,1,1,1,8,2,2,1,1,S,961,2,1,2,3,3,7,3,3,10500,1,1,0,3,3,7,3,3,10500,1,1,0,3,3,7,3,3,10500,1,1,0,2026,3,9,1220000,1530000,1,1
202601,6,,봉명사거리,43113,13,0,0,0,1,0,1,11,03,1,1,없음,300,4,0,0,0,2,2,4,1,10,2,1,1,1,1,8,2,2,1,1,M,739,2,1,2,3,3,7,3,3,10400,1,1,0,3,3,7,3,3,10400,1,1,0,3,3,7,3,3,10400,1,1,0,2026,3,9,1220000,1530000,1,1
202601,6,,봉명사거리,43113,13,0,0,0,1,0,1,11,03,1,1,없음,300,4,0,0,0,2,2,4,1,10,2,1,1,1,1,8,2,2,1,1,L,681,2,1,2,3,3,7,3,3,10700,1,1,0,3,3,7,3,3,10700,1,1,0,3,3,7,3,3,10700,1,1,0,2026,3,10,1220000,1530000,1,1
202601,6,,봉명사거리,43113,13,0,0,0,1,0,1,11,03,1,1,없음,300,4,0,0,0,2,2,4,1,10,2,1,1,1,1,8,2,2,2,2,0,999,3,1,3,1,1,1,2,3,3700,1,1,0,1,1,1,2,3,3700,1,1,0,1,1,1,2,3,3700,1,1,0,0,1,1,1220000,1530000,1,1
202601,6,,봉명사거리,43113,13,0,0,0,1,0,2,11,03,1,1,없음,300,4,0,0,0,2,2,4,1,10,2,1,1,1,1,8,2,2,1,1,L,682,2,1,3,3,3,4,3,3,5500,1,1,0,3,3,4,3,3,5500,1,1,0,3,3,4,3,3,5500,1,1,0,2025,3,10,1380000,1440000,1,1
202601,6,,봉명사거리,43113,13,0,0,0,1,0,2,11,03,1,1,없음,300,4,0,0,0,2,2,4,1,10,2,1,1,1,1,8,2,2,1,1,N,762,2,1,3,3,3,4,3,3,5600,1,1,0,3,3,4,3,3,5600,1,1,0,3,3,4,3,3,5600,1,1,0,2025,2,10,1380000,1440000,1,1
202601,6,,봉명사거리,43113,13,0,0,0,1,0,2,11,03,1,1,없음,300,4,0,0,0,2,2,4,1,10,2,1,1,1,1,8,2,2,2,2,0,999,3,1,3,1,1,1,3,3,4600,1,1,0,1,1,1,3,3,4600,1,1,0,1,1,1,3,3,4600,1,1,0,0,1,1,1380000,1440000,1,1
202601,6,,봉명사거리,43113,16,14,0,0,1,0,3,32,04,5,1,없음,75,6,0,0,0,2,1,2,1,8,1,1,1,1,1,8,2,2,1,1,I,561,2,1,3,4,4,7,4,3,8100,1,1,0,4,4,7,4,3,8100,1,1,0,4,4,7,4,3,8100,1,1,0,2025,3,8,1470000,2970000,1,2
202601,6,,0.비상권,43113,33,0,0,0,1,0,6,31,04,5,1,없음,100,4,0,1,0,2,2,4,1,10,2,1,1,1,1,8,2,2,1,1,S,952,4,1,4,6,5,6,6,5,9300,1,1,0,6,5,6,6,5,9300,1,1,0,6,5,6,6,5,9300,1,1,0,2024,3,9,1680000,3390000,1,1
202601,6,,0.비상권,43113,33,0,0,0,1,0,6,31,04,6,1,없음,273,4,0,0,0,3,2,4,1,10,2,1,1,1,1,8,3,2,1,1,H,521,4,1,4,6,5,5,6,5,8200,1,1,0,6,5,5,6,5,8200,1,1,0,6,5,5,6,5,8200,1,1,0,2026,3,10,1990000,3690000,1,1
202601,6,,0.비상권,43113,33,0,0,0,1,0,7,31,03,6,1,없음,131,6,0,1,0,3,2,4,1,10,2,1,1,1,1,8,3,2,1,1,I,562,4,1,4,6,5,6,6,5,7200,1,1,0,6,5,6,6,5,7200,1,1,0,6,5,6,6,5,7200,1,1,0,2025,3,10,2200000,3820000,1,1
202601,6,,0.비상권,43113,43,0,130,0,1,0,5,32,04,2,1,없음,50,5,0,0,0,3,2,4,1,10,2,1,1,1,1,8,3,2,1,1,S,952,4,1,4,6,6,8,6,6,19200,1,1,0,6,6,8,6,6,19200,1,1,0,6,6,8,6,6,19200,1,1,0,2024,3,9,760000,3890000,1,2
202601,6,,0.비상권,43113,43,0,0,0,1,0,9,32,04,2,1,없음,50,4,0,0,0,2,1,2,1,10,1,1,1,1,1,8,2,2,1,1,G,466,2,1,2,4,3,7,4,4,16800,1,1,0,4,3,7,4,4,16800,1,1,0,4,3,7,4,4,16800,1,1,0,2025,3,10,970000,5030000,1,3
202601,6,,0.비상권,43113,22,0,0,0,1,0,8,32,03,7,1,없음,100,4,1,0,0,3,2,4,1,10,2,1,1,1,1,8,3,2,1,1,I,561,3,1,3,6,5,7,6,5,19200,1,1,0,6,5,7,6,5,19200,1,1,0,6,5,7,6,5,19200,1,1,0,2025,3,10,3440000,5100000,1,2
202601,6,,0.비상권,43113,22,0,0,0,1,0,8,32,03,7,1,없음,100,4,1,0,0,3,2,4,1,10,2,1,1,1,1,8,3,2,1,1,I,561,4,1,4,7,6,7,7,6,19100,1,1,0,7,6,7,7,6,19100,1,1,0,7,6,7,7,6,19100,1,1,0,2026,3,10,3440000,5100000,1,2
202601,6,,0.비상권,43113,22,0,0,0,1,0,8,32,03,7,1,없음,100,4,1,0,0,3,2,4,1,10,2,1,1,1,1,8,3,2,1,1,I,561,3,1,3,6,5,7,6,5,19200,1,1,0,6,5,7,6,5,19200,1,1,0,6,5,7,6,5,19200,1,1,0,2024,3,10,3440000,5100000,1,2
202601,6,,0.비상권,43113,64,0,710,0,1,0,8,31,03,6,2,없음,100,1,0,1,0,2,2,4,1,10,2,1,1,1,1,8,2,2,1,1,S,961,3,1,3,5,4,7,5,5,12800,1,1,0,5,4,7,5,5,12800,1,1,0,5,4,7,5,5,12800,1,1,0,2024,3,10,3420000,2940000,1,2
202601,6,,0.비상권,43113,64,0,710,0,1,0,8,31,03,6,2,없음,100,1,0,1,0,2,2,4,1,10,2,1,1,1,1,8,2,2,2,1,S,961,3,1,3,3,3,5,3,3,6200,1,1,0,3,3,5,3,3,6200,1,1,0,3,3,5,3,3,6200,1,1,0,2024,3,10,3420000,2940000,1,2
202601,6,,0.비상권,43113,64,0,710,0,1,0,2,11,03,1,1,없음,100,1,0,0,0,2,2,4,1,10,1,1,1,1,1,8,2,2,1,6,0,999,3,1,3,1,1,1,4,4,12500,1,1,1,1,1,1,4,4,12500,1,1,1,1,1,1,4,4,12500,1,1,1,0,1,1,2520000,2550000,1,1
202601,6,,0.비상권,43113,64,0,710,0,1,0,2,11,03,1,1,없음,100,1,0,0,0,2,2,4,1,10,1,1,1,1,1,8,2,2,2,1,G,478,3,1,3,3,3,4,3,3,4800,1,1,0,3,3,4,3,3,4800,1,1,0,3,3,4,3,3,4800,1,1,0,2024,3,10,2520000,2550000,1,1
202601,6,,0.비상권,43114,16,0,0,0,1,0,6,32,04,7,1,없음,161,10,0,0,0,2,1,3,1,10,1,1,1,1,1,8,2,2,1,1,I,562,3,1,3,4,4,5,4,4,7000,1,1,0,4,4,5,4,4,7000,1,1,0,4,4,5,4,4,7000,1,1,0,2025,3,9,1230000,1760000,1,1
202601,6,,0.비상권,43114,16,0,120,0,1,0,5,31,04,7,2,없음,10,2,0,1,0,2,2,4,1,10,2,1,1,1,1,8,2,2,1,1,S,969,2,1,2,1,1,1,6,5,31000,1,1,1,6,5,9,6,5,31000,1,1,0,6,5,9,6,5,31000,1,1,0,2026,3,10,3690000,2940000,1,2
202601,6,,0.비상권,43114,16,0,120,0,1,0,5,31,04,7,2,없음,10,2,0,1,0,2,2,4,1,10,2,1,1,1,1,8,2,2,1,1,G,473,3,1,3,6,6,8,6,6,27800,1,1,0,6,6,8,6,6,27800,1,1,0,6,6,8,6,6,27800,1,1,0,2025,3,8,3690000,2940000,1,2
202601,6,,0.비상권,43114,16,0,120,0,1,0,5,31,04,7,2,없음,10,2,0,1,0,2,2,4,1,10,2,1,1,1,1,8,2,2,2,1,R,912,4,1,4,5,5,7,5,5,12400,1,1,0,5,5,7,5,5,12400,1,1,0,5,5,7,5,5,12400,1,1,0,2025,3,6,3690000,2940000,1,2
202601,6,,0.비상권,43114,14,0,120,0,1,0,5,32,03,6,1,없음,160,1,0,0,0,3,2,4,1,10,2,1,1,1,1,8,3,2,1,1,G,473,3,1,3,6,4,7,6,5,14100,1,1,0,6,4,7,6,5,14100,1,1,0,6,4,7,6,5,14100,1,1,0,2025,3,8,2140000,4050000,1,1
202601,6,,0.비상권,43114,14,0,120,0,1,0,5,32,03,6,1,없음,160,1,0,0,0,3,2,4,1,10,2,1,1,1,1,8,3,2,1,1,G,478,3,1,3,6,5,7,6,5,14300,1,1,0,6,5,7,6,5,14300,1,1,0,6,5,7,6,5,14300,1,1,0,2025,3,9,2140000,4050000,1,1
202601,6,,0.비상권,43114,16,0,0,0,1,0,1,11,04,6,1,없음,140,4,0,0,0,2,1,3,1,10,1,1,1,1,1,8,2,2,1,1,I,561,1,1,1,4,3,7,4,3,11800,1,1,0,4,3,7,4,3,11800,1,1,0,4,3,7,4,3,11800,1,1,0,2025,3,8,2060000,3730000,1,2
202601,6,,0.비상권,43114,16,0,0,0,1,0,1,11,04,6,1,없음,140,4,0,0,0,2,1,3,1,10,1,1,1,1,1,8,2,2,1,1,I,561,2,1,2,4,4,7,4,4,12600,1,1,0,4,4,7,4,4,12600,1,1,0,4,4,7,4,4,12600,1,1,0,2025,3,7,2060000,3730000,1,2
202601,6,,0.비상권,43114,22,0,120,0,1,0,1,11,04,1,1,없음,50,1,0,0,0,2,1,3,1,10,1,1,1,1,1,8,2,2,1,1,H,529,3,1,3,5,4,7,5,5,13700,1,1,0,5,4,7,5,5,13700,1,1,0,5,4,7,5,5,13700,1,1,0,2024,3,10,2860000,4360000,2,1
202601,6,,0.비상권,43114,14,0,0,0,1,0,7,32,04,6,1,없음,400,6,0,0,0,2,2,4,1,10,2,1,1,1,1,8,2,2,1,1,S,969,4,1,4,6,4,6,6,4,10200,1,1,0,6,4,6,6,4,10200,1,1,0,6,4,6,6,4,10200,1,1,0,2026,3,10,2040000,3440000,1,3
202601,6,,0.비상권,43114,14,0,0,0,1,0,2,21,03,6,2,없음,50,4,0,0,0,2,2,4,1,10,1,1,1,1,1,8,2,2,1,1,I,561,2,1,3,4,4,7,4,4,13300,1,1,0,4,4,7,4,4,13300,1,1,0,4,4,7,4,4,13300,1,1,0,2025,4,9,2060000,1780000,1,1
202601,6,,0.비상권,43114,14,0,0,0,1,0,2,21,03,6,2,없음,50,4,0,0,0,2,2,4,1,10,1,1,1,1,1,8,2,2,2,2,0,999,2,1,3,1,1,1,4,3,5800,1,1,0,1,1,1,4,3,5800,1,1,0,1,1,1,4,3,5800,1,1,0,0,1,1,2060000,1780000,1,1
202601,6,,0.비상권,43114,14,0,0,0,1,0,1,11,04,8,2,없음,243,4,0,0,0,2,2,4,1,10,1,1,1,1,1,8,2,2,1,1,I,562,2,1,2,5,4,7,5,4,16400,1,1,0,5,4,7,5,4,16400,1,1,0,5,4,7,5,4,16400,1,1,0,2024,3,9,1780000,1350000,1,2
202601,6,,0.비상권,43114,14,0,0,0,1,0,1,11,04,8,2,없음,243,4,0,0,0,2,2,4,1,10,1,1,1,1,1,8,2,2,1,1,I,562,1,1,1,4,3,7,4,3,16300,1,1,0,4,3,7,4,3,16300,1,1,0,4,3,7,4,3,16300,1,1,0,2024,3,9,1780000,1350000,1,2
202601,6,,0.비상권,43114,14,0,0,0,1,0,1,11,04,8,2,없음,243,4,0,0,0,2,2,4,1,10,1,1,1,1,1,8,2,2,2,6,0,999,3,1,3,1,1,1,4,3,4500,1,1,1,1,1,1,4,3,4500,1,1,1,1,1,1,4,3,4500,1,1,1,0,1,1,1780000,1350000,1,2
202601,6,,0.비상권,43114,14,0,0,0,1,0,4,32,03,6,1,없음,100,7,0,0,0,2,2,4,1,10,2,1,1,1,1,8,2,2,1,1,I,561,2,1,2,3,3,5,3,3,6800,1,1,0,3,3,5,3,3,6800,1,1,0,3,3,5,3,3,6800,1,1,0,2024,3,9,1330000,2260000,1,1
202601,6,,0.비상권,43114,14,0,0,0,1,0,4,32,03,6,1,없음,100,7,0,0,0,2,2,4,1,10,2,1,1,1,1,8,2,2,1,1,G,478,2,1,2,3,3,5,3,3,6800,1,1,0,3,3,5,3,3,6800,1,1,0,3,3,5,3,3,6800,1,1,0,2024,3,9,1330000,2260000,1,1
202601,6,,0.비상권,43114,22,0,0,0,1,0,8,31,03,8,2,없음,200,6,0,0,0,2,2,4,3,8,2,1,1,1,1,8,2,2,1,1,G,466,3,2,4,6,4,6,6,5,11900,1,1,0,6,4,6,6,5,11900,1,1,0,6,4,6,6,5,11900,1,1,0,2025,3,10,2700000,1900000,1,1
202601,6,,0.비상권,43114,22,0,0,0,1,0,8,31,03,8,2,없음,200,6,0,0,0,2,2,4,3,8,2,1,1,1,1,8,2,2,2,1,G,466,3,2,4,5,4,5,5,4,6500,1,1,0,5,4,5,5,4,6500,1,1,0,5,4,5,5,4,6500,1,1,0,2025,3,10,2700000,1900000,1,1
202601,6,,0.비상권,43114,14,0,0,0,1,0,1,11,03,1,1,없음,200,3,0,0,0,2,2,4,1,10,2,1,1,1,1,8,2,2,1,1,I,561,2,1,2,5,4,7,5,4,15900,1,1,0,5,4,7,5,4,15900,1,1,0,5,4,7,5,4,15900,1,1,0,2024,3,10,1560000,1410000,1,2
202601,6,,0.비상권,43114,14,0,0,0,1,0,1,11,03,1,1,없음,200,3,0,0,0,2,2,4,1,10,2,1,1,1,1,8,2,2,2,1,S,961,2,1,2,3,3,6,3,3,9500,1,1,0,3,3,6,3,3,9500,1,1,0,3,3,6,3,3,9500,1,1,0,2024,3,10,1560000,1410000,1,2
202601,6,,0.비상권,43114,13,0,0,0,1,0,1,11,04,1,1,없음,30,1,0,0,0,2,1,3,1,10,1,1,1,1,1,8,2,2,1,1,S,941,3,1,3,4,4,6,4,4,9300,1,1,0,4,4,6,4,4,9300,1,1,0,4,4,6,4,4,9300,1,1,0,2024,3,10,1010000,2400000,1,2
202601,6,,0.비상권,43114,14,0,0,0,1,0,3,32,03,6,1,없음,300,7,0,0,0,2,2,4,1,10,2,1,1,1,1,8,2,2,1,1,I,561,4,1,4,5,5,7,5,5,12400,1,1,0,5,5,7,5,5,12400,1,1,0,5,5,7,5,5,12400,1,1,0,2025,3,10,1770000,2980000,1,1
202601,6,,0.비상권,43114,14,0,0,0,1,0,4,21,04,6,2,없음,250,9,0,1,0,2,2,4,1,9,2,1,1,1,1,8,2,2,1,1,I,561,3,1,4,5,4,6,5,4,9400,1,1,0,5,4,6,5,4,9400,1,1,0,5,4,6,5,4,9400,1,1,0,2025,3,7,1620000,1410000,1,1
202601,6,,0.비상권,43114,14,0,0,0,1,0,4,21,04,6,2,없음,250,9,0,1,0,2,2,4,1,9,2,1,1,1,1,8,2,2,2,1,R,912,4,1,4,4,4,5,4,4,5500,1,1,0,4,4,5,4,4,5500,1,1,0,4,4,5,4,4,5500,1,1,0,2025,3,9,1620000,1410000,1,1
202601,6,,충주자유시장,43130,22,0,300,0,1,0,1,11,03,8,2,없음,100,8,0,0,0,2,2,4,1,9,2,1,1,1,1,8,2,3,1,1,G,475,3,1,3,3,3,4,3,3,4400,1,1,0,3,3,4,3,3,4400,1,1,0,3,3,4,3,3,4400,1,1,0,2024,3,8,1250000,860000,1,1
202601,6,,충주자유시장,43130,22,0,300,0,1,0,1,11,03,8,2,없음,100,8,0,0,0,2,2,4,1,9,2,1,1,1,1,8,2,3,2,1,G,475,3,1,3,3,3,3,3,3,2300,1,1,0,3,3,3,3,3,2300,1,1,0,3,3,3,3,3,2300,1,1,0,2024,3,8,1250000,860000,1,1
202601,6,,충주자유시장,43130,22,0,300,0,1,0,1,21,04,9,2,없음,85,6,0,0,0,2,2,4,1,10,2,1,1,1,1,8,2,3,1,1,R,912,4,1,4,4,3,4,4,3,5000,1,1,0,4,3,4,4,3,5000,1,1,0,4,3,4,4,3,5000,1,1,0,2024,3,10,1230000,850000,1,1
202601,6,,충주자유시장,43130,22,0,300,0,1,0,1,21,04,9,2,없음,85,6,0,0,0,2,2,4,1,10,2,1,1,1,1,8,2,3,2,1,0,999,3,1,3,3,3,4,3,3,4200,1,1,0,3,3,4,3,3,4200,1,1,0,3,3,4,3,3,4200,1,1,0,2026,3,9,1230000,850000,1,1
202601,6,,충주자유시장,43130,22,0,0,0,1,0,6,21,04,8,2,없음,100,7,0,1,0,2,2,4,1,10,1,1,1,1,1,8,2,3,1,1,I,561,3,1,3,4,3,4,4,3,4900,1,1,0,4,3,4,4,3,4900,1,1,0,4,3,4,4,3,4900,1,1,0,2024,3,7,1810000,1390000,1,1
202601,6,,충주자유시장,43130,22,0,0,0,1,0,6,21,04,8,2,없음,100,7,0,1,0,2,2,4,1,10,1,1,1,1,1,8,2,3,2,2,0,999,3,1,3,1,1,1,2,3,4300,1,1,0,1,1,1,2,3,4300,1,1,0,1,1,1,2,3,4300,1,1,0,0,1,1,1810000,1390000,1,1
202601,6,,0.비상권,43130,14,0,0,0,1,0,5,32,03,4,1,없음,90,4,0,0,0,3,2,4,1,10,2,1,1,1,1,8,3,3,1,1,G,452,4,1,4,3,5,6,3,5,9600,1,1,0,3,5,6,3,5,9600,1,1,0,3,5,6,3,5,9600,1,1,0,2026,3,9,930000,3040000,1,1
202601,6,,충주자유시장,43130,22,0,300,0,1,0,3,21,03,8,2,없음,130,9,0,0,0,2,2,4,1,10,1,1,1,1,1,8,2,3,1,1,G,474,3,1,3,6,4,7,6,4,11200,1,1,0,6,4,7,6,4,11200,1,1,0,6,4,7,6,4,11200,1,1,0,2025,3,8,3090000,2020000,1,1
202601,6,,충주자유시장,43130,22,0,300,0,1,0,3,21,03,8,2,없음,130,9,0,0,0,2,2,4,1,10,1,1,1,1,1,8,2,3,2,6,0,999,3,1,3,1,1,1,3,3,3100,1,1,1,1,1,1,3,3,3100,1,1,1,1,1,1,3,3,3100,1,1,1,0,1,1,3090000,2020000,1,1
202601,6,,충주자유시장,43130,22,0,300,0,1,0,7,32,03,1,1,없음,66,9,0,0,0,1,1,3,1,10,1,1,1,1,1,8,1,3,1,1,G,474,3,1,3,5,4,7,5,4,12800,1,1,0,5,4,7,5,4,12800,1,1,0,5,4,7,5,4,12800,1,1,0,2025,3,10,2430000,2570000,1,1
202601,6,,충주자유시장,43130,22,0,300,0,1,1,1,21,03,8,1,없음,195,6,0,0,0,2,2,4,1,9,2,1,1,1,1,8,2,3,-1,1,I,562,3,1,3,5,3,5,5,3,7200,1,1,0,5,3,5,5,3,7200,1,1,0,5,3,5,5,3,7200,1,1,0,2025,3,8,2230000,1570000,1,1
202601,6,,충주자유시장,43130,22,0,300,0,1,1,1,21,03,8,1,없음,195,6,0,0,0,2,2,4,1,9,2,1,1,1,1,8,2,3,1,1,G,474,2,1,2,3,3,7,3,3,11100,1,1,0,3,3,7,3,3,11100,1,1,0,3,3,7,3,3,11100,1,1,0,2025,3,9,2230000,1570000,1,1
202601,6,,충주자유시장,43130,22,0,300,0,1,1,1,21,03,8,1,없음,195,6,0,0,0,2,2,4,1,9,2,1,1,1,1,8,2,3,1,1,G,474,2,1,2,4,4,7,4,4,10600,1,1,0,4,4,7,4,4,10600,1,1,0,4,4,7,4,4,10600,1,1,0,2024,3,10,2230000,1570000,1,1
202601,6,,충주자유시장,43130,22,0,300,0,1,0,1,51,03,7,1,없음,85,6,0,0,0,2,1,3,1,10,1,1,1,1,1,8,2,3,1,6,0,999,2,1,2,1,1,1,3,3,11600,1,1,1,1,1,1,3,3,11600,1,1,1,1,1,1,3,3,11600,1,1,1,0,1,1,1490000,2240000,1,1
202601,6,,충주자유시장,43130,22,0,300,0,1,0,1,51,03,7,1,없음,85,6,0,0,0,2,1,3,1,10,1,1,1,1,1,8,2,3,1,1,G,474,2,1,2,3,3,7,3,3,11600,1,1,0,3,3,7,3,3,11600,1,1,0,3,3,7,3,3,11600,1,1,0,2024,3,7,1490000,2240000,1,1
202601,6,,충주자유시장,43130,22,0,0,0,1,0,1,21,03,7,1,없음,140,6,0,0,0,2,1,3,1,10,1,1,1,1,1,8,2,3,1,6,0,999,3,1,3,1,1,1,4,4,7600,1,1,1,1,1,1,4,4,7600,1,1,1,1,1,1,4,4,7600,1,1,1,0,1,1,1120000,2130000,1,1
202601,6,,충주자유시장,43130,22,0,0,0,1,0,1,51,03,9,1,없음,157,6,0,0,0,1,1,2,1,10,1,1,1,1,1,8,1,3,1,1,S,953,2,1,2,3,3,4,3,3,4900,1,1,0,3,3,4,3,3,4900,1,1,0,3,3,4,3,3,4900,1,1,0,2025,3,8,1020000,1240000,1,1
202601,6,,충주자유시장,43130,22,0,0,0,1,0,1,11,03,6,1,없음,60,6,0,0,0,1,1,2,1,10,1,1,1,1,1,8,1,3,1,1,C,105,2,1,2,3,3,5,3,3,6300,1,1,0,3,3,5,3,3,6300,1,1,0,3,3,5,3,3,6300,1,1,0,2025,3,7,920000,1650000,1,1
202601,6,,0.비상권,43130,14,0,0,0,1,0,5,32,04,4,1,없음,300,9,0,1,0,2,1,3,1,10,1,1,1,1,1,8,2,3,1,1,I,562,3,1,3,4,3,5,4,4,7100,1,1,0,4,3,5,4,4,7100,1,1,0,4,3,5,4,4,7100,1,1,0,2025,3,10,830000,2320000,1,1
202601,6,,0.비상권,43130,14,0,0,0,1,0,8,21,03,6,2,없음,50,5,0,1,0,2,2,4,1,9,1,1,1,1,1,8,2,3,1,6,0,999,2,1,2,1,1,1,4,3,10100,1,1,1,1,1,1,4,3,10100,1,1,1,1,1,1,4,3,10100,1,1,1,0,1,1,2210000,1970000,1,1
202601,6,,0.비상권,43130,14,0,0,0,1,0,8,21,03,6,2,없음,50,5,0,1,0,2,2,4,1,9,1,1,1,1,1,8,2,3,1,1,S,961,2,1,2,4,3,7,4,3,10100,1,1,0,4,3,7,4,3,10100,1,1,0,4,3,7,4,3,10100,1,1,0,2024,3,9,2210000,1970000,1,1
202601,6,,0.비상권,43130,14,0,0,0,1,0,8,21,03,6,2,없음,50,5,0,1,0,2,2,4,1,9,1,1,1,1,1,8,2,3,2,2,0,999,3,1,3,1,1,1,3,3,5000,1,1,0,1,1,1,3,3,5000,1,1,0,1,1,1,3,3,5000,1,1,0,0,1,1,2210000,1970000,1,1
202601,6,,0.비상권,43130,14,0,0,0,1,1,2,11,03,6,2,없음,150,5,0,0,0,2,2,4,1,10,1,1,1,1,1,8,2,3,-1,6,0,999,3,1,3,1,1,1,3,3,2000,1,1,1,1,1,1,3,3,2000,1,1,1,1,1,1,3,3,2000,1,1,1,0,1,1,1300000,790000,1,1
202601,6,,0.비상권,43130,14,0,0,0,1,1,2,11,03,6,2,없음,150,5,0,0,0,2,2,4,1,10,1,1,1,1,1,8,2,3,1,1,G,463,3,1,3,5,4,7,5,4,9900,1,1,0,5,4,7,5,4,9900,1,1,0,5,4,7,5,4,9900,1,1,0,2025,3,8,1300000,790000,1,1
202601,6,,0.비상권,43130,14,0,0,0,1,1,2,11,03,6,2,없음,150,5,0,0,0,2,2,4,1,10,1,1,1,1,1,8,2,3,2,2,0,999,3,1,3,1,1,1,3,3,3000,1,1,0,1,1,1,3,3,3000,1,1,0,1,1,1,3,3,3000,1,1,0,0,1,1,1300000,790000,1,1
202601,6,,0.비상권,43130,14,0,0,0,1,0,5,11,04,6,1,없음,220,6,0,0,0,1,1,3,1,10,1,1,1,1,1,8,1,3,1,1,G,472,2,1,2,3,3,7,3,3,10900,1,1,0,3,3,7,3,3,10900,1,1,0,3,3,7,3,3,10900,1,1,0,2026,3,10,1030000,1050000,1,2
202601,6,,0.비상권,43130,14,0,0,0,1,0,5,11,04,6,1,없음,220,6,0,0,0,1,1,3,1,10,1,1,1,1,1,8,1,3,2,1,0,999,1,1,1,3,3,5,3,3,6700,1,1,0,3,3,5,3,3,6700,1,1,0,3,3,5,3,3,6700,1,1,0,2026,3,9,1030000,1050000,1,2
202601,6,,0.비상권,43130,14,0,0,0,1,0,9,32,04,6,1,없음,30,4,0,0,0,2,1,3,1,10,1,1,1,1,1,8,2,3,1,1,I,561,3,1,3,4,5,7,5,5,14300,1,1,0,4,5,7,5,5,14300,1,1,0,4,5,7,5,5,14300,1,1,0,2025,3,10,1560000,2660000,1,1
202601,6,,0.비상권,43130,14,0,0,0,1,0,1,12,04,2,1,없음,500,4,0,0,0,3,1,3,1,10,1,1,1,1,1,8,3,3,1,1,I,561,3,1,3,3,3,5,4,4,7400,1,1,0,3,3,5,4,4,7400,1,1,0,3,3,5,4,4,7400,1,1,0,2025,3,9,790000,4340000,1,1
202601,6,,0.비상권,43130,14,0,0,0,1,0,4,21,04,3,1,없음,500,8,0,0,0,3,2,4,1,10,2,1,1,1,1,8,3,3,1,1,I,561,4,1,4,4,5,6,4,5,8900,1,1,0,4,5,6,4,5,8900,1,1,0,4,5,6,4,5,8900,1,1,0,2025,3,9,880000,2050000,1,1
202601,6,,0.비상권,43130,14,0,0,0,1,0,4,21,04,3,1,없음,500,8,0,0,0,3,2,4,1,10,2,1,1,1,1,8,3,3,2,2,0,999,3,1,3,1,1,1,6,3,6400,1,1,0,1,1,1,6,3,6400,1,1,0,1,1,1,6,3,6400,1,1,0,0,1,1,880000,2050000,1,1
202601,6,,0.비상권,43130,14,0,0,0,1,0,7,32,04,6,1,없음,500,4,0,0,0,1,1,2,1,10,1,1,1,1,1,2,1,3,1,1,I,561,2,1,2,4,4,7,4,4,15700,1,1,0,4,4,7,4,4,15700,1,1,0,4,4,7,4,4,15700,1,1,0,2026,3,10,1430000,2400000,1,3
202601,6,,0.비상권,43130,14,0,0,0,1,0,7,32,03,6,1,없음,130,4,0,0,0,2,1,3,1,10,1,1,1,1,1,8,2,3,1,1,L,682,2,1,2,4,3,5,4,3,9800,1,1,0,4,3,5,4,3,9800,1,1,0,4,3,5,4,3,9800,1,1,0,2024,3,10,1370000,2300000,1,1
202601,6,,0.비상권,43130,14,0,0,0,1,0,7,32,03,6,1,없음,130,4,0,0,0,2,1,3,1,10,1,1,1,1,1,8,2,3,1,1,I,561,2,1,2,4,3,5,4,3,9800,1,1,0,4,3,5,4,3,9800,1,1,0,4,3,5,4,3,9800,1,1,0,2025,3,10,1370000,2300000,1,1
202601,6,,0.비상권,43130,14,0,0,0,1,0,8,31,04,6,1,없음,300,7,0,0,0,3,2,4,1,10,2,1,1,1,1,23,3,3,1,1,I,561,4,1,4,6,6,7,6,6,11600,1,1,0,6,6,7,6,6,11600,1,1,0,6,6,7,6,6,11600,1,1,0,2024,3,9,1650000,2860000,1,1
202601,6,,충주연수칠금,43130,22,0,0,0,1,0,5,32,04,3,1,없음,71,6,0,0,0,3,1,3,1,10,1,1,1,1,1,8,3,3,1,1,I,561,3,1,3,6,5,7,6,5,16500,1,1,0,6,5,7,6,5,16500,1,1,0,6,5,7,6,5,16500,1,1,0,2025,3,6,1700000,7160000,1,1
202601,6,,충주연수칠금,43130,22,0,0,0,1,0,6,31,04,7,1,없음,100,6,0,1,0,3,2,4,1,10,2,1,1,1,1,8,3,3,1,1,I,562,4,1,4,5,6,7,5,6,10100,1,1,0,5,6,7,5,6,10100,1,1,0,5,6,7,5,6,10100,1,1,0,2024,3,9,2020000,3060000,1,1
202601,6,,충주연수칠금,43130,16,0,0,0,1,0,4,32,03,7,1,없음,100,2,0,1,0,2,2,4,1,10,2,1,1,1,1,8,2,3,1,1,I,561,4,1,4,7,6,8,7,6,20200,1,1,0,7,6,8,7,6,20200,1,1,0,7,6,8,7,6,20200,1,1,0,2024,3,10,3810000,5480000,1,1
202601,6,,충주연수칠금,43130,16,0,0,0,1,0,4,32,03,7,1,없음,100,2,0,1,0,2,2,4,1,10,2,1,1,1,1,8,2,3,1,1,I,561,3,1,3,7,5,8,7,5,20100,1,1,0,7,5,8,7,5,20100,1,1,0,7,5,8,7,5,20100,1,1,0,2024,3,10,3810000,5480000,1,1
202601,6,,충주연수칠금,43130,14,0,0,0,1,0,5,51,04,6,1,없음,10,3,0,0,0,2,1,3,1,10,1,1,1,1,1,8,2,3,1,1,I,561,3,1,3,4,4,6,4,4,8800,1,1,0,4,4,6,4,4,8800,1,1,0,4,4,6,4,4,8800,1,1,0,2024,4,7,1620000,3050000,1,1
202601,6,,충주연수칠금,43130,14,0,0,0,1,0,4,32,04,3,1,없음,160,1,0,0,0,2,1,3,1,10,1,1,1,1,1,8,2,3,1,1,S,952,3,1,3,3,4,7,4,4,11800,1,1,0,3,4,7,4,4,11800,1,1,0,3,4,7,4,4,11800,1,1,0,2025,3,6,1500000,5150000,1,1
202601,6,,충주연수칠금,43130,14,0,0,0,1,0,4,33,03,6,1,없음,30,1,0,0,0,3,2,4,1,10,1,2,1,1,1,8,3,3,1,1,I,561,2,1,2,4,3,6,4,3,8300,1,1,0,4,3,6,4,3,8300,1,1,0,4,3,6,4,3,8300,1,1,0,2025,3,10,1670000,2390000,1,2
202601,6,,충주연수칠금,43130,14,0,0,0,1,0,4,33,03,6,1,없음,30,1,0,0,0,3,2,4,1,10,1,2,1,1,1,8,3,3,1,6,0,999,4,1,4,1,1,1,6,4,9200,1,1,1,1,1,1,6,4,9200,1,1,1,1,1,1,6,4,9200,1,1,1,0,1,1,1670000,2390000,1,2
202601,6,,충주연수칠금,43130,14,0,0,0,1,0,4,33,03,6,1,없음,30,1,0,0,0,3,2,4,1,10,1,2,1,1,1,8,3,3,2,6,0,999,3,1,3,1,1,1,4,3,5000,1,1,1,1,1,1,4,3,5000,1,1,1,1,1,1,4,3,5000,1,1,1,0,1,1,1670000,2390000,1,2
202601,6,,충주연수칠금,43130,14,0,0,0,1,0,4,32,04,6,1,없음,30,5,0,0,0,2,2,4,1,10,2,1,1,1,1,8,2,3,1,1,I,561,4,1,4,5,4,4,5,4,5400,1,1,0,5,4,4,5,4,5400,1,1,0,5,4,4,5,4,5400,1,1,0,2025,3,7,1420000,2450000,1,1
202601,6,,0.비상권,43130,14,0,0,0,1,0,7,32,03,6,1,없음,46,4,0,0,0,2,1,3,1,10,1,1,1,1,1,8,2,3,1,1,I,561,3,1,3,4,4,7,4,4,9600,1,1,0,4,4,7,4,4,9600,1,1,0,4,4,7,4,4,9600,1,1,0,2025,3,10,1620000,2740000,1,3
202601,6,,충주연수칠금,43130,14,0,0,0,1,0,6,31,04,6,1,없음,100,4,0,1,0,3,2,4,1,10,2,1,1,1,1,8,3,3,1,1,G,473,4,1,4,5,5,7,5,5,10600,1,1,0,5,5,7,5,5,10600,1,1,0,5,5,7,5,5,10600,1,1,0,2024,3,9,1560000,2750000,1,1
202601,6,,충주연수칠금,43130,14,0,0,0,1,0,6,31,04,6,1,없음,100,4,0,1,0,3,2,4,1,10,2,1,1,1,1,8,3,3,1,1,I,561,4,1,4,6,5,7,6,5,10600,1,1,0,6,5,7,6,5,10600,1,1,0,6,5,7,6,5,10600,1,1,0,2025,3,9,1560000,2750000,1,1
202601,6,,충주연수칠금,43130,14,0,0,0,1,0,7,21,03,6,2,없음,130,5,0,1,0,2,2,4,1,10,2,1,2,1,1,8,2,3,1,1,S,969,2,1,2,3,3,7,3,3,10100,1,1,0,3,3,7,3,3,10100,1,1,0,3,3,7,3,3,10100,1,1,0,2024,3,10,2590000,2180000,1,1
202601,6,,충주연수칠금,43130,14,0,0,0,1,0,7,21,03,6,2,없음,130,5,0,1,0,2,2,4,1,10,2,1,2,1,1,8,2,3,1,1,S,961,3,1,3,4,3,5,4,4,9600,1,1,0,4,3,5,4,4,9600,1,1,0,4,3,5,4,4,9600,1,1,0,2023,5,9,2590000,2180000,1,1
202601,6,,충주연수칠금,43130,14,0,0,0,1,0,7,21,03,6,2,없음,130,5,0,1,0,2,2,4,1,10,2,1,2,1,1,8,2,3,2,2,T,970,4,1,4,1,1,1,4,3,4500,1,1,0,1,1,1,4,3,4500,1,1,0,1,1,1,4,3,4500,1,1,0,0,1,1,2590000,2180000,1,1
202601,6,,충주연수칠금,43130,22,0,0,0,1,0,4,32,04,5,1,없음,30,6,0,0,0,2,1,3,1,10,1,1,1,1,1,8,2,3,1,1,I,561,3,1,3,5,3,4,5,3,5500,1,1,0,5,3,4,5,3,5500,1,1,0,5,3,4,5,3,5500,1,1,0,2025,3,6,1290000,3170000,1,1
202601,6,,충주연수칠금,43130,14,0,0,0,1,0,8,32,04,6,1,없음,570,5,0,0,0,2,2,4,1,10,1,1,1,1,1,8,2,3,1,2,S,961,2,1,2,1,1,1,5,4,15200,1,1,0,1,1,1,5,4,15200,1,1,0,1,1,1,5,4,15200,1,1,0,0,1,1,1710000,2940000,1,1
202601,6,,충주연수칠금,43130,14,0,0,0,1,0,8,32,04,6,1,없음,570,5,0,0,0,2,2,4,1,10,1,1,1,1,1,8,2,3,1,2,L,682,1,1,1,1,1,1,3,3,15200,1,1,0,1,1,1,3,3,15200,1,1,0,1,1,1,3,3,15200,1,1,0,0,1,1,1710000,2940000,1,1
202601,6,,충주연수칠금,43130,14,0,0,0,1,0,8,32,04,6,1,없음,570,5,0,0,0,2,2,4,1,10,1,1,1,1,1,8,2,3,1,1,I,561,2,1,2,5,4,7,5,4,17000,1,1,0,5,4,7,5,4,17000,1,1,0,5,4,7,5,4,17000,1,1,0,2025,3,10,1710000,2940000,1,1
202601,6,,충주연수칠금,43130,14,0,0,0,1,0,6,32,03,4,1,없음,183,5,0,0,0,2,1,2,1,10,1,1,1,1,1,8,2,3,1,1,G,463,2,1,2,4,4,7,4,4,15600,1,1,0,4,4,7,4,4,15600,1,1,0,4,4,7,4,4,15600,1,1,0,2025,3,9,1420000,4370000,1,1
202601,6,,충주연수칠금,43130,22,0,300,0,1,0,3,11,04,1,1,없음,70,1,0,0,0,3,2,4,1,10,2,1,1,1,1,8,3,3,1,1,G,478,4,1,4,5,4,5,5,4,7500,1,1,0,5,4,5,5,4,7500,1,1,0,5,4,5,5,4,7500,1,1,0,2024,3,9,2420000,5610000,1,2
202601,6,,충주연수칠금,43130,22,0,300,0,1,0,3,11,04,1,1,없음,70,1,0,0,0,3,2,4,1,10,2,1,1,1,1,8,3,3,1,6,0,999,2,1,2,1,1,1,4,3,10100,1,1,1,1,1,1,4,3,10100,1,1,1,1,1,1,4,3,10100,1,1,1,0,1,1,2420000,5610000,1,2
202601,6,,충주연수칠금,43130,22,0,0,0,1,0,3,11,03,6,1,없음,120,6,0,0,0,3,2,4,1,10,2,1,1,1,1,8,3,3,1,1,I,562,2,1,2,4,4,7,4,4,10800,1,1,0,4,4,7,4,4,10800,1,1,0,4,4,7,4,4,10800,1,1,0,2025,3,8,1730000,2900000,1,1
202601,6,,충주연수칠금,43130,22,0,0,0,1,0,3,11,03,6,1,없음,120,6,0,0,0,3,2,4,1,10,2,1,1,1,1,8,3,3,1,1,I,562,2,1,2,3,4,7,3,4,11000,1,1,0,3,4,7,3,4,11000,1,1,0,3,4,7,3,4,11000,1,1,0,2024,3,10,1730000,2900000,1,1
202601,6,,충주연수칠금,43130,22,0,0,0,1,0,3,11,03,6,1,없음,120,6,0,0,0,3,2,4,1,10,2,1,1,1,1,8,3,3,1,1,I,561,2,1,2,3,4,7,3,4,10300,1,1,0,3,4,7,3,4,10300,1,1,0,3,4,7,3,4,10300,1,1,0,2025,3,10,1730000,2900000,1,1
202601,6,,충주연수칠금,43130,22,0,0,0,1,0,2,11,04,5,1,없음,45,6,0,1,0,3,2,4,1,10,2,1,1,1,1,8,3,3,1,1,I,561,3,1,3,4,4,7,4,4,11100,1,1,0,4,4,7,4,4,11100,1,1,0,4,4,7,4,4,11100,1,1,0,2025,3,9,1720000,3550000,1,1
202601,6,,충주연수칠금,43130,22,0,0,0,1,0,2,11,04,5,1,없음,45,6,0,1,0,3,2,4,1,10,2,1,1,1,1,8,3,3,1,1,I,561,3,1,3,4,4,7,4,4,11200,1,1,0,4,4,7,4,4,11200,1,1,0,4,4,7,4,4,11200,1,1,0,2025,3,9,1720000,3550000,1,1
202601,6,,충주연수칠금,43130,14,0,0,0,1,0,3,11,03,6,1,없음,60,1,0,0,0,2,2,4,1,10,2,1,1,1,1,8,2,3,1,1,F,424,3,1,3,7,4,7,7,4,13500,1,1,0,7,4,7,7,4,13500,1,1,0,7,4,7,7,4,13500,1,1,0,2024,3,7,1700000,2510000,1,1
202601,6,,충주연수칠금,43130,14,0,0,0,1,0,3,11,03,6,1,없음,60,1,0,0,0,2,2,4,1,10,2,1,1,1,1,8,2,3,1,1,F,424,2,1,2,6,3,7,6,3,13200,1,1,0,6,3,7,6,3,13200,1,1,0,6,3,7,6,3,13200,1,1,0,2024,3,7,1700000,2510000,1,1
202601,6,,충주연수칠금,43130,14,0,0,0,1,0,3,11,03,6,1,없음,60,1,0,0,0,2,2,4,1,10,2,1,1,1,1,8,2,3,2,6,0,999,1,1,1,1,1,1,2,2,6800,1,1,1,1,1,1,2,2,6800,1,1,1,1,1,1,2,2,6800,1,1,1,0,1,1,1700000,2510000,1,1
202601,6,,충주연수칠금,43130,14,0,0,0,1,0,7,31,04,6,1,없음,280,6,0,1,0,3,2,4,1,10,2,1,1,1,1,8,3,3,1,1,I,561,4,1,4,6,5,7,6,5,10600,1,1,0,6,5,7,6,5,10600,1,1,0,6,5,7,6,5,10600,1,1,0,2024,3,10,1750000,3140000,1,2
202601,6,,충주연수칠금,43130,14,0,0,0,1,0,7,31,04,6,1,없음,280,6,0,1,0,3,2,4,1,10,2,1,1,1,1,8,3,3,1,1,S,969,4,1,4,6,4,7,6,5,10500,1,1,0,6,4,7,6,5,10500,1,1,0,6,4,7,6,5,10500,1,1,0,2024,3,10,1750000,3140000,1,2
202601,6,,충주연수칠금,43130,14,0,0,0,1,0,1,11,04,6,1,없음,350,7,0,0,0,2,1,3,1,10,1,1,1,1,1,8,2,3,1,1,I,562,2,1,3,3,4,7,3,4,12100,1,1,0,3,4,7,3,4,12100,1,1,0,3,4,7,3,4,12100,1,1,0,2024,3,10,1550000,2150000,1,1
202601,6,,충주연수칠금,43130,14,0,0,0,1,0,1,11,04,6,1,없음,350,7,0,0,0,2,1,3,1,10,1,1,1,1,1,8,2,3,2,1,I,562,1,1,1,3,3,5,3,3,7100,1,1,0,3,3,5,3,3,7100,1,1,0,3,3,5,3,3,7100,1,1,0,2024,3,10,1550000,2150000,1,1
202601,6,,충주연수칠금,43130,14,0,0,0,1,0,8,31,03,6,2,없음,160,7,0,0,0,2,2,4,1,10,2,1,1,1,1,8,2,3,1,1,S,969,3,1,3,5,4,7,5,4,12300,1,1,0,5,4,7,5,4,12300,1,1,0,5,4,7,5,4,12300,1,1,0,2024,3,10,2500000,2410000,1,1
202601,6,,충주연수칠금,43130,14,0,0,0,1,0,8,31,03,6,2,없음,160,7,0,0,0,2,2,4,1,10,2,1,1,1,1,8,2,3,2,1,I,561,2,1,2,4,4,7,3,4,8300,1,1,0,4,4,7,3,4,8300,1,1,0,4,4,7,3,4,8300,1,1,0,2025,3,10,2500000,2410000,1,1
202601,6,,충주연수칠금,43130,14,0,0,0,1,0,1,11,04,6,1,없음,200,8,0,0,0,2,1,3,1,10,1,1,1,1,1,8,2,3,1,1,S,961,3,1,3,5,4,7,5,4,11700,1,1,0,5,4,7,5,4,11700,1,1,0,5,4,7,5,4,11700,1,1,0,2025,3,10,1170000,2000000,1,2
202601,6,,충주연수칠금,43130,14,0,0,0,1,0,7,21,03,6,2,없음,140,7,0,1,0,2,2,4,1,10,1,1,1,1,1,8,2,3,1,1,S,961,3,1,3,5,4,7,5,4,10600,1,1,0,5,4,7,5,4,10600,1,1,0,5,4,7,5,4,10600,1,1,0,2025,3,10,2620000,2420000,1,1
202601,6,,충주연수칠금,43130,14,0,0,0,1,0,7,21,03,6,2,없음,140,7,0,1,0,2,2,4,1,10,1,1,1,1,1,8,2,3,2,2,0,999,3,1,3,1,1,1,4,3,6400,1,1,0,1,1,1,4,3,6400,1,1,0,1,1,1,4,3,6400,1,1,0,0,1,1,2620000,2420000,1,1
202601,6,,충주자유시장,43130,22,0,300,0,1,0,1,21,03,9,2,없음,140,6,0,0,0,2,2,4,1,10,2,1,1,1,1,8,2,3,1,1,G,472,2,1,2,3,3,5,3,3,6900,1,1,0,3,3,5,3,3,6900,1,1,0,3,3,5,3,3,6900,1,1,0,2026,3,10,2100000,1540000,1,1
202601,6,,충주자유시장,43130,22,0,300,0,1,0,1,21,03,9,2,없음,140,6,0,0,0,2,2,4,1,10,2,1,1,1,1,8,2,3,1,1,G,466,2,1,2,3,3,5,3,3,6800,1,1,0,3,3,5,3,3,6800,1,1,0,3,3,5,3,3,6800,1,1,0,2024,3,7,2100000,1540000,1,1
202601,6,,충주자유시장,43130,22,0,300,0,1,0,1,21,03,9,2,없음,140,6,0,0,0,2,2,4,1,10,2,1,1,1,1,8,2,3,2,6,0,999,2,1,2,1,1,1,2,3,2500,1,1,1,1,1,1,2,3,2500,1,1,1,1,1,1,2,3,2500,1,1,1,0,1,1,2100000,1540000,1,1
202601,6,,충주자유시장,43130,22,0,300,0,1,0,3,21,03,6,1,없음,80,6,0,0,0,2,1,2,1,10,1,1,1,1,1,8,2,3,1,1,G,466,1,1,1,3,3,7,3,3,10400,1,1,0,3,3,7,3,3,10400,1,1,0,3,3,7,3,3,10400,1,1,0,2026,3,7,1520000,2890000,1,1
202601,6,,충주자유시장,43130,22,0,300,0,1,0,3,21,03,6,1,없음,80,6,0,0,0,2,1,2,1,10,1,1,1,1,1,8,2,3,1,2,G,474,1,1,1,1,1,1,3,3,10300,1,1,0,1,1,1,3,3,10300,1,1,0,1,1,1,3,3,10300,1,1,0,0,1,1,1520000,2890000,1,1
202601,6,,충주자유시장,43130,22,0,300,0,1,0,1,21,03,8,2,없음,70,6,0,0,0,1,2,4,1,10,2,1,1,1,1,8,1,3,1,1,G,472,2,1,2,4,4,7,4,4,13400,1,1,0,4,4,7,4,4,13400,1,1,0,4,4,7,4,4,13400,1,1,0,2024,3,8,2690000,1700000,1,1
202601,6,,충주자유시장,43130,22,0,300,0,1,0,1,21,03,8,2,없음,70,6,0,0,0,1,2,4,1,10,2,1,1,1,1,8,1,3,2,1,G,472,2,1,2,3,3,4,3,3,4900,1,1,0,3,3,4,3,3,4900,1,1,0,3,3,4,3,3,4900,1,1,0,2024,3,8,2690000,1700000,1,1
202601,6,,0.비상권,43130,14,0,0,0,1,0,2,11,03,6,2,없음,200,9,0,0,0,1,1,2,1,10,1,1,1,1,1,1,1,3,1,1,I,562,1,1,1,3,3,5,3,3,6800,1,1,0,3,3,5,3,3,6800,1,1,0,3,3,5,3,3,6800,1,1,0,2024,3,9,880000,760000,1,1
202601,6,,0.비상권,43130,14,0,0,0,1,0,2,11,03,6,2,없음,200,9,0,0,0,1,1,2,1,10,1,1,1,1,1,1,1,3,2,2,0,999,1,1,1,1,1,1,2,3,5100,1,1,0,1,1,1,2,3,5100,1,1,0,1,1,1,2,3,5100,1,1,0,0,1,1,880000,760000,1,1
202601,6,,0.비상권,43130,14,0,0,0,1,0,3,11,03,7,1,없음,200,9,0,0,0,1,1,2,1,10,1,1,1,1,1,8,1,3,1,1,S,961,2,1,2,3,3,6,3,3,8500,1,1,0,3,3,6,3,3,8500,1,1,0,3,3,6,3,3,8500,1,1,0,2025,3,10,780000,1220000,1,2
202601,6,,충주자유시장,43130,22,0,300,0,1,0,1,11,03,1,1,없음,25,4,0,0,0,1,1,1,1,10,1,1,1,1,1,8,1,3,1,6,0,999,1,1,1,1,1,1,2,3,9700,1,1,1,1,1,1,2,3,9700,1,1,1,1,1,1,2,3,9700,1,1,1,0,1,1,1820000,2730000,1,1
202601,6,,충주자유시장,43130,22,0,300,0,1,0,1,11,03,1,1,없음,25,4,0,0,0,1,1,1,1,10,1,1,1,1,1,8,1,3,1,1,S,969,1,1,1,2,2,6,2,2,9900,1,1,0,2,2,6,2,2,9900,1,1,0,2,2,6,3,2,9900,1,1,0,2024,3,7,1820000,2730000,1,1
202601,6,,충주자유시장,43130,22,0,300,0,1,0,1,51,03,1,1,없음,70,6,0,0,0,1,1,2,1,10,1,1,1,1,1,8,1,3,1,1,S,953,2,1,2,4,3,6,4,3,8100,1,1,0,4,3,6,4,3,8100,1,1,0,4,3,6,4,3,8100,1,1,0,2025,3,10,1990000,1340000,1,1
202601,6,,충주자유시장,43130,22,0,0,0,1,0,8,32,04,1,1,없음,130,8,0,0,0,2,1,3,1,10,1,1,1,1,1,8,2,3,1,1,I,561,3,1,3,3,3,5,3,3,6700,1,1,0,3,3,5,3,3,6700,1,1,0,3,3,5,3,3,6700,1,1,0,2024,3,9,1270000,1620000,1,1
202601,6,,충주연수칠금,43130,22,0,0,0,1,0,5,32,04,6,1,없음,100,6,0,1,0,3,2,4,1,10,2,1,1,1,1,8,3,3,1,1,R,912,4,1,4,5,5,5,5,5,7500,1,1,0,5,5,5,5,5,7500,1,1,0,5,5,5,5,5,7500,1,1,0,2024,3,9,1720000,2920000,1,1
202601,6,,제천중앙,43150,22,0,300,0,1,0,3,11,04,3,1,없음,120,4,0,0,0,2,1,2,1,10,1,1,1,1,1,8,2,3,1,1,I,561,2,1,2,3,4,7,3,4,14500,1,1,0,3,4,7,3,4,14500,1,1,0,3,4,7,3,4,14500,1,1,0,2024,3,10,1590000,6770000,1,1
202601,6,,제천중앙,43150,22,0,300,0,1,0,4,11,03,8,1,없음,200,4,0,0,0,2,2,4,1,10,2,1,1,1,1,8,2,3,1,1,I,561,4,1,4,5,4,5,5,4,8000,1,1,0,5,4,5,5,4,8000,1,1,0,5,4,5,5,4,7900,1,1,0,2025,3,6,1810000,2440000,1,1
202601,6,,제천중앙,43150,14,0,0,0,1,0,5,32,04,2,1,없음,32,5,0,0,0,3,1,2,1,10,1,1,1,1,1,8,3,3,1,1,I,561,2,1,2,5,5,8,5,5,26400,1,1,0,5,5,8,5,5,26400,1,1,0,5,5,8,5,5,26400,1,1,0,2026,2,10,1030000,7230000,1,1
202601,6,,0.비상권,43150,14,0,0,0,1,0,5,32,04,6,1,없음,150,1,0,0,0,1,1,2,1,10,1,1,1,1,1,8,1,3,1,1,G,466,2,1,2,3,3,6,3,3,8500,1,1,0,3,3,6,3,3,8500,1,1,0,3,3,6,3,3,8500,1,1,0,2024,3,7,1390000,2340000,1,1
202601,6,,0.비상권,43150,16,0,0,0,1,0,4,32,04,7,1,없음,50,5,0,0,0,1,1,2,1,10,1,1,1,1,1,8,1,3,1,1,G,463,2,1,2,5,4,7,5,4,19400,1,1,0,5,4,7,5,4,19400,1,1,0,5,4,7,5,4,19400,1,1,0,2024,3,7,2330000,3400000,1,2
202601,6,,제천중앙,43150,22,0,120,0,1,0,5,31,03,9,2,없음,24,1,0,0,0,1,2,4,1,10,2,1,1,1,1,8,1,3,1,1,G,471,3,1,3,6,5,8,6,5,21600,1,1,0,6,5,8,6,5,21600,1,1,0,6,5,8,6,5,21600,1,1,0,2024,5,8,4160000,2410000,1,1
202601,6,,제천중앙,43150,22,0,120,0,1,0,5,31,03,9,2,없음,24,1,0,0,0,1,2,4,1,10,2,1,1,1,1,8,1,3,2,1,S,961,3,1,3,4,4,5,4,4,8000,1,1,0,4,4,5,4,4,8000,1,1,0,4,4,5,4,4,8000,1,1,0,2026,3,8,4160000,2410000,1,1
202601,6,,제천중앙,43150,22,0,120,300,1,0,1,21,04,1,1,없음,80,1,0,0,0,2,2,4,1,10,2,1,1,1,1,8,2,3,1,1,G,474,3,1,3,6,4,7,6,5,15800,1,1,0,6,4,7,6,5,15800,1,1,0,6,4,7,6,5,15800,1,1,0,2026,3,9,3550000,2090000,1,1
202601,6,,제천중앙,43150,22,0,120,300,1,0,1,21,04,1,1,없음,80,1,0,0,0,2,2,4,1,10,2,1,1,1,1,8,2,3,2,1,G,474,3,1,3,4,3,4,4,3,5200,1,1,0,4,3,4,4,3,5200,1,1,0,4,3,4,4,3,5100,1,1,0,2026,3,9,3550000,2090000,1,1
202601,6,,제천중앙,43150,22,0,120,300,1,0,1,21,03,8,2,없음,100,1,0,0,0,2,2,4,1,10,2,1,1,1,1,8,2,3,1,1,G,474,3,1,3,4,4,7,5,5,20000,1,1,0,4,4,7,5,5,20000,1,1,0,4,4,7,5,5,20000,1,1,0,2025,5,5,5850000,4400000,1,1
202601,6,,제천중앙,43150,22,0,120,300,1,0,1,21,03,8,2,없음,100,1,0,0,0,2,2,4,1,10,2,1,1,1,1,8,2,3,2,1,G,474,2,1,2,3,3,5,3,3,8300,1,1,0,3,3,5,3,3,8300,1,1,0,3,3,5,3,3,8300,1,1,0,2025,5,5,5850000,4400000,1,1
202601,6,,제천중앙,43150,22,0,300,0,1,0,1,11,03,1,1,없음,100,6,0,0,0,2,2,4,1,10,2,1,1,1,1,8,2,3,1,1,S,961,2,1,2,4,4,7,4,4,18200,1,1,0,4,4,7,4,4,18200,1,1,0,4,4,7,4,4,18200,1,1,0,2025,2,10,3860000,6000000,1,1
202601,6,,제천중앙,43150,22,0,300,0,1,0,1,11,03,1,1,없음,100,6,0,0,0,2,2,4,1,10,2,1,1,1,1,8,2,3,1,1,G,474,3,1,3,4,5,7,4,5,15700,1,1,0,4,5,7,4,5,15700,1,1,0,4,5,7,4,5,15700,1,1,0,2024,3,9,3860000,6000000,1,1
202601,6,,제천중앙,43150,22,0,300,0,1,0,1,11,03,1,1,없음,100,6,0,0,0,2,2,4,1,10,2,1,1,1,1,8,2,3,1,1,I,562,2,1,2,1,4,7,4,4,18200,1,1,0,1,4,7,4,4,18200,1,1,0,1,4,7,4,4,18200,1,1,0,2024,3,10,3860000,6000000,1,1
202601,6,,제천중앙,43150,22,0,300,0,1,0,1,11,03,8,2,없음,50,6,0,0,0,2,2,4,1,10,1,1,1,1,1,8,2,3,1,1,M,733,3,1,3,6,3,5,5,4,8000,1,1,0,6,3,5,5,4,8000,1,1,0,6,3,5,5,4,8000,1,1,0,2024,3,10,2730000,1820000,1,1
202601,6,,제천중앙,43150,22,0,300,0,1,0,1,11,03,8,2,없음,50,6,0,0,0,2,2,4,1,10,1,1,1,1,1,8,2,3,2,6,0,999,3,1,3,1,1,1,3,3,4800,1,1,1,1,1,1,3,3,4800,1,1,1,1,1,1,3,3,4800,1,1,1,0,1,1,2730000,1820000,1,1
202601,6,,제천중앙,43150,14,0,0,0,1,0,1,12,04,6,1,없음,300,5,0,0,0,2,2,4,1,10,1,1,1,1,1,8,2,3,1,1,I,562,3,1,3,3,3,4,3,3,4200,1,1,0,3,3,4,3,3,4200,1,1,0,3,3,4,3,3,4200,1,1,0,2025,2,10,1010000,1850000,1,1
202601,6,,제천중앙,43150,14,0,0,0,1,0,1,12,04,6,1,없음,300,5,0,0,0,2,2,4,1,10,1,1,1,1,1,8,2,3,1,2,G,478,2,1,2,1,1,1,3,3,4200,1,1,0,1,1,1,3,3,4200,1,1,0,1,1,1,3,3,4200,1,1,0,0,1,1,1010000,1850000,1,1
202601,6,,제천중앙,43150,22,0,300,0,1,0,1,21,03,1,1,없음,250,6,0,0,0,2,2,4,1,10,1,2,1,1,1,8,2,3,1,6,0,999,4,1,4,1,1,1,3,3,3700,1,1,1,1,1,1,3,3,3700,1,1,1,1,1,1,3,3,3700,1,1,1,0,1,1,1170000,1090000,1,1
202601,6,,제천중앙,43150,22,0,300,0,1,0,1,21,03,1,1,없음,250,6,0,0,0,2,2,4,1,10,1,2,1,1,1,8,2,3,2,2,0,999,3,1,3,1,1,1,3,3,3600,1,1,0,1,1,1,3,3,3600,1,1,0,1,1,1,3,3,3600,1,1,0,0,1,1,1170000,1090000,1,1
202601,6,,제천중앙,43150,22,0,120,0,1,0,1,21,04,8,2,없음,20,2,0,0,0,1,1,2,1,10,1,1,1,1,1,8,1,3,1,1,L,682,1,1,1,3,3,7,3,3,10500,1,1,0,3,3,7,3,3,10500,1,1,0,3,3,7,3,3,10500,1,1,0,2025,5,3,2780000,1770000,1,1
202601,6,,제천중앙,43150,22,0,120,0,1,0,1,21,04,8,2,없음,20,2,0,0,0,1,1,2,1,10,1,1,1,1,1,8,1,3,2,1,S,961,1,1,1,5,1,3,3,2,4100,1,1,0,5,1,3,3,2,4100,1,1,0,5,1,3,3,3,4300,1,1,0,2024,3,3,2780000,1770000,1,1
202601,6,,제천중앙,43150,22,0,300,0,1,0,1,51,03,1,1,없음,100,5,0,0,0,2,1,3,1,10,1,1,1,1,1,8,2,3,1,1,G,474,3,1,3,5,4,7,5,4,12100,1,1,0,5,4,7,5,4,12100,1,1,0,5,4,7,5,4,12100,1,1,0,2023,5,9,2260000,2710000,1,1
202601,6,,제천중앙,43150,22,0,300,0,1,0,1,21,03,1,1,없음,150,6,0,0,0,2,2,4,1,10,2,1,1,1,1,8,2,3,1,1,G,473,3,1,3,5,4,7,5,4,14000,1,1,0,5,4,7,5,4,14000,1,1,0,5,4,7,5,4,14000,1,1,0,2025,2,10,2270000,1550000,1,1
202601,6,,제천중앙,43150,22,0,300,0,1,0,1,21,03,1,1,없음,150,6,0,0,0,2,2,4,1,10,2,1,1,1,1,8,2,3,1,1,G,474,3,1,3,5,4,6,4,4,12900,1,1,0,5,4,6,4,4,12900,1,1,0,5,4,6,4,4,12700,1,1,0,2025,3,7,2270000,1550000,1,1
202601,6,,제천중앙,43150,22,0,300,0,1,0,1,21,03,1,1,없음,150,6,0,0,0,2,2,4,1,10,2,1,1,1,1,8,2,3,2,2,0,999,3,1,3,1,1,1,3,3,4600,1,1,0,1,1,1,3,3,4600,1,1,0,1,1,1,3,3,4600,1,1,0,0,1,1,2270000,1550000,1,1
202601,6,,제천중앙,43150,22,0,300,0,1,0,1,11,03,1,1,없음,110,6,0,0,0,1,1,2,1,10,1,1,1,1,1,8,1,3,1,1,G,474,2,1,2,5,5,9,4,4,30200,1,1,0,5,5,9,4,4,30200,1,1,0,5,5,9,4,5,30500,1,1,0,2024,3,10,5300000,5450000,1,1
202601,6,,제천역,43150,14,0,0,0,1,0,5,32,03,5,1,없음,50,4,0,0,0,1,1,3,1,10,1,1,1,1,1,8,1,3,1,1,I,561,1,1,1,3,3,6,3,3,8400,1,1,0,3,3,6,3,3,8400,1,1,0,3,3,6,3,3,8400,1,1,0,2026,3,10,1480000,1580000,1,1
202601,6,,제천역,43150,14,0,0,0,1,0,5,32,03,5,1,없음,50,4,0,0,0,1,1,3,1,10,1,1,1,1,1,8,1,3,1,1,I,561,1,1,1,3,3,6,3,3,8500,1,1,0,3,3,6,3,3,8500,1,1,0,3,3,6,3,3,8500,1,1,0,2026,3,10,1480000,1580000,1,1
202601,6,,제천역,43150,14,0,0,0,1,0,5,32,03,5,1,없음,50,4,0,0,0,1,1,3,1,10,1,1,1,1,1,8,1,3,2,1,0,999,2,1,2,3,3,5,3,3,7300,1,1,0,3,3,5,3,3,7300,1,1,0,3,3,5,3,3,7300,1,1,0,2026,3,8,1480000,1580000,1,1
202601,6,,제천역,43150,14,0,0,0,1,0,1,21,03,1,1,없음,50,5,0,0,0,1,2,4,1,10,1,1,1,1,1,8,1,3,1,1,L,682,2,1,2,4,3,5,4,3,7800,1,1,0,4,3,5,4,3,7800,1,1,0,4,3,5,4,3,7800,1,1,0,2024,3,9,1590000,1450000,1,2
202601,6,,제천역,43150,14,0,0,0,1,0,1,21,03,1,1,없음,50,5,0,0,0,1,2,4,1,10,1,1,1,1,1,8,1,3,2,6,0,999,2,1,2,1,1,1,4,3,5100,1,1,1,1,1,1,4,3,5100,1,1,1,1,1,1,4,3,5100,1,1,1,0,1,1,1590000,1450000,1,2
202601,6,,제천역,43150,14,0,0,0,1,0,1,21,03,1,1,없음,50,4,0,0,0,2,2,4,1,10,1,1,1,1,1,8,2,3,1,1,M,729,3,1,3,3,3,4,3,3,4900,1,1,0,3,3,4,3,3,4900,1,1,0,3,3,4,3,3,4900,1,1,0,2024,3,9,1270000,1160000,1,2
202601,6,,제천역,43150,14,0,0,0,1,0,1,21,03,1,1,없음,50,4,0,0,0,2,2,4,1,10,1,1,1,1,1,8,2,3,1,6,0,999,2,1,2,1,1,1,3,3,7900,1,1,1,1,1,1,3,3,7900,1,1,1,1,1,1,3,3,7900,1,1,1,0,1,1,1270000,1160000,1,2
202601,6,,제천역,43150,14,0,0,0,1,0,1,21,03,1,1,없음,50,4,0,0,0,2,2,4,1,10,1,1,1,1,1,8,2,3,2,2,0,999,3,1,3,1,1,1,4,3,4400,1,1,0,1,1,1,4,3,4400,1,1,0,1,1,1,4,3,4400,1,1,0,0,1,1,1270000,1160000,1,2
202601,6,,제천역,43150,16,0,0,0,1,0,5,31,04,5,1,없음,100,4,0,1,0,2,2,4,1,10,2,1,1,1,1,8,2,3,1,1,G,472,4,1,4,5,4,5,6,4,7400,1,1,0,5,4,5,6,4,7400,1,1,0,5,4,5,6,4,7400,1,1,0,2024,3,8,1650000,2210000,1,1
202601,6,,제천역,43150,16,0,0,0,1,0,5,31,04,5,1,없음,100,4,0,1,0,2,2,4,1,10,2,1,1,1,1,8,2,3,2,2,0,999,3,1,3,1,1,1,5,3,6900,1,1,0,1,1,1,5,3,6900,1,1,0,1,1,1,5,3,6900,1,1,0,0,1,1,1650000,2210000,1,1
202601,6,,제천역,43150,14,0,0,0,1,0,1,11,03,5,1,없음,200,4,0,0,0,2,2,4,1,10,2,1,1,1,1,8,2,3,1,1,N,743,1,1,1,3,3,5,3,3,6600,1,1,0,3,3,5,3,3,6600,1,1,0,3,3,5,3,3,6600,1,1,0,2024,3,9,1450000,1640000,1,1
202601,6,,제천역,43150,14,0,0,0,1,0,1,11,03,5,1,없음,200,4,0,0,0,2,2,4,1,10,2,1,1,1,1,8,2,3,1,1,G,472,1,1,1,3,3,5,3,3,6600,1,1,0,3,3,5,3,3,6600,1,1,0,3,3,5,3,3,6600,1,1,0,2024,3,3,1450000,1640000,1,1
202601,6,,제천역,43150,14,0,0,0,1,0,1,11,03,5,1,없음,200,4,0,0,0,2,2,4,1,10,2,1,1,1,1,8,2,3,2,1,0,999,2,1,2,3,3,3,3,3,3300,1,1,0,3,3,3,3,3,3300,1,1,0,3,3,3,3,3,3300,1,1,0,2024,3,9,1450000,1640000,1,1
202601,6,,제천역,43150,14,0,0,0,1,0,7,32,03,6,1,없음,300,6,0,0,0,2,1,3,1,10,1,1,1,1,1,8,2,3,1,1,G,463,2,1,2,3,3,7,3,3,12600,1,1,0,3,3,7,3,3,12600,1,1,0,3,3,7,3,3,12600,1,1,0,2025,3,10,940000,1950000,1,2
202601,6,,제천역,43150,14,0,0,0,1,0,7,32,03,6,1,없음,300,6,0,0,0,2,1,3,1,10,1,1,1,1,1,8,2,3,1,1,G,472,2,1,2,3,3,7,3,3,10000,1,1,0,3,3,7,3,3,10000,1,1,0,3,3,7,3,3,10000,1,1,0,2025,3,10,940000,1950000,1,2
202601,6,,제천역,43150,22,0,300,0,1,0,3,21,03,8,2,없음,101,4,0,0,0,2,2,4,1,10,1,1,1,1,1,8,2,3,1,1,I,561,2,1,2,3,3,4,3,3,4800,1,1,0,3,3,4,3,3,4800,1,1,0,3,3,4,3,3,4800,1,1,0,2024,3,8,1330000,1150000,1,1
202601,6,,제천역,43150,22,0,300,0,1,0,3,21,03,8,2,없음,101,4,0,0,0,2,2,4,1,10,1,1,1,1,1,8,2,3,2,2,0,999,2,1,2,1,1,1,2,3,2400,1,1,0,1,1,1,2,3,2400,1,1,0,1,1,1,2,3,2400,1,1,0,0,1,1,1330000,1150000,1,1
202601,6,,제천역,43150,14,0,0,0,1,0,2,11,03,1,1,없음,300,4,0,0,0,2,2,4,1,10,1,1,1,1,1,8,2,3,1,1,L,682,2,1,2,3,3,5,3,3,6300,1,1,0,3,3,5,3,3,6300,1,1,0,3,3,5,3,3,6300,1,1,0,2025,3,8,1000000,1090000,1,1
202601,6,,제천역,43150,14,0,0,0,1,0,2,11,03,1,1,없음,300,4,0,0,0,2,2,4,1,10,1,1,1,1,1,8,2,3,1,1,E,370,2,1,2,3,3,4,3,3,6000,1,1,0,3,3,4,3,3,6000,1,1,0,3,3,4,3,3,6000,1,1,0,2024,3,9,1000000,1090000,1,1
202601,6,,제천역,43150,14,0,0,0,1,0,2,11,03,1,1,없음,300,4,0,0,0,2,2,4,1,10,1,1,1,1,1,8,2,3,2,2,0,999,3,1,3,1,1,1,3,3,3600,1,1,0,1,1,1,3,3,3600,1,1,0,1,1,1,3,3,3600,1,1,0,0,1,1,1000000,1090000,1,1
202601,6,,제천역,43150,16,0,0,0,1,0,7,32,03,7,1,없음,97,7,0,0,0,1,1,2,1,10,1,1,1,1,1,8,1,3,1,1,F,422,2,1,2,3,3,4,3,3,5700,1,1,0,3,3,4,3,3,5700,1,1,0,3,3,4,3,3,5700,1,1,0,2024,3,8,1090000,1570000,1,1
202601,6,,제천역,43150,22,0,120,300,1,0,1,21,03,8,2,없음,50,2,0,0,0,2,2,4,1,9,2,1,1,1,1,8,2,3,1,1,G,472,2,1,3,2,3,3,2,3,3600,1,1,0,2,3,3,2,3,3600,1,1,0,2,3,3,2,3,3600,1,1,0,2025,3,6,1690000,1170000,1,1
202601,6,,제천역,43150,22,0,120,300,1,0,1,21,03,8,2,없음,50,2,0,0,0,2,2,4,1,9,2,1,1,1,1,8,2,3,1,1,G,464,2,1,2,2,3,4,2,3,4800,1,1,0,2,3,4,2,3,4800,1,1,0,2,3,4,2,3,4800,1,1,0,2024,3,8,1690000,1170000,1,1
202601,6,,제천역,43150,22,0,120,300,1,0,1,21,03,8,2,없음,50,2,0,0,0,2,2,4,1,9,2,1,1,1,1,8,2,3,1,1,G,472,1,1,1,2,3,7,2,3,17600,1,1,0,2,3,7,2,3,17600,1,1,0,2,3,7,2,3,17600,1,1,0,2025,3,9,1690000,1170000,1,1
202601,6,,제천역,43150,22,0,120,300,1,0,1,21,03,8,2,없음,50,2,0,0,0,2,2,4,1,9,2,1,1,1,1,8,2,3,1,1,I,561,1,1,1,2,3,5,2,3,7300,1,1,0,2,3,5,2,3,7300,1,1,0,2,3,5,2,3,7300,1,1,0,2025,3,10,1690000,1170000,1,1
202601,6,,제천역,43150,22,0,120,300,1,0,1,21,03,8,2,없음,50,2,0,0,0,2,2,4,1,9,2,1,1,1,1,8,2,3,2,2,0,999,1,1,2,1,1,1,3,2,3200,1,1,0,1,1,1,3,2,3200,1,1,0,1,1,1,3,2,3200,1,1,0,0,1,1,1690000,1170000,1,1
202601,6,,제천역,43150,22,0,120,300,1,0,1,21,03,8,2,없음,50,2,0,0,0,2,2,4,1,9,2,1,1,1,1,8,2,3,2,1,I,562,4,1,4,3,3,3,3,3,2700,1,1,0,3,3,3,3,3,2700,1,1,0,3,3,3,3,3,2700,1,1,0,2024,3,6,1690000,1170000,1,1
202601,6,,제천역,43150,14,0,0,0,1,0,3,11,03,6,2,없음,200,4,0,0,0,2,2,4,1,10,1,1,1,1,1,8,2,3,1,1,C,339,2,1,2,4,3,6,4,3,8100,1,1,0,4,3,6,4,3,8100,1,1,0,4,3,6,4,3,8100,1,1,0,2025,3,7,980000,1720000,1,1
202601,6,,제천역,43150,14,0,0,0,1,0,3,11,03,6,2,없음,200,4,0,0,0,2,2,4,1,10,1,1,1,1,1,8,2,3,2,2,0,999,2,1,2,1,1,1,4,3,7200,1,1,0,1,1,1,4,3,7200,1,1,0,1,1,1,4,3,7200,1,1,0,0,1,1,980000,1720000,1,1
202601,6,,제천역,43150,22,0,300,0,1,0,8,31,03,8,1,없음,100,4,0,0,0,2,2,4,1,10,2,1,1,1,1,8,2,3,1,1,S,969,4,1,4,4,4,4,3,4,5200,1,1,0,4,4,4,3,4,5200,1,1,0,4,4,4,3,4,5200,1,1,0,2025,3,9,1530000,2140000,1,1
202601,6,,제천역,43150,14,0,0,0,1,0,4,21,03,5,1,없음,373,4,0,0,0,2,2,4,1,10,1,1,1,1,1,8,2,3,1,1,S,961,3,1,3,3,3,4,3,4,5700,1,1,0,3,3,4,3,4,5700,1,1,0,3,3,4,3,4,5700,1,1,0,2025,3,8,910000,1260000,1,1
202601,6,,제천역,43150,14,0,0,0,1,0,4,21,03,5,1,없음,373,4,0,0,0,2,2,4,1,10,1,1,1,1,1,8,2,3,2,2,0,999,2,1,2,1,1,1,4,3,5600,1,1,0,1,1,1,4,3,5600,1,1,0,1,1,1,4,3,5600,1,1,0,0,1,1,910000,1260000,1,1
202601,6,,제천역,43150,14,0,0,0,1,0,3,21,03,1,2,없음,300,6,0,0,0,2,2,4,1,10,1,1,1,1,1,8,2,3,1,1,Q,872,3,1,3,1,3,4,3,3,4300,1,1,0,1,3,4,3,3,4300,1,1,0,1,3,4,3,3,4300,1,1,0,2024,3,9,1060000,900000,1,1
202601,6,,제천역,43150,14,0,0,0,1,0,3,21,03,1,2,없음,300,6,0,0,0,2,2,4,1,10,1,1,1,1,1,8,2,3,2,2,0,999,3,1,3,1,1,1,3,3,3900,1,1,0,1,1,1,3,3,3900,1,1,0,1,1,1,3,3,3900,1,1,0,0,1,1,1060000,900000,1,1
202601,6,,제천역,43150,14,0,0,0,1,0,4,32,03,6,1,없음,100,7,0,1,0,3,2,4,1,10,2,1,1,1,1,8,3,3,1,1,F,424,3,1,3,4,3,4,4,3,5400,1,1,0,4,3,4,4,3,5400,1,1,0,4,3,4,4,3,5400,1,1,0,2024,3,9,700000,1240000,1,1
202601,6,,제천역,43150,14,0,0,0,1,0,4,32,03,6,1,없음,100,7,0,1,0,3,2,4,1,10,2,1,1,1,1,8,3,3,1,1,F,422,4,1,4,4,4,4,4,4,5200,1,1,0,4,4,4,4,4,5200,1,1,0,4,4,4,4,4,5200,1,1,0,2024,3,9,700000,1240000,1,1
202601,6,,제천역,43150,14,0,0,0,1,0,3,21,04,1,1,없음,150,6,0,0,0,2,2,4,1,9,2,1,2,1,1,8,2,3,1,1,G,463,2,1,2,3,3,4,3,3,5200,1,1,0,3,3,4,3,3,5200,1,1,0,3,3,4,3,3,5200,1,1,0,2025,3,8,1030000,1210000,1,1
202601,6,,제천역,43150,14,0,0,0,1,0,3,21,04,1,1,없음,150,6,0,0,0,2,2,4,1,9,2,1,2,1,1,8,2,3,1,1,C,339,3,1,3,3,3,4,3,3,4000,1,1,0,3,3,4,3,3,4000,1,1,0,3,3,4,3,3,4000,1,1,0,2025,3,8,1030000,1210000,1,1
202601,6,,제천역,43150,14,0,0,0,1,0,3,21,04,1,1,없음,150,6,0,0,0,2,2,4,1,9,2,1,2,1,1,8,2,3,2,2,0,999,3,1,4,1,1,1,4,3,2500,1,1,0,1,1,1,4,3,2500,1,1,0,1,1,1,4,3,2500,1,1,0,0,1,1,1030000,1210000,1,1
202601,6,,제천역,43150,14,0,0,0,1,0,5,31,04,3,1,없음,100,1,0,1,0,3,2,4,1,10,2,1,2,1,1,8,3,3,1,1,I,561,4,1,4,5,4,5,5,4,6100,1,1,0,5,4,5,5,4,6100,1,1,0,5,4,5,5,4,6100,1,1,0,2026,3,10,740000,1860000,1,1
202601,6,,제천역,43150,14,0,0,0,1,0,5,31,04,3,1,없음,100,1,0,1,0,3,2,4,1,10,2,1,2,1,1,8,3,3,2,2,0,999,4,1,4,1,1,1,3,3,4200,1,1,0,1,1,1,3,3,4200,1,1,0,1,1,1,3,3,4200,1,1,0,0,1,1,740000,1860000,1,1
202601,6,,제천역,43150,14,0,0,0,1,0,6,31,04,6,2,없음,300,8,0,0,0,2,2,4,1,10,2,1,2,1,1,8,2,3,1,1,I,561,4,1,4,3,3,3,3,3,3600,1,1,0,3,3,3,3,3,3600,1,1,0,3,3,3,3,3,3600,1,1,0,2026,3,9,1080000,990000,1,1
202601,6,,제천역,43150,14,0,0,0,1,0,6,31,04,6,2,없음,300,8,0,0,0,2,2,4,1,10,2,1,2,1,1,8,2,3,2,2,0,999,4,1,4,1,1,1,3,3,3100,1,1,0,1,1,1,3,3,3100,1,1,0,1,1,1,3,3,3100,1,1,0,0,1,1,1080000,990000,1,1
202601,6,,제천역,43150,22,0,120,0,1,0,1,21,03,6,2,없음,20,4,0,0,0,2,2,4,1,9,2,1,1,1,1,8,2,3,1,1,R,912,1,1,2,3,3,6,3,3,8900,1,1,0,3,3,6,3,3,8900,1,1,0,3,3,6,3,3,8900,1,1,0,2024,3,10,1170000,1050000,1,1
202601,6,,제천역,43150,22,0,120,0,1,0,1,21,03,6,2,없음,20,4,0,0,0,2,2,4,1,9,2,1,1,1,1,8,2,3,1,1,G,465,2,1,3,5,3,4,5,3,6600,1,1,0,5,3,4,5,3,6600,1,1,0,5,3,4,5,3,6600,1,1,0,2026,3,6,1170000,1050000,1,1
202601,6,,제천역,43150,22,0,120,0,1,0,1,21,03,6,2,없음,20,4,0,0,0,2,2,4,1,9,2,1,1,1,1,8,2,3,2,6,0,999,3,1,3,1,1,1,3,3,3200,1,1,1,1,1,1,3,3,3200,1,1,1,1,1,1,3,3,3200,1,1,1,0,1,1,1170000,1050000,1,1
202601,6,,제천역,43150,22,0,120,0,1,0,1,21,16,9,2,없음,100,5,0,0,0,2,2,4,1,10,2,1,1,1,1,8,2,3,1,1,I,562,4,1,4,5,4,5,5,4,7300,1,1,0,5,4,5,5,4,7300,1,1,0,5,4,5,5,4,7300,1,1,0,2024,3,9,1550000,890000,1,1
202601,6,,제천역,43150,22,0,120,0,1,0,1,21,16,9,2,없음,100,5,0,0,0,2,2,4,1,10,2,1,1,1,1,8,2,3,2,1,I,562,4,1,4,4,3,4,4,3,4600,1,1,0,4,3,4,4,3,4600,1,1,0,4,3,4,4,3,4600,1,1,0,2024,3,9,1550000,890000,1,1
202601,6,,제천역,43150,22,0,120,0,1,0,3,30,04,1,1,없음,73,2,0,0,0,1,1,1,1,10,1,1,1,1,1,8,1,3,1,1,G,472,1,1,1,2,3,7,2,3,15600,1,1,0,2,3,7,2,3,15600,1,1,0,2,3,7,2,3,15600,1,1,0,2025,3,10,2470000,2950000,1,3
202601,6,,제천역,43150,22,0,120,300,1,0,1,11,03,1,1,없음,100,1,0,0,0,2,1,2,1,10,1,1,1,1,1,8,2,3,1,1,I,561,2,1,2,4,3,6,4,3,8400,1,1,0,4,3,6,4,3,8400,1,1,0,4,3,6,4,3,8400,1,1,0,2024,3,7,1100000,1780000,1,1
202601,6,,0.비상권,43150,14,0,0,0,1,0,6,32,03,2,1,없음,30,4,0,0,0,4,1,3,1,10,1,1,1,1,1,8,4,3,1,1,S,969,3,1,3,5,4,7,5,5,13400,1,1,0,5,4,7,5,5,13400,1,1,0,5,4,7,5,5,13400,1,1,0,2025,3,8,1030000,8240000,1,1
202601,6,,0.비상권,43150,16,0,0,0,1,0,4,11,04,7,1,없음,100,6,0,1,0,2,2,4,1,10,1,2,1,1,1,8,2,3,1,6,0,999,4,1,4,1,1,1,4,5,7200,1,1,1,1,1,1,4,5,7200,1,1,1,1,1,1,4,5,7200,1,1,1,0,1,1,1760000,2530000,1,1
202601,6,,0.비상권,43720,22,0,0,0,1,0,1,21,03,1,1,없음,10,7,0,0,0,2,2,4,1,9,2,1,1,1,1,8,2,2,1,1,Q,861,3,1,4,7,4,7,6,5,13500,1,1,0,7,4,7,6,5,13500,1,1,0,7,4,7,6,5,13500,1,1,0,2025,3,6,2420000,1310000,1,2
202601,6,,0.비상권,43720,22,0,0,0,1,0,1,21,03,1,1,없음,10,7,0,0,0,2,2,4,1,9,2,1,1,1,1,8,2,2,2,1,Q,861,3,1,4,4,3,4,5,3,5700,1,1,0,4,3,4,5,3,5700,1,1,0,4,3,4,5,3,5700,1,1,0,2025,3,6,2420000,1310000,1,2
202601,6,,0.비상권,43720,22,0,0,0,1,0,1,11,03,1,1,없음,50,7,0,0,0,2,2,4,1,9,1,1,1,1,1,8,2,2,1,1,I,561,1,1,2,3,3,7,3,3,12000,1,1,0,3,3,7,3,3,12000,1,1,0,3,3,7,3,3,12000,1,1,0,2025,3,10,1400000,2120000,1,1
202601,6,,0.비상권,43720,22,0,0,0,1,0,1,11,03,1,1,없음,50,7,0,0,0,2,2,4,1,9,1,1,1,1,1,8,2,2,1,1,G,472,1,1,1,3,1,2,3,2,1100,1,1,0,3,1,2,3,2,1100,1,1,0,3,1,2,3,2,1100,1,1,0,2024,3,10,1400000,2120000,1,1
202601,6,,0.비상권,43720,22,0,0,0,1,0,1,11,03,1,1,없음,50,7,0,0,0,2,2,4,1,9,1,1,1,1,1,8,2,2,1,2,0,999,3,1,3,1,1,1,4,3,2800,1,1,0,1,1,1,4,3,2800,1,1,0,1,1,1,4,3,2800,1,1,0,0,1,1,1400000,2120000,1,1
202601,6,,0.비상권,43720,22,0,0,0,1,0,1,11,03,7,2,없음,150,6,0,0,0,2,2,4,1,9,2,1,1,1,1,8,2,2,1,1,S,961,2,1,2,3,3,7,3,3,9800,1,1,0,3,3,7,3,3,9800,1,1,0,3,3,7,3,3,9800,1,1,0,2025,3,9,1330000,980000,1,1
202601,6,,0.비상권,43720,22,0,0,0,1,0,1,11,03,7,2,없음,150,6,0,0,0,2,2,4,1,9,2,1,1,1,1,8,2,2,1,2,0,999,2,1,2,1,1,1,4,3,6800,1,1,0,1,1,1,4,3,6800,1,1,0,1,1,1,4,3,6800,1,1,0,0,1,1,1330000,980000,1,1
202601,6,,0.비상권,43720,22,0,0,0,1,0,1,11,03,7,2,없음,150,6,0,0,0,2,2,4,1,9,2,1,1,1,1,8,2,2,2,1,0,999,3,1,3,4,3,4,4,3,4300,1,1,0,4,3,4,4,3,4300,1,1,0,4,3,4,4,3,4300,1,1,0,2025,3,9,1330000,980000,1,1
202601,6,,0.비상권,43720,22,0,0,0,1,0,3,32,03,6,1,없음,100,6,0,0,0,2,2,3,1,9,2,1,1,1,1,8,2,2,1,1,G,478,2,1,2,6,3,6,4,4,9800,1,1,0,6,3,6,4,4,9800,1,1,0,6,3,6,4,4,9800,1,1,0,2025,3,8,1750000,3010000,1,1
202601,6,,0.비상권,43720,22,0,0,0,1,0,3,32,03,6,1,없음,100,6,0,0,0,2,2,3,1,9,2,1,1,1,1,8,2,2,1,1,I,561,2,1,2,6,3,6,4,4,9500,1,1,0,6,3,7,4,4,9500,1,1,0,6,3,7,4,4,9500,1,1,0,2026,3,10,1750000,3010000,1,1
202601,6,,0.비상권,43720,22,0,0,0,1,0,4,32,04,6,1,없음,65,6,0,0,0,2,2,3,2,8,2,1,1,1,1,8,2,3,1,1,G,471,3,2,4,6,5,7,6,5,10000,1,1,0,6,5,7,6,5,10000,1,1,0,6,5,7,6,5,10000,1,1,0,2026,3,10,1970000,3360000,1,3
202601,6,,0.비상권,43720,14,0,0,0,1,0,4,21,04,4,1,없음,500,7,0,0,0,3,2,4,1,10,2,1,1,1,1,8,3,2,1,1,I,561,4,1,4,8,5,6,7,5,8900,1,1,0,8,5,6,7,5,8900,1,1,0,8,5,6,7,5,8900,1,1,0,2024,3,9,640000,1380000,1,1
202601,6,,0.비상권,43720,14,0,0,0,1,0,4,21,04,4,1,없음,500,7,0,0,0,3,2,4,1,10,2,1,1,1,1,8,3,2,2,2,0,999,2,1,2,1,1,1,5,3,6100,1,1,0,1,1,1,5,3,6100,1,1,0,1,1,1,5,3,6100,1,1,0,0,1,1,640000,1380000,1,1
202601,6,,0.비상권,43720,22,0,0,0,1,0,1,11,04,1,1,없음,50,6,0,0,0,1,1,3,1,9,1,1,1,1,1,8,1,3,1,1,Q,869,2,1,2,3,3,3,3,3,4100,1,1,0,3,3,3,3,3,4100,1,1,0,3,3,3,3,3,4100,1,1,0,2025,3,9,830000,650000,1,1
202601,6,,0.비상권,43720,22,0,0,0,1,0,1,11,04,1,1,없음,50,6,0,0,0,1,1,3,1,9,1,1,1,1,1,8,1,3,2,1,0,999,2,1,2,3,3,3,3,3,3000,1,1,0,3,3,3,3,3,3000,1,1,0,3,3,3,3,3,3000,1,1,0,2025,3,9,830000,650000,1,1
202601,6,,0.비상권,43720,22,0,0,0,1,0,8,32,03,3,1,없음,200,7,0,1,0,4,2,4,1,9,2,1,1,1,1,8,4,2,1,1,I,561,4,1,4,6,5,7,7,5,10300,1,1,0,6,5,7,7,5,10300,1,1,0,6,5,7,7,5,10300,1,1,0,2024,3,9,1100000,3950000,1,1
202601,6,,0.비상권,43720,14,0,0,0,1,0,5,11,03,4,1,없음,500,9,0,0,0,2,1,2,1,10,1,1,1,1,1,1,2,3,1,1,F,423,2,1,2,2,3,4,3,3,5400,1,1,0,2,3,4,3,3,5400,1,1,0,2,3,4,3,3,5400,1,1,0,2025,3,10,400000,1100000,1,2
202601,6,,0.비상권,43730,16,0,300,0,1,0,1,21,03,4,1,없음,199,5,0,0,0,2,2,4,1,10,2,1,1,1,1,8,2,3,1,1,I,562,2,1,2,3,3,7,3,3,14700,1,1,0,3,3,7,3,3,14700,1,1,0,3,3,7,3,3,14700,1,1,0,2025,3,10,1520000,2350000,1,1
202601,6,,0.비상권,43730,16,0,300,0,1,0,1,21,03,4,1,없음,199,5,0,0,0,2,2,4,1,10,2,1,1,1,1,8,2,3,1,1,I,561,2,1,2,3,3,6,3,3,10700,1,1,0,3,3,6,3,3,10700,1,1,0,3,3,6,3,3,10700,1,1,0,2025,3,5,1520000,2350000,1,1
202601,6,,0.비상권,43730,16,0,300,0,1,0,1,21,03,4,1,없음,199,5,0,0,0,2,2,4,1,10,2,1,1,1,1,8,2,3,2,1,R,912,3,1,3,3,3,5,3,3,6300,1,1,0,3,3,5,3,3,6300,1,1,0,3,3,5,3,3,6300,1,1,0,2025,3,6,1520000,2350000,1,1
202601,6,,0.비상권,43730,16,0,300,0,1,0,1,21,04,6,2,없음,252,4,0,0,0,2,2,4,1,9,1,1,1,1,1,8,2,3,1,1,I,562,2,1,2,4,3,7,4,3,13800,1,1,0,4,3,7,4,3,13800,1,1,0,4,3,7,4,3,13800,1,1,0,2025,3,10,1620000,1380000,1,2
202601,6,,0.비상권,43730,16,0,300,0,1,0,1,21,04,6,2,없음,252,4,0,0,0,2,2,4,1,9,1,1,1,1,1,8,2,3,1,1,I,562,2,1,2,4,4,7,4,4,14100,1,1,0,4,4,7,4,4,14100,1,1,0,4,4,7,4,4,14100,1,1,0,2025,3,10,1620000,1380000,1,2
202601,6,,0.비상권,43730,16,0,300,0,1,0,1,21,04,6,2,없음,252,4,0,0,0,2,2,4,1,9,1,1,1,1,1,8,2,3,2,6,0,999,2,1,2,1,1,1,3,3,5700,1,1,1,1,1,1,3,3,5700,1,1,1,1,1,1,3,3,5700,1,1,1,0,1,1,1620000,1380000,1,2
202601,6,,0.비상권,43730,16,0,300,0,1,0,1,21,04,6,2,없음,252,4,0,0,0,2,2,4,1,9,1,1,1,1,1,8,2,3,2,6,0,999,2,1,2,1,1,1,3,3,5600,1,1,1,1,1,1,3,3,5600,1,1,1,1,1,1,3,3,5600,1,1,1,0,1,1,1620000,1380000,1,2
202601,6,,0.비상권,43730,13,0,0,0,1,0,3,32,04,1,1,없음,416,8,0,0,0,2,1,3,1,10,1,1,1,1,1,8,2,2,1,1,G,466,3,1,3,3,3,4,3,3,4300,1,1,0,3,3,4,3,3,4300,1,1,0,3,3,4,3,3,4300,1,1,0,2022,5,8,740000,1650000,1,1
202601,6,,0.비상권,43730,13,0,0,0,1,0,4,32,03,2,1,없음,302,7,0,0,0,2,1,2,1,10,1,1,1,1,1,8,2,3,1,1,L,682,1,1,1,3,3,7,3,3,17500,1,1,0,3,3,7,3,3,17500,1,1,0,3,3,7,3,3,17500,1,1,0,2025,3,10,810000,4530000,1,1
202601,6,,0.비상권,43730,13,0,0,0,1,0,4,32,03,2,1,없음,302,7,0,0,0,2,1,2,1,10,1,1,1,1,1,8,2,3,2,1,0,999,1,1,1,3,3,6,3,3,9300,1,1,0,3,3,6,3,3,9300,1,1,0,3,3,6,3,3,9300,1,1,0,2025,3,8,810000,4530000,1,1
202601,6,,0.비상권,43730,13,0,0,0,1,0,4,11,04,6,1,없음,302,6,0,0,0,2,2,4,1,10,2,1,1,1,1,8,2,3,1,1,I,561,4,1,4,4,4,5,4,4,6900,1,1,0,4,4,5,4,4,6900,1,1,0,4,4,5,4,4,6900,1,1,0,2025,3,10,920000,1790000,1,1
202601,6,,0.비상권,43730,22,0,0,0,1,0,8,21,04,7,1,없음,265,1,0,1,0,2,2,4,1,9,2,1,1,1,1,8,2,3,1,2,L,682,2,1,3,1,1,1,4,4,10200,1,1,0,1,1,1,4,4,10200,1,1,0,1,1,1,4,4,10200,1,1,0,0,1,1,2650000,2480000,1,1
202601,6,,0.비상권,43730,22,0,0,0,1,0,8,21,04,7,1,없음,265,1,0,1,0,2,2,4,1,9,2,1,1,1,1,8,2,3,1,1,S,961,3,1,3,5,4,6,5,4,8800,1,1,0,5,4,6,5,4,8800,1,1,0,5,4,6,5,4,8800,1,1,0,2024,3,10,2650000,2480000,1,1
202601,6,,0.비상권,43730,22,0,0,0,1,0,8,21,04,7,1,없음,265,1,0,1,0,2,2,4,1,9,2,1,1,1,1,8,2,3,2,1,L,681,1,1,2,3,3,4,3,3,5200,1,1,0,3,3,4,3,3,5200,1,1,0,3,3,4,3,3,5200,1,1,0,2025,3,10,2650000,2480000,1,1
202601,6,,0.비상권,43730,22,0,0,0,1,0,8,21,04,7,1,없음,265,1,0,1,0,2,2,4,1,9,2,1,1,1,1,8,2,3,2,1,F,411,3,1,3,1,4,6,3,3,7600,1,1,0,1,4,6,3,3,7600,1,1,0,1,4,6,3,3,7600,1,1,0,2026,2,10,2650000,2480000,1,1
202601,6,,0.비상권,43730,22,0,0,0,1,0,1,12,03,1,1,없음,50,8,0,0,0,1,1,3,1,10,1,1,1,1,1,8,1,3,1,1,I,561,3,1,3,5,4,7,5,4,14800,1,1,0,5,4,7,5,4,14800,1,1,0,5,4,7,5,4,14800,1,1,0,2024,3,10,2320000,2080000,1,3
202601,6,,0.비상권,43730,22,0,300,0,1,0,6,21,03,6,2,없음,123,5,0,0,0,2,2,4,1,10,2,1,1,1,1,8,2,2,1,1,R,912,3,1,3,4,4,6,4,4,10000,1,1,0,4,4,6,4,4,10000,1,1,0,4,4,6,4,4,10000,1,1,0,2025,3,10,3990000,4000000,1,2
202601,6,,0.비상권,43730,22,0,300,0,1,0,6,21,03,6,2,없음,123,5,0,0,0,2,2,4,1,10,2,1,1,1,1,8,2,2,1,1,G,474,1,1,2,4,3,6,3,3,9500,1,1,0,4,3,6,3,3,9500,1,1,0,4,3,6,3,3,9500,1,1,0,2025,3,8,3990000,4000000,1,2
202601,6,,0.비상권,43730,22,0,300,0,1,0,6,21,03,6,2,없음,123,5,0,0,0,2,2,4,1,10,2,1,1,1,1,8,2,2,2,6,0,999,2,1,2,1,1,1,3,3,5700,1,1,1,1,1,1,3,3,5700,1,1,1,1,1,1,3,3,5700,1,1,1,0,1,1,3990000,4000000,1,2
202601,6,,0.비상권,43730,22,0,300,0,1,0,6,21,03,6,2,없음,123,5,0,0,0,2,2,4,1,10,2,1,1,1,1,8,2,2,2,1,S,961,2,1,2,3,3,4,3,3,5900,1,1,0,3,3,4,3,3,5900,1,1,0,3,3,4,3,3,5900,1,1,0,2025,2,10,3990000,4000000,1,2
202601,6,,0.비상권,43730,14,0,0,0,1,0,1,11,04,6,1,없음,10,4,0,0,0,2,2,4,1,10,2,1,1,1,1,8,2,2,1,1,I,559,3,1,3,3,3,5,3,3,6800,1,1,0,3,3,5,3,3,6800,1,1,0,3,3,5,3,3,6800,1,1,0,2025,3,7,910000,1640000,1,2
202601,6,,0.비상권,43730,14,0,0,0,1,0,1,11,04,6,1,없음,10,4,0,0,0,2,2,4,1,10,2,1,1,1,1,8,2,2,1,1,0,999,2,1,2,3,3,3,3,3,3800,1,1,0,3,3,3,3,3,3800,1,1,0,3,3,3,3,3,3800,1,1,0,2025,3,9,910000,1640000,1,2
202601,6,,증평광장로,43745,22,0,0,0,1,0,1,21,04,1,1,없음,100,5,0,0,0,2,2,4,1,8,1,1,1,1,1,8,2,2,1,1,G,478,2,1,3,4,4,7,4,4,11500,1,1,0,4,4,7,4,4,11500,1,1,0,4,4,7,4,4,11500,1,1,0,2025,3,8,2120000,1750000,1,1
202601,6,,증평광장로,43745,22,0,0,0,1,0,1,21,04,1,1,없음,100,5,0,0,0,2,2,4,1,8,1,1,1,1,1,8,2,2,2,6,0,999,2,1,3,1,1,1,4,3,7300,1,1,1,1,1,1,4,3,7300,1,1,1,1,1,1,4,3,7300,1,1,1,0,1,1,2120000,1750000,1,1
202601,6,,증평광장로,43745,22,0,0,0,1,0,6,21,04,6,1,없음,150,4,0,0,0,2,2,4,2,9,1,1,1,1,1,8,2,2,1,2,0,999,2,1,2,1,1,1,4,3,6100,1,1,0,1,1,1,4,3,6100,1,1,0,1,1,1,4,3,6100,1,1,0,0,1,1,2350000,3100000,1,1
202601,6,,증평광장로,43745,22,0,0,0,1,0,6,21,04,6,1,없음,150,4,0,0,0,2,2,4,2,9,1,1,1,1,1,8,2,2,1,2,G,472,1,1,2,1,1,1,3,3,12300,1,1,0,1,1,1,3,3,12300,1,1,0,1,1,1,3,3,12300,1,1,0,0,1,1,2350000,3100000,1,1
202601,6,,증평광장로,43745,22,0,0,0,1,0,6,21,04,6,1,없음,150,4,0,0,0,2,2,4,2,9,1,1,1,1,1,8,2,2,1,1,L,682,1,1,2,3,3,7,3,3,12100,1,1,0,3,3,7,3,3,12100,1,1,0,3,3,7,3,3,12100,1,1,0,2025,3,9,2350000,3100000,1,1
202601,6,,증평광장로,43745,22,0,0,0,1,0,6,21,04,6,1,없음,150,4,0,0,0,2,2,4,2,9,1,1,1,1,1,8,2,2,2,6,0,999,3,1,3,1,1,1,4,4,7000,1,1,1,1,1,1,4,4,7000,1,1,1,1,1,1,4,4,7000,1,1,1,0,1,1,2350000,3100000,1,1
202601,6,,증평광장로,43745,22,0,0,0,1,0,1,21,03,7,2,없음,100,5,0,0,0,2,2,4,2,9,2,1,1,1,1,8,2,2,1,1,G,471,3,1,4,4,5,7,4,5,10800,1,1,0,4,5,7,4,5,10800,1,1,0,4,5,7,4,5,10800,1,1,0,2024,3,7,2210000,1740000,1,1
202601,6,,증평광장로,43745,22,0,0,0,1,0,1,21,03,7,2,없음,100,5,0,0,0,2,2,4,2,9,2,1,1,1,1,8,2,2,2,1,M,712,3,1,4,4,4,5,4,4,7400,1,1,0,4,4,5,4,4,7400,1,1,0,4,4,5,4,4,7400,1,1,0,2025,3,9,2210000,1740000,1,1
202601,6,,증평광장로,43745,22,0,0,0,1,0,1,21,03,1,1,없음,100,5,0,0,0,2,2,4,2,9,2,1,1,1,1,8,2,2,1,1,I,562,3,1,3,5,5,7,5,5,16600,1,1,0,5,5,7,5,5,16600,1,1,0,5,5,7,5,5,16600,1,1,0,2025,3,10,3940000,2580000,1,1
202601,6,,증평광장로,43745,22,0,0,0,1,0,1,21,03,1,1,없음,100,5,0,0,0,2,2,4,2,9,2,1,1,1,1,8,2,2,1,1,G,478,1,1,2,4,4,7,4,4,16200,1,1,0,4,4,7,4,4,16200,1,1,0,4,4,7,4,4,16200,1,1,0,2025,3,7,3940000,2580000,1,1
202601,6,,증평광장로,43745,22,0,0,0,1,0,1,21,03,1,1,없음,100,5,0,0,0,2,2,4,2,9,2,1,1,1,1,8,2,2,2,1,S,961,2,1,2,3,3,7,3,4,11500,1,1,0,3,3,7,3,4,11500,1,1,0,3,3,7,3,4,11500,1,1,0,2024,3,10,3940000,2580000,1,1
202601,6,,증평광장로,43745,22,0,0,0,1,0,1,21,03,1,1,없음,100,5,0,0,0,2,2,4,2,9,2,1,1,1,1,8,2,2,2,1,I,561,3,1,3,4,4,7,4,4,10700,1,1,0,4,4,7,4,4,10700,1,1,0,4,4,7,4,4,10700,1,1,0,2024,3,9,3940000,2580000,1,1
202601,6,,증평광장로,43745,14,0,0,0,1,0,4,21,03,6,2,없음,200,7,0,0,0,2,2,4,1,8,1,1,1,1,1,8,2,2,1,1,I,561,2,1,3,3,4,6,3,4,8300,1,1,0,3,4,6,3,4,8300,1,1,0,3,4,6,3,4,8300,1,1,0,2025,3,10,1540000,1380000,1,1
202601,6,,증평광장로,43745,14,0,0,0,1,0,4,21,03,6,2,없음,200,7,0,0,0,2,2,4,1,8,1,1,1,1,1,8,2,2,2,2,0,999,2,1,3,1,1,1,5,3,3600,1,1,0,1,1,1,5,3,3600,1,1,0,1,1,1,5,3,3600,1,1,0,0,1,1,1540000,1380000,1,1
202601,6,,증평광장로,43745,14,0,0,0,1,0,4,21,03,6,2,없음,50,4,0,0,0,2,2,4,1,10,1,1,1,1,1,8,2,2,1,1,P,857,2,1,2,3,3,5,3,3,7000,1,1,0,3,3,5,3,3,7000,1,1,0,3,3,5,3,3,7000,1,1,0,2025,3,10,1560000,1370000,1,1
202601,6,,증평광장로,43745,14,0,0,0,1,0,4,21,03,6,2,없음,50,4,0,0,0,2,2,4,1,10,1,1,1,1,1,8,2,2,1,1,P,857,2,1,2,4,3,5,4,3,6600,1,1,0,4,3,5,4,3,6600,1,1,0,4,3,5,4,3,6600,1,1,0,2025,3,10,1560000,1370000,1,1
202601,6,,증평광장로,43745,14,0,0,0,1,0,4,21,03,6,2,없음,50,4,0,0,0,2,2,4,1,10,1,1,1,1,1,8,2,2,2,6,0,999,3,1,3,1,1,1,3,3,3600,1,1,1,1,1,1,3,3,3600,1,1,1,1,1,1,3,3,3600,1,1,1,0,1,1,1560000,1370000,1,1
202601,6,,증평광장로,43745,22,0,0,0,1,0,1,21,03,9,2,없음,50,4,0,0,0,2,2,4,2,9,2,2,1,1,1,8,2,2,1,1,G,473,4,1,4,6,6,8,6,6,21500,1,1,0,6,6,8,6,6,21500,1,1,0,6,6,8,6,6,21500,1,1,0,2024,3,7,3670000,2040000,1,1
202601,6,,증평광장로,43745,22,0,0,0,1,0,1,21,03,9,2,없음,50,4,0,0,0,2,2,4,2,9,2,2,1,1,1,8,2,2,2,6,0,999,4,1,4,1,1,1,5,4,7300,1,1,1,1,1,1,5,4,7300,1,1,1,1,1,1,5,4,7300,1,1,1,0,1,1,3670000,2040000,1,1
202601,6,,증평광장로,43745,22,0,0,0,1,0,1,21,03,1,1,없음,100,4,0,0,0,2,2,4,2,8,2,1,1,1,1,8,2,2,1,1,G,474,2,1,2,4,4,7,4,4,19200,1,1,0,4,4,7,4,4,19200,1,1,0,4,4,7,4,4,19200,1,1,0,2024,3,5,3500000,3080000,1,1
202601,6,,증평광장로,43745,22,0,0,0,1,0,1,21,03,1,1,없음,100,4,0,0,0,2,2,4,2,8,2,1,1,1,1,8,2,2,1,1,G,474,2,1,2,4,4,7,4,4,18700,1,1,0,4,4,7,4,4,18700,1,1,0,4,4,7,4,4,18700,1,1,0,2025,3,8,3500000,3080000,1,1
202601,6,,증평광장로,43745,22,0,0,0,1,0,1,21,03,1,1,없음,100,4,0,0,0,2,2,4,2,8,2,1,1,1,1,8,2,2,2,1,S,961,3,1,4,4,4,6,4,4,9700,1,1,0,4,4,6,4,4,9700,1,1,0,4,4,6,4,4,9700,1,1,0,2025,3,10,3500000,3080000,1,1
202601,6,,증평광장로,43745,22,0,0,0,1,0,3,41,03,8,2,없음,100,4,0,0,0,2,2,4,2,9,2,1,1,1,1,8,2,2,1,1,G,475,3,1,4,5,5,7,5,5,13300,1,1,0,5,5,7,5,5,13300,1,1,0,5,5,7,5,5,13300,1,1,0,2024,3,6,2840000,2170000,1,1
202601,6,,증평광장로,43745,22,0,0,0,1,0,3,41,03,8,2,없음,100,4,0,0,0,2,2,4,2,9,2,1,1,1,1,8,2,2,2,2,0,999,3,1,3,1,1,1,5,3,4400,1,1,0,1,1,1,5,3,4400,1,1,0,1,1,1,5,3,4400,1,1,0,0,1,1,2840000,2170000,1,1
202601,6,,증평광장로,43745,22,0,0,0,1,1,2,21,03,1,1,없음,200,6,0,0,0,2,2,4,1,9,1,1,1,1,1,8,2,2,-1,6,0,999,3,1,3,1,1,1,3,3,4000,1,1,1,1,1,1,3,3,4000,1,1,1,1,1,1,3,3,4000,1,1,1,0,1,1,2900000,1550000,1,1
202601,6,,증평광장로,43745,22,0,0,0,1,1,2,21,03,1,1,없음,200,6,0,0,0,2,2,4,1,9,1,1,1,1,1,8,2,2,1,1,R,901,1,1,1,3,3,7,3,3,14700,1,1,0,3,3,7,3,3,14700,1,1,0,3,3,7,3,3,14700,1,1,0,2024,3,10,2900000,1550000,1,1
202601,6,,증평광장로,43745,22,0,0,0,1,1,2,21,03,1,1,없음,200,6,0,0,0,2,2,4,1,9,1,1,1,1,1,8,2,2,1,1,G,474,1,1,1,3,3,7,3,3,14700,1,1,0,3,3,7,3,3,14700,1,1,0,3,3,7,3,3,14700,1,1,0,2025,3,10,2900000,1550000,1,1
202601,6,,증평광장로,43745,22,0,0,0,1,1,2,21,03,1,1,없음,200,6,0,0,0,2,2,4,1,9,1,1,1,1,1,8,2,2,1,1,I,561,1,1,1,3,3,7,3,3,14700,1,1,0,3,3,7,3,3,14700,1,1,0,3,3,7,3,3,14700,1,1,0,2025,3,10,2900000,1550000,1,1
202601,6,,증평광장로,43745,22,0,0,0,1,1,2,21,03,1,1,없음,200,6,0,0,0,2,2,4,1,9,1,1,1,1,1,8,2,2,2,2,0,999,2,1,3,1,1,1,4,3,7200,1,1,0,1,1,1,4,3,7200,1,1,0,1,1,1,4,3,7200,1,1,0,0,1,1,2900000,1550000,1,1
202601,6,,증평광장로,43745,22,0,0,0,1,0,1,21,03,10,1,없음,220,6,0,0,0,1,1,3,1,8,1,1,1,1,1,8,1,2,1,1,G,472,2,1,2,5,4,7,5,4,13800,1,1,0,5,4,7,5,4,13800,1,1,0,5,4,7,5,4,13800,1,1,0,2024,3,9,2540000,1300000,1,1
202601,6,,증평광장로,43745,22,0,0,0,1,0,1,21,03,10,1,없음,220,6,0,0,0,1,1,3,1,8,1,1,1,1,1,8,1,2,2,2,G,472,2,1,2,1,1,1,3,3,6700,1,1,0,1,1,1,3,3,6700,1,1,0,1,1,1,3,3,6700,1,1,0,0,1,1,2540000,1300000,1,1
202601,6,,증평광장로,43745,16,0,0,0,1,0,1,11,03,1,1,없음,150,6,0,0,0,1,2,3,1,10,1,1,1,1,1,8,1,2,1,1,S,961,1,1,2,3,3,4,3,3,5700,1,1,0,3,3,4,3,3,5700,1,1,0,3,3,4,3,3,5700,1,1,0,2024,3,5,880000,750000,1,1
202601,6,,증평광장로,43745,16,0,0,0,1,0,1,11,03,1,1,없음,150,6,0,0,0,1,2,3,1,10,1,1,1,1,1,8,1,2,1,1,G,474,1,1,2,3,3,4,3,3,5700,1,1,0,3,3,4,3,3,5700,1,1,0,3,3,4,3,3,5700,1,1,0,2025,3,9,880000,750000,1,1
202601,6,,증평광장로,43745,16,0,0,0,1,0,1,11,03,1,1,없음,150,6,0,0,0,1,2,3,1,10,1,1,1,1,1,8,1,2,2,6,0,999,1,1,2,1,1,1,2,2,2900,1,1,1,1,1,1,2,2,2900,1,1,1,1,1,1,2,2,2900,1,1,1,0,1,1,880000,750000,1,1
202601,6,,증평광장로,43745,22,0,0,0,1,0,4,31,03,6,2,없음,200,8,0,0,0,2,2,4,1,10,2,2,1,1,1,8,2,2,1,1,I,561,4,1,4,3,3,3,3,3,3900,1,1,0,3,3,3,3,3,3900,1,1,0,3,3,3,3,3,3900,1,1,0,2026,3,9,1470000,1260000,1,1
202601,6,,증평광장로,43745,22,0,0,0,1,0,4,31,03,6,2,없음,200,8,0,0,0,2,2,4,1,10,2,2,1,1,1,8,2,2,2,6,0,999,4,1,4,1,1,1,3,3,3200,1,1,1,1,1,1,3,3,3200,1,1,1,1,1,1,3,3,3200,1,1,1,0,1,1,1470000,1260000,1,1
202601,6,,증평광장로,43745,22,0,0,0,1,0,8,32,03,8,1,없음,100,4,0,0,0,2,2,4,1,10,2,1,1,1,1,8,2,2,1,1,G,474,2,1,2,4,4,7,4,4,14000,1,1,0,4,4,7,4,4,14000,1,1,0,4,4,7,4,4,14000,1,1,0,2024,3,10,2810000,3610000,1,1
202601,6,,증평광장로,43745,22,0,0,0,1,0,8,32,03,8,1,없음,100,4,0,0,0,2,2,4,1,10,2,1,1,1,1,8,2,2,1,1,G,474,2,1,2,4,4,7,4,4,13900,1,1,0,4,4,7,4,4,13900,1,1,0,4,4,7,4,4,13900,1,1,0,2026,3,9,2810000,3610000,1,1
202601,6,,증평광장로,43745,22,0,0,0,1,0,8,32,03,8,1,없음,100,4,0,0,0,2,2,4,1,10,2,1,1,1,1,8,2,2,1,1,G,472,2,1,2,4,4,7,4,4,14000,1,1,0,4,4,7,4,4,14000,1,1,0,4,4,7,4,4,14000,1,1,0,2025,3,10,2810000,3610000,1,1
202601,6,,0.비상권,43750,22,0,0,0,1,0,6,31,04,7,1,없음,118,8,0,1,0,2,2,4,1,9,2,1,2,1,1,8,2,3,1,1,S,961,2,1,3,4,4,6,4,4,8700,1,1,0,4,4,6,4,4,8700,1,1,0,4,4,6,4,4,8700,1,1,0,2024,3,7,1480000,1540000,1,1
202601,6,,0.비상권,43750,22,0,0,0,1,0,6,31,04,7,1,없음,118,8,0,1,0,2,2,4,1,9,2,1,2,1,1,8,2,3,1,1,I,561,2,1,3,4,4,6,4,4,8800,1,1,0,4,4,6,4,4,8800,1,1,0,4,4,6,4,4,8800,1,1,0,2024,3,7,1480000,1540000,1,1
202601,6,,0.비상권,43750,22,0,0,0,1,0,6,31,04,7,1,없음,118,8,0,1,0,2,2,4,1,9,2,1,2,1,1,8,2,3,2,2,0,999,3,1,4,1,1,1,4,3,5100,1,1,0,1,1,1,4,3,5100,1,1,0,1,1,1,4,3,5100,1,1,0,0,1,1,1480000,1540000,1,1
202601,6,,0.비상권,43750,22,0,0,0,1,0,5,21,03,8,2,없음,121,8,0,0,0,1,2,4,1,9,1,1,1,1,1,8,1,3,1,1,I,561,2,1,3,5,4,6,5,4,10900,1,1,0,5,4,6,5,4,10900,1,1,0,5,4,6,5,4,10900,1,1,0,2024,3,9,2610000,1780000,1,1
202601,6,,0.비상권,43750,22,0,0,0,1,0,5,21,03,8,2,없음,121,8,0,0,0,1,2,4,1,9,1,1,1,1,1,8,1,3,2,6,0,999,2,1,3,1,1,1,4,3,5200,1,1,1,1,1,1,4,3,5200,1,1,1,1,1,1,4,3,5200,1,1,1,0,1,1,2610000,1780000,1,1
202601,6,,0.비상권,43750,22,0,0,0,1,0,3,32,03,5,1,없음,124,4,0,0,0,2,2,4,1,10,2,1,1,1,1,8,2,3,1,1,G,472,4,1,4,6,5,7,6,5,17100,1,1,0,6,5,7,6,5,17100,1,1,0,6,5,7,6,5,17100,1,1,0,2024,3,7,3390000,6870000,1,1
202601,6,,0.비상권,43750,22,0,0,0,1,0,3,32,03,5,1,없음,124,4,0,0,0,2,2,4,1,10,2,1,1,1,1,8,2,3,1,1,S,961,2,1,2,6,4,7,6,4,16800,1,1,0,6,4,7,6,4,16800,1,1,0,6,4,7,6,4,16800,1,1,0,2025,3,10,3390000,6870000,1,1
202601,6,,0.비상권,43750,14,0,0,0,1,0,5,32,03,6,1,없음,168,9,0,0,0,2,2,4,1,10,2,1,1,1,1,8,2,2,1,1,S,969,2,1,2,4,3,7,4,3,10300,1,1,0,4,3,7,4,3,10300,1,1,0,4,3,7,4,3,10300,1,1,0,2024,3,8,1320000,2410000,1,2
202601,6,,0.비상권,43750,14,0,0,0,1,0,5,32,03,6,1,없음,168,9,0,0,0,2,2,4,1,10,2,1,1,1,1,8,2,2,1,1,S,961,2,1,2,4,3,7,4,3,10200,1,1,0,4,3,7,4,3,10200,1,1,0,4,3,7,4,3,10200,1,1,0,2025,3,10,1320000,2410000,1,2
202601,6,,0.비상권,43750,14,0,0,0,1,0,5,32,03,6,1,없음,168,9,0,0,0,2,2,4,1,10,2,1,1,1,1,8,2,2,1,1,S,969,2,1,2,4,3,7,4,3,10200,1,1,0,4,3,7,4,3,10200,1,1,0,4,3,7,4,3,10200,1,1,0,2026,3,10,1320000,2410000,1,2
202601,6,,0.비상권,43750,14,0,0,0,1,0,5,32,03,6,1,없음,168,9,0,0,0,2,2,4,1,10,2,1,1,1,1,8,2,2,1,1,S,961,2,1,2,4,3,7,4,3,10200,1,1,0,4,3,7,4,3,10200,1,1,0,4,3,7,4,3,10200,1,1,0,2025,3,9,1320000,2410000,1,2
202601,6,,0.비상권,43750,22,0,0,0,1,0,3,32,04,6,2,없음,49,4,0,0,0,2,2,4,1,10,2,1,1,1,1,8,2,2,1,1,G,474,1,1,1,4,3,7,5,3,15700,1,1,0,4,3,7,5,3,15700,1,1,0,4,3,7,5,3,15700,1,1,0,2025,3,10,2820000,2550000,1,2
202601,6,,0.비상권,43750,22,0,0,0,1,0,3,32,04,6,2,없음,49,4,0,0,0,2,2,4,1,10,2,1,1,1,1,8,2,2,1,1,I,561,1,1,1,4,3,7,4,3,15900,1,1,0,4,3,7,4,3,15900,1,1,0,4,3,7,4,3,15900,1,1,0,2025,3,10,2820000,2550000,1,2
202601,6,,0.비상권,43750,22,0,0,0,1,0,3,32,04,6,2,없음,49,4,0,0,0,2,2,4,1,10,2,1,1,1,1,8,2,2,1,1,L,682,1,1,1,4,3,7,4,3,15900,1,1,0,4,3,7,4,3,15900,1,1,0,4,3,7,4,3,15900,1,1,0,2025,3,9,2820000,2550000,1,2
202601,6,,0.비상권,43750,22,0,0,0,1,0,3,32,04,6,2,없음,49,4,0,0,0,2,2,4,1,10,2,1,1,1,1,8,2,2,1,1,G,478,1,1,1,4,3,7,5,3,15900,1,1,0,4,3,7,5,3,15900,1,1,0,4,3,7,5,3,15900,1,1,0,2024,3,9,2820000,2550000,1,2
202601,6,,0.비상권,43750,22,0,0,0,1,0,3,32,04,6,2,없음,49,4,0,0,0,2,2,4,1,10,2,1,1,1,1,8,2,2,2,1,I,562,3,1,3,4,4,5,4,4,6200,1,1,0,4,4,5,4,4,6200,1,1,0,4,4,5,4,4,6200,1,1,0,2025,3,9,2820000,2550000,1,2
202601,6,,0.비상권,43750,22,0,0,0,1,0,1,19,03,1,1,없음,100,4,0,0,0,1,1,3,1,10,1,1,1,1,1,8,1,2,1,1,I,561,3,1,3,4,4,7,4,4,10000,1,1,0,4,4,7,4,4,10000,1,1,0,4,4,7,4,4,10000,1,1,0,2025,3,9,2090000,2470000,1,1
202601,6,,0.비상권,43750,22,0,0,0,1,0,7,32,03,8,1,없음,85,7,0,0,0,2,2,4,1,10,2,1,1,1,1,8,2,3,1,1,G,472,2,1,3,5,4,7,5,4,14800,1,1,0,5,4,7,5,4,14800,1,1,0,5,4,7,5,4,14800,1,1,0,2024,3,8,2750000,3450000,1,1
202601,6,,0.비상권,43750,22,0,0,0,1,0,7,32,03,8,1,없음,85,7,0,0,0,2,2,4,1,10,2,1,1,1,1,8,2,3,1,1,S,961,2,1,2,4,3,7,4,3,12900,1,1,0,4,3,7,4,3,12900,1,1,0,4,3,7,4,3,12900,1,1,0,2024,3,8,2750000,3450000,1,1
202601,6,,0.비상권,43750,22,0,0,0,1,0,7,32,03,8,1,없음,85,7,0,0,0,2,2,4,1,10,2,1,1,1,1,8,2,3,1,1,I,561,2,1,2,4,3,7,4,3,12900,1,1,0,4,3,7,4,3,12900,1,1,0,4,3,7,4,3,12900,1,1,0,2025,3,10,2750000,3450000,1,1
202601,6,,0.비상권,43760,14,0,0,0,1,0,8,32,04,5,1,없음,200,6,0,0,0,2,1,3,1,10,1,1,1,1,1,8,2,3,1,1,I,561,3,1,3,4,3,6,4,3,7500,1,1,0,4,3,6,4,3,7500,1,1,0,4,3,6,4,3,7500,1,1,0,2024,4,10,1090000,2230000,1,1
202601,6,,0.비상권,43760,14,0,0,0,1,0,1,51,03,7,1,없음,118,6,0,0,0,1,1,2,1,10,1,1,1,1,1,8,1,3,1,1,I,561,2,1,2,3,3,5,3,3,7600,1,1,0,3,3,5,3,3,7600,1,1,0,3,3,5,3,3,7600,1,1,0,2024,3,9,990000,1600000,1,1
202601,6,,0.비상권,43760,22,0,0,0,1,0,1,21,03,9,2,없음,140,6,0,0,0,1,2,4,1,10,2,1,1,1,1,8,1,3,1,1,S,961,1,1,1,3,3,7,3,3,13500,1,1,0,3,3,7,3,3,13500,1,1,0,3,3,7,3,3,13500,1,1,0,2025,3,9,3780000,2180000,1,1
202601,6,,0.비상권,43760,22,0,0,0,1,0,1,21,03,9,2,없음,140,6,0,0,0,1,2,4,1,10,2,1,1,1,1,8,1,3,1,1,G,475,1,1,1,3,3,7,3,3,14800,1,1,0,3,3,7,3,3,14800,1,1,0,3,3,7,3,3,14800,1,1,0,2025,3,9,3780000,2180000,1,1
202601,6,,0.비상권,43760,22,0,0,0,1,0,1,21,03,9,2,없음,140,6,0,0,0,1,2,4,1,10,2,1,1,1,1,8,1,3,2,1,0,999,2,1,2,3,3,5,3,3,6300,1,1,0,3,3,5,3,3,6300,1,1,0,3,3,5,3,3,6300,1,1,0,2025,3,9,3780000,2180000,1,1
202601,6,,0.비상권,43760,22,0,0,0,1,0,1,51,03,1,1,없음,300,6,0,0,0,1,1,3,1,10,1,1,1,1,1,8,1,3,1,1,I,562,3,1,3,5,4,5,5,4,7800,1,1,0,5,4,5,5,4,7800,1,1,0,5,4,5,5,4,7800,1,1,0,2025,3,10,1170000,1170000,1,1
202601,6,,0.비상권,43760,22,0,0,0,1,0,1,11,03,1,1,없음,124,6,0,0,0,2,2,4,1,10,1,1,1,1,1,8,2,3,1,1,I,561,3,1,3,4,4,7,4,4,10600,1,1,0,4,4,7,4,4,10600,1,1,0,4,4,7,4,4,10600,1,1,0,2025,3,9,1900000,1920000,1,1
202601,6,,0.비상권,43760,22,0,0,0,1,0,1,11,03,1,1,없음,124,6,0,0,0,2,2,4,1,10,1,1,1,1,1,8,2,3,2,6,0,999,3,1,3,1,1,1,3,3,6600,1,1,1,1,1,1,3,3,6600,1,1,1,1,1,1,3,3,6600,1,1,1,0,1,1,1900000,1920000,1,1
202601,6,,0.비상권,43760,22,0,0,0,1,0,4,32,04,8,1,없음,197,6,0,0,0,2,2,4,1,10,2,1,1,1,1,8,2,3,1,1,I,561,4,1,4,4,4,6,4,4,5900,1,1,0,4,4,6,4,4,5900,1,1,0,4,4,6,4,4,5900,1,1,0,2025,3,8,1280000,1650000,1,1
202601,6,,0.비상권,43760,14,0,0,0,1,0,8,21,04,6,2,없음,193,8,0,1,0,2,2,4,1,10,2,1,2,1,1,8,2,3,1,1,I,561,4,1,4,5,4,5,5,4,6100,1,1,0,5,4,5,5,4,6100,1,1,0,5,4,5,5,4,6100,1,1,0,2024,3,9,1680000,1600000,1,1
202601,6,,0.비상권,43760,14,0,0,0,1,0,8,21,04,6,2,없음,193,8,0,1,0,2,2,4,1,10,2,1,2,1,1,8,2,3,2,2,0,999,4,1,4,1,1,1,2,3,4800,1,1,0,1,1,1,2,3,4800,1,1,0,1,1,1,2,3,4800,1,1,0,0,1,1,1680000,1600000,1,1
202601,6,,0.비상권,43770,22,0,0,0,1,0,3,21,03,1,1,없음,350,8,0,0,0,2,2,4,1,10,1,1,1,1,1,8,2,3,1,1,I,562,3,1,3,4,3,4,4,3,5300,1,1,0,4,3,4,4,3,5300,1,1,0,4,3,4,4,3,5300,1,1,0,2025,3,9,1360000,1030000,1,1
202601,6,,0.비상권,43770,22,0,0,0,1,0,3,21,03,1,1,없음,350,8,0,0,0,2,2,4,1,10,1,1,1,1,1,8,2,3,2,2,0,999,3,1,3,1,1,1,3,3,3900,1,1,0,1,1,1,3,3,3900,1,1,0,1,1,1,3,3,3900,1,1,0,0,1,1,1360000,1030000,1,1
202601,6,,0.비상권,43770,22,0,0,0,1,0,1,21,03,1,1,없음,330,5,0,0,0,2,2,4,1,10,1,1,2,1,1,8,2,3,1,2,G,475,2,1,2,1,1,1,3,3,9700,1,1,0,1,1,1,3,3,9700,1,1,0,1,1,1,3,3,9700,1,1,0,0,1,1,1860000,1890000,1,1
202601,6,,0.비상권,43770,22,0,0,0,1,0,1,21,03,1,1,없음,330,5,0,0,0,2,2,4,1,10,1,1,2,1,1,8,2,3,1,1,I,561,2,1,2,3,3,6,3,3,8800,1,1,0,3,3,6,3,3,8800,1,1,0,3,3,6,3,3,8800,1,1,0,2024,3,10,1860000,1890000,1,1
202601,6,,0.비상권,43770,22,0,0,0,1,0,1,21,03,1,1,없음,330,5,0,0,0,2,2,4,1,10,1,1,2,1,1,8,2,3,2,2,0,999,3,1,3,1,1,1,3,3,3900,1,1,0,1,1,1,3,3,3900,1,1,0,1,1,1,3,3,3900,1,1,0,0,1,1,1860000,1890000,1,1
202601,6,,0.비상권,43770,22,0,0,0,1,0,1,21,03,1,1,없음,208,4,0,0,0,3,2,4,1,10,1,1,1,1,1,8,3,3,1,1,G,473,1,1,1,4,4,8,4,4,20100,1,1,0,4,4,8,4,4,20100,1,1,0,4,4,8,4,4,20100,1,1,0,2025,3,9,1430000,3880000,1,1
202601,6,,0.비상권,43770,22,0,0,0,1,0,1,21,03,1,1,없음,208,4,0,0,0,3,2,4,1,10,1,1,1,1,1,8,3,3,1,6,0,999,1,1,1,1,1,1,3,2,9600,1,1,1,1,1,1,3,2,9600,1,1,1,1,1,1,3,2,9600,1,1,1,0,1,1,1430000,3880000,1,1
202601,6,,0.비상권,43770,22,0,0,0,1,0,1,21,03,1,1,없음,208,4,0,0,0,3,2,4,1,10,1,1,1,1,1,8,3,3,1,1,I,561,1,1,1,4,3,7,4,3,21200,1,1,0,4,3,7,4,3,21200,1,1,0,4,3,7,4,3,21200,1,1,0,2025,3,8,1430000,3880000,1,1
202601,6,,0.비상권,43770,22,0,0,0,1,0,1,21,03,1,1,없음,208,4,0,0,0,3,2,4,1,10,1,1,1,1,1,8,3,3,2,2,0,999,3,1,3,1,1,1,3,3,4500,1,1,0,1,1,1,3,3,4500,1,1,0,1,1,1,3,3,4500,1,1,0,0,1,1,1430000,3880000,1,1
202601,6,,0.비상권,43770,13,0,0,0,1,0,7,21,04,6,2,없음,200,7,0,0,0,2,2,4,1,10,1,1,1,1,1,8,2,3,1,1,I,561,2,1,2,4,4,7,4,4,17400,1,1,0,4,4,7,4,4,17400,1,1,0,4,4,7,4,4,17400,1,1,0,2025,3,10,1940000,1810000,1,1
202601,6,,0.비상권,43770,13,0,0,0,1,0,7,21,04,6,2,없음,200,7,0,0,0,2,2,4,1,10,1,1,1,1,1,8,2,3,2,6,0,999,2,1,2,1,1,1,4,4,11900,1,1,1,1,1,1,4,4,11900,1,1,1,1,1,1,4,4,11900,1,1,1,0,1,1,1940000,1810000,1,1
202601,6,,0.비상권,43770,22,0,0,0,1,0,1,21,03,7,2,없음,410,5,0,0,0,2,2,4,1,10,1,1,1,1,1,8,2,3,1,1,I,561,3,1,3,4,4,6,4,4,9100,1,1,0,4,4,6,4,4,9100,1,1,0,4,4,6,4,4,9100,1,1,0,2025,3,9,1890000,1570000,1,1
202601,6,,0.비상권,43770,22,0,0,0,1,0,1,21,03,7,2,없음,410,5,0,0,0,2,2,4,1,10,1,1,1,1,1,8,2,3,2,2,0,999,3,1,3,1,1,1,3,3,7300,1,1,0,1,1,1,3,3,7300,1,1,0,1,1,1,3,3,7300,1,1,0,0,1,1,1890000,1570000,1,1
202601,6,,0.비상권,43770,22,0,0,0,1,0,3,32,03,7,1,없음,360,8,0,0,0,2,2,4,1,10,2,1,1,1,1,8,2,3,1,1,I,561,4,1,4,5,4,5,5,4,8100,1,1,0,5,4,5,5,4,8100,1,1,0,5,4,5,5,4,8100,1,1,0,2025,3,8,1100000,1670000,1,1
202601,6,,0.비상권,43770,22,0,0,0,1,0,1,11,04,1,1,없음,87,4,0,0,0,2,2,4,1,10,2,1,1,1,1,8,2,3,1,1,L,682,1,1,1,3,3,6,3,3,9300,1,1,0,3,3,6,3,3,9300,1,1,0,3,3,6,3,3,9300,1,1,0,2024,3,9,1640000,2550000,1,1
202601,6,,0.비상권,43770,22,0,0,0,1,0,1,11,04,1,1,없음,87,4,0,0,0,2,2,4,1,10,2,1,1,1,1,8,2,3,1,1,L,682,2,1,2,3,3,5,3,3,7700,1,1,0,3,3,5,3,3,7700,1,1,0,3,3,5,3,3,7700,1,1,0,2024,3,9,1640000,2550000,1,1
202601,6,,0.비상권,43770,22,0,0,0,1,0,1,11,04,1,1,없음,87,4,0,0,0,2,2,4,1,10,2,1,1,1,1,8,2,3,1,1,I,561,2,1,2,3,3,5,3,3,7700,1,1,0,3,3,5,3,3,7700,1,1,0,3,3,5,3,3,7700,1,1,0,2024,3,10,1640000,2550000,1,1
202601,6,,0.비상권,43770,14,0,0,0,1,0,8,31,03,6,2,없음,120,7,0,1,0,2,2,4,1,9,2,1,2,1,1,8,2,3,1,1,M,711,3,1,3,4,4,5,4,3,6900,1,1,0,4,4,5,4,3,6900,1,1,0,4,4,5,4,3,6900,1,1,0,2025,3,10,2440000,2120000,1,1
202601,6,,0.비상권,43770,14,0,0,0,1,0,8,31,03,6,2,없음,120,7,0,1,0,2,2,4,1,9,2,1,2,1,1,8,2,3,1,1,P,855,2,1,3,4,4,6,4,4,8700,1,1,0,4,4,6,4,4,8700,1,1,0,4,4,6,4,4,8700,1,1,0,2025,3,9,2440000,2120000,1,1
202601,6,,0.비상권,43770,14,0,0,0,1,0,8,31,03,6,2,없음,120,7,0,1,0,2,2,4,1,9,2,1,2,1,1,8,2,3,2,2,0,999,4,1,4,1,1,1,5,4,5500,1,1,0,1,1,1,5,4,5500,1,1,0,1,1,1,5,4,5500,1,1,0,0,1,1,2440000,2120000,1,1
202601,6,,0.비상권,43770,64,0,710,0,1,0,1,21,03,1,1,없음,168,6,0,0,0,2,2,4,1,10,2,1,1,1,1,8,2,3,1,1,I,562,3,1,3,3,3,4,3,3,5900,1,1,0,3,3,4,3,3,5900,1,1,0,3,3,4,3,3,5900,1,1,0,2024,3,8,760000,1720000,1,1
202601,6,,0.비상권,43770,64,0,710,0,1,0,1,21,03,1,1,없음,168,6,0,0,0,2,2,4,1,10,2,1,1,1,1,8,2,3,1,1,I,561,2,1,2,3,3,5,3,3,6900,1,1,0,3,3,5,3,3,6900,1,1,0,3,3,5,3,3,6900,1,1,0,2024,3,10,760000,1720000,1,1
202601,6,,0.비상권,43770,64,0,710,0,1,0,1,21,03,1,1,없음,168,6,0,0,0,2,2,4,1,10,2,1,1,1,1,8,2,3,1,1,L,682,2,1,2,3,3,4,3,3,6700,1,1,0,3,3,4,3,3,6700,1,1,0,3,3,4,3,3,6700,1,1,0,2024,3,8,760000,1720000,1,1
202601,6,,0.비상권,43800,22,0,300,0,1,0,1,21,04,6,2,없음,200,8,0,0,0,2,2,4,1,10,2,1,2,1,1,8,2,3,1,1,I,561,3,1,3,4,3,6,4,4,9400,1,1,0,4,3,6,4,4,9400,1,1,0,4,3,6,4,4,9400,1,1,0,2025,3,7,1530000,1320000,1,1
202601,6,,0.비상권,43800,22,0,300,0,1,0,1,21,04,6,2,없음,200,8,0,0,0,2,2,4,1,10,2,1,2,1,1,8,2,3,1,1,I,561,3,1,3,4,3,6,4,4,9400,1,1,0,4,3,6,4,4,9400,1,1,0,4,3,6,4,4,9400,1,1,0,2025,3,8,1530000,1320000,1,1
202601,6,,0.비상권,43800,22,0,300,0,1,0,1,21,04,6,2,없음,200,8,0,0,0,2,2,4,1,10,2,1,2,1,1,8,2,3,2,2,0,999,4,1,4,1,1,1,3,3,2300,1,1,0,1,1,1,3,3,2300,1,1,0,1,1,1,3,3,2300,1,1,0,0,1,1,1530000,1320000,1,1
202601,6,,0.비상권,43800,22,0,300,0,1,0,1,21,04,6,1,없음,200,8,0,0,0,2,2,3,1,10,1,1,1,1,1,8,2,3,1,1,I,561,2,1,2,3,4,7,3,4,11300,1,1,0,3,4,7,3,4,11300,1,1,0,3,4,7,3,4,11300,1,1,0,2024,3,10,1420000,2510000,1,1
202601,6,,0.비상권,43800,22,0,300,0,1,0,1,21,04,6,1,없음,200,8,0,0,0,2,2,3,1,10,1,1,1,1,1,8,2,3,1,6,0,999,2,1,2,1,1,1,3,4,11400,1,1,1,1,1,1,3,4,11400,1,1,1,1,1,1,3,4,11400,1,1,1,0,1,1,1420000,2510000,1,1
202601,6,,0.비상권,43800,22,0,300,0,1,0,1,21,04,7,2,없음,30,8,0,1,0,2,2,4,1,10,2,1,1,1,1,8,2,3,1,1,I,561,4,1,4,6,5,6,6,5,9600,1,1,0,6,5,6,6,5,9600,1,1,0,6,5,6,6,5,9600,1,1,0,2025,3,7,1680000,1620000,1,1
202601,6,,0.비상권,43800,22,0,300,0,1,0,1,21,04,7,2,없음,30,8,0,1,0,2,2,4,1,10,2,1,1,1,1,8,2,3,2,2,0,999,3,1,3,1,1,1,3,3,4300,1,1,0,1,1,1,3,3,4300,1,1,0,1,1,1,3,3,4300,1,1,0,0,1,1,1680000,1620000,1,1
202601,6,,0.비상권,43800,22,0,300,0,1,0,1,21,04,6,2,없음,250,8,0,0,0,2,2,4,1,10,2,1,2,1,1,8,2,3,1,1,I,561,3,1,3,4,3,5,4,3,7800,1,1,0,4,3,5,4,3,7800,1,1,0,4,3,5,4,3,7800,1,1,0,2025,3,10,1540000,1290000,1,1
202601,6,,0.비상권,43800,22,0,300,0,1,0,1,21,04,6,2,없음,250,8,0,0,0,2,2,4,1,10,2,1,2,1,1,8,2,3,1,1,G,474,3,1,3,4,3,3,4,3,7800,1,1,0,4,3,3,4,3,7800,1,1,0,4,3,3,4,3,7800,1,1,0,2024,3,10,1540000,1290000,1,1
202601,6,,0.비상권,43800,22,0,300,0,1,0,1,21,04,6,2,없음,250,8,0,0,0,2,2,4,1,10,2,1,2,1,1,8,2,3,2,2,0,999,4,1,4,1,1,1,3,3,2600,1,1,0,1,1,1,3,3,2600,1,1,0,1,1,1,3,3,2600,1,1,0,0,1,1,1540000,1290000,1,1
202601,6,,0.비상권,43800,22,0,300,0,1,0,1,21,03,6,2,없음,200,8,0,0,0,2,2,4,1,10,1,1,2,1,1,8,2,3,1,1,S,969,2,1,2,3,3,6,4,3,8900,1,1,0,3,3,6,4,3,8900,1,1,0,3,3,6,4,3,8900,1,1,0,2025,3,10,1320000,1120000,1,1
202601,6,,0.비상권,43800,22,0,300,0,1,0,1,21,03,6,2,없음,200,8,0,0,0,2,2,4,1,10,1,1,2,1,1,8,2,3,1,2,S,961,2,1,2,1,1,1,4,3,8900,1,1,0,1,1,1,4,3,8900,1,1,0,1,1,1,4,3,8900,1,1,0,0,1,1,1320000,1120000,1,1
202601,6,,0.비상권,43800,22,0,300,0,1,0,1,21,03,6,2,없음,200,8,0,0,0,2,2,4,1,10,1,1,2,1,1,8,2,3,2,2,0,999,3,1,3,1,1,1,3,3,3200,1,1,0,1,1,1,3,3,3200,1,1,0,1,1,1,3,3,3200,1,1,0,0,1,1,1320000,1120000,1,1
202601,6,,0.비상권,43800,22,0,300,0,1,0,8,32,04,2,1,없음,158,4,0,0,0,2,1,1,1,10,1,1,1,1,1,8,2,3,1,1,I,562,1,1,1,3,3,7,3,3,14600,1,1,0,3,3,7,3,3,14600,1,1,0,3,3,7,3,3,14600,1,1,0,2024,3,9,1690000,10230000,1,1
202601,6,,0.비상권,43800,22,0,300,0,1,0,3,21,04,7,2,없음,155,9,0,0,0,2,2,4,1,10,2,2,1,1,1,8,2,3,1,1,I,561,4,1,4,3,4,4,3,4,5100,1,1,0,3,4,4,3,4,5100,1,1,0,3,4,4,3,4,5100,1,1,0,2024,3,9,2230000,1670000,1,1
202601,6,,0.비상권,43800,22,0,300,0,1,0,3,21,04,7,2,없음,155,9,0,0,0,2,2,4,1,10,2,2,1,1,1,8,2,3,2,6,0,999,4,1,4,1,1,1,5,3,4100,1,1,1,1,1,1,5,3,4100,1,1,1,1,1,1,5,3,4100,1,1,1,0,1,1,2230000,1670000,1,1
202601,6,,0.비상권,43800,22,0,300,0,1,0,2,11,04,5,1,없음,300,8,0,0,0,2,1,3,1,10,1,1,1,1,1,8,2,3,1,1,I,562,3,1,3,3,3,5,3,3,6200,1,1,0,3,3,5,3,3,6200,1,1,0,3,3,5,3,3,6200,1,1,0,2024,5,10,1090000,2560000,1,1
202601,6,,천안역,44131,22,0,0,0,1,0,8,32,03,6,1,296,131,6,0,1,0,3,2,4,1,10,2,1,1,1,1,8,3,3,1,1,I,561,4,1,4,6,6,7,6,6,10900,1,1,0,6,6,7,6,6,10900,1,1,0,6,6,7,6,6,10900,1,1,0,2025,3,9,2420000,4650000,1,1
202601,6,,천안역,44131,22,0,0,0,1,0,3,21,04,8,2,180,180,6,0,0,0,2,2,4,1,9,2,1,1,1,1,8,2,3,1,1,I,561,3,1,3,3,3,4,3,3,5800,1,1,0,3,3,4,3,3,5800,1,1,0,3,3,4,3,3,5800,1,1,0,2025,2,9,3830000,2590000,1,1
202601,6,,천안역,44131,22,0,0,0,1,0,3,21,04,8,2,180,180,6,0,0,0,2,2,4,1,9,2,1,1,1,1,8,2,3,2,1,M,729,3,1,3,3,3,3,3,3,2900,1,1,0,3,3,3,3,3,2900,1,1,0,3,3,3,3,3,2900,1,1,0,2025,3,10,3830000,2590000,1,1
202601,6,,천안역,44131,22,0,0,0,1,0,1,11,03,8,2,150,150,4,0,0,0,1,2,4,1,10,1,1,1,1,1,8,1,3,1,6,0,999,2,1,2,1,1,1,4,4,16300,1,1,1,1,1,1,4,4,16300,1,1,1,1,1,1,4,4,16300,1,1,1,0,1,1,5080000,3270000,1,1
202601,6,,천안역,44131,22,0,0,0,1,0,1,11,03,8,2,150,150,4,0,0,0,1,2,4,1,10,1,1,1,1,1,8,1,3,2,1,S,969,2,1,2,4,3,6,4,3,8100,1,1,0,4,3,6,4,3,8100,1,1,0,4,3,6,4,3,8000,1,1,0,2024,3,2,5080000,3270000,1,1
202601,6,,천안역,44131,22,0,0,0,1,0,1,11,04,10,2,20,50,8,0,0,0,2,2,4,1,10,2,1,1,1,1,8,2,3,1,1,G,471,4,1,4,7,6,9,7,6,30800,1,1,0,7,6,9,7,6,30800,1,1,0,7,6,9,7,6,30500,1,1,0,2025,3,8,5900000,3260000,1,1
202601,6,,천안역,44131,22,0,0,0,1,0,1,11,04,10,2,20,50,8,0,0,0,2,2,4,1,10,2,1,1,1,1,8,2,3,2,1,M,739,4,1,4,4,4,6,4,4,8600,1,1,0,4,4,6,4,4,8600,1,1,0,4,4,6,4,4,8600,1,1,0,2024,3,7,5900000,3260000,1,1
202601,6,,천안역,44131,22,0,0,0,1,0,1,51,03,7,2,200,200,3,0,0,0,1,1,3,1,10,1,1,1,1,1,8,1,3,1,1,G,474,2,1,2,5,4,8,4,4,21900,1,1,0,5,4,8,4,4,21900,1,1,0,5,4,8,4,4,21900,1,1,0,2024,3,10,5480000,3920000,1,3
202601,6,,천안역,44131,22,0,0,0,1,0,1,51,03,7,2,200,200,3,0,0,0,1,1,3,1,10,1,1,1,1,1,8,1,3,2,1,G,474,2,1,2,3,3,6,3,3,6700,1,1,0,3,3,6,3,3,6700,1,1,0,3,3,6,3,3,6700,1,1,0,2024,3,10,5480000,3920000,1,3
202601,6,,천안역,44131,22,0,0,0,1,0,4,32,03,10,1,237,30,1,0,0,0,1,1,1,1,7,1,1,1,1,1,8,1,3,1,1,S,961,1,1,1,4,4,9,4,3,22600,1,1,0,4,4,9,4,3,22600,1,1,0,4,4,9,4,3,22600,1,1,0,2025,3,8,5460000,5630000,1,1
202601,6,,천안역,44131,22,0,0,0,1,0,4,32,03,10,1,237,30,1,0,0,0,1,1,1,1,7,1,1,1,1,1,8,1,3,1,6,0,999,1,1,1,1,1,1,4,3,21400,1,1,1,1,1,1,4,3,21400,1,1,1,1,1,1,4,3,21400,1,1,1,0,1,1,5460000,5630000,1,1
202601,6,,천안역,44131,22,0,0,0,1,0,4,31,03,8,2,255,112,6,0,0,0,1,2,4,1,10,1,1,1,1,1,8,1,3,1,1,S,961,2,1,3,4,4,6,4,4,10000,1,1,0,4,4,6,4,4,10000,1,1,0,4,4,6,4,4,10000,1,1,0,2025,3,8,3860000,2640000,1,1
202601,6,,천안역,44131,22,0,0,0,1,0,4,31,03,8,2,255,112,6,0,0,0,1,2,4,1,10,1,1,1,1,1,8,1,3,2,6,0,999,2,1,2,1,1,1,3,3,5000,1,1,1,1,1,1,3,3,5000,1,1,1,1,1,1,3,3,5000,1,1,1,0,1,1,3860000,2640000,1,1
202601,6,,천안역,44131,22,0,0,0,1,0,1,51,03,8,1,220,50,4,0,0,0,1,1,2,1,10,1,1,1,1,1,8,1,3,1,1,G,473,2,1,2,4,5,7,4,5,19600,1,1,0,4,5,7,4,5,19600,1,1,0,4,5,7,4,5,19400,1,1,0,2025,3,10,3720000,4790000,1,2
202601,6,,천안역,44131,22,0,0,0,1,0,4,32,03,8,1,330,170,4,0,0,0,2,2,4,1,10,2,1,1,1,1,8,2,3,1,1,G,478,3,1,3,5,4,7,6,4,13500,1,1,0,5,4,7,6,4,13500,1,1,0,5,4,7,6,4,13400,1,1,0,2025,3,6,3210000,4050000,1,1
202601,6,,천안역,44131,22,0,0,0,1,0,4,32,03,8,1,330,170,4,0,0,0,2,2,4,1,10,2,1,1,1,1,8,2,3,1,1,G,478,2,1,2,5,3,7,5,3,13200,1,1,0,5,3,7,5,3,13200,1,1,0,5,3,7,5,3,13200,1,1,0,2025,3,6,3210000,4050000,1,1
202601,6,,천안역,44131,22,0,0,0,1,0,2,21,03,1,1,100,20,4,0,0,0,1,1,2,1,10,1,1,1,1,1,8,1,3,1,1,G,462,1,1,1,5,5,10,5,5,53600,1,1,0,5,5,10,5,5,53600,1,1,0,5,5,10,5,5,53300,1,1,0,2025,2,10,11600000,4130000,1,1
202601,6,,천안역,44131,22,0,0,0,1,0,2,21,03,1,1,100,20,4,0,0,0,1,1,2,1,10,1,1,1,1,1,8,1,3,2,1,G,462,1,1,1,3,3,6,3,3,8100,1,1,0,3,3,6,3,3,8100,1,1,0,3,3,6,3,3,8100,1,1,0,2025,2,10,11600000,4130000,1,1
202601,6,,천안역,44131,22,0,0,0,1,0,3,21,03,8,2,170,10,4,0,0,0,2,2,4,1,10,2,1,1,1,1,8,2,3,1,1,I,561,4,1,4,7,6,9,7,6,29600,1,1,0,7,6,9,7,6,29600,1,1,0,7,6,9,7,6,29600,1,1,0,2024,3,9,5200000,3830000,1,2
202601,6,,천안역,44131,22,0,0,0,1,0,3,21,03,8,2,170,10,4,0,0,0,2,2,4,1,10,2,1,1,1,1,8,2,3,2,1,I,561,3,1,3,4,5,7,4,5,12400,1,1,0,4,5,7,4,5,12400,1,1,0,4,5,7,4,5,12400,1,1,0,2025,3,10,5200000,3830000,1,2
202601,6,,천안역,44131,22,0,0,0,1,0,5,21,04,8,2,60,없음,4,0,0,0,2,2,4,2,9,1,1,1,1,1,8,2,3,1,1,M,721,3,1,3,4,4,5,5,4,8700,1,1,0,4,4,5,5,4,8700,1,1,0,4,4,5,5,4,8400,1,1,0,2025,3,8,2820000,1960000,1,1
202601,6,,천안역,44131,22,0,0,0,1,0,5,21,04,8,2,60,없음,4,0,0,0,2,2,4,2,9,1,1,1,1,1,8,2,3,2,6,0,999,2,1,3,1,1,1,3,3,5700,1,1,1,1,1,1,3,3,5700,1,1,1,1,1,1,3,3,5600,1,1,1,0,1,1,2820000,1960000,1,1
202601,6,,천안역,44131,22,0,0,0,1,0,4,32,03,8,1,459,59,3,0,0,0,2,2,4,1,10,2,1,1,1,1,8,2,3,1,1,G,474,4,1,4,5,4,5,5,5,7600,1,1,0,5,4,5,5,5,7600,1,1,0,5,4,5,5,5,7600,1,1,0,2024,3,8,2610000,3550000,1,1
202601,6,,천안역,44131,22,0,0,0,1,0,4,32,03,3,1,없음,30,4,0,0,0,2,1,3,1,10,1,1,1,1,1,8,2,3,1,1,S,961,2,1,2,4,3,6,5,4,15500,1,1,0,4,3,6,5,4,15500,1,1,0,4,3,6,5,4,15500,1,1,0,2023,4,6,1770000,6060000,1,3
202601,6,,천안역,44131,22,0,0,0,1,0,4,32,03,3,1,없음,30,4,0,0,0,2,1,3,1,10,1,1,1,1,1,8,2,3,1,1,S,953,1,1,1,4,4,8,4,3,16600,1,1,0,4,4,8,4,3,16600,1,1,0,4,4,8,4,3,16600,1,1,0,2025,3,10,1770000,6060000,1,3
202601,6,,천안역,44131,22,0,0,0,1,0,7,32,03,8,1,없음,47,4,0,0,0,2,1,3,1,10,1,1,1,1,1,8,2,3,1,1,G,472,3,1,3,7,6,10,7,6,53700,1,1,0,7,6,10,7,6,53700,1,1,0,7,6,10,7,6,54700,1,1,0,2025,2,10,4310000,6110000,1,3
202601,6,,천안역,44131,22,0,0,0,1,0,7,21,03,7,2,없음,50,4,0,1,0,2,2,4,1,10,2,1,1,1,1,8,2,3,1,1,G,478,2,1,2,4,4,8,4,5,26700,1,1,0,4,4,8,4,5,26700,1,1,0,4,4,8,4,5,26700,1,1,0,2025,4,8,3270000,2430000,1,2
202601,6,,천안역,44131,22,0,0,0,1,0,7,21,03,7,2,없음,50,4,0,1,0,2,2,4,1,10,2,1,1,1,1,8,2,3,1,1,S,969,1,1,2,4,3,7,4,4,17900,1,1,0,4,3,7,4,4,17900,1,1,0,4,3,7,4,4,17900,1,1,0,2025,3,8,3270000,2430000,1,2
202601,6,,천안역,44131,22,0,0,0,1,0,7,21,03,7,2,없음,50,4,0,1,0,2,2,4,1,10,2,1,1,1,1,8,2,3,1,1,R,912,2,1,2,5,5,8,5,5,26900,1,1,0,5,5,8,5,5,26900,1,1,0,5,5,8,5,5,26300,1,1,0,2025,3,10,3270000,2430000,1,2
202601,6,,천안역,44131,22,0,0,0,1,0,7,21,03,7,2,없음,50,4,0,1,0,2,2,4,1,10,2,1,1,1,1,8,2,3,2,1,Q,862,4,1,4,5,5,6,5,5,9000,1,1,0,5,5,6,5,5,9000,1,1,0,5,5,6,5,5,9000,1,1,0,2024,4,8,3270000,2430000,1,2
202601,6,,천안역,44131,22,0,0,0,1,0,4,11,03,7,1,없음,100,6,0,1,0,3,2,4,1,10,2,1,1,1,1,8,3,3,1,1,I,561,2,1,2,3,3,6,3,3,9500,1,1,0,3,3,6,3,3,9500,1,1,0,3,3,6,3,3,9500,1,1,0,2024,3,9,1560000,2610000,1,1
202601,6,,천안역,44131,22,0,0,0,1,0,4,11,03,7,1,없음,100,6,0,1,0,3,2,4,1,10,2,1,1,1,1,8,3,3,1,1,I,561,3,1,3,4,4,6,4,4,9300,1,1,0,4,4,6,4,4,9300,1,1,0,4,4,6,4,4,9300,1,1,0,2024,3,7,1560000,2610000,1,1
202601,6,,천안역,44131,22,0,0,0,1,0,4,11,03,7,1,없음,100,6,0,1,0,3,2,4,1,10,2,1,1,1,1,8,3,3,1,1,G,472,1,1,1,3,3,7,3,3,11600,1,1,0,3,3,7,3,3,11600,1,1,0,3,3,7,3,3,11600,1,1,0,2024,3,7,1560000,2610000,1,1
202601,6,,천안역,44131,22,0,0,0,1,0,4,11,03,7,1,없음,100,6,0,1,0,3,2,4,1,10,2,1,1,1,1,8,3,3,1,1,I,561,2,1,2,3,3,6,3,3,9500,1,1,0,3,3,6,3,3,9500,1,1,0,3,3,6,3,3,9500,1,1,0,2024,4,7,1560000,2610000,1,1
202601,6,,천안역,44131,22,0,0,0,1,0,4,11,03,7,1,없음,100,6,0,1,0,3,2,4,1,10,2,1,1,1,1,8,3,3,1,1,I,561,2,1,2,3,3,6,3,3,9500,1,1,0,3,3,6,3,3,9500,1,1,0,3,3,6,3,3,9500,1,1,0,2025,3,10,1560000,2610000,1,1
202601,6,,0.비상권,44131,14,0,0,0,1,0,3,32,03,6,1,990,250,7,0,0,0,3,2,4,1,10,2,1,1,1,1,8,3,3,1,1,I,561,2,1,2,3,4,7,3,3,9000,1,1,0,3,4,7,3,3,9000,1,1,0,3,4,7,3,3,9000,1,1,0,2025,3,10,1320000,2200000,1,1
202601,6,,0.비상권,44131,14,0,0,0,1,0,3,32,03,6,1,990,250,7,0,0,0,3,2,4,1,10,2,1,1,1,1,8,3,3,1,1,I,561,3,1,3,3,4,5,3,4,7900,1,1,0,3,4,5,3,4,7900,1,1,0,3,4,5,3,4,7900,1,1,0,2024,3,8,1320000,2200000,1,1
202601,6,,0.비상권,44131,14,0,0,0,1,0,3,32,03,6,1,990,250,7,0,0,0,3,2,4,1,10,2,1,1,1,1,8,3,3,1,1,I,562,3,1,3,3,4,5,3,4,7800,1,1,0,3,4,5,3,4,7800,1,1,0,3,4,5,3,4,7800,1,1,0,2026,3,8,1320000,2200000,1,1
202601,6,,천안역,44131,22,0,0,0,1,0,2,21,03,5,1,없음,65,4,0,0,0,2,2,4,2,9,2,1,1,1,1,8,2,3,1,1,C,181,1,1,2,4,3,7,4,3,11500,1,1,0,4,3,7,4,3,11500,1,1,0,4,3,7,4,3,11500,1,1,0,2025,2,7,2650000,2820000,1,1
202601,6,,천안역,44131,22,0,0,0,1,0,2,21,03,5,1,없음,65,4,0,0,0,2,2,4,2,9,2,1,1,1,1,8,2,3,1,1,I,561,1,1,2,3,3,7,3,3,11200,1,1,0,3,3,7,3,3,11200,1,1,0,3,3,7,3,3,11200,1,1,0,2025,2,9,2650000,2820000,1,1
202601,6,,천안역,44131,22,0,0,0,1,0,2,21,03,5,1,없음,65,4,0,0,0,2,2,4,2,9,2,1,1,1,1,8,2,3,1,1,C,339,1,1,2,4,3,7,4,3,11500,1,1,0,4,3,7,4,3,11500,1,1,0,4,3,7,4,3,11500,1,1,0,2025,2,8,2650000,2820000,1,1
202601,6,,천안역,44131,22,0,0,0,1,0,2,21,03,5,1,없음,65,4,0,0,0,2,2,4,2,9,2,1,1,1,1,8,2,3,2,1,S,949,3,1,3,4,4,5,3,3,5600,1,1,0,4,4,5,3,3,5600,1,1,0,4,4,5,3,3,5600,1,1,0,2025,2,8,2650000,2820000,1,1
202601,6,,천안역,44131,22,0,0,0,1,0,4,51,04,7,1,770,50,6,0,0,0,1,1,2,1,10,1,1,1,1,1,8,1,3,1,1,I,561,2,1,2,6,3,7,6,3,11400,1,1,0,6,3,7,6,3,11400,1,1,0,6,3,7,6,3,11400,1,1,0,2025,2,10,2300000,3690000,1,1
202601,6,,천안역,44131,22,0,0,0,1,0,3,21,03,1,1,없음,10,4,0,0,0,2,2,4,1,9,2,1,1,1,1,8,2,3,1,1,G,474,2,1,2,5,3,7,5,3,12000,1,1,0,5,3,7,5,3,12000,1,1,0,5,3,7,5,3,12000,1,1,0,2025,3,5,2680000,2940000,1,1
202601,6,,천안역,44131,22,0,0,0,1,0,3,21,03,1,1,없음,10,4,0,0,0,2,2,4,1,9,2,1,1,1,1,8,2,3,1,1,G,466,3,1,3,5,4,6,5,4,12100,1,1,0,5,4,6,5,4,12100,1,1,0,5,4,6,5,4,12100,1,1,0,2025,3,9,2680000,2940000,1,1
202601,6,,천안역,44131,22,0,0,0,1,0,3,21,03,1,1,없음,10,4,0,0,0,2,2,4,1,9,2,1,1,1,1,8,2,3,2,1,G,466,3,1,3,4,3,4,4,3,4500,1,1,0,4,3,4,4,3,4500,1,1,0,4,3,4,4,3,4500,1,1,0,2025,3,9,2680000,2940000,1,1
202601,6,,천안역,44131,22,0,0,0,1,0,3,21,03,1,1,없음,5,5,0,0,0,2,2,4,1,9,1,1,1,1,1,8,2,3,1,1,C,181,3,1,3,4,4,5,4,4,8600,1,1,0,4,4,5,4,4,8600,1,1,0,4,4,5,4,4,8600,1,1,0,2025,3,9,2840000,2030000,1,1
202601,6,,천안역,44131,22,0,0,0,1,0,3,21,03,1,1,없음,5,5,0,0,0,2,2,4,1,9,1,1,1,1,1,8,2,3,2,6,0,999,3,1,3,1,1,1,4,3,4500,1,1,1,1,1,1,4,3,4500,1,1,1,1,1,1,4,3,4500,1,1,1,0,1,1,2840000,2030000,1,1
202601,6,,천안역,44131,22,0,0,0,1,0,1,32,04,6,1,없음,100,4,0,0,0,2,2,4,1,9,1,1,1,1,1,8,2,3,1,1,M,713,1,1,1,3,3,7,3,3,16400,1,1,0,3,3,7,3,3,16400,1,1,0,3,3,7,3,3,16400,1,1,0,2026,3,10,1580000,2660000,1,1
202601,6,,천안역,44131,22,0,0,0,1,0,1,32,04,6,1,없음,100,4,0,0,0,2,2,4,1,9,1,1,1,1,1,8,2,3,1,1,G,478,1,1,2,1,4,7,3,4,15900,1,1,0,1,4,7,3,4,15900,1,1,0,1,4,7,3,4,15900,1,1,0,2024,3,9,1580000,2660000,1,1
202601,6,,천안역,44131,22,0,0,0,1,0,1,32,04,6,1,없음,100,4,0,0,0,2,2,4,1,9,1,1,1,1,1,8,2,3,1,2,0,999,2,1,3,1,1,1,4,3,5100,1,1,0,1,1,1,4,3,5100,1,1,0,1,1,1,4,3,5100,1,1,0,0,1,1,1580000,2660000,1,1
202601,6,,천안역,44131,22,0,0,0,1,0,1,32,04,6,1,없음,100,4,0,0,0,2,2,4,1,9,1,1,1,1,1,8,2,3,1,6,0,999,1,1,1,1,1,1,3,3,15900,1,1,1,1,1,1,3,3,15900,1,1,1,1,1,1,3,3,15900,1,1,1,0,1,1,1580000,2660000,1,1
202601,6,,0.비상권,44131,14,0,0,0,1,0,4,32,04,4,1,없음,50,4,0,0,0,2,2,3,1,10,2,1,1,1,1,8,2,3,1,1,I,561,2,1,2,4,4,7,4,4,12400,1,1,0,4,4,7,4,4,12400,1,1,0,4,4,7,4,4,12400,1,1,0,2025,2,8,1620000,4240000,1,1
202601,6,,0.비상권,44131,14,0,0,0,1,0,4,32,04,4,1,없음,50,4,0,0,0,2,2,3,1,10,2,1,1,1,1,8,2,3,1,1,I,561,2,1,2,4,4,7,4,4,12500,1,1,0,4,4,7,4,4,12500,1,1,0,4,4,7,4,4,12400,1,1,0,2025,2,9,1620000,4240000,1,1
202601,6,,천안역,44131,14,0,0,0,1,0,3,32,04,2,1,없음,110,6,0,0,0,3,1,3,1,10,1,1,1,1,1,8,3,3,1,1,H,529,3,1,3,4,4,7,4,4,13000,1,1,0,4,4,7,4,4,13000,1,1,0,4,4,7,4,4,13000,1,1,0,2025,2,10,1080000,5810000,1,1
202601,6,,천안역,44131,14,0,0,0,1,0,2,11,03,6,2,없음,80,6,0,0,0,2,2,4,1,10,1,1,1,1,1,8,2,3,1,6,0,999,2,1,2,1,1,1,4,3,9200,1,1,1,1,1,1,4,3,9200,1,1,1,1,1,1,4,3,9200,1,1,1,0,1,1,1930000,1800000,1,1
202601,6,,천안역,44131,14,0,0,0,1,0,2,11,03,6,2,없음,80,6,0,0,0,2,2,4,1,10,1,1,1,1,1,8,2,3,1,1,G,478,2,1,2,4,3,6,4,3,9200,1,1,0,4,3,6,4,3,9200,1,1,0,4,3,6,4,3,9100,1,1,0,2024,3,10,1930000,1800000,1,1
202601,6,,천안역,44131,14,0,0,0,1,0,2,11,03,6,2,없음,80,6,0,0,0,2,2,4,1,10,1,1,1,1,1,8,2,3,2,2,0,999,3,1,3,1,1,1,4,3,5700,1,1,0,1,1,1,4,3,5700,1,1,0,1,1,1,4,3,5700,1,1,0,0,1,1,1930000,1800000,1,1
202601,6,,천안역,44131,14,0,0,0,1,0,3,32,03,1,1,없음,50,6,0,0,0,2,2,4,1,10,2,1,1,1,1,8,2,3,1,1,G,478,4,1,4,5,4,7,5,4,9800,1,1,0,5,4,7,5,4,9800,1,1,0,5,4,7,5,4,9800,1,1,0,2024,3,7,1140000,2670000,1,1
202601,6,,0.비상권,44131,14,0,0,0,1,0,5,32,04,6,1,없음,50,5,0,1,0,3,2,4,2,9,2,1,1,1,1,8,3,3,1,1,G,463,3,1,3,4,4,5,4,4,7700,1,1,0,4,4,5,4,4,7700,1,1,0,4,4,5,4,4,7700,1,1,0,2024,3,10,1840000,3150000,1,1
202601,6,,0.비상권,44131,14,0,0,0,1,0,5,32,04,6,1,없음,50,5,0,1,0,3,2,4,2,9,2,1,1,1,1,8,3,3,1,1,G,478,1,1,1,4,3,7,4,3,13400,1,1,0,4,3,7,4,3,13400,1,1,0,4,3,7,4,3,13400,1,1,0,2024,3,9,1840000,3150000,1,1
202601,6,,0.비상권,44131,14,0,0,0,1,0,5,32,04,6,1,없음,50,5,0,1,0,3,2,4,2,9,2,1,1,1,1,8,3,3,1,1,L,682,1,1,1,4,3,7,4,3,13500,1,1,0,4,3,7,4,3,13500,1,1,0,4,3,7,4,3,13500,1,1,0,2025,3,10,1840000,3150000,1,1
202601,6,,0.비상권,44131,14,0,0,0,1,0,5,32,04,6,1,없음,50,5,0,1,0,3,2,4,2,9,2,1,1,1,1,8,3,3,1,1,G,463,3,1,3,5,4,7,5,4,13700,1,1,0,5,4,7,5,4,13700,1,1,0,5,4,7,5,4,13700,1,1,0,2026,3,8,1840000,3150000,1,1
202601,6,,0.비상권,44131,14,0,0,0,1,0,5,32,04,6,1,없음,50,5,0,1,0,3,2,4,2,9,2,1,1,1,1,8,3,3,1,1,I,561,3,1,3,4,4,5,4,4,7600,1,1,0,4,4,5,4,4,7600,1,1,0,4,4,5,4,4,7600,1,1,0,2024,3,10,1840000,3150000,1,1
202601,6,,0.비상권,44131,14,0,0,0,1,0,7,32,03,6,1,없음,200,5,0,0,0,1,1,1,1,10,1,1,1,1,1,8,1,3,1,1,S,969,1,1,1,3,3,8,3,4,28100,1,1,0,3,3,8,3,4,28100,1,1,0,3,3,8,3,4,28100,1,1,0,2024,3,9,1960000,3600000,1,2
202601,6,,0.비상권,44131,14,0,0,0,1,0,7,32,04,6,1,900,60,6,1,1,0,2,2,4,1,10,2,1,1,1,1,8,2,3,1,1,I,561,4,1,4,6,7,9,6,6,29700,1,1,0,6,7,9,6,6,29700,1,1,0,6,7,9,6,6,29700,1,1,0,2025,3,10,4430000,7520000,1,2
202601,6,,0.비상권,44131,14,0,0,0,1,0,6,32,03,6,2,없음,200,5,0,0,0,1,1,2,1,10,1,1,1,1,1,8,1,3,1,1,G,478,1,1,1,5,3,8,5,3,27000,1,1,0,5,3,8,5,3,27000,1,1,0,5,3,8,5,3,27000,1,1,0,2024,3,10,3790000,3210000,1,2
202601,6,,0.비상권,44131,14,0,0,0,1,0,6,32,03,6,2,없음,200,5,0,0,0,1,1,2,1,10,1,1,1,1,1,8,1,3,2,1,G,478,1,1,1,3,3,7,3,3,12100,1,1,0,3,3,7,3,3,12100,1,1,0,3,3,7,3,3,12100,1,1,0,2024,3,10,3790000,3210000,1,2
202601,6,,0.비상권,44131,14,0,0,0,1,0,6,32,04,3,1,921,200,7,0,0,0,3,1,3,1,10,1,1,1,1,1,8,3,3,1,1,S,952,3,1,3,6,5,7,5,5,16100,1,1,0,6,5,7,5,5,16100,1,1,0,6,5,7,5,5,16100,1,1,0,2024,3,10,1970000,7950000,1,1
202601,6,,0.비상권,44131,14,0,0,0,1,0,7,32,03,3,1,없음,370,5,0,1,0,3,2,4,1,10,2,1,1,1,1,8,3,3,1,1,L,682,2,1,2,4,4,7,4,4,16400,1,1,0,4,4,7,4,4,16400,1,1,0,4,4,7,4,4,16400,1,1,0,2025,2,8,3120000,6480000,1,1
202601,6,,0.비상권,44131,14,0,0,0,1,0,7,32,03,3,1,없음,370,5,0,1,0,3,2,4,1,10,2,1,1,1,1,8,3,3,1,1,I,561,3,1,3,5,5,7,5,5,19000,1,1,0,5,5,7,5,5,19000,1,1,0,5,5,7,5,5,19000,1,1,0,2025,3,9,3120000,6480000,1,1
202601,6,,0.비상권,44131,14,0,0,0,1,0,7,32,03,3,1,없음,370,5,0,1,0,3,2,4,1,10,2,1,1,1,1,8,3,3,1,1,R,912,3,1,3,5,5,7,5,5,14100,1,1,0,5,5,7,5,5,14100,1,1,0,5,5,7,5,5,14000,1,1,0,2026,3,10,3120000,6480000,1,1
202601,6,,0.비상권,44131,14,0,0,0,1,0,7,32,03,3,1,없음,370,5,0,1,0,3,2,4,1,10,2,1,1,1,1,8,3,3,1,1,I,562,2,1,2,4,4,7,4,4,16400,1,1,0,4,4,7,4,4,16400,1,1,0,4,4,7,4,4,16400,1,1,0,2026,3,10,3120000,6480000,1,1
202601,6,,0.비상권,44131,16,0,0,0,1,0,7,32,03,6,1,없음,50,5,0,1,0,3,2,4,1,10,2,1,1,1,1,8,3,3,1,1,G,476,4,1,4,6,6,7,6,6,11500,1,1,0,6,6,7,6,6,11500,1,1,0,6,6,7,6,6,11500,1,1,0,2024,3,10,3000000,5690000,1,1
202601,6,,천안종합버스터미널,44131,14,0,0,0,1,0,3,32,04,3,1,없음,150,8,0,0,0,3,2,4,1,10,2,1,1,1,1,8,3,3,1,1,I,561,4,1,4,6,6,7,6,6,17200,1,1,0,6,6,7,6,6,17200,1,1,0,6,6,7,6,6,17200,1,1,0,2024,3,9,3470000,5800000,1,2
202601,6,,천안종합버스터미널,44131,14,0,0,0,1,0,3,32,04,3,1,없음,150,8,0,0,0,3,2,4,1,10,2,1,1,1,1,8,3,3,1,1,I,562,3,1,3,4,5,7,4,5,17500,1,1,0,4,5,7,4,5,17500,1,1,0,4,5,7,4,5,17500,1,1,0,2025,3,10,3470000,5800000,1,2
202601,6,,천안종합버스터미널,44131,14,0,0,0,1,0,2,11,03,5,1,없음,152,6,0,0,0,2,2,4,1,10,2,1,1,1,1,8,2,3,1,1,C,181,2,1,2,4,4,8,4,4,21700,1,1,0,4,4,8,4,4,21700,1,1,0,4,4,8,4,4,21700,1,1,0,2025,3,7,2960000,3110000,1,1
202601,6,,천안종합버스터미널,44131,14,0,0,0,1,0,2,11,03,5,1,없음,152,6,0,0,0,2,2,4,1,10,2,1,1,1,1,8,2,3,1,1,S,961,2,1,2,4,4,8,4,4,21700,1,1,0,4,4,8,4,4,21700,1,1,0,4,4,8,4,4,21700,1,1,0,2025,3,7,2960000,3110000,1,1
202601,6,,천안종합버스터미널,44131,14,0,0,0,1,0,2,11,03,5,1,없음,152,6,0,0,0,2,2,4,1,10,2,1,1,1,1,8,2,3,1,1,I,561,2,1,2,4,4,8,4,4,21700,1,1,0,4,4,8,4,4,21700,1,1,0,4,4,8,4,4,21700,1,1,0,2025,3,10,2960000,3110000,1,1
202601,6,,천안종합버스터미널,44131,14,0,0,0,1,0,2,11,03,5,1,없음,152,6,0,0,0,2,2,4,1,10,2,1,1,1,1,8,2,3,2,1,0,999,4,1,4,4,4,6,4,4,7500,1,1,0,4,4,6,4,4,7500,1,1,0,4,4,6,4,4,7500,1,1,0,2024,3,7,2960000,3110000,1,1
202601,6,,천안종합버스터미널,44131,14,0,0,0,1,0,2,11,03,6,1,없음,158,7,0,0,0,3,2,4,1,10,2,1,1,1,1,8,3,3,1,1,G,474,3,1,3,6,5,8,6,6,26200,1,1,0,6,5,8,6,6,26200,1,1,0,6,5,8,6,6,26200,1,1,0,2025,3,8,3970000,7170000,1,3
202601,6,,천안종합버스터미널,44131,14,0,0,0,1,0,2,11,03,6,1,없음,158,7,0,0,0,3,2,4,1,10,2,1,1,1,1,8,3,3,1,1,G,474,1,1,1,3,4,8,3,4,26500,1,1,0,3,4,8,3,4,26500,1,1,0,3,4,8,3,4,26500,1,1,0,2025,2,8,3970000,7170000,1,3
202601,6,,천안종합버스터미널,44131,14,0,0,0,1,0,2,11,03,6,1,없음,158,7,0,0,0,3,2,4,1,10,2,1,1,1,1,8,3,3,1,1,G,478,1,1,1,3,4,8,3,4,26500,1,1,0,3,4,8,3,4,26500,1,1,0,3,4,8,3,4,26500,1,1,0,2024,3,10,3970000,7170000,1,3
202601,6,,천안종합버스터미널,44131,14,0,0,0,1,0,2,11,03,6,1,없음,158,7,0,0,0,3,2,4,1,10,2,1,1,1,1,8,3,3,1,1,G,474,1,1,1,3,4,8,3,4,26500,1,1,0,3,4,8,3,4,26500,1,1,0,3,4,8,3,4,26500,1,1,0,2024,3,10,3970000,7170000,1,3
202601,6,,천안종합버스터미널,44131,14,0,0,0,1,0,2,11,03,6,1,없음,158,7,0,0,0,3,2,4,1,10,2,1,1,1,1,8,3,3,1,1,S,969,1,1,1,3,4,8,3,4,26500,1,1,0,3,4,8,3,4,26500,1,1,0,3,4,8,3,4,26500,1,1,0,2024,3,9,3970000,7170000,1,3
202601,6,,천안종합버스터미널,44131,14,0,120,0,1,0,5,31,04,6,1,없음,170,1,0,0,0,2,2,4,1,10,1,1,1,1,1,8,2,3,1,1,G,472,3,1,3,6,6,9,6,6,37400,1,1,0,6,6,9,6,6,37400,1,1,0,6,6,9,6,6,37400,1,1,0,2025,3,9,3030000,3160000,1,3
202601,6,,천안종합버스터미널,44131,14,0,120,0,1,0,5,31,04,6,1,없음,170,1,0,0,0,2,2,4,1,10,1,1,1,1,1,8,2,3,2,6,0,999,3,1,3,1,1,1,5,5,17900,1,1,1,1,1,1,5,5,17900,1,1,1,1,1,1,5,5,17900,1,1,1,0,1,1,3030000,3160000,1,3
202601,6,,천안종합버스터미널,44131,14,0,120,0,1,0,4,32,03,6,1,없음,30,1,0,0,0,2,2,4,1,10,2,1,1,1,1,8,2,3,1,1,G,463,2,1,2,5,5,8,5,5,27000,1,1,0,5,5,8,5,5,27000,1,1,0,5,5,8,5,5,27000,1,1,0,2024,3,9,3270000,6060000,1,1
202601,6,,천안종합버스터미널,44131,14,0,120,0,1,0,4,32,03,6,1,없음,30,1,0,0,0,2,2,4,1,10,2,1,1,1,1,8,2,3,1,1,G,474,2,1,2,5,5,8,5,5,26400,1,1,0,5,5,8,5,5,26400,1,1,0,5,5,8,5,5,26400,1,1,0,2024,3,8,3270000,6060000,1,1
202601,6,,천안종합버스터미널,44131,14,0,120,0,1,0,4,32,03,6,1,없음,30,1,0,0,0,2,2,4,1,10,2,1,1,1,1,8,2,3,1,1,G,472,2,1,2,5,5,8,5,5,26800,1,1,0,5,5,8,5,5,26800,1,1,0,5,5,8,5,5,26800,1,1,0,2024,3,10,3270000,6060000,1,1
202601,6,,천안종합버스터미널,44131,14,0,0,0,1,0,3,32,04,5,1,없음,200,7,0,0,0,2,1,3,1,10,1,1,1,1,1,8,2,3,1,1,I,561,3,1,3,6,4,7,6,5,13500,1,1,0,6,4,7,6,5,13500,1,1,0,6,4,7,6,5,13500,1,1,0,2026,2,8,2480000,5550000,1,1
202601,6,,천안종합버스터미널,44131,14,0,0,0,1,0,3,32,03,1,1,없음,200,7,0,0,0,2,2,4,1,10,2,1,1,1,1,8,2,3,1,1,I,561,3,1,3,5,5,7,5,5,17400,1,1,0,5,5,7,5,5,17400,1,1,0,5,5,7,5,5,17400,1,1,0,2024,3,10,1760000,3050000,1,3
202601,6,,천안종합버스터미널,44131,14,0,0,0,1,0,3,32,03,1,1,없음,200,7,0,0,0,2,2,4,1,10,2,1,1,1,1,8,2,3,1,1,R,912,2,1,2,4,4,7,4,4,17500,1,1,0,4,4,7,4,4,17500,1,1,0,4,4,7,4,4,17500,1,1,0,2025,3,10,1760000,3050000,1,3
202601,6,,0.비상권,44131,64,0,0,0,1,0,7,32,04,1,1,없음,350,8,0,1,0,5,2,3,1,9,1,1,1,1,1,8,5,3,1,1,G,466,2,1,2,3,4,7,3,4,10600,1,1,0,3,4,7,3,4,10600,1,1,0,3,4,7,3,4,10600,1,1,0,2025,3,9,390000,4690000,1,1
202601,6,,0.비상권,44131,64,0,0,0,1,0,7,32,04,1,1,없음,350,8,0,1,0,5,2,3,1,9,1,1,1,1,1,8,5,3,1,6,0,999,2,1,2,1,1,1,3,4,10800,1,1,1,1,1,1,3,4,10800,1,1,1,1,1,1,3,4,10800,1,1,1,0,1,1,390000,4690000,1,1
202601,6,,0.비상권,44133,14,0,0,0,1,0,4,32,03,6,1,없음,200,4,0,0,0,1,1,2,1,10,1,1,1,1,1,1,1,3,1,1,I,561,1,1,1,3,3,7,3,3,16700,1,1,0,3,3,7,3,3,16700,1,1,0,3,3,7,3,3,16700,1,1,0,2025,3,10,1910000,3250000,1,2
202601,6,,0.비상권,44133,14,0,0,0,1,0,4,32,03,6,1,없음,200,4,0,0,0,1,1,2,1,10,1,1,1,1,1,1,1,3,1,1,L,682,1,1,1,3,3,7,3,3,17600,1,1,0,3,3,7,3,3,17600,1,1,0,3,3,7,3,3,17600,1,1,0,2024,3,9,1910000,3250000,1,2
202601,6,,0.비상권,44133,14,0,0,0,1,0,4,32,03,6,1,없음,60,1,0,0,0,2,1,3,1,9,1,1,1,1,1,8,2,3,1,1,S,961,2,1,2,3,3,7,3,3,13900,1,1,0,3,3,7,3,3,13900,1,1,0,3,3,7,3,3,13900,1,1,0,2025,3,9,3050000,5130000,1,1
202601,6,,0.비상권,44133,14,0,0,0,1,0,4,32,03,6,1,없음,60,1,0,0,0,2,1,3,1,9,1,1,1,1,1,8,2,3,1,1,G,478,2,1,2,3,4,7,3,4,13900,1,1,0,3,4,7,3,4,13900,1,1,0,3,4,7,3,4,13900,1,1,0,2025,3,9,3050000,5130000,1,1
202601,6,,0.비상권,44133,14,0,0,0,1,0,5,32,04,5,1,없음,55,6,0,0,0,2,1,3,1,10,1,1,1,1,1,8,2,3,1,1,S,952,3,1,3,4,4,7,4,4,10100,1,1,0,4,4,7,4,4,10100,1,1,0,4,4,7,4,4,10100,1,1,0,2024,3,8,1530000,3620000,1,1
202601,6,,0.비상권,44133,14,0,0,0,1,0,6,32,03,6,1,없음,76,6,0,1,0,3,2,4,1,10,2,1,1,1,1,8,3,3,1,1,J,581,4,1,4,6,5,6,6,5,9800,1,1,0,6,5,6,6,5,9800,1,1,0,6,5,6,6,5,9800,1,1,0,2026,3,9,1720000,2900000,1,1
202601,6,,천안역,44133,22,0,0,0,1,0,3,32,04,7,1,700,300,6,0,0,0,2,2,4,1,10,2,1,1,1,1,8,2,3,1,1,I,561,4,1,4,6,4,6,6,4,7900,1,1,0,6,4,6,6,4,7900,1,1,0,6,4,6,6,4,7900,1,1,0,2024,3,8,2040000,3280000,1,1
202601,6,,두정,44133,14,0,0,0,1,0,5,32,03,6,1,없음,200,6,0,1,0,2,2,4,1,10,2,1,1,1,1,8,2,3,1,1,F,424,4,1,4,5,5,6,5,5,9100,1,1,0,5,5,6,5,5,9100,1,1,0,5,5,6,5,5,9100,1,1,0,2024,3,9,2310000,3870000,1,1
202601,6,,두정,44133,14,0,120,0,1,0,5,31,03,6,1,없음,100,1,0,1,0,3,2,4,1,10,2,1,1,1,1,8,3,3,1,1,G,475,4,1,4,6,6,7,6,6,17500,1,1,0,6,6,7,6,6,17500,1,1,0,6,6,7,6,6,17500,1,1,0,2024,3,8,2930000,4630000,1,1
202601,6,,두정,44133,14,0,120,0,1,0,5,31,03,6,1,없음,100,1,0,1,0,3,2,4,1,10,2,1,1,1,1,8,3,3,2,1,G,475,1,1,1,3,3,6,3,3,8600,1,1,0,3,3,6,3,3,8600,1,1,0,3,3,6,3,3,8600,1,1,0,2024,3,9,2930000,4630000,1,1
202601,6,,두정,44133,22,0,0,0,1,0,7,32,03,5,1,없음,500,6,0,1,0,3,2,4,1,10,2,1,1,1,1,8,3,3,1,1,R,911,4,1,4,6,6,7,6,6,9800,1,1,0,6,6,7,6,6,9800,1,1,0,6,6,7,6,6,9800,1,1,0,2025,3,8,2420000,5520000,1,1
202601,6,,0.비상권,44133,16,0,0,0,1,0,8,32,04,4,1,없음,300,4,0,1,0,3,2,4,1,10,2,1,1,1,1,8,3,3,1,1,I,561,4,1,4,6,6,7,6,6,17600,1,1,0,6,6,7,6,6,17600,1,1,0,6,6,7,6,6,17700,1,1,0,2026,2,9,2550000,6760000,1,1
202601,6,,0.비상권,44133,14,0,0,0,1,0,8,32,03,6,1,260,50,2,0,0,0,2,1,3,1,10,1,1,1,1,1,8,2,3,1,1,L,682,1,1,1,5,5,10,5,5,51600,1,1,0,5,5,10,5,5,51600,1,1,0,5,5,10,5,5,51600,1,1,0,2025,2,9,4050000,7120000,1,1
202601,6,,0.비상권,44133,14,0,0,0,1,0,8,32,03,6,1,260,50,2,0,0,0,2,1,3,1,10,1,1,1,1,1,8,2,3,1,1,I,561,3,1,3,6,6,9,6,6,34700,1,1,0,6,6,9,6,6,34700,1,1,0,6,6,9,6,6,34500,1,1,0,2025,3,10,4050000,7120000,1,1
202601,6,,두정,44133,14,0,0,0,1,0,5,32,04,5,1,없음,150,2,0,0,0,3,2,4,1,10,2,1,1,1,1,8,3,3,1,1,I,561,4,1,4,6,6,7,6,6,14200,1,1,0,6,6,7,6,6,14200,1,1,0,6,6,7,6,6,14200,1,1,0,2025,3,7,3380000,8020000,1,1
202601,6,,두정,44133,14,0,0,0,1,0,5,32,04,6,1,없음,50,7,0,0,0,2,2,4,1,10,2,1,1,1,1,8,2,3,1,1,I,562,3,1,3,5,5,8,5,5,21700,1,1,0,5,5,8,5,5,21700,1,1,0,5,5,8,5,5,21700,1,1,0,2026,3,10,2350000,3940000,1,2
202601,6,,두정,44133,14,0,0,0,1,0,5,32,04,6,1,없음,50,7,0,0,0,2,2,4,1,10,2,1,1,1,1,8,2,3,1,1,M,721,2,1,2,3,4,7,3,4,15800,1,1,0,3,4,7,3,4,15800,1,1,0,3,4,7,3,4,15800,1,1,0,2026,3,8,2350000,3940000,1,2
202601,6,,두정,44133,14,0,0,0,1,0,5,32,04,6,1,없음,50,7,0,0,0,2,2,4,1,10,2,1,1,1,1,8,2,3,1,1,L,682,1,1,1,3,3,7,3,3,15000,1,1,0,3,3,7,3,3,15000,1,1,0,3,3,7,3,3,15000,1,1,0,2026,3,8,2350000,3940000,1,2
202601,6,,두정,44133,14,0,0,0,1,0,5,32,04,6,1,없음,110,4,0,0,0,2,1,3,1,10,1,1,1,1,1,8,2,3,1,2,G,472,1,1,2,1,1,1,3,4,16600,1,1,0,1,1,1,3,4,16600,1,1,0,1,1,1,3,4,16600,1,1,0,0,1,1,2670000,4640000,1,1
202601,6,,두정,44133,14,0,0,0,1,0,5,32,04,6,1,없음,110,4,0,0,0,2,1,3,1,10,1,1,1,1,1,8,2,3,1,1,F,424,2,1,2,4,4,7,4,4,15700,1,1,0,4,4,7,4,4,15700,1,1,0,4,4,7,4,4,15700,1,1,0,2025,3,8,2670000,4640000,1,1
202601,6,,두정,44133,14,0,0,0,1,0,6,31,04,6,1,없음,100,1,0,1,0,3,2,4,1,10,2,1,1,1,1,8,3,3,1,1,S,952,4,1,4,7,6,7,7,6,19100,1,1,0,7,6,7,7,6,19100,1,1,0,7,6,7,7,6,19100,1,1,0,2025,3,10,2810000,5420000,1,1
202601,6,,두정,44133,14,0,0,0,1,0,8,31,03,6,2,없음,88,6,0,1,0,2,2,4,3,8,2,1,1,1,1,8,2,3,1,1,I,561,4,2,4,6,5,7,6,5,11200,1,1,0,6,5,7,6,5,11200,1,1,0,6,5,7,6,5,11200,1,1,0,2025,2,9,3060000,2600000,1,1
202601,6,,두정,44133,14,0,0,0,1,0,8,31,03,6,2,없음,88,6,0,1,0,2,2,4,3,8,2,1,1,1,1,8,2,3,2,1,S,961,4,2,4,5,5,6,5,5,8700,1,1,0,5,5,6,5,5,8700,1,1,0,5,5,6,5,5,8700,1,1,0,2025,3,10,3060000,2600000,1,1
202601,6,,0.비상권,44133,14,0,0,0,1,0,3,32,03,6,1,없음,150,7,0,0,0,2,2,4,1,9,2,1,1,1,1,8,2,3,1,1,G,471,2,1,2,5,5,8,5,5,28000,1,1,0,5,5,8,5,5,28000,1,1,0,5,5,8,5,5,28000,1,1,0,2024,4,8,2870000,4840000,1,1
202601,6,,0.비상권,44133,14,0,0,0,1,0,3,32,03,6,1,없음,150,7,0,0,0,2,2,4,1,9,2,1,1,1,1,8,2,3,1,1,L,682,1,1,2,5,4,8,5,4,26300,1,1,0,5,4,8,5,4,26300,1,1,0,5,4,8,5,4,26300,1,1,0,2024,3,8,2870000,4840000,1,1
202601,6,,0.비상권,44133,14,0,0,0,1,0,3,32,03,6,1,없음,150,7,0,0,0,2,2,4,1,9,2,1,1,1,1,8,2,3,1,1,I,561,1,1,2,5,4,8,5,4,24800,1,1,0,5,4,8,5,4,24800,1,1,0,5,4,8,5,4,24800,1,1,0,2025,3,10,2870000,4840000,1,1
202601,6,,0.비상권,44133,14,0,0,0,1,0,3,32,03,6,1,600,200,7,0,0,0,2,2,4,1,10,2,1,1,1,1,8,2,3,1,1,I,561,2,1,2,4,4,8,5,4,22400,1,1,0,4,4,8,5,4,22400,1,1,0,4,4,8,5,4,22400,1,1,0,2025,2,8,1900000,3270000,1,2
202601,6,,0.비상권,44133,14,0,0,0,1,0,3,32,03,6,1,600,200,7,0,0,0,2,2,4,1,10,2,1,1,1,1,8,2,3,1,1,S,961,2,1,2,5,4,8,5,4,22600,1,1,0,5,4,8,5,4,22600,1,1,0,5,4,8,5,4,22600,1,1,0,2024,3,5,1900000,3270000,1,2
202601,6,,0.비상권,44133,14,0,0,0,1,0,3,32,03,6,1,600,200,7,0,0,0,2,2,4,1,10,2,1,1,1,1,8,2,3,1,1,G,476,1,1,1,4,4,8,4,4,23400,1,1,0,4,4,8,4,4,23400,1,1,0,4,4,8,4,4,23400,1,1,0,2025,3,10,1900000,3270000,1,2
202601,6,,0.비상권,44133,14,0,0,0,1,0,3,32,03,6,1,600,200,7,0,0,0,2,2,4,1,10,2,1,1,1,1,8,2,3,1,1,G,472,2,1,2,4,4,8,5,4,22600,1,1,0,4,4,8,5,4,22600,1,1,0,4,4,8,5,4,22600,1,1,0,2025,3,9,1900000,3270000,1,2
202601,6,,0.비상권,44133,14,0,0,0,1,0,3,32,03,6,1,600,200,7,0,0,0,2,2,4,1,10,2,1,1,1,1,8,2,3,1,1,I,561,2,1,2,4,4,8,5,4,22400,1,1,0,4,4,8,5,4,22400,1,1,0,4,4,8,5,4,22400,1,1,0,2025,2,10,1900000,3270000,1,2
202601,6,,공주웅진동,44150,22,0,0,0,1,0,1,51,03,9,1,없음,87,4,0,0,0,2,1,3,1,10,1,1,1,1,1,8,2,3,1,1,G,475,3,1,3,4,5,7,4,5,18000,1,1,0,4,5,7,4,5,18000,1,1,0,4,5,7,4,5,18000,1,1,0,2025,3,9,3660000,4170000,1,2
202601,6,,공주웅진동,44150,22,0,200,0,1,0,6,31,04,7,2,없음,55,8,0,0,0,1,2,3,1,7,2,1,1,1,1,8,1,3,1,1,S,961,2,1,2,3,3,5,3,3,7600,1,1,0,3,3,5,3,3,7600,1,1,0,3,3,5,3,3,7600,1,1,0,2025,3,10,1570000,1180000,1,1
202601,6,,공주웅진동,44150,22,0,200,0,1,0,6,31,04,7,2,없음,55,8,0,0,0,1,2,3,1,7,2,1,1,1,1,8,1,3,2,1,0,999,2,1,2,3,3,4,3,3,5500,1,1,0,3,3,4,3,3,5500,1,1,0,3,3,4,3,3,5500,1,1,0,2026,3,9,1570000,1180000,1,1
202601,6,,공주웅진동,44150,22,0,200,0,1,0,9,21,04,8,1,없음,85,8,0,0,0,2,1,3,1,10,1,1,1,1,1,8,2,3,1,1,I,561,3,1,3,4,4,5,4,4,8100,1,1,0,4,4,5,4,4,8100,1,1,0,4,4,5,4,4,8100,1,1,0,2024,3,10,2180000,2430000,1,1
202601,6,,공주웅진동,44150,22,0,200,0,1,0,9,21,04,8,1,없음,85,8,0,0,0,2,1,3,1,10,1,1,1,1,1,8,2,3,2,6,0,999,1,1,1,1,1,1,3,2,7300,1,1,1,1,1,1,3,2,7300,1,1,1,1,1,1,3,2,7300,1,1,1,0,1,1,2180000,2430000,1,1
202601,6,,공주웅진동,44150,22,0,200,0,1,0,1,51,03,9,1,없음,125,5,0,0,0,1,1,2,1,10,1,1,1,1,1,8,1,3,1,1,G,474,1,1,1,4,3,7,4,3,13400,1,1,0,4,3,7,4,3,13400,1,1,0,4,3,7,4,3,13400,1,1,0,2025,3,10,2590000,2970000,1,2
202601,6,,공주웅진동,44150,22,0,200,0,1,0,1,51,03,9,1,없음,125,5,0,0,0,1,1,2,1,10,1,1,1,1,1,8,1,3,1,1,S,961,1,1,1,4,3,7,4,3,14400,1,1,0,4,3,7,4,3,14400,1,1,0,4,3,7,4,3,14400,1,1,0,2025,3,10,2590000,2970000,1,2
202601,6,,공주웅진동,44150,22,0,200,0,1,0,2,21,03,1,1,없음,110,8,0,0,0,1,2,4,1,9,2,1,1,1,1,8,1,3,1,1,I,561,2,1,2,4,3,6,4,3,8500,1,1,0,4,3,6,4,3,8500,1,1,0,4,3,6,4,3,8500,1,1,0,2025,3,6,1870000,1270000,1,1
202601,6,,공주웅진동,44150,22,0,200,0,1,0,2,21,03,1,1,없음,110,8,0,0,0,1,2,4,1,9,2,1,1,1,1,8,1,3,2,1,I,561,2,1,2,3,2,2,3,2,1100,1,1,0,3,2,2,3,2,1100,1,1,0,3,2,2,3,2,1100,1,1,0,2025,3,7,1870000,1270000,1,1
202601,6,,공주웅진동,44150,22,0,200,0,1,0,1,51,04,1,1,없음,69,8,0,0,0,2,1,3,1,10,1,1,1,1,1,8,2,3,1,1,I,562,3,1,3,4,3,5,4,3,6600,1,1,0,4,3,5,4,3,6600,1,1,0,4,3,5,4,3,6600,1,1,0,2024,3,9,1290000,2530000,1,1
202601,6,,공주웅진동,44150,22,0,200,0,1,0,1,51,03,1,1,없음,32,8,0,0,0,1,1,2,1,10,1,1,1,1,1,8,1,3,1,1,I,561,2,1,2,4,3,6,4,3,7800,1,1,0,4,3,6,4,3,7800,1,1,0,4,3,6,4,3,7800,1,1,0,2024,3,9,1480000,1430000,1,2
202601,6,,공주웅진동,44150,22,0,200,0,1,0,1,51,03,1,1,없음,28,4,0,0,0,2,1,3,1,10,1,1,1,1,1,8,2,3,1,1,G,476,3,1,3,4,5,7,4,5,13300,1,1,0,4,5,7,4,5,13300,1,1,0,4,5,7,4,5,13300,1,1,0,2025,3,9,2270000,2470000,1,2
202601,6,,공주웅진동,44150,22,0,200,0,1,0,4,11,03,8,1,없음,64,8,0,0,0,2,2,4,3,7,2,1,1,1,1,8,2,3,1,1,G,478,2,1,2,4,3,6,4,3,9600,1,1,0,4,3,6,4,3,9600,1,1,0,4,3,6,4,3,9600,1,1,0,2025,3,9,2160000,2340000,1,1
202601,6,,공주웅진동,44150,22,0,200,0,1,0,4,11,03,8,1,없음,64,8,0,0,0,2,2,4,3,7,2,1,1,1,1,8,2,3,1,1,I,561,3,2,4,5,5,7,5,5,10500,1,1,0,5,5,7,5,5,10500,1,1,0,5,5,7,5,5,10500,1,1,0,2024,3,9,2160000,2340000,1,1
202601,6,,공주웅진동,44150,22,0,200,0,1,0,4,11,03,8,1,없음,64,8,0,0,0,2,2,4,3,7,2,1,1,1,1,8,2,3,2,2,L,681,2,1,2,1,1,1,3,3,5400,1,1,0,1,1,1,3,3,5400,1,1,0,1,1,1,3,3,5400,1,1,0,0,1,1,2160000,2340000,1,1
202601,6,,공주웅진동,44150,22,0,200,0,1,0,5,31,04,8,2,없음,60,8,0,0,0,1,2,3,2,7,2,1,1,1,1,8,1,3,1,1,M,733,2,1,2,5,3,6,5,3,9400,1,1,0,5,3,6,5,3,9400,1,1,0,5,3,6,5,3,9400,1,1,0,2025,3,9,2930000,1960000,1,1
202601,6,,공주웅진동,44150,22,0,200,0,1,0,5,31,04,8,2,없음,60,8,0,0,0,1,2,3,2,7,2,1,1,1,1,8,1,3,2,1,M,733,2,1,2,3,3,4,3,3,5200,1,1,0,3,3,4,3,3,5200,1,1,0,3,3,4,3,3,5200,1,1,0,2025,3,9,2930000,1960000,1,1
202601,6,,공주웅진동,44150,14,0,0,0,1,0,1,51,03,1,1,없음,50,4,0,0,0,2,2,4,1,10,1,1,1,1,1,8,2,3,1,6,0,999,2,1,2,1,1,1,3,3,6600,1,1,1,1,1,1,3,3,6600,1,1,1,1,1,1,3,3,6600,1,1,1,0,1,1,2320000,3390000,1,2
202601,6,,공주웅진동,44150,14,0,0,0,1,0,1,51,03,1,1,없음,50,4,0,0,0,2,2,4,1,10,1,1,1,1,1,8,2,3,1,6,0,999,2,1,2,1,1,1,3,3,9300,1,1,1,1,1,1,3,3,9300,1,1,1,1,1,1,3,3,9200,1,1,1,0,1,1,2320000,3390000,1,2
202601,6,,공주웅진동,44150,14,0,0,0,1,0,1,51,03,1,1,없음,50,4,0,0,0,2,2,4,1,10,1,1,1,1,1,8,2,3,1,1,S,961,2,1,2,1,3,6,4,3,10400,1,1,0,1,3,6,4,3,10400,1,1,0,1,3,6,4,3,10400,1,1,0,2026,2,6,2320000,3390000,1,2
202601,6,,공주웅진동,44150,22,0,200,0,1,0,5,31,03,8,2,없음,83,4,0,0,0,2,2,4,1,10,2,1,1,1,1,8,2,3,1,1,G,474,3,1,4,6,5,7,6,5,16400,1,1,0,6,5,7,6,5,16400,1,1,0,6,5,7,6,5,16400,1,1,0,2025,3,8,4940000,3350000,1,1
202601,6,,공주웅진동,44150,22,0,200,0,1,0,5,31,03,8,2,없음,83,4,0,0,0,2,2,4,1,10,2,1,1,1,1,8,2,3,2,1,M,712,3,1,3,5,3,5,5,4,6300,1,1,0,5,3,5,5,4,6300,1,1,0,5,3,5,5,4,6200,1,1,0,2025,3,10,4940000,3350000,1,1
202601,6,,공주웅진동,44150,22,0,200,0,1,0,5,31,03,8,2,없음,50,4,0,0,0,1,1,3,1,10,1,1,1,1,1,8,1,3,1,1,I,561,2,1,2,5,4,7,4,4,17800,1,1,0,5,4,7,4,4,17800,1,1,0,5,4,7,4,4,17800,1,1,0,2024,3,9,4800000,3510000,1,1
202601,6,,공주웅진동,44150,22,0,200,0,1,0,5,31,03,8,2,없음,50,4,0,0,0,1,1,3,1,10,1,1,1,1,1,8,1,3,2,1,I,561,2,1,2,3,4,7,3,3,12600,1,1,0,3,4,7,3,3,12600,1,1,0,3,4,7,3,3,12600,1,1,0,2024,3,9,4800000,3510000,1,1
202601,6,,공주웅진동,44150,22,0,200,0,1,0,1,51,04,10,1,없음,40,4,0,0,0,1,1,2,1,10,1,1,1,1,1,8,1,3,1,1,S,961,2,1,2,6,4,7,6,4,15900,1,1,0,6,4,7,6,4,15900,1,1,0,6,4,7,6,4,15700,1,1,0,2025,3,9,3160000,3390000,1,3
202601,6,,공주웅진동,44150,22,0,200,0,1,0,1,51,03,1,1,없음,25,4,0,0,0,1,1,1,1,10,1,1,1,1,1,8,1,3,1,1,G,478,1,1,1,4,4,9,4,4,37900,1,1,0,4,4,9,4,4,37900,1,1,0,4,4,9,4,4,38200,1,1,0,2025,3,8,3420000,5690000,1,4
202601,6,,공주웅진동,44150,22,0,200,0,1,0,1,11,03,10,1,없음,30,6,0,0,0,1,1,1,1,10,1,1,1,1,1,8,1,3,1,1,G,474,1,1,1,3,3,7,3,3,15600,1,1,0,3,3,7,3,3,15600,1,1,0,3,3,7,3,3,15500,1,1,0,2025,3,8,2300000,2480000,1,3
202601,6,,공주웅진동,44150,22,0,200,0,1,0,1,21,03,8,2,없음,30,5,0,0,0,2,2,4,1,10,2,1,1,1,1,8,2,3,1,1,G,471,4,1,4,6,6,8,6,6,27400,1,1,0,6,6,8,6,6,27400,1,1,0,6,6,8,6,6,27400,1,1,0,2025,3,8,4540000,3170000,1,3
202601,6,,공주웅진동,44150,22,0,200,0,1,0,1,21,03,8,2,없음,30,5,0,0,0,2,2,4,1,10,2,1,1,1,1,8,2,3,2,1,G,471,4,1,4,5,5,7,5,5,13700,1,1,0,5,5,7,5,5,13700,1,1,0,5,5,7,5,5,13700,1,1,0,2025,3,8,4540000,3170000,1,3
202601,6,,공주웅진동,44150,22,0,200,0,1,0,5,32,03,8,1,없음,74,8,0,0,0,1,1,2,1,10,1,1,1,1,1,8,1,3,1,1,G,474,1,1,1,3,3,7,3,3,16300,1,1,0,3,3,7,3,3,16300,1,1,0,3,3,7,3,3,16300,1,1,0,2024,3,10,1720000,2220000,1,3
202601,6,,공주웅진동,44150,22,0,200,0,1,0,5,32,03,8,1,없음,74,8,0,0,0,1,1,2,1,10,1,1,1,1,1,8,1,3,1,1,S,953,1,1,1,5,3,7,5,3,16800,1,1,0,5,3,7,5,3,16800,1,1,0,5,3,7,5,3,16800,1,1,0,2025,3,9,1720000,2220000,1,3
202601,6,,공주웅진동,44150,22,0,200,0,1,0,5,32,03,8,1,없음,74,8,0,0,0,1,1,2,1,10,1,1,1,1,1,8,1,3,1,1,G,471,1,1,1,3,3,7,3,3,15200,1,1,0,3,3,7,3,3,15200,1,1,0,3,3,7,3,3,15200,1,1,0,2025,3,9,1720000,2220000,1,3
202601,6,,공주웅진동,44150,22,0,200,0,1,0,3,32,03,8,1,없음,20,4,0,0,0,1,1,2,1,10,1,1,1,1,1,8,1,3,1,1,G,478,1,1,1,4,4,9,6,3,29400,1,1,0,4,4,9,6,3,29400,1,1,0,4,4,9,6,3,29400,1,1,0,2025,3,8,3090000,4170000,1,3
202601,6,,공주웅진동,44150,22,0,200,0,1,0,3,32,03,8,1,없음,20,4,0,0,0,1,1,2,1,10,1,1,1,1,1,8,1,3,1,1,G,463,1,1,1,6,3,9,6,3,29100,1,1,0,6,3,9,6,3,29100,1,1,0,6,3,9,6,3,29100,1,1,0,2025,3,8,3090000,4170000,1,3
202601,6,,공주웅진동,44150,22,0,200,0,1,0,1,11,03,7,2,없음,40,4,0,0,0,1,1,2,1,9,1,1,1,1,1,8,1,3,1,1,G,472,1,1,1,4,3,9,3,3,28400,1,1,0,4,3,9,3,3,28400,1,1,0,4,3,9,3,3,28400,1,1,0,2024,3,10,2770000,2010000,1,3
202601,6,,공주웅진동,44150,22,0,200,0,1,0,1,11,03,7,2,없음,40,4,0,0,0,1,1,2,1,9,1,1,1,1,1,8,1,3,1,1,G,472,1,1,1,3,3,8,3,3,25900,1,1,0,3,3,8,3,3,25900,1,1,0,3,3,8,3,3,25900,1,1,0,2024,3,9,2770000,2010000,1,3
202601,6,,공주웅진동,44150,22,0,200,0,1,0,1,11,03,7,2,없음,40,4,0,0,0,1,1,2,1,9,1,1,1,1,1,8,1,3,2,1,S,969,1,1,1,3,3,4,3,3,7200,1,1,0,3,3,4,3,3,7200,1,1,0,3,3,4,3,3,7200,1,1,0,2025,3,7,2770000,2010000,1,3
202601,6,,공주대,44150,14,0,0,0,1,0,8,31,04,6,1,없음,215,4,0,1,0,3,2,4,1,10,2,1,1,1,1,8,3,3,1,1,I,561,4,1,4,5,5,6,5,6,9800,1,1,0,5,5,6,5,6,9800,1,1,0,5,5,6,5,6,9800,1,1,0,2024,4,10,2280000,3820000,1,1
202601,6,,공주대,44150,14,0,0,0,1,0,4,32,03,4,1,없음,116,4,0,0,0,3,2,4,1,10,2,1,1,1,1,8,3,3,1,1,G,471,4,1,4,6,6,8,6,6,19900,1,1,0,6,6,8,6,6,19900,1,1,0,6,6,8,6,6,19900,1,1,0,2025,5,10,3430000,10340000,1,2
202601,6,,공주대,44150,14,0,0,0,1,0,6,32,04,4,1,없음,69,6,0,0,0,3,2,4,1,10,2,1,1,1,1,8,3,3,1,1,I,561,4,1,4,6,5,7,6,6,17000,3,1,0,6,5,7,6,6,17000,3,1,0,6,5,7,6,6,17000,3,1,0,2026,3,9,2360000,7510000,1,1
202601,6,,공주대,44150,14,0,110,0,1,0,7,21,03,6,2,없음,106,1,0,0,0,2,2,4,1,9,2,1,1,1,1,8,2,3,1,1,S,961,2,1,2,5,4,7,5,4,17300,1,1,0,5,4,7,5,4,17300,1,1,0,5,4,7,5,4,17300,1,1,0,2024,3,10,3200000,2700000,1,3
202601,6,,공주대,44150,14,0,110,0,1,0,7,21,03,6,2,없음,106,1,0,0,0,2,2,4,1,9,2,1,1,1,1,8,2,3,1,1,F,424,2,1,2,5,4,7,5,4,17400,1,1,0,5,4,7,5,4,17400,1,1,0,5,4,7,5,4,17400,1,1,0,2025,3,9,3200000,2700000,1,3
202601,6,,공주대,44150,14,0,110,0,1,0,7,21,03,6,2,없음,106,1,0,0,0,2,2,4,1,9,2,1,1,1,1,8,2,3,2,1,S,961,3,1,3,5,4,5,5,4,7900,1,1,0,5,4,5,5,4,7900,1,1,0,5,4,5,5,4,7900,1,1,0,2026,3,10,3200000,2700000,1,3
202601,6,,공주대,44150,14,0,110,0,1,0,7,21,04,6,2,없음,119,2,0,1,0,2,2,4,1,10,2,2,1,1,1,8,2,3,1,1,G,478,3,1,3,6,5,7,6,5,17900,1,1,0,6,5,7,6,5,17900,1,1,0,6,5,7,6,5,17900,1,1,0,2025,3,8,3240000,2750000,1,1
202601,6,,공주대,44150,14,0,110,0,1,0,7,21,04,6,2,없음,119,2,0,1,0,2,2,4,1,10,2,2,1,1,1,8,2,3,1,1,G,472,1,1,1,5,3,7,5,3,15400,1,1,0,5,3,7,5,3,15400,1,1,0,5,3,7,5,3,15400,1,1,0,2025,2,10,3240000,2750000,1,1
202601,6,,공주대,44150,14,0,110,0,1,0,7,21,04,6,2,없음,119,2,0,1,0,2,2,4,1,10,2,2,1,1,1,8,2,3,2,6,0,999,4,1,4,1,1,1,4,4,8500,1,1,1,1,1,1,4,4,8500,1,1,1,1,1,1,4,4,8500,1,1,1,0,1,1,3240000,2750000,1,1
202601,6,,공주대,44150,14,0,0,0,1,0,5,21,04,6,2,없음,181,8,0,0,0,2,2,4,1,9,1,1,1,1,1,8,2,3,1,6,0,999,3,1,3,1,1,1,5,4,10800,1,1,1,1,1,1,5,4,10800,1,1,1,1,1,1,5,4,10800,1,1,1,0,1,1,2130000,1930000,1,1
202601,6,,공주대,44150,14,0,0,0,1,0,5,21,04,6,2,없음,181,8,0,0,0,2,2,4,1,9,1,1,1,1,1,8,2,3,2,1,F,425,2,1,3,4,3,5,4,3,6000,1,1,0,4,3,5,4,3,6000,1,1,0,4,3,5,4,3,6000,1,1,0,2025,3,10,2130000,1930000,1,1
202601,6,,공주대,44150,14,0,0,0,1,0,4,11,04,6,2,없음,76,5,0,0,0,2,2,4,1,10,1,1,1,1,1,8,2,3,1,1,L,682,2,1,2,5,3,6,6,3,9900,1,1,0,5,3,6,6,3,9900,1,1,0,5,3,6,6,3,9900,1,1,0,2025,2,8,2240000,1940000,1,1
202601,6,,공주대,44150,14,0,0,0,1,0,4,11,04,6,2,없음,76,5,0,0,0,2,2,4,1,10,1,1,1,1,1,8,2,3,2,6,0,999,2,1,2,1,1,1,5,3,5100,1,1,1,1,1,1,5,3,5100,1,1,1,1,1,1,5,3,5100,1,1,1,0,1,1,2240000,1940000,1,1
202601,6,,공주대,44150,16,0,0,0,1,0,3,12,04,6,1,없음,110,6,0,0,0,2,2,4,1,10,2,1,1,1,1,8,2,3,1,1,I,561,4,1,4,4,4,4,4,4,4600,1,1,0,4,4,4,4,4,4600,1,1,0,4,4,4,4,4,4600,1,1,0,2024,3,9,1400000,2530000,1,1
202601,6,,공주대,44150,16,0,0,0,1,0,3,19,04,1,1,없음,30,1,0,0,0,3,2,4,1,10,2,1,1,1,1,8,3,3,1,1,G,478,2,1,2,4,4,7,5,4,12400,1,1,0,4,4,7,5,4,12400,1,1,0,4,4,7,5,4,12400,1,1,0,2026,2,9,1710000,4870000,1,1
202601,6,,공주대,44150,16,0,0,0,1,0,3,19,04,1,1,없음,30,1,0,0,0,3,2,4,1,10,2,1,1,1,1,8,3,3,1,1,I,561,2,1,2,5,4,7,5,4,12300,1,1,0,5,4,7,5,4,12300,1,1,0,5,4,7,5,4,12300,1,1,0,2025,3,9,1710000,4870000,1,1
202601,6,,공주대,44150,14,0,0,0,1,0,6,32,03,6,1,없음,102,3,1,0,0,3,2,4,1,10,2,1,1,1,1,8,3,3,1,1,G,473,4,1,4,5,5,7,5,5,13300,1,1,0,5,5,7,5,5,13300,1,1,0,5,5,7,5,5,13300,1,1,0,2025,2,8,1820000,3060000,1,1
202601,6,,공주대,44150,14,0,0,0,1,0,6,32,03,6,1,없음,102,3,1,0,0,3,2,4,1,10,2,1,1,1,1,8,3,3,1,1,G,462,4,1,4,5,5,7,5,5,13200,1,1,0,5,5,7,5,5,13200,1,1,0,5,5,7,5,5,13200,1,1,0,2026,2,8,1820000,3060000,1,1
202601,6,,공주대,44150,22,0,120,0,1,0,3,12,04,7,1,없음,41,8,0,0,0,2,2,4,1,10,2,1,1,1,1,8,2,3,1,1,M,713,3,1,3,3,4,5,3,4,6700,1,1,0,3,4,5,3,4,6700,1,1,0,3,4,5,3,4,6700,1,1,0,2026,3,4,1600000,2290000,1,1
202601,6,,공주대,44150,22,0,120,0,1,0,3,12,04,7,1,없음,41,8,0,0,0,2,2,4,1,10,2,1,1,1,1,8,2,3,1,1,G,467,2,1,2,3,3,5,3,3,7900,1,1,0,3,3,5,3,3,7900,1,1,0,3,3,5,3,3,7900,1,1,0,2026,2,8,1600000,2290000,1,1
202601,6,,공주대,44150,14,0,0,0,1,0,5,21,04,6,1,없음,89,7,0,0,0,3,2,4,1,10,2,1,1,1,1,8,3,3,1,1,I,561,4,1,4,6,4,4,6,5,6700,1,1,0,6,4,4,6,5,6700,1,1,0,6,4,4,6,5,6700,1,1,0,2025,5,8,1780000,3090000,1,1
202601,6,,공주대,44150,14,0,0,0,1,0,8,21,04,6,1,없음,46,6,0,1,0,3,2,4,1,10,2,1,1,1,1,8,3,3,1,1,I,561,3,1,3,6,5,8,6,5,19500,1,1,0,6,5,8,6,5,19500,1,1,0,6,5,8,6,5,19500,1,1,0,2025,3,10,2550000,4300000,1,2
202601,6,,공주대,44150,14,0,0,0,1,0,8,21,04,6,1,없음,46,6,0,1,0,3,2,4,1,10,2,1,1,1,1,8,3,3,1,1,I,561,4,1,4,7,6,8,6,6,19600,1,1,0,7,6,8,6,6,19600,1,1,0,7,6,8,6,6,19600,1,1,0,2025,3,10,2550000,4300000,1,2
202601,6,,보령문화의전당,44180,22,0,0,0,1,0,3,32,03,7,1,없음,100,7,0,0,0,2,2,4,1,10,2,1,1,1,1,8,2,3,1,1,I,561,4,1,4,4,4,5,4,4,6800,1,1,0,4,4,5,4,4,6800,1,1,0,4,4,5,4,4,6800,1,1,0,2022,5,9,1580000,2470000,1,1
202601,6,,보령문화의전당,44180,14,0,0,0,1,0,3,32,03,6,1,없음,150,6,0,0,0,2,1,3,1,10,1,1,1,1,1,8,2,3,1,1,S,969,1,1,1,3,3,6,3,3,9900,1,1,0,3,3,6,3,3,9900,1,1,0,3,3,6,3,3,9900,1,1,0,2025,3,9,1000000,1770000,1,2
202601,6,,보령문화의전당,44180,14,0,0,0,1,0,3,32,03,6,1,없음,150,6,0,0,0,2,1,3,1,10,1,1,1,1,1,8,2,3,1,1,F,411,1,1,1,3,3,6,3,3,9900,1,1,0,3,3,6,3,3,9900,1,1,0,3,3,6,3,3,9900,1,1,0,2025,3,10,1000000,1770000,1,2
202601,6,,보령문화의전당,44180,14,0,0,0,1,0,3,32,03,6,1,없음,150,6,0,0,0,2,1,3,1,10,1,1,1,1,1,8,2,3,1,1,S,969,1,1,1,3,3,6,3,3,9900,1,1,0,3,3,6,3,3,9900,1,1,0,3,3,6,3,3,9900,1,1,0,2025,3,8,1000000,1770000,1,2
202601,6,,보령문화의전당,44180,14,0,0,0,1,0,5,32,03,6,1,없음,30,6,0,0,0,2,1,2,1,10,1,1,1,1,1,8,1,3,1,1,I,561,1,1,1,3,3,7,3,3,14200,1,1,0,3,3,7,3,3,14200,1,1,0,3,3,7,3,3,14200,1,1,0,2024,3,9,1720000,2460000,1,2
202601,6,,보령문화의전당,44180,14,0,0,0,1,0,5,32,03,6,1,없음,30,6,0,0,0,2,1,2,1,10,1,1,1,1,1,8,1,3,1,1,I,561,1,1,1,3,3,7,3,3,14000,1,1,0,3,3,7,3,3,14000,1,1,0,3,3,7,3,3,14000,1,1,0,2025,3,9,1720000,2460000,1,2
202601,6,,보령문화의전당,44180,22,0,0,0,1,0,6,21,04,7,2,없음,100,7,0,0,0,2,2,4,1,10,2,1,1,1,1,8,2,3,1,1,N,751,2,1,2,4,3,7,4,3,10600,1,1,0,4,3,7,4,3,10600,1,1,0,4,3,7,4,3,10600,1,1,0,2024,3,10,2210000,1900000,1,2
202601,6,,보령문화의전당,44180,22,0,0,0,1,0,6,21,04,7,2,없음,100,7,0,0,0,2,2,4,1,10,2,1,1,1,1,8,2,3,1,1,I,561,3,1,3,5,4,6,5,4,9400,1,1,0,5,4,6,5,4,9400,1,1,0,5,4,6,5,4,9400,1,1,0,2024,3,8,2210000,1900000,1,2
202601,6,,보령문화의전당,44180,22,0,0,0,1,0,6,21,04,7,2,없음,100,7,0,0,0,2,2,4,1,10,2,1,1,1,1,8,2,3,2,2,0,999,3,1,3,1,1,1,3,3,6300,1,1,0,1,1,1,3,3,6300,1,1,0,1,1,1,3,3,6300,1,1,0,0,1,1,2210000,1900000,1,2
202601,6,,보령문화의전당,44180,22,0,300,0,1,0,7,31,03,8,1,없음,100,5,0,0,0,2,2,4,1,10,1,1,1,1,1,8,2,3,1,6,0,999,2,1,3,1,1,1,6,5,25100,1,1,1,1,1,1,6,5,25100,1,1,1,1,1,1,6,5,25100,1,1,1,0,1,1,3720000,4720000,1,3
202601,6,,보령문화의전당,44180,22,0,300,0,1,0,7,31,03,8,1,없음,100,5,0,0,0,2,2,4,1,10,1,1,1,1,1,8,2,3,1,1,G,471,2,1,2,6,5,8,6,5,25800,1,1,0,6,5,8,6,5,25800,1,1,0,6,5,8,6,5,25800,1,1,0,2025,3,10,3720000,4720000,1,3
202601,6,,보령문화의전당,44180,22,0,300,0,1,0,7,31,03,8,1,없음,100,5,0,0,0,2,2,4,1,10,1,1,1,1,1,8,2,3,1,1,I,561,1,1,1,5,4,8,5,4,26900,1,1,0,5,4,8,5,4,26900,1,1,0,5,4,8,5,4,26900,1,1,0,2021,5,8,3720000,4720000,1,3
202601,6,,보령문화의전당,44180,22,0,0,0,1,0,5,21,03,8,2,없음,121,5,0,1,0,2,2,4,3,8,2,2,1,1,1,8,2,3,1,1,Q,862,3,2,4,6,5,7,6,5,14500,1,1,0,6,5,7,6,5,14500,1,1,0,6,5,7,6,5,14500,1,1,0,2024,3,7,3300000,2310000,1,2
202601,6,,보령문화의전당,44180,22,0,0,0,1,0,5,21,03,8,2,없음,121,5,0,1,0,2,2,4,3,8,2,2,1,1,1,8,2,3,2,6,0,999,3,2,4,1,1,1,4,4,5800,1,1,1,1,1,1,4,4,5800,1,1,1,1,1,1,4,4,5800,1,1,1,0,1,1,3300000,2310000,1,2
202601,6,,보령문화의전당,44180,16,0,0,0,1,0,8,32,04,5,1,없음,164,4,0,0,0,2,1,3,1,10,1,1,1,1,1,8,2,3,1,1,G,472,3,1,3,3,4,6,3,4,8600,1,1,0,3,4,6,3,4,8600,1,1,0,3,4,6,3,4,8600,1,1,0,2021,5,9,1590000,3510000,1,1
202601,6,,보령문화의전당,44180,22,0,0,0,1,0,1,12,04,1,1,없음,134,6,0,0,0,2,1,2,1,10,1,1,1,1,1,8,2,3,1,6,0,999,2,1,2,1,1,1,4,4,12900,1,1,1,1,1,1,4,4,12900,1,1,1,1,1,1,4,4,12900,1,1,1,0,1,1,1180000,4390000,1,2
202601,6,,보령문화의전당,44180,22,0,300,0,1,0,1,19,03,1,1,없음,10,1,0,0,0,2,2,4,1,10,1,1,1,1,1,8,2,3,1,1,G,478,2,1,2,3,4,8,3,4,23600,1,1,0,3,4,8,3,4,23600,1,1,0,3,4,8,3,4,23600,1,1,0,2024,3,8,2810000,2060000,1,2
202601,6,,보령문화의전당,44180,22,0,300,0,1,0,1,19,03,1,1,없음,10,1,0,0,0,2,2,4,1,10,1,1,1,1,1,8,2,3,1,1,G,463,1,1,1,3,4,8,3,4,23200,1,1,0,3,4,8,3,4,23200,1,1,0,3,4,8,3,4,23200,1,1,0,2024,3,7,2810000,2060000,1,2
202601,6,,보령문화의전당,44180,22,0,300,0,1,0,1,19,03,1,1,없음,10,1,0,0,0,2,2,4,1,10,1,1,1,1,1,8,2,3,1,1,G,473,1,1,1,4,4,8,4,4,23200,1,1,0,4,4,8,4,4,23200,1,1,0,4,4,8,4,4,23200,1,1,0,2024,3,5,2810000,2060000,1,2
202601,6,,보령문화의전당,44180,22,0,300,0,1,0,1,19,03,1,1,없음,10,1,0,0,0,2,2,4,1,10,1,1,1,1,1,8,2,3,2,6,0,999,3,1,3,1,1,1,5,4,9000,1,1,1,1,1,1,5,4,9000,1,1,1,1,1,1,5,4,9000,1,1,1,0,1,1,2810000,2060000,1,2
202601,6,,보령문화의전당,44180,22,0,0,0,1,0,8,32,03,8,1,없음,61,7,0,0,0,2,2,4,1,10,2,1,1,1,1,8,2,3,1,1,I,561,2,1,2,3,3,7,3,3,11800,1,1,0,3,3,7,3,3,11800,1,1,0,3,3,7,3,3,11800,1,1,0,2025,3,9,2040000,2740000,1,1
202601,6,,보령문화의전당,44180,22,0,0,0,1,0,8,32,03,8,1,없음,61,7,0,0,0,2,2,4,1,10,2,1,1,1,1,8,2,3,1,2,I,561,2,1,2,1,1,1,4,3,10500,1,1,0,1,1,1,4,3,10500,1,1,0,1,1,1,4,3,10500,1,1,0,0,1,1,2040000,2740000,1,1
202601,6,,보령문화의전당,44180,22,0,0,0,1,0,8,32,03,8,1,없음,61,7,0,0,0,2,2,4,1,10,2,1,1,1,1,8,2,3,1,1,I,561,4,1,4,5,4,7,5,5,11100,1,1,0,5,4,7,5,5,11100,1,1,0,5,4,7,5,5,11100,1,1,0,2024,3,10,2040000,2740000,1,1
202601,6,,보령문화의전당,44180,16,0,0,0,1,0,4,21,04,7,2,없음,10,5,0,0,0,1,2,3,1,9,2,1,1,1,1,8,1,3,1,1,I,562,2,1,2,3,4,7,3,4,14200,1,1,0,3,4,7,3,4,14200,1,1,0,3,4,7,3,4,14200,1,1,0,2024,3,9,1960000,1440000,1,2
202601,6,,보령문화의전당,44180,16,0,0,0,1,0,4,21,04,7,2,없음,10,5,0,0,0,1,2,3,1,9,2,1,1,1,1,8,1,3,2,1,G,467,2,1,2,3,3,5,3,3,6800,1,1,0,3,3,5,3,3,6800,1,1,0,3,3,5,3,3,6800,1,1,0,2025,3,10,1960000,1440000,1,2
202601,6,,보령문화의전당,44180,16,0,0,0,1,0,4,32,04,7,1,없음,100,5,0,0,0,2,2,4,1,10,2,1,1,1,1,8,2,3,1,1,G,463,2,1,2,3,3,6,3,3,8100,1,1,0,3,3,6,3,3,8100,1,1,0,3,3,6,3,3,8100,1,1,0,2025,3,8,1560000,2340000,1,1
202601,6,,보령문화의전당,44180,16,0,0,0,1,0,4,32,04,7,1,없음,100,5,0,0,0,2,2,4,1,10,2,1,1,1,1,8,2,3,1,1,I,561,2,1,2,3,3,5,3,3,7800,1,1,0,3,3,5,3,3,7800,1,1,0,3,3,5,3,3,7800,1,1,0,2024,3,9,1560000,2340000,1,1
202601,6,,보령문화의전당,44180,16,0,0,0,1,0,4,32,04,7,1,없음,100,5,0,0,0,2,2,4,1,10,2,1,1,1,1,8,2,3,1,1,I,561,2,1,2,3,3,6,3,3,7900,1,1,0,3,3,6,3,3,7900,1,1,0,3,3,6,3,3,7900,1,1,0,2026,3,10,1560000,2340000,1,1
202601,6,,보령문화의전당,44180,14,0,0,0,1,0,7,31,03,6,1,없음,350,4,0,0,0,2,2,4,1,10,2,1,1,1,1,8,2,3,1,1,S,961,2,1,2,4,3,7,4,3,11800,1,1,0,4,3,7,4,3,11800,1,1,0,4,3,7,4,3,11800,1,1,0,2025,3,8,1490000,2630000,1,1
202601,6,,보령문화의전당,44180,14,0,0,0,1,0,7,31,03,6,1,없음,350,4,0,0,0,2,2,4,1,10,2,1,1,1,1,8,2,3,1,1,S,969,2,1,2,5,4,7,5,4,11600,1,1,0,5,4,7,5,4,11600,1,1,0,5,4,7,5,4,11600,1,1,0,2025,3,8,1490000,2630000,1,1
202601,6,,보령문화의전당,44180,22,0,0,0,1,0,1,21,03,1,1,없음,12,5,0,0,0,1,2,4,1,10,2,1,1,1,1,8,1,3,1,1,Q,862,3,1,3,4,5,7,4,5,19300,1,1,0,4,5,7,4,5,19300,1,1,0,4,5,7,4,5,19300,1,1,0,2025,3,10,3580000,2560000,1,2
202601,6,,보령문화의전당,44180,22,0,0,0,1,0,1,21,03,1,1,없음,12,5,0,0,0,1,2,4,1,10,2,1,1,1,1,8,1,3,2,1,S,961,3,1,3,3,3,5,3,3,7600,1,1,0,3,3,5,3,3,7600,1,1,0,3,3,5,3,3,7600,1,1,0,2024,3,7,3580000,2560000,1,2
202601,6,,보령문화의전당,44180,22,0,0,0,1,0,3,11,03,7,1,없음,470,8,0,0,0,2,2,4,1,10,2,1,2,1,1,8,2,3,1,1,I,561,4,1,4,5,4,6,5,4,9000,1,1,0,5,4,6,5,4,9000,1,1,0,5,4,6,5,4,9000,1,1,0,2024,3,8,1560000,1570000,1,1
202601,6,,보령문화의전당,44180,22,0,0,0,1,0,3,11,03,7,1,없음,470,8,0,0,0,2,2,4,1,10,2,1,2,1,1,8,2,3,1,1,I,561,3,1,4,5,4,7,5,4,9900,1,1,0,5,4,7,5,4,9900,1,1,0,5,4,7,5,4,9900,1,1,0,2024,3,8,1560000,1570000,1,1
202601,6,,보령문화의전당,44180,22,0,0,0,1,0,3,11,03,7,1,없음,470,8,0,0,0,2,2,4,1,10,2,1,2,1,1,8,2,3,2,2,0,999,3,1,3,1,1,1,4,3,5700,1,1,0,1,1,1,4,3,5700,1,1,0,1,1,1,4,3,5700,1,1,0,0,1,1,1560000,1570000,1,1
202601,6,,보령문화의전당,44180,22,0,0,0,1,0,3,11,03,7,1,없음,470,8,0,0,0,2,2,4,1,10,2,1,2,1,1,8,2,3,2,2,0,999,1,1,1,1,1,1,3,3,7300,1,1,0,1,1,1,3,3,7300,1,1,0,1,1,1,3,3,7300,1,1,0,0,1,1,1560000,1570000,1,1
202601,6,,보령문화의전당,44180,22,0,0,0,1,0,4,21,03,7,2,없음,89,4,0,0,0,2,2,4,1,9,2,1,1,1,1,8,2,3,1,1,G,474,2,1,2,4,4,7,4,4,16400,1,1,0,4,4,7,4,4,16400,1,1,0,4,4,7,4,4,16400,1,1,0,2023,4,9,2720000,2400000,1,1
202601,6,,보령문화의전당,44180,22,0,0,0,1,0,4,21,03,7,2,없음,89,4,0,0,0,2,2,4,1,9,2,1,1,1,1,8,2,3,1,1,S,961,1,1,1,3,3,7,3,3,14500,1,1,0,3,3,7,3,3,14500,1,1,0,3,3,7,3,3,14500,1,1,0,2025,3,10,2720000,2400000,1,1
202601,6,,보령문화의전당,44180,22,0,0,0,1,0,4,21,03,7,2,없음,89,4,0,0,0,2,2,4,1,9,2,1,1,1,1,8,2,3,1,1,G,474,1,1,1,4,3,8,4,3,21300,1,1,0,4,3,8,4,3,21300,1,1,0,4,3,8,4,3,21300,1,1,0,2025,2,9,2720000,2400000,1,1
202601,6,,보령문화의전당,44180,22,0,0,0,1,0,4,21,03,7,2,없음,89,4,0,0,0,2,2,4,1,9,2,1,1,1,1,8,2,3,2,2,0,999,3,1,3,1,1,1,5,3,6700,1,1,0,1,1,1,5,3,6700,1,1,0,1,1,1,5,3,6700,1,1,0,0,1,1,2720000,2400000,1,1
202601,6,,보령문화의전당,44180,22,0,0,0,1,0,5,32,04,7,1,없음,92,5,0,0,0,2,2,4,1,10,2,1,1,1,1,8,2,3,1,1,I,561,3,1,3,4,3,6,4,4,8700,1,1,0,4,3,6,4,4,8700,1,1,0,4,3,6,4,4,8700,1,1,0,2025,3,10,2240000,3230000,1,1
202601,6,,보령문화의전당,44180,22,0,0,0,1,0,5,32,04,7,1,없음,92,5,0,0,0,2,2,4,1,10,2,1,1,1,1,8,2,3,1,1,G,451,3,1,3,3,3,5,3,3,7600,1,1,0,3,3,5,3,3,7600,1,1,0,3,3,5,3,3,7600,1,1,0,2024,5,6,2240000,3230000,1,1
202601,6,,보령문화의전당,44180,22,0,0,0,1,0,5,32,04,8,1,없음,32,4,0,0,0,2,2,4,2,9,2,1,1,1,1,8,2,3,1,1,D,351,2,1,2,4,4,7,4,4,11700,1,1,0,4,4,7,4,4,11700,1,1,0,4,4,7,4,4,11700,1,1,0,2025,3,7,2260000,3040000,1,1
202601,6,,보령문화의전당,44180,22,0,0,0,1,0,5,32,04,8,1,없음,32,4,0,0,0,2,2,4,2,9,2,1,1,1,1,8,2,3,1,1,I,561,3,1,3,4,4,6,4,4,10700,1,1,0,4,4,6,4,4,10700,1,1,0,4,4,6,4,4,10700,1,1,0,2025,3,9,2260000,3040000,1,1
202601,6,,보령문화의전당,44180,22,0,0,0,1,0,5,32,04,8,1,없음,32,4,0,0,0,2,2,4,2,9,2,1,1,1,1,8,2,3,1,6,0,999,1,1,1,1,1,1,3,3,13100,1,1,1,1,1,1,3,3,13100,1,1,1,1,1,1,3,3,13100,1,1,1,0,1,1,2260000,3040000,1,1
202601,6,,보령문화의전당,44180,22,0,0,0,1,0,5,32,04,8,1,없음,32,4,0,0,0,2,2,4,2,9,2,1,1,1,1,8,2,3,1,6,0,999,2,1,2,1,1,1,3,3,9800,1,1,1,1,1,1,3,3,9800,1,1,1,1,1,1,3,3,9800,1,1,1,0,1,1,2260000,3040000,1,1
202601,6,,보령문화의전당,44180,14,0,0,0,1,0,5,32,04,6,1,없음,100,1,0,1,0,3,2,4,1,10,2,1,1,1,1,8,3,3,1,1,I,561,4,1,4,6,6,7,6,6,13100,1,1,0,6,6,7,6,6,13100,1,1,0,6,6,7,6,6,13100,1,1,0,2025,3,10,2370000,4220000,1,1
202601,6,,보령문화의전당,44180,14,0,0,0,1,0,3,11,03,6,1,없음,560,7,0,0,0,3,2,4,1,10,2,1,1,1,1,8,3,3,1,1,I,561,4,1,4,6,5,5,6,5,7200,1,1,0,6,5,5,6,5,7200,1,1,0,6,5,5,6,5,7200,1,1,0,2025,3,8,1120000,2020000,1,1
202601,6,,보령문화의전당,44180,14,0,0,0,1,0,4,31,04,6,2,없음,285,7,0,0,0,2,2,4,1,9,2,1,1,1,1,8,2,3,1,1,I,561,2,1,2,3,4,7,3,4,10000,1,1,0,3,4,7,3,4,10000,1,1,0,3,4,7,3,4,10000,1,1,0,2025,3,9,1310000,1290000,1,1
202601,6,,보령문화의전당,44180,14,0,0,0,1,0,4,31,04,6,2,없음,285,7,0,0,0,2,2,4,1,9,2,1,1,1,1,8,2,3,1,1,H,493,2,1,2,3,3,7,3,3,10200,1,1,0,3,3,7,3,3,10200,1,1,0,3,3,7,3,3,10200,1,1,0,2024,3,9,1310000,1290000,1,1
202601,6,,보령문화의전당,44180,14,0,0,0,1,0,4,31,04,6,2,없음,285,7,0,0,0,2,2,4,1,9,2,1,1,1,1,8,2,3,2,1,I,562,3,1,3,3,3,3,3,3,3400,1,1,0,3,3,3,3,3,3400,1,1,0,3,3,3,3,3,3400,1,1,0,2025,3,9,1310000,1290000,1,1
202601,6,,보령문화의전당,44180,14,0,0,0,1,0,6,32,04,6,1,없음,100,6,0,0,0,2,2,4,1,10,2,1,1,1,1,8,2,3,1,1,I,561,4,1,4,5,4,6,5,4,8900,1,1,0,5,4,6,5,4,8900,1,1,0,5,4,6,5,4,8900,1,1,0,2024,3,8,1400000,2530000,1,1
202601,6,,보령문화의전당,44180,14,0,0,0,1,0,5,32,04,6,1,없음,430,8,0,0,0,2,2,4,1,10,2,1,1,1,1,8,2,3,1,1,I,561,4,1,4,5,4,6,5,4,8700,1,1,0,5,4,6,5,4,8700,1,1,0,5,4,6,5,4,8700,1,1,0,2025,3,9,1040000,1850000,1,1
202601,6,,보령문화의전당,44180,14,0,0,0,1,0,5,32,03,6,1,없음,390,9,0,0,0,2,2,4,1,10,2,1,1,1,1,8,2,3,1,1,I,561,2,1,2,4,3,6,4,3,8800,1,1,0,4,3,6,4,3,8800,1,1,0,4,3,6,4,3,8800,1,1,0,2024,3,8,1110000,1870000,1,1
202601,6,,보령문화의전당,44180,14,0,0,0,1,0,5,32,03,6,1,없음,390,9,0,0,0,2,2,4,1,10,2,1,1,1,1,8,2,3,1,1,I,561,2,1,2,4,3,6,4,3,8900,1,1,0,4,3,6,4,3,8900,1,1,0,4,3,6,4,3,8900,1,1,0,2025,3,8,1110000,1870000,1,1
202601,6,,보령문화의전당,44180,14,0,0,0,1,0,4,32,03,6,1,없음,64,5,0,0,0,2,1,3,1,10,1,1,1,1,1,8,2,3,1,1,S,961,2,1,2,5,4,7,5,4,14800,1,1,0,5,4,7,5,4,14800,1,1,0,5,4,7,5,4,14800,1,1,0,2025,5,6,1760000,3060000,1,1
202601,6,,보령문화의전당,44180,14,0,0,0,1,0,4,32,03,6,1,없음,64,5,0,0,0,2,1,3,1,10,1,1,1,1,1,8,2,3,1,1,I,561,2,1,2,4,3,7,4,3,15600,1,1,0,4,3,7,4,3,15600,1,1,0,4,3,7,4,3,15600,1,1,0,2024,3,10,1760000,3060000,1,1
202601,6,,보령문화의전당,44180,14,0,0,0,1,0,6,21,03,6,1,없음,148,5,0,0,0,3,2,4,1,10,2,1,1,1,1,8,3,3,1,1,I,561,2,1,2,4,4,7,4,4,12500,1,1,0,4,4,7,4,4,12500,1,1,0,4,4,7,4,4,12500,1,1,0,2025,3,9,2120000,3730000,1,1
202601,6,,보령문화의전당,44180,14,0,0,0,1,0,6,21,03,6,1,없음,148,5,0,0,0,3,2,4,1,10,2,1,1,1,1,8,3,3,1,1,S,961,3,1,3,6,5,7,6,5,15400,1,1,0,6,5,7,6,5,15400,1,1,0,6,5,7,6,5,15400,1,1,0,2025,5,9,2120000,3730000,1,1
202601,6,,보령문화의전당,44180,14,0,0,0,1,0,6,21,03,6,1,없음,148,5,0,0,0,3,2,4,1,10,2,1,1,1,1,8,3,3,1,1,L,682,2,1,2,4,4,7,4,4,17100,1,1,0,4,4,7,4,4,17100,1,1,0,4,4,7,4,4,17100,1,1,0,2021,5,9,2120000,3730000,1,1
202601,6,,아산온양,44200,14,0,0,0,1,0,7,32,04,5,1,없음,350,8,0,0,0,2,1,2,1,9,1,1,1,1,1,8,2,3,1,1,L,682,2,1,2,3,3,4,3,3,4500,1,1,0,3,3,4,3,3,4500,1,1,0,3,3,4,3,3,4500,1,1,0,2026,3,9,970000,2080000,1,1
202601,6,,아산온양,44200,22,0,800,0,1,0,1,51,03,1,1,없음,190,8,0,0,0,2,1,3,1,10,1,1,1,1,1,8,2,3,1,1,Q,869,3,1,3,3,3,5,3,3,5200,1,1,0,3,3,5,3,3,5200,1,1,0,3,3,5,3,3,5200,1,1,0,2024,3,9,1260000,2470000,1,2
202601,6,,아산온양,44200,22,0,0,0,1,0,4,32,04,7,1,없음,140,7,0,1,0,3,2,4,1,10,2,1,1,1,1,8,3,3,1,1,I,561,4,1,4,5,5,6,5,5,8000,1,1,0,5,5,6,5,5,8000,1,1,0,5,5,6,5,5,8000,1,1,0,2024,3,8,1540000,2230000,1,2
202601,6,,아산온양,44200,22,0,0,0,1,0,4,32,04,7,1,없음,140,7,0,1,0,3,2,4,1,10,2,1,1,1,1,8,3,3,1,1,S,949,4,1,4,5,4,5,5,4,7100,1,1,0,5,4,5,5,4,7100,1,1,0,5,4,5,5,4,7100,1,1,0,2025,3,10,1540000,2230000,1,2
202601,6,,아산온양,44200,22,0,0,0,1,0,4,32,03,8,1,200,100,3,0,0,0,1,1,3,1,10,1,1,1,1,1,8,1,3,1,1,I,561,2,1,2,4,3,7,4,3,9300,1,1,0,4,3,7,4,3,9300,1,1,0,4,3,7,4,3,9300,1,1,0,2026,3,8,1950000,2420000,1,2
202601,6,,아산온양,44200,22,0,0,0,1,0,4,32,03,8,1,200,100,3,0,0,0,1,1,3,1,10,1,1,1,1,1,8,1,3,1,1,S,961,2,1,2,4,3,7,4,3,9300,1,1,0,4,3,7,4,3,9300,1,1,0,4,3,7,4,3,9300,1,1,0,2025,3,6,1950000,2420000,1,2
202601,6,,아산온양,44200,22,0,0,0,1,0,1,11,04,1,1,없음,100,4,0,0,0,2,2,4,1,10,1,1,1,1,1,8,2,3,1,1,P,855,1,1,1,3,3,7,3,3,11800,1,1,0,3,3,7,3,3,11800,1,1,0,3,3,7,3,3,11800,1,1,0,2026,3,10,1690000,3250000,1,3
202601,6,,아산온양,44200,22,0,0,0,1,0,1,11,04,1,1,없음,100,4,0,0,0,2,2,4,1,10,1,1,1,1,1,8,2,3,1,1,P,855,1,1,1,3,3,7,3,3,11600,1,1,0,3,3,7,3,3,11600,1,1,0,3,3,7,3,3,11600,1,1,0,2026,3,10,1690000,3250000,1,3
202601,6,,아산온양,44200,22,0,0,0,1,0,1,11,04,1,1,없음,100,4,0,0,0,2,2,4,1,10,1,1,1,1,1,8,2,3,1,1,P,855,1,1,1,3,3,7,3,3,11700,1,1,0,3,3,7,3,3,11700,1,1,0,3,3,7,3,3,11700,1,1,0,2024,3,9,1690000,3250000,1,3
202601,6,,아산온양,44200,22,0,0,0,1,0,1,11,04,1,1,없음,100,4,0,0,0,2,2,4,1,10,1,1,1,1,1,8,2,3,1,2,Q,872,1,1,1,1,1,1,3,3,11400,1,1,0,1,1,1,3,3,11400,1,1,0,1,1,1,3,3,11400,1,1,0,0,1,1,1690000,3250000,1,3
202601,6,,아산온양,44200,22,0,0,0,1,0,1,11,04,1,1,없음,100,4,0,0,0,2,2,4,1,10,1,1,1,1,1,8,2,3,1,1,P,855,1,1,1,3,3,7,3,3,11500,1,1,0,3,3,7,3,3,11500,1,1,0,3,3,7,3,3,11500,1,1,0,2026,3,10,1690000,3250000,1,3
202601,6,,아산온양,44200,22,0,0,0,1,0,1,21,04,1,1,없음,50,4,0,0,0,2,2,4,1,9,2,1,1,1,1,8,2,3,1,1,I,561,1,1,1,3,3,7,3,3,15000,1,1,0,3,3,7,3,3,15000,1,1,0,3,3,7,3,3,15000,1,1,0,2025,3,9,2510000,3230000,1,1
202601,6,,아산온양,44200,22,0,0,0,1,0,1,21,04,1,1,없음,50,4,0,0,0,2,2,4,1,9,2,1,1,1,1,8,2,3,1,1,N,751,2,1,2,4,4,7,4,4,11300,1,1,0,4,4,7,4,4,11300,1,1,0,4,4,7,4,4,11300,1,1,0,2024,3,10,2510000,3230000,1,1
202601,6,,아산온양,44200,22,0,0,0,1,0,1,21,04,1,1,없음,50,4,0,0,0,2,2,4,1,9,2,1,1,1,1,8,2,3,1,1,I,561,1,1,1,3,3,7,3,3,16100,1,1,0,3,3,7,3,3,16100,1,1,0,3,3,7,3,3,16100,1,1,0,2025,3,9,2510000,3230000,1,1
202601,6,,아산온양,44200,22,0,0,0,1,0,1,21,04,1,1,없음,50,4,0,0,0,2,2,4,1,9,2,1,1,1,1,8,2,3,2,1,0,999,2,1,2,4,3,5,4,3,12100,1,1,0,4,3,5,4,3,12100,1,1,0,4,3,5,4,3,12100,1,1,0,2026,3,9,2510000,3230000,1,1
202601,6,,아산온양,44200,22,0,0,0,1,0,1,21,03,1,1,없음,30,4,0,0,0,1,2,4,1,10,2,1,1,1,1,8,1,3,1,1,S,951,3,1,3,5,4,7,5,4,10200,1,1,0,5,4,7,5,4,10200,1,1,0,5,4,7,5,4,10200,1,1,0,2024,3,9,3570000,2020000,1,2
202601,6,,아산온양,44200,22,0,0,0,1,0,1,21,03,1,1,없음,30,4,0,0,0,1,2,4,1,10,2,1,1,1,1,8,1,3,2,1,S,969,3,1,3,4,3,4,4,3,4900,1,1,0,4,3,4,4,3,4900,1,1,0,4,3,4,4,3,4900,1,1,0,2025,3,10,3570000,2020000,1,2
202601,6,,아산온양,44200,22,0,120,0,1,0,4,32,03,5,1,200,10,1,0,0,0,2,2,4,1,10,2,1,1,1,1,8,2,3,1,1,G,478,4,1,4,8,6,10,8,6,50700,1,1,0,8,6,10,8,6,50700,1,1,0,8,6,10,8,6,50700,1,1,0,2024,3,7,6150000,14820000,1,3
202601,6,,아산온양,44200,22,0,120,0,1,0,5,31,03,4,1,193,126,6,0,0,0,3,2,4,1,10,2,1,1,1,1,8,3,3,1,1,G,476,4,1,4,8,7,9,8,7,41500,1,1,0,8,7,9,8,7,41500,1,1,0,8,7,9,8,7,41500,1,1,0,2024,3,7,5550000,17090000,1,2
202601,6,,아산온양,44200,22,0,0,0,1,0,1,11,03,1,1,300,100,6,0,0,0,3,2,4,1,10,2,1,1,1,1,8,3,3,1,1,I,561,3,1,3,6,5,8,7,5,27000,1,1,0,6,5,8,7,5,27000,1,1,0,6,5,8,7,5,27000,1,1,0,2024,3,10,3650000,6090000,1,1
202601,6,,아산온양,44200,22,0,0,0,1,0,1,11,03,1,1,300,100,6,0,0,0,3,2,4,1,10,2,1,1,1,1,8,3,3,1,1,I,561,3,1,3,5,4,7,5,4,12900,1,1,0,5,4,7,5,4,12900,1,1,0,5,4,7,5,4,12900,1,1,0,2024,3,10,3650000,6090000,1,1
202601,6,,아산온양,44200,22,0,0,0,1,0,1,11,03,1,1,300,100,6,0,0,0,3,2,4,1,10,2,1,1,1,1,8,3,3,1,1,S,969,2,1,2,6,5,8,6,5,27600,1,1,0,6,5,8,6,5,27600,1,1,0,6,5,8,6,5,27600,1,1,0,2024,3,8,3650000,6090000,1,1
202601,6,,아산온양,44200,14,0,0,0,1,0,6,21,04,6,2,600,275,4,0,1,0,2,2,4,2,8,2,1,1,1,1,8,2,3,1,1,I,561,2,1,2,4,4,7,4,4,17700,1,1,0,4,4,7,4,4,17700,1,1,0,4,4,7,4,4,17700,1,1,0,2025,3,10,2490000,2120000,1,2
202601,6,,아산온양,44200,14,0,0,0,1,0,6,21,04,6,2,600,275,4,0,1,0,2,2,4,2,8,2,1,1,1,1,8,2,3,1,1,R,911,2,1,2,4,4,7,4,4,18100,1,1,0,4,4,7,4,4,18100,1,1,0,4,4,7,4,4,18100,1,1,0,2025,2,9,2490000,2120000,1,2
202601,6,,아산온양,44200,14,0,0,0,1,0,6,21,04,6,2,600,275,4,0,1,0,2,2,4,2,8,2,1,1,1,1,8,2,3,2,1,I,562,3,1,4,4,4,6,4,4,9000,1,1,0,4,4,6,4,4,9000,1,1,0,4,4,6,4,4,9000,1,1,0,2026,3,10,2490000,2120000,1,2
202601,6,,아산온양,44200,14,0,0,0,1,0,6,32,03,6,1,494,547,5,0,0,0,2,1,3,1,10,1,1,1,1,1,8,2,3,1,1,I,562,2,1,2,4,4,7,4,4,15500,1,1,0,4,4,7,4,4,15500,1,1,0,4,4,7,4,4,15500,1,1,0,2024,3,8,2100000,3660000,1,3
202601,6,,아산온양,44200,14,0,0,0,1,0,6,32,03,6,1,494,547,5,0,0,0,2,1,3,1,10,1,1,1,1,1,8,2,3,1,1,I,561,2,1,2,4,4,7,4,4,16400,1,1,0,4,4,7,4,4,16400,1,1,0,4,4,7,4,4,16400,1,1,0,2024,3,9,2100000,3660000,1,3
202601,6,,아산온양,44200,16,0,0,0,1,0,8,32,04,4,1,없음,200,5,0,1,0,2,1,3,1,10,1,1,1,1,1,8,2,3,1,1,I,561,3,1,3,5,5,7,5,5,17600,1,1,0,5,5,7,5,5,17600,1,1,0,5,5,7,5,5,17600,1,1,0,2024,3,9,1370000,4200000,1,2
202601,6,,아산온양,44200,22,0,0,0,1,0,1,11,03,10,2,없음,200,7,0,0,0,1,2,4,1,9,1,1,1,1,1,8,1,3,1,1,S,969,1,1,1,5,3,8,5,3,23000,1,1,0,5,3,8,5,3,23000,1,1,0,5,3,8,5,3,23000,1,1,0,2025,3,8,4230000,2160000,1,1
202601,6,,아산온양,44200,22,0,0,0,1,0,1,11,03,10,2,없음,200,7,0,0,0,1,2,4,1,9,1,1,1,1,1,8,1,3,1,1,S,969,2,1,2,6,4,8,6,4,21400,1,1,0,6,4,8,6,4,21400,1,1,0,6,4,8,6,4,21400,1,1,0,2025,3,8,4230000,2160000,1,1
202601,6,,아산온양,44200,22,0,0,0,1,0,1,11,03,10,2,없음,200,7,0,0,0,1,2,4,1,9,1,1,1,1,1,8,1,3,2,6,0,999,3,1,3,1,1,1,5,3,6100,1,1,1,1,1,1,5,3,6100,1,1,1,1,1,1,5,3,6100,1,1,1,0,1,1,4230000,2160000,1,1
202601,6,,아산온양,44200,22,0,120,0,1,0,1,21,04,1,1,300,50,1,0,0,0,2,2,4,1,10,2,1,1,1,1,8,2,3,1,1,S,961,1,1,1,4,4,8,4,4,23700,1,1,0,4,4,8,4,4,23700,1,1,0,4,4,8,4,4,23700,1,1,0,2024,3,9,4590000,3220000,1,3
202601,6,,아산온양,44200,22,0,120,0,1,0,1,21,04,1,1,300,50,1,0,0,0,2,2,4,1,10,2,1,1,1,1,8,2,3,1,1,G,474,4,1,4,6,6,8,6,6,20300,1,1,0,6,6,8,6,6,20300,1,1,0,6,6,8,6,6,20300,1,1,0,2025,3,8,4590000,3220000,1,3
202601,6,,아산온양,44200,22,0,120,0,1,0,1,21,04,1,1,300,50,1,0,0,0,2,2,4,1,10,2,1,1,1,1,8,2,3,2,1,S,969,4,1,4,5,4,7,5,4,10100,1,1,0,5,4,7,5,4,10100,1,1,0,5,4,7,5,4,10100,1,1,0,2024,3,6,4590000,3220000,1,3
202601,6,,아산온양,44200,22,0,0,0,1,0,1,11,03,1,1,800,200,4,0,0,0,1,2,3,1,9,2,1,1,1,1,8,1,3,1,1,I,561,2,1,3,5,4,7,5,4,11100,1,1,0,5,4,7,5,4,11100,1,1,0,5,4,7,5,4,11100,1,1,0,2025,3,5,1770000,1520000,1,1
202601,6,,아산온양,44200,22,0,0,0,1,0,1,11,03,1,1,800,200,4,0,0,0,1,2,3,1,9,2,1,1,1,1,8,1,3,2,1,0,999,2,1,2,3,3,5,3,3,6900,1,1,0,3,3,5,3,3,6900,1,1,0,3,3,5,3,3,6900,1,1,0,2025,3,5,1770000,1520000,1,1
202601,6,,아산온양,44200,14,0,0,0,1,0,7,31,04,6,1,700,300,7,0,0,0,2,2,4,1,10,2,1,1,1,1,8,2,3,1,1,F,424,4,1,4,5,4,5,5,4,6500,1,1,0,5,4,5,5,4,6500,1,1,0,5,4,5,5,4,6500,1,1,0,2026,3,9,1030000,1910000,1,1
202601,6,,아산온양,44200,22,0,0,0,1,0,1,21,03,4,1,500,150,5,0,0,0,2,2,3,1,9,1,1,1,1,1,8,2,3,1,1,S,961,2,1,2,3,3,7,3,4,13400,1,1,0,3,3,7,3,4,13400,1,1,0,3,3,7,3,4,13400,1,1,0,2025,3,8,1880000,5640000,1,1
202601,6,,아산온양,44200,22,0,0,0,1,0,1,21,03,4,1,500,150,5,0,0,0,2,2,3,1,9,1,1,1,1,1,8,2,3,1,6,0,999,2,1,2,1,1,1,3,4,12300,1,1,1,1,1,1,3,4,12300,1,1,1,1,1,1,3,4,12300,1,1,1,0,1,1,1880000,5640000,1,1
202601,6,,아산온양,44200,22,0,0,0,1,0,5,32,04,8,1,600,120,7,0,0,0,2,2,4,1,10,2,1,1,1,1,8,2,3,1,1,I,561,4,1,4,4,4,5,4,4,7200,1,1,0,4,4,5,4,4,7200,1,1,0,4,4,5,4,4,7200,1,1,0,2025,3,7,1190000,1540000,1,1
202601,6,,아산온양,44200,22,0,0,0,1,0,4,32,03,8,1,없음,130,5,0,0,0,2,2,4,1,9,2,1,1,1,1,8,2,3,1,1,S,969,2,1,2,4,3,7,4,3,10800,1,1,0,4,3,7,4,3,10800,1,1,0,4,3,7,4,3,10800,1,1,0,2026,3,10,1920000,2690000,1,1
202601,6,,아산온양,44200,22,0,0,0,1,0,4,32,03,8,1,없음,130,5,0,0,0,2,2,4,1,9,2,1,1,1,1,8,2,3,1,1,S,969,2,1,2,4,3,7,4,3,11600,1,1,0,4,3,7,4,3,11600,1,1,0,4,3,7,4,3,11600,1,1,0,2025,3,8,1920000,2690000,1,1
202601,6,,아산온양,44200,22,0,0,0,1,0,4,32,03,8,1,없음,130,5,0,0,0,2,2,4,1,9,2,1,1,1,1,8,2,3,1,1,S,951,2,1,2,4,3,7,4,3,11300,1,1,0,4,3,7,4,3,11300,1,1,0,4,3,7,4,3,11300,1,1,0,2025,3,8,1920000,2690000,1,1
202601,6,,아산온양,44200,22,0,0,0,1,0,8,31,03,7,1,없음,430,6,0,0,0,2,2,4,1,10,2,1,1,1,1,8,2,3,1,1,G,466,4,1,4,5,4,6,5,4,7800,1,1,0,5,4,6,5,4,7800,1,1,0,5,4,6,5,4,7800,1,1,0,2024,3,9,2110000,3140000,1,2
202601,6,,아산온양,44200,22,0,0,0,1,0,5,32,03,4,1,750,1,4,0,0,0,2,2,4,1,10,2,1,1,1,1,8,2,3,1,1,J,581,4,1,4,5,4,7,5,4,9600,1,1,0,5,4,7,5,4,9600,1,1,0,5,4,7,5,4,9600,1,1,0,2025,3,7,1890000,5990000,1,2
202601,6,,아산온양,44200,22,0,0,0,1,0,8,31,04,8,1,없음,100,7,0,0,0,1,1,3,1,10,1,1,1,1,1,8,1,3,1,1,I,561,3,1,3,5,4,7,5,4,10100,1,1,0,5,4,7,5,4,10100,1,1,0,5,4,7,5,4,10100,1,1,0,2024,3,10,2430000,3350000,1,1
202601,6,,아산온양,44200,14,0,0,0,1,0,4,32,04,6,1,없음,200,6,0,0,0,2,2,4,1,10,2,1,1,1,1,8,2,3,1,1,I,561,4,1,4,3,3,4,6,4,8800,1,1,0,3,3,4,6,4,8800,1,1,0,3,3,4,6,4,8800,1,1,0,2025,3,10,1350000,2250000,1,1
202601,6,,아산온양,44200,14,0,0,0,1,0,5,31,04,1,1,없음,190,7,0,1,0,3,2,4,1,10,2,1,1,1,1,8,3,3,1,1,I,561,4,1,4,4,5,5,4,5,7400,1,1,0,4,5,5,4,5,7400,1,1,0,4,5,5,4,5,7400,1,1,0,2025,3,10,1570000,3320000,1,2
202601,6,,아산온양,44200,22,0,120,0,1,0,4,12,07,8,1,없음,90,4,0,0,0,2,2,4,1,10,2,1,1,1,1,8,2,3,1,1,R,912,4,1,4,7,5,7,7,5,13200,1,1,0,7,5,7,7,5,13200,1,1,0,7,5,7,7,5,13200,1,1,0,2025,3,9,1970000,2810000,1,2
202601,6,,아산온양,44200,22,0,0,0,1,0,4,32,03,7,1,없음,200,4,0,1,0,2,2,4,1,9,2,1,1,1,1,8,2,3,1,1,I,561,4,1,4,7,6,7,7,6,13200,1,1,0,7,6,7,7,6,13200,1,1,0,7,6,7,7,6,13200,1,1,0,2025,3,10,2060000,3340000,1,1
202601,6,,아산온양,44200,22,0,0,0,1,0,4,32,04,8,1,없음,50,6,0,0,0,2,2,4,1,10,2,1,1,1,1,8,2,3,1,1,I,561,4,1,4,5,4,4,6,4,5900,1,1,0,5,4,4,6,4,5900,1,1,0,5,4,4,6,4,5900,1,1,0,2025,3,10,1490000,2060000,1,1
202601,6,,아산온양,44200,22,0,0,0,1,0,4,32,03,6,1,없음,50,4,0,0,0,2,1,3,1,10,1,1,1,1,1,8,2,3,1,1,S,969,1,1,1,3,3,7,3,3,11900,1,1,0,3,3,7,3,3,11900,1,1,0,3,3,7,3,3,11900,1,1,0,2024,3,9,1940000,3250000,1,2
202601,6,,아산온양,44200,22,0,0,0,1,0,4,32,03,6,1,없음,50,4,0,0,0,2,1,3,1,10,1,1,1,1,1,8,2,3,1,1,I,561,2,1,2,4,4,7,4,4,13000,1,1,0,4,4,7,4,4,13000,1,1,0,4,4,7,4,4,13000,1,1,0,2024,3,5,1940000,3250000,1,2
202601,6,,0.비상권,44200,43,0,0,0,1,0,4,32,04,2,1,없음,100,6,0,0,0,4,2,4,1,10,2,1,1,1,1,8,4,3,1,1,F,424,3,1,3,4,4,6,4,4,8400,1,1,0,4,4,6,4,4,8400,1,1,0,4,4,6,4,4,8600,1,1,0,2025,3,9,510000,2600000,1,1
202601,6,,0.비상권,44200,43,0,0,0,1,0,4,32,04,2,1,없음,100,6,0,0,0,4,2,4,1,10,2,1,1,1,1,8,4,3,1,1,I,561,3,1,3,4,4,7,4,4,9200,1,1,0,4,4,7,4,4,9200,1,1,0,4,4,7,4,4,9200,1,1,0,2024,3,10,510000,2600000,1,1
202601,6,,아산온양,44200,16,0,0,0,1,1,1,11,03,1,1,없음,100,6,0,0,0,2,1,3,1,10,1,1,1,1,1,8,2,3,-1,1,I,561,1,1,1,2,2,3,2,2,2600,1,1,0,2,2,3,2,2,2600,1,1,0,2,2,3,2,2,2600,1,1,0,2025,3,9,860000,2200000,1,2
202601,6,,아산온양,44200,16,0,0,0,1,1,1,11,03,1,1,없음,100,6,0,0,0,2,1,3,1,10,1,1,1,1,1,8,2,3,1,1,I,561,2,1,2,5,4,7,5,4,12300,1,1,0,5,4,7,5,4,12300,1,1,0,5,4,7,5,4,12300,1,1,0,2025,3,9,860000,2200000,1,2
202601,6,,아산온양,44200,14,0,0,0,1,0,2,32,04,1,1,없음,250,6,0,0,0,2,1,3,1,10,1,1,1,1,1,8,2,3,1,1,I,561,3,1,3,4,4,7,4,4,9600,1,1,0,4,4,7,4,4,9600,1,1,0,4,4,7,4,4,9600,1,1,0,2023,4,9,1110000,3550000,1,2
202601,6,,아산온양,44200,22,0,0,0,1,0,3,32,03,4,1,916,159,4,0,0,0,3,2,4,1,10,2,1,1,1,1,8,3,3,1,1,I,561,4,1,4,6,5,7,6,5,15500,1,1,0,6,5,7,6,5,15500,1,1,0,6,5,7,6,5,15500,1,1,0,2026,3,9,2780000,8530000,1,2
202601,6,,아산온양,44200,14,0,0,0,1,0,6,32,03,3,1,없음,200,4,0,1,0,4,2,4,1,10,2,1,1,1,1,8,4,3,1,1,I,561,3,1,3,4,4,7,4,4,9800,1,1,0,4,4,7,4,4,9800,1,1,0,4,4,7,4,4,9800,1,1,0,2025,3,9,1650000,5150000,1,2
202601,6,,아산온양,44200,14,0,0,0,1,0,6,32,03,3,1,없음,200,4,0,1,0,4,2,4,1,10,2,1,1,1,1,8,4,3,1,1,I,561,3,1,3,4,4,7,4,4,10300,1,1,0,4,4,7,4,4,10300,1,1,0,4,4,7,4,4,10300,1,1,0,2025,3,10,1650000,5150000,1,2
202601,6,,아산온양,44200,14,0,0,0,1,0,6,32,03,3,1,없음,200,4,0,1,0,4,2,4,1,10,2,1,1,1,1,8,4,3,1,1,S,951,3,1,3,3,4,5,4,4,8900,1,1,0,3,4,5,4,4,8900,1,1,0,3,4,5,4,4,8900,1,1,0,2024,3,9,1650000,5150000,1,2
202601,6,,아산온양,44200,14,0,0,0,1,0,2,12,03,1,1,없음,120,5,0,0,0,2,2,4,1,10,2,1,1,1,1,8,2,3,1,1,S,961,2,1,2,3,3,6,3,3,9700,1,1,0,3,3,6,3,3,9700,1,1,0,3,3,6,3,3,9700,1,1,0,2025,2,8,1690000,2910000,1,1
202601,6,,아산온양,44200,14,0,0,0,1,0,2,12,03,1,1,없음,120,5,0,0,0,2,2,4,1,10,2,1,1,1,1,8,2,3,1,1,R,912,2,1,2,3,3,7,3,3,10300,1,1,0,3,3,7,3,3,10300,1,1,0,3,3,7,3,3,10300,1,1,0,2025,3,10,1690000,2910000,1,1
202601,6,,아산온양,44200,14,0,0,0,1,0,2,12,03,1,1,없음,120,5,0,0,0,2,2,4,1,10,2,1,1,1,1,8,2,3,1,1,L,682,2,1,2,3,3,7,3,3,10700,1,1,0,3,3,7,3,3,10700,1,1,0,3,3,7,3,3,10700,1,1,0,2025,3,9,1690000,2910000,1,1
202601,6,,아산온양,44200,14,0,0,0,1,0,2,12,03,1,1,없음,200,6,0,0,0,2,1,3,1,10,1,1,1,1,1,8,2,3,1,1,F,424,1,1,1,3,3,7,3,3,15600,1,1,0,3,3,7,3,3,15600,1,1,0,3,3,7,3,3,15600,1,1,0,2025,3,9,1460000,2500000,1,3
202601,6,,아산온양,44200,14,0,0,0,1,0,2,12,03,1,1,없음,200,6,0,0,0,2,1,3,1,10,1,1,1,1,1,8,2,3,1,1,G,472,1,1,1,3,3,7,3,3,15400,1,1,0,3,3,7,3,3,15400,1,1,0,3,3,7,3,3,15400,1,1,0,2024,3,10,1460000,2500000,1,3
202601,6,,아산온양,44200,14,0,0,0,1,0,2,12,03,1,1,없음,200,6,0,0,0,2,1,3,1,10,1,1,1,1,1,8,2,3,1,1,D,351,1,1,1,3,3,7,3,3,15900,1,1,0,3,3,7,3,3,15900,1,1,0,3,3,7,3,3,15900,1,1,0,2025,3,9,1460000,2500000,1,3
202601,6,,아산온양,44200,14,0,0,0,1,0,2,12,03,1,1,없음,200,6,0,0,0,2,1,3,1,10,1,1,1,1,1,8,2,3,1,1,F,424,1,1,1,3,3,7,3,3,15900,1,1,0,3,3,7,3,3,15900,1,1,0,3,3,7,3,3,15900,1,1,0,2025,3,9,1460000,2500000,1,3
202601,6,,아산온양,44200,14,0,0,0,1,0,1,21,03,1,1,없음,50,5,0,0,0,2,2,4,1,10,1,2,1,1,1,8,2,3,1,1,S,961,3,1,3,4,4,5,4,4,7300,1,1,0,4,4,5,4,4,7300,1,1,0,4,4,5,4,4,7300,1,1,0,2025,3,10,1790000,1150000,1,1
202601,6,,아산온양,44200,14,0,0,0,1,0,1,21,03,1,1,없음,50,5,0,0,0,2,2,4,1,10,1,2,1,1,1,8,2,3,2,6,0,999,3,1,4,1,1,1,4,3,4900,1,1,1,1,1,1,4,3,4900,1,1,1,1,1,1,4,3,4900,1,1,1,0,1,1,1790000,1150000,1,1
202601,6,,아산온양,44200,14,0,0,0,1,0,6,32,03,5,1,없음,50,4,0,0,0,2,1,3,1,10,1,1,1,1,1,8,2,3,1,1,I,561,3,1,3,4,4,5,5,4,8000,1,1,0,4,4,5,5,4,8000,1,1,0,4,4,5,5,4,8000,1,1,0,2025,3,10,1650000,3380000,1,2
202601,6,,아산온양,44200,14,0,0,0,1,0,2,21,03,6,2,없음,200,6,0,0,0,2,2,4,1,10,1,1,1,1,1,8,2,3,1,1,I,561,2,1,2,3,3,6,3,3,8700,1,1,0,3,3,6,3,3,8700,1,1,0,3,3,6,3,3,8700,1,1,0,2025,3,8,1700000,1540000,1,1
202601,6,,아산온양,44200,14,0,0,0,1,0,2,21,03,6,2,없음,200,6,0,0,0,2,2,4,1,10,1,1,1,1,1,8,2,3,1,1,S,961,2,1,2,3,3,6,3,3,8400,1,1,0,3,3,6,3,3,8400,1,1,0,3,3,6,3,3,8400,1,1,0,2025,4,9,1700000,1540000,1,1
202601,6,,아산온양,44200,14,0,0,0,1,0,2,21,03,6,2,없음,200,6,0,0,0,2,2,4,1,10,1,1,1,1,1,8,2,3,1,1,P,856,2,1,2,3,3,6,3,3,8100,1,1,0,3,3,6,3,3,8100,1,1,0,3,3,6,3,3,8100,1,1,0,2025,3,10,1700000,1540000,1,1
202601,6,,아산온양,44200,14,0,0,0,1,0,2,21,03,6,2,없음,200,6,0,0,0,2,2,4,1,10,1,1,1,1,1,8,2,3,2,2,0,999,3,1,3,1,1,1,7,1,4800,1,1,0,1,1,1,7,1,4800,1,1,0,1,1,1,7,1,4800,1,1,0,0,1,1,1700000,1540000,1,1
202601,6,,아산온양,44200,16,0,0,0,1,0,3,11,03,6,1,없음,20,4,0,0,0,1,1,2,1,10,1,1,1,1,1,8,1,3,1,1,S,961,1,1,1,3,3,7,3,3,10900,1,1,0,3,3,7,3,3,10900,1,1,0,3,3,7,3,3,10900,1,1,0,2024,3,7,1740000,2930000,1,3
202601,6,,아산온양,44200,16,0,0,0,1,0,3,11,03,6,1,없음,20,4,0,0,0,1,1,2,1,10,1,1,1,1,1,8,1,3,1,1,G,474,1,1,1,3,3,7,3,3,10800,1,1,0,3,3,7,3,3,10800,1,1,0,3,3,7,3,3,10800,1,1,0,2025,3,9,1740000,2930000,1,3
202601,6,,아산온양,44200,16,0,0,0,1,0,4,21,03,6,2,없음,100,6,0,1,0,2,2,4,1,10,1,1,1,1,1,8,2,3,1,6,0,999,2,1,2,1,1,1,3,3,4200,1,1,1,1,1,1,3,3,4200,1,1,1,1,1,1,3,3,4200,1,1,1,0,1,1,1880000,1710000,1,1
202601,6,,아산온양,44200,16,0,0,0,1,0,4,21,03,6,2,없음,100,6,0,1,0,2,2,4,1,10,1,1,1,1,1,8,2,3,1,1,S,961,2,1,2,3,3,4,3,3,4200,1,1,0,3,3,4,3,3,4200,1,1,0,3,3,4,3,3,4200,1,1,0,2025,3,7,1880000,1710000,1,1
202601,6,,아산온양,44200,16,0,0,0,1,0,4,21,03,6,2,없음,100,6,0,1,0,2,2,4,1,10,1,1,1,1,1,8,2,3,2,2,0,999,3,1,3,1,1,1,3,3,3400,1,1,0,1,1,1,3,3,3400,1,1,0,1,1,1,3,3,3400,1,1,0,0,1,1,1880000,1710000,1,1
202601,6,,아산온양,44200,14,0,0,0,1,0,3,21,03,6,2,없음,450,5,0,0,0,2,2,4,1,10,1,1,1,1,1,8,2,3,1,1,S,969,1,1,2,3,3,7,3,3,10300,1,1,0,3,3,7,3,3,10300,1,1,0,3,3,7,3,3,10300,1,1,0,2026,3,7,2050000,1780000,1,3
202601,6,,아산온양,44200,14,0,0,0,1,0,3,21,03,6,2,없음,450,5,0,0,0,2,2,4,1,10,1,1,1,1,1,8,2,3,1,1,C,181,2,1,2,4,3,7,4,3,12800,1,1,0,4,3,7,4,3,12800,1,1,0,4,3,7,4,3,12800,1,1,0,2025,3,8,2050000,1780000,1,3
202601,6,,아산온양,44200,14,0,0,0,1,0,3,21,03,6,2,없음,450,5,0,0,0,2,2,4,1,10,1,1,1,1,1,8,2,3,1,1,L,682,1,1,1,3,3,7,3,3,16600,1,1,0,3,3,7,3,3,16600,1,1,0,3,3,7,3,3,16600,1,1,0,2026,3,8,2050000,1780000,1,3
202601,6,,아산온양,44200,14,0,0,0,1,0,3,21,03,6,2,없음,450,5,0,0,0,2,2,4,1,10,1,1,1,1,1,8,2,3,2,2,0,999,3,1,3,1,1,1,4,4,9900,1,1,0,1,1,1,4,4,9900,1,1,0,1,1,1,4,4,9900,1,1,0,0,1,1,2050000,1780000,1,3
202601,6,,아산온양,44200,22,0,0,0,1,0,7,21,04,7,2,없음,50,5,0,0,0,1,2,4,1,10,1,1,1,1,1,8,1,3,1,1,I,561,2,1,2,1,4,6,4,4,10000,1,1,0,1,4,6,4,4,10000,1,1,0,1,4,6,4,4,10000,1,1,0,2025,3,8,3130000,2580000,1,2
202601,6,,아산온양,44200,22,0,0,0,1,0,7,21,04,7,2,없음,50,5,0,0,0,1,2,4,1,10,1,1,1,1,1,8,1,3,2,2,0,999,2,1,2,1,1,1,5,3,7400,1,1,0,1,1,1,5,3,7400,1,1,0,1,1,1,5,3,7400,1,1,0,0,1,1,3130000,2580000,1,2
202601,6,,아산온양,44200,22,0,0,0,1,0,6,31,04,6,1,없음,190,5,0,1,0,3,2,4,1,10,2,1,1,1,1,8,3,3,1,1,I,562,4,1,4,6,4,5,6,4,5700,1,1,0,6,4,5,6,4,5700,1,1,0,6,4,5,6,4,5700,1,1,0,2024,4,10,2310000,4210000,1,2
202601,6,,아산온양,44200,22,0,0,0,1,0,2,32,03,1,1,없음,10,5,0,0,0,2,2,4,1,10,2,1,1,1,1,8,2,3,1,1,I,561,2,1,2,3,3,7,4,3,10700,1,1,0,3,3,7,4,3,10700,1,1,0,3,3,7,4,3,10700,1,1,0,2024,3,10,2020000,3400000,1,2
202601,6,,아산온양,44200,22,0,0,0,1,0,2,32,03,1,1,없음,10,5,0,0,0,2,2,4,1,10,2,1,1,1,1,8,2,3,1,1,M,732,2,1,2,4,3,6,5,3,11900,1,1,0,4,3,6,5,3,11900,1,1,0,4,3,6,5,3,11900,1,1,0,2024,3,10,2020000,3400000,1,2
202601,6,,아산온양,44200,22,0,0,0,1,0,4,21,03,8,2,613,161,6,0,0,0,2,2,4,1,10,2,1,1,1,1,8,2,3,1,1,I,561,1,1,1,3,3,7,3,3,10000,1,1,0,3,3,7,3,3,10000,1,1,0,3,3,7,3,3,10000,1,1,0,2025,2,10,1980000,1380000,1,1
202601,6,,아산온양,44200,22,0,0,0,1,0,4,21,03,8,2,613,161,6,0,0,0,2,2,4,1,10,2,1,1,1,1,8,2,3,1,1,G,474,2,1,2,3,3,6,3,3,9100,1,1,0,3,3,6,3,3,9100,1,1,0,3,3,6,3,3,9100,1,1,0,2026,3,10,1980000,1380000,1,1
202601,6,,아산온양,44200,22,0,0,0,1,0,4,21,03,8,2,613,161,6,0,0,0,2,2,4,1,10,2,1,1,1,1,8,2,3,2,1,N,751,3,1,3,3,3,3,3,3,3600,1,1,0,3,3,3,3,3,3600,1,1,0,3,3,3,3,3,3600,1,1,0,2025,3,9,1980000,1380000,1,1
202601,6,,아산온양,44200,16,0,120,0,1,0,4,32,03,6,1,650,200,5,0,0,0,2,1,3,1,10,1,1,1,1,1,8,2,3,1,1,I,561,2,1,2,4,4,7,4,4,13400,1,1,0,4,4,7,4,4,13400,1,1,0,4,4,7,4,4,13400,1,1,0,2025,3,6,1780000,3010000,1,1
202601,6,,아산온양,44200,16,0,120,0,1,0,4,32,03,6,1,650,200,5,0,0,0,2,1,3,1,10,1,1,1,1,1,8,2,3,1,1,I,561,1,1,1,3,3,7,3,3,13700,1,1,0,3,3,7,3,3,13700,1,1,0,3,3,7,3,3,13700,1,1,0,2025,3,10,1780000,3010000,1,1
202601,6,,배방읍,44200,22,16,0,0,1,0,1,21,03,9,2,없음,50,5,0,0,0,1,2,4,1,10,2,1,1,1,1,8,1,3,1,1,L,682,1,1,1,3,3,7,3,3,12400,1,1,0,3,3,7,3,3,12400,1,1,0,3,3,7,3,3,12400,1,1,0,2025,3,8,3660000,2100000,1,1
202601,6,,배방읍,44200,22,16,0,0,1,0,1,21,03,9,2,없음,50,5,0,0,0,1,2,4,1,10,2,1,1,1,1,8,1,3,1,1,S,953,1,1,1,3,3,7,3,3,10000,1,1,0,3,3,7,3,3,10000,1,1,0,3,3,7,3,3,10000,1,1,0,2024,3,9,3660000,2100000,1,1
202601,6,,배방읍,44200,22,16,0,0,1,0,1,21,03,9,2,없음,50,5,0,0,0,1,2,4,1,10,2,1,1,1,1,8,1,3,2,1,0,999,2,1,2,3,3,4,3,3,4800,1,1,0,3,3,4,3,3,4800,1,1,0,3,3,4,3,3,4800,1,1,0,2025,3,8,3660000,2100000,1,1
202601,6,,배방읍,44200,22,0,0,0,1,0,1,21,04,7,2,없음,150,4,0,0,0,2,2,4,2,8,2,1,1,1,1,8,2,3,1,1,I,561,3,2,4,5,5,6,5,5,9800,1,1,0,5,5,6,5,5,9800,1,1,0,5,5,6,5,5,9800,1,1,0,2025,2,9,3460000,3330000,1,1
202601,6,,배방읍,44200,22,0,0,0,1,0,1,21,04,7,2,없음,150,4,0,0,0,2,2,4,2,8,2,1,1,1,1,8,2,3,1,1,I,561,1,1,2,3,4,7,3,4,14500,1,1,0,3,4,7,3,4,14500,1,1,0,3,4,7,3,4,14500,1,1,0,2024,3,10,3460000,3330000,1,1
202601,6,,배방읍,44200,22,0,0,0,1,0,1,21,04,7,2,없음,150,4,0,0,0,2,2,4,2,8,2,1,1,1,1,8,2,3,2,2,0,999,3,1,3,1,1,1,7,1,6100,1,1,0,1,1,1,7,1,6100,1,1,0,1,1,1,7,1,6100,1,1,0,0,1,1,3460000,3330000,1,1
202601,6,,배방읍,44200,16,0,0,0,1,0,7,32,04,7,1,300,50,4,1,0,0,2,2,4,1,10,2,1,1,1,1,8,2,3,1,1,I,561,4,1,4,6,6,8,6,5,18300,1,1,0,6,6,8,6,5,18300,1,1,0,6,6,8,6,5,18300,1,1,0,2025,3,10,2820000,4040000,1,1
202601,6,,배방읍,44200,16,0,0,0,1,0,7,32,04,7,1,300,50,4,1,0,0,2,2,4,1,10,2,1,1,1,1,8,2,3,1,1,I,561,4,1,4,6,5,7,6,5,18000,1,1,0,6,5,7,6,5,18000,1,1,0,6,5,7,6,5,18000,1,1,0,2025,3,8,2820000,4040000,1,1
202601,6,,배방읍,44200,16,0,0,0,1,0,8,31,04,7,1,300,50,5,0,1,0,3,2,4,1,10,1,2,1,1,1,8,3,3,1,6,0,999,4,1,4,1,1,1,6,6,23000,1,1,1,1,1,1,6,6,23000,1,1,1,1,1,1,6,6,23000,1,1,1,0,1,1,3080000,4410000,1,1
202601,6,,배방읍,44200,16,0,0,0,1,0,8,31,04,7,1,300,50,5,0,1,0,3,2,4,1,10,1,2,1,1,1,8,3,3,1,6,0,999,4,1,4,1,1,1,6,6,25500,1,1,1,1,1,1,6,6,25500,1,1,1,1,1,1,6,6,25500,1,1,1,0,1,1,3080000,4410000,1,1
202601,6,,배방읍,44200,16,0,0,0,1,0,8,32,04,7,1,없음,160,4,0,1,0,3,2,4,1,10,2,1,1,1,1,8,3,3,1,1,I,561,4,1,4,6,5,7,6,5,14400,1,1,0,6,5,7,6,5,14400,1,1,0,6,5,7,6,5,14400,1,1,0,2024,3,9,3180000,4560000,1,1
202601,6,,배방읍,44200,16,0,0,0,1,0,8,32,04,7,1,없음,160,4,0,1,0,3,2,4,1,10,2,1,1,1,1,8,3,3,1,1,G,476,4,1,4,6,5,7,6,5,14400,1,1,0,6,5,7,6,5,14400,1,1,0,6,5,7,6,5,14400,1,1,0,2024,3,9,3180000,4560000,1,1
202601,6,,배방읍,44200,14,0,0,0,1,0,6,21,03,6,2,없음,180,4,0,0,0,2,2,4,1,9,2,1,1,1,1,8,2,3,1,1,I,561,3,1,3,6,4,7,6,4,15800,1,1,0,6,4,7,6,4,15800,1,1,0,6,4,7,6,4,15800,1,1,0,2025,3,10,2420000,2370000,1,2
202601,6,,배방읍,44200,14,0,0,0,1,0,6,21,03,6,2,없음,180,4,0,0,0,2,2,4,1,9,2,1,1,1,1,8,2,3,2,1,L,682,2,1,3,4,3,5,4,3,7100,1,1,0,4,3,5,4,3,7100,1,1,0,4,3,5,4,3,7100,1,1,0,2025,3,8,2420000,2370000,1,2
202601,6,,배방읍,44200,14,0,0,0,1,0,6,32,04,6,1,없음,100,4,0,1,0,3,2,4,1,10,2,1,1,1,1,8,3,3,1,1,I,562,3,1,3,4,4,6,4,4,9900,1,1,0,4,4,6,4,4,9900,1,1,0,4,4,6,4,4,9900,1,1,0,2024,3,9,2290000,3870000,1,1
202601,6,,배방읍,44200,14,0,0,0,1,0,6,32,04,6,1,없음,100,4,0,1,0,3,2,4,1,10,2,1,1,1,1,8,3,3,1,1,I,561,3,1,3,4,4,7,4,4,10100,1,1,0,4,4,7,4,4,10100,1,1,0,4,4,7,4,4,10100,1,1,0,2024,3,9,2290000,3870000,1,1
202601,6,,배방읍,44200,14,0,0,0,1,0,6,32,04,6,1,없음,100,4,0,1,0,3,2,4,1,10,2,1,1,1,1,8,3,3,1,1,I,561,2,1,2,4,4,7,4,4,10800,1,1,0,4,4,7,4,4,10800,1,1,0,4,4,7,4,4,10800,1,1,0,2025,3,10,2290000,3870000,1,1
202601,6,,배방읍,44200,14,0,0,0,1,0,6,32,04,5,1,없음,130,1,0,1,0,3,2,4,1,10,2,1,1,1,1,8,3,3,1,1,I,561,4,1,4,6,6,7,6,6,12300,1,1,0,6,6,7,6,6,12300,1,1,0,6,6,7,6,6,12300,1,1,0,2025,3,10,2610000,5610000,1,1
202601,6,,배방읍,44200,14,0,0,0,1,0,6,32,03,6,1,없음,100,4,0,1,0,3,2,4,1,10,2,1,1,1,1,8,3,3,1,1,G,472,4,1,4,7,6,7,7,6,15500,1,1,0,7,6,7,7,6,15500,1,1,0,7,6,7,7,6,15500,1,1,0,2025,3,8,2060000,3520000,1,1
202601,6,,배방읍,44200,16,0,0,0,1,0,8,31,03,6,1,없음,100,2,0,1,0,3,2,4,1,10,2,1,1,1,1,8,3,3,1,2,L,681,2,1,2,1,1,1,5,4,25300,1,1,0,1,1,1,5,4,25300,1,1,0,1,1,1,5,4,25300,1,1,0,0,1,1,3010000,5040000,1,1
202601,6,,배방읍,44200,16,0,0,0,1,0,8,31,03,6,1,없음,100,2,0,1,0,3,2,4,1,10,2,1,1,1,1,8,3,3,1,1,G,478,3,1,3,6,6,9,6,6,31100,1,1,0,6,6,9,6,6,31100,1,1,0,6,6,9,6,6,31100,1,1,0,2025,3,10,3010000,5040000,1,1
202601,6,,배방읍,44200,16,0,0,0,1,0,8,31,03,6,1,없음,100,2,0,1,0,3,2,4,1,10,2,1,1,1,1,8,3,3,1,1,I,561,4,1,4,6,6,8,6,6,25400,1,1,0,6,6,8,6,6,25400,1,1,0,6,6,8,6,6,25400,1,1,0,2025,3,10,3010000,5040000,1,1
202601,6,,0.비상권,44200,32,0,0,0,1,0,8,32,03,7,1,없음,500,8,0,1,0,2,1,3,1,10,1,1,1,1,1,8,2,3,1,1,I,561,3,1,3,5,4,6,5,4,10300,1,1,0,5,4,6,5,4,10300,1,1,0,5,4,6,5,4,10300,1,1,0,2025,3,9,1170000,1780000,1,2
202601,6,,0.비상권,44200,42,0,0,0,1,0,8,32,03,2,1,없음,50,3,0,1,0,4,2,4,1,10,2,1,1,1,1,8,4,3,1,1,I,561,3,1,3,4,5,7,4,5,15400,1,1,0,4,5,7,4,5,15400,1,1,0,4,5,7,4,5,15400,1,1,0,2025,3,10,960000,4830000,1,2
202601,6,,0.비상권,44200,42,0,0,0,1,0,8,32,03,2,1,없음,50,3,0,1,0,4,2,4,1,10,2,1,1,1,1,8,4,3,1,1,L,682,3,1,3,4,4,7,4,5,15400,1,1,0,4,4,7,4,5,15400,1,1,0,4,4,7,4,5,15400,1,1,0,2024,3,10,960000,4830000,1,2
202601,6,,0.비상권,44200,14,0,0,0,1,0,8,31,03,5,1,없음,200,4,0,1,0,4,2,4,1,9,2,1,1,1,1,8,4,3,1,1,G,474,3,1,3,4,5,7,4,4,11000,1,1,0,4,5,7,4,4,11000,1,1,0,4,5,7,4,4,11000,1,1,0,2025,3,9,1790000,3670000,1,1
202601,6,,0.비상권,44200,14,0,0,0,1,0,8,31,03,5,1,없음,200,4,0,1,0,4,2,4,1,9,2,1,1,1,1,8,4,3,1,1,I,562,4,1,4,5,5,7,5,5,10400,1,1,0,5,5,7,5,5,10400,1,1,0,5,5,7,5,5,10400,1,1,0,2025,3,9,1790000,3670000,1,1
202601,6,,0.비상권,44200,14,0,0,0,1,0,8,31,03,5,1,없음,200,4,0,1,0,4,2,4,1,9,2,1,1,1,1,8,4,3,1,1,I,551,3,1,3,4,4,7,4,4,10900,1,1,0,4,4,7,4,4,10900,1,1,0,4,4,7,4,4,10900,1,1,0,2024,3,10,1790000,3670000,1,1
202601,6,,0.비상권,44200,14,0,0,0,1,0,6,21,03,6,2,없음,180,4,0,0,0,2,2,3,1,8,2,1,1,1,1,8,2,3,1,1,I,561,2,1,2,4,4,7,4,3,9700,1,1,0,4,4,7,4,3,9700,1,1,0,4,4,7,4,3,9700,1,1,0,2025,3,10,2010000,1930000,1,2
202601,6,,0.비상권,44200,14,0,0,0,1,0,6,21,03,6,2,없음,180,4,0,0,0,2,2,3,1,8,2,1,1,1,1,8,2,3,2,1,0,999,2,1,2,3,3,6,3,3,9000,1,1,0,3,3,6,3,3,9000,1,1,0,3,3,6,3,3,9000,1,1,0,2024,3,10,2010000,1930000,1,2
202601,6,,0.비상권,44200,13,0,0,0,1,0,4,32,04,4,1,없음,250,5,0,1,0,3,2,4,1,9,2,1,1,1,1,8,3,3,1,1,L,682,3,1,4,4,4,5,4,4,6300,1,1,0,4,4,5,4,4,6300,1,1,0,4,4,5,4,4,6300,1,1,0,2025,3,7,1090000,2880000,1,1
202601,6,,0.비상권,44200,13,0,0,0,1,0,4,32,04,4,1,없음,250,5,0,1,0,3,2,4,1,9,2,1,1,1,1,8,3,3,1,6,0,999,1,1,1,1,1,1,3,3,18500,1,1,1,1,1,1,3,3,18500,1,1,1,1,1,1,3,3,18500,1,1,1,0,1,1,1090000,2880000,1,1
202601,6,,0.비상권,44200,13,0,0,0,1,0,4,32,04,4,1,없음,250,5,0,1,0,3,2,4,1,9,2,1,1,1,1,8,3,3,1,1,S,969,3,1,3,4,3,5,4,3,6300,1,1,0,4,3,5,4,3,6300,1,1,0,4,3,5,4,3,6300,1,1,0,2025,3,7,1090000,2880000,1,1
202601,6,,0.비상권,44200,13,0,0,0,1,0,5,32,04,4,1,없음,230,6,0,0,0,2,1,3,1,10,1,1,1,1,1,8,2,3,1,1,E,381,2,1,2,3,3,7,3,3,12500,1,1,0,3,3,7,3,3,12500,1,1,0,3,3,7,3,3,12500,1,1,0,2025,3,10,970000,2640000,1,2
202601,6,,0.비상권,44200,13,0,0,0,1,0,5,32,04,4,1,없음,230,6,0,0,0,2,1,3,1,10,1,1,1,1,1,8,2,3,1,1,L,682,2,1,2,3,3,7,3,3,12900,1,1,0,3,3,7,3,3,12900,1,1,0,3,3,7,3,3,12900,1,1,0,2024,3,10,970000,2640000,1,2
202601,6,,0.비상권,44200,22,0,120,0,1,0,1,11,03,3,1,없음,180,6,0,0,0,2,1,2,1,10,1,1,1,1,1,8,2,2,1,1,I,562,2,1,2,6,3,5,6,3,6100,1,1,0,6,3,5,6,3,6100,1,1,0,6,3,5,6,3,6200,1,1,0,2025,2,9,640000,2930000,1,1
202601,6,,0.비상권,44200,64,0,0,0,1,0,5,32,04,3,1,없음,700,8,0,0,0,2,1,3,1,10,1,1,1,1,1,8,2,3,1,1,D,351,3,1,3,5,3,4,5,3,5600,1,1,0,5,3,4,5,3,5600,1,1,0,5,3,4,6,3,5700,1,1,0,2024,3,7,260000,1180000,1,1
202601,6,,서산터미널,44210,22,0,120,300,1,0,3,11,03,5,1,없음,120,3,0,0,0,2,2,4,1,10,1,1,1,1,1,8,2,3,1,6,0,999,2,1,2,1,1,1,5,5,22100,1,1,1,1,1,1,5,5,22100,1,1,1,1,1,1,5,5,22100,1,1,1,0,1,1,2590000,4220000,1,2
202601,6,,서산터미널,44210,22,0,120,300,1,0,3,11,03,5,1,없음,120,3,0,0,0,2,2,4,1,10,1,1,1,1,1,8,2,3,1,1,I,561,2,1,2,5,4,7,5,5,20700,1,1,0,5,4,7,5,5,20700,1,1,0,5,4,7,5,5,20700,1,1,0,2026,3,10,2590000,4220000,1,2
202601,6,,서산터미널,44210,22,0,120,300,1,0,3,11,03,5,1,없음,120,3,0,0,0,2,2,4,1,10,1,1,1,1,1,8,2,3,1,2,G,466,2,1,2,1,1,1,6,5,20000,1,1,0,1,1,1,6,5,20000,1,1,0,1,1,1,6,5,20000,1,1,0,0,1,1,2590000,4220000,1,2
202601,6,,서산터미널,44210,14,0,0,0,1,0,1,21,03,6,2,없음,155,4,0,0,0,2,2,4,3,7,2,1,1,1,1,8,2,3,1,1,G,475,3,2,4,4,4,6,4,4,8500,1,1,0,4,4,6,4,4,8500,1,1,0,4,4,6,4,4,8500,1,1,0,2024,3,6,1860000,1580000,1,1
202601,6,,서산터미널,44210,14,0,0,0,1,0,1,21,03,6,2,없음,155,4,0,0,0,2,2,4,3,7,2,1,1,1,1,8,2,3,2,1,Q,872,3,2,4,4,3,4,4,3,4800,1,1,0,4,3,4,4,3,4800,1,1,0,4,3,4,4,3,4800,1,1,0,2025,2,10,1860000,1580000,1,1
202601,6,,서산터미널,44210,22,0,300,0,1,0,7,21,03,8,2,없음,150,6,0,0,0,2,2,4,1,9,2,1,1,1,1,8,2,3,1,1,I,562,2,1,2,4,4,7,4,4,14300,1,1,0,4,4,7,4,4,14300,1,1,0,4,4,7,4,4,14300,1,1,0,2025,3,8,3440000,2320000,1,1
202601,6,,서산터미널,44210,22,0,300,0,1,0,7,21,03,8,2,없음,150,6,0,0,0,2,2,4,1,9,2,1,1,1,1,8,2,3,1,1,S,961,1,1,2,3,3,7,3,3,14500,1,1,0,3,3,7,3,3,14500,1,1,0,3,3,7,3,3,14500,1,1,0,2025,3,8,3440000,2320000,1,1
202601,6,,서산터미널,44210,22,0,300,0,1,0,7,21,03,8,2,없음,150,6,0,0,0,2,2,4,1,9,2,1,1,1,1,8,2,3,2,1,S,969,3,1,3,4,3,4,4,3,6200,1,1,0,4,3,4,4,3,6200,1,1,0,4,3,4,4,3,6200,1,1,0,2025,3,9,3440000,2320000,1,1
202601,6,,0.비상권,44210,14,0,0,0,1,0,3,32,03,5,1,없음,75,7,0,0,0,3,2,4,1,10,2,1,1,1,1,8,3,3,1,2,I,561,3,1,3,1,1,1,3,3,4600,1,1,0,1,1,1,3,3,4600,1,1,0,1,1,1,3,3,4600,1,1,0,0,1,1,1160000,2590000,1,1
202601,6,,0.비상권,44210,14,0,0,0,1,0,3,32,03,5,1,없음,75,7,0,0,0,3,2,4,1,10,2,1,1,1,1,8,3,3,1,1,I,562,3,1,3,5,3,6,5,3,8500,1,1,0,5,3,6,5,3,8500,1,1,0,5,3,6,5,3,8500,1,1,0,2025,5,10,1160000,2590000,1,1
202601,6,,0.비상권,44210,14,0,0,0,1,0,3,32,03,5,1,없음,75,7,0,0,0,3,2,4,1,10,2,1,1,1,1,8,3,3,1,1,S,949,3,1,3,7,1,4,4,3,4800,1,1,0,7,1,4,4,3,4800,1,1,0,7,1,4,4,3,4800,1,1,0,2024,3,10,1160000,2590000,1,1
202601,6,,서산터미널,44210,14,0,0,0,1,0,6,32,03,6,1,없음,384,6,0,0,0,3,2,4,1,10,2,1,1,1,1,8,3,3,1,1,I,561,4,1,4,5,4,6,5,4,9700,1,1,0,5,4,6,5,4,9700,1,1,0,5,4,6,5,4,9700,1,1,0,2024,3,9,1350000,2360000,1,1
202601,6,,서산터미널,44210,14,0,0,0,1,0,6,32,03,6,1,없음,384,6,0,0,0,3,2,4,1,10,2,1,1,1,1,8,3,3,1,2,S,961,3,1,3,1,1,1,5,4,13100,1,1,0,1,1,1,5,4,13100,1,1,0,1,1,1,5,4,13100,1,1,0,0,1,1,1350000,2360000,1,1
202601,6,,서산터미널,44210,14,0,0,0,1,0,5,21,04,6,2,없음,500,4,0,1,0,2,2,4,1,9,2,2,1,1,1,8,2,3,1,1,I,561,4,1,4,5,4,5,5,5,8800,1,1,0,5,4,5,5,5,8800,1,1,0,5,4,5,5,5,8800,1,1,0,2024,3,9,1960000,1660000,1,1
202601,6,,서산터미널,44210,14,0,0,0,1,0,5,21,04,6,2,없음,500,4,0,1,0,2,2,4,1,9,2,2,1,1,1,8,2,3,2,6,0,999,4,1,4,1,1,1,5,4,5100,1,1,1,1,1,1,5,4,5100,1,1,1,1,1,1,5,4,5100,1,1,1,0,1,1,1960000,1660000,1,1
202601,6,,서산터미널,44210,16,0,0,0,1,0,4,32,04,5,1,없음,100,6,0,0,0,3,2,4,1,10,2,1,1,1,1,8,3,3,1,1,I,561,4,1,4,4,4,4,4,4,7800,1,1,0,4,4,4,4,4,7800,1,1,0,4,4,4,4,4,7800,1,1,0,2024,3,10,1230000,2480000,1,1
202601,6,,서산터미널,44210,16,0,0,0,1,0,4,32,04,5,1,없음,100,6,0,0,0,3,2,4,1,10,2,1,1,1,1,8,3,3,1,1,S,961,1,1,1,3,3,7,4,3,12600,1,1,0,3,3,7,4,3,12600,1,1,0,3,3,7,4,3,12600,1,1,0,2024,3,9,1230000,2480000,1,1
202601,6,,서산터미널,44210,16,0,0,0,1,0,4,32,04,5,1,없음,100,6,0,0,0,3,2,4,1,10,2,1,1,1,1,8,3,3,1,1,I,562,1,1,1,4,3,7,4,3,14300,1,1,0,4,3,7,4,3,14300,1,1,0,4,3,7,4,3,14300,1,1,0,2024,3,9,1230000,2480000,1,1
202601,6,,서산터미널,44210,16,0,0,0,1,0,5,32,04,3,1,없음,400,6,0,0,0,3,2,3,1,9,2,1,1,1,1,8,3,3,1,1,I,561,3,1,4,5,5,7,5,5,15700,1,1,0,5,5,7,5,5,15700,1,1,0,5,5,7,5,5,15700,1,1,0,2024,5,10,1140000,5640000,1,2
202601,6,,서산터미널,44210,22,0,300,0,1,0,2,11,03,1,1,없음,260,6,0,0,0,1,1,3,1,9,1,1,1,1,1,8,1,3,1,1,S,961,2,1,2,5,3,6,5,3,10000,1,1,0,5,3,6,5,3,10000,1,1,0,5,3,6,5,3,10000,1,1,0,2025,3,3,2740000,1880000,1,1
202601,6,,서산터미널,44210,22,0,300,0,1,0,2,11,03,1,1,없음,260,6,0,0,0,1,1,3,1,9,1,1,1,1,1,8,1,3,2,6,0,999,2,1,2,1,1,1,4,3,5700,1,1,1,1,1,1,4,3,5700,1,1,1,1,1,1,4,3,5700,1,1,1,0,1,1,2740000,1880000,1,1
202601,6,,서산터미널,44210,22,0,300,0,1,0,1,12,03,1,1,없음,20,9,0,0,0,2,1,3,1,10,1,1,1,1,1,28,2,3,1,1,G,474,3,1,3,5,4,6,6,4,13000,1,1,0,5,4,6,6,4,13000,1,1,0,5,4,6,6,4,13000,1,1,0,2025,3,5,2130000,3430000,1,1
202601,6,,서산터미널,44210,16,0,0,0,1,0,6,32,04,6,1,없음,60,6,0,0,0,2,1,3,1,10,1,1,1,1,1,8,2,3,1,1,I,561,3,1,3,6,4,7,6,4,12900,1,1,0,6,4,7,6,4,12900,1,1,0,6,4,7,6,4,12900,1,1,0,2024,3,7,1760000,3410000,1,1
202601,6,,서산터미널,44210,14,0,0,0,1,0,2,21,03,6,2,없음,100,4,0,0,0,2,2,4,1,10,1,1,1,1,1,8,2,3,1,6,0,999,2,1,3,1,1,1,5,5,22700,1,1,1,1,1,1,5,5,22700,1,1,1,1,1,1,5,5,22700,1,1,1,0,1,1,2720000,2360000,1,2
202601,6,,서산터미널,44210,14,0,0,0,1,0,2,21,03,6,2,없음,100,4,0,0,0,2,2,4,1,10,1,1,1,1,1,8,2,3,2,2,0,999,2,1,3,1,1,1,4,3,5400,1,1,0,1,1,1,4,3,5400,1,1,0,1,1,1,4,3,5400,1,1,0,0,1,1,2720000,2360000,1,2
202601,6,,서산터미널,44210,22,0,300,0,1,0,1,21,03,1,1,없음,100,4,0,0,0,3,2,4,1,10,2,1,1,1,1,8,3,3,1,1,I,562,2,1,3,6,5,8,6,5,24600,1,1,0,6,5,8,6,5,24600,1,1,0,6,5,8,6,5,24600,1,1,0,2025,3,8,2800000,3330000,1,2
202601,6,,서산터미널,44210,22,0,300,0,1,0,1,21,03,1,1,없음,100,4,0,0,0,3,2,4,1,10,2,1,1,1,1,8,3,3,1,1,S,961,1,1,2,4,4,8,4,4,27400,1,1,0,4,4,8,4,4,27400,1,1,0,4,4,8,4,4,27400,1,1,0,2024,3,9,2800000,3330000,1,2
202601,6,,서산터미널,44210,22,0,300,0,1,0,1,21,03,1,1,없음,100,4,0,0,0,3,2,4,1,10,2,1,1,1,1,8,3,3,1,1,I,561,1,1,2,4,4,8,4,4,24700,1,1,0,4,4,8,4,4,24700,1,1,0,4,4,8,4,4,24700,1,1,0,2024,3,10,2800000,3330000,1,2
202601,6,,서산터미널,44210,22,0,300,0,1,0,1,21,03,1,1,없음,100,4,0,0,0,3,2,4,1,10,2,1,1,1,1,8,3,3,2,1,Q,862,4,1,4,5,5,7,5,5,12000,1,1,0,5,5,7,5,5,12000,1,1,0,5,5,7,5,5,12000,1,1,0,2026,3,6,2800000,3330000,1,2
202601,6,,서산터미널,44210,22,0,300,0,1,0,1,21,04,1,1,없음,100,4,0,0,0,1,1,2,1,9,1,1,1,1,1,8,1,3,1,1,G,474,1,1,2,6,4,8,6,4,21200,1,1,0,6,4,8,6,4,21200,1,1,0,6,4,8,6,4,21200,1,1,0,2026,3,9,3270000,2380000,1,2
202601,6,,서산터미널,44210,22,0,300,0,1,0,1,21,04,1,1,없음,100,4,0,0,0,1,1,2,1,9,1,1,1,1,1,8,1,3,2,1,Q,872,1,1,2,3,3,6,3,3,8400,1,1,0,3,3,6,3,3,8400,1,1,0,3,3,6,3,3,8400,1,1,0,2024,3,9,3270000,2380000,1,2
202601,6,,서산터미널,44210,22,0,300,0,1,0,5,12,03,7,1,없음,200,4,0,1,0,3,2,4,1,10,2,1,1,1,1,8,3,3,1,1,G,474,3,1,3,6,4,7,6,4,14100,1,1,0,6,4,7,6,4,14100,1,1,0,6,4,7,6,4,14100,1,1,0,2025,3,6,2590000,4270000,1,3
202601,6,,서산터미널,44210,22,0,300,0,1,0,5,12,03,7,1,없음,200,4,0,1,0,3,2,4,1,10,2,1,1,1,1,8,3,3,1,1,G,474,4,1,4,6,6,7,6,6,15900,1,1,0,6,6,7,6,6,15900,1,1,0,6,6,7,6,6,15900,1,1,0,2024,3,10,2590000,4270000,1,3
202601,6,,서산터미널,44210,22,0,300,0,1,0,1,51,03,1,1,없음,100,8,0,0,0,1,1,3,1,9,1,1,1,1,1,8,1,3,1,1,G,474,2,1,2,4,4,8,4,4,20300,1,1,0,4,4,8,4,4,20300,1,1,0,4,4,8,4,4,20300,1,1,0,2025,3,10,3250000,2180000,1,3
202601,6,,서산터미널,44210,22,0,300,0,1,0,1,51,03,1,1,없음,100,8,0,0,0,1,1,3,1,9,1,1,1,1,1,8,1,3,2,1,G,474,2,1,2,3,3,7,3,3,11500,1,1,0,3,3,7,3,3,11500,1,1,0,3,3,7,3,3,11500,1,1,0,2025,3,10,3250000,2180000,1,3
202601,6,,서산터미널,44210,22,0,300,0,1,0,5,32,03,8,1,없음,80,8,0,0,0,2,2,4,1,10,1,1,1,1,1,8,2,3,1,2,L,682,2,1,2,1,1,1,6,4,14800,1,1,0,1,1,1,6,4,14800,1,1,0,1,1,1,6,4,14800,1,1,0,0,1,1,2090000,2940000,1,2
202601,6,,서산터미널,44210,22,0,300,0,1,0,5,32,03,8,1,없음,80,8,0,0,0,2,2,4,1,10,1,1,1,1,1,8,2,3,1,1,S,961,2,1,2,6,4,7,6,4,15300,1,1,0,6,4,7,6,4,15300,1,1,0,6,4,7,6,4,15300,1,1,0,2024,3,7,2090000,2940000,1,2
202601,6,,서산터미널,44210,22,0,300,0,1,0,7,32,03,7,1,없음,208,8,0,0,0,2,1,2,1,10,1,1,1,1,1,8,2,3,1,1,I,561,2,1,3,4,3,6,4,4,9200,1,1,0,4,3,6,4,4,9200,1,1,0,4,3,6,4,4,9200,1,1,0,2024,3,10,2020000,3310000,1,2
202601,6,,서산터미널,44210,16,0,0,0,1,0,5,32,04,6,1,없음,300,6,0,0,0,1,1,2,1,10,1,1,1,1,1,8,1,3,1,1,G,474,2,1,2,4,4,7,4,4,12000,1,1,0,4,4,7,4,4,12000,1,1,0,4,4,7,4,4,12000,1,1,0,2025,4,8,1830000,3170000,1,1
202601,6,,0.비상권,44210,43,0,0,0,1,0,5,32,03,2,1,없음,200,1,0,0,0,3,2,3,1,10,2,1,1,1,1,8,3,3,1,1,S,952,2,1,2,6,5,9,6,5,27400,1,1,0,6,5,9,6,5,27400,1,1,0,6,5,9,6,5,27400,1,1,0,2023,5,8,1120000,5820000,1,3
202601,6,,0.비상권,44210,43,0,0,0,1,0,5,32,03,2,1,없음,200,1,0,0,0,3,2,3,1,10,2,1,1,1,1,8,3,3,1,1,S,952,2,1,2,6,5,9,5,5,30700,1,1,0,6,5,9,5,5,30700,1,1,0,6,5,9,5,5,30700,1,1,0,2025,5,10,1120000,5820000,1,3
202601,6,,0.비상권,44210,14,0,0,0,1,0,8,32,03,1,1,없음,400,6,0,0,0,2,1,3,1,10,1,1,1,1,1,8,2,3,1,1,S,969,3,1,3,5,5,7,5,5,13500,1,1,0,5,5,7,5,5,13500,1,1,0,5,5,7,5,5,13500,1,1,0,2025,3,10,1950000,4000000,1,1
202601,6,,논산시외버스터미널,44230,14,0,0,0,1,0,1,11,04,1,1,없음,34,6,0,0,0,2,2,4,1,10,2,1,1,1,1,8,2,3,1,6,0,999,1,1,1,1,1,1,3,3,7800,1,1,1,1,1,1,3,3,7800,1,1,1,1,1,1,3,3,7800,1,1,1,0,1,1,1160000,980000,1,1
202601,6,,논산시외버스터미널,44230,14,0,0,0,1,0,1,11,04,1,1,없음,34,6,0,0,0,2,2,4,1,10,2,1,1,1,1,8,2,3,1,2,S,961,1,1,1,1,1,1,3,3,11000,1,1,0,1,1,1,3,3,11000,1,1,0,1,1,1,3,3,11000,1,1,0,0,1,1,1160000,980000,1,1
202601,6,,논산시외버스터미널,44230,14,0,0,0,1,0,1,11,04,1,1,없음,34,6,0,0,0,2,2,4,1,10,2,1,1,1,1,8,2,3,1,1,C,151,1,1,1,3,3,6,3,3,7800,1,1,0,3,3,6,3,3,7800,1,1,0,3,3,6,3,3,7800,1,1,0,2024,3,3,1160000,980000,1,1
202601,6,,논산시외버스터미널,44230,14,0,0,0,1,0,1,11,04,1,1,없음,34,6,0,0,0,2,2,4,1,10,2,1,1,1,1,8,2,3,2,1,0,999,3,1,3,3,3,3,3,3,2100,2,1,0,3,3,3,3,3,2100,2,1,0,3,3,3,3,3,2100,2,1,0,2024,3,10,1160000,980000,1,1
202601,6,,논산시외버스터미널,44230,22,0,0,0,1,0,1,51,03,1,1,없음,54,6,0,0,0,2,1,3,1,10,1,1,1,1,1,8,2,3,1,3,0,999,1,1,1,1,1,1,2,2,4000,1,1,0,1,1,1,2,2,4000,1,1,0,1,1,1,2,2,4000,1,1,0,2025,3,10,1900000,2800000,1,1
202601,6,,논산시외버스터미널,44230,22,0,0,0,1,0,1,51,03,1,1,없음,54,6,0,0,0,2,1,3,1,10,1,1,1,1,1,8,2,3,1,1,C,181,2,1,2,4,3,4,4,3,8700,1,1,0,4,3,4,4,3,8700,1,1,0,4,3,4,4,3,8700,1,1,0,2025,3,10,1900000,2800000,1,1
202601,6,,논산시외버스터미널,44230,22,0,0,0,1,0,7,11,04,8,1,없음,46,6,0,0,0,2,1,3,1,10,1,1,1,1,1,8,2,3,1,1,G,474,3,1,3,5,4,7,5,4,10400,1,1,0,5,4,7,5,4,10400,1,1,0,5,4,7,5,4,10400,1,1,0,2025,3,10,2620000,3390000,1,1
202601,6,,논산시외버스터미널,44230,22,0,0,0,1,0,7,11,03,8,1,없음,50,6,0,0,0,1,1,2,1,10,1,1,1,1,1,8,1,3,1,1,F,424,2,1,3,5,4,7,6,4,11500,1,1,0,5,4,7,6,4,11500,1,1,0,5,4,7,6,4,11500,1,1,0,2026,3,9,2570000,3480000,1,1
202601,6,,논산시외버스터미널,44230,22,0,0,0,1,0,1,21,03,1,1,없음,50,10,0,0,0,1,2,4,1,10,1,1,1,1,1,8,1,3,1,1,S,961,2,1,2,4,3,6,4,3,8500,1,1,0,4,3,6,4,3,8500,1,1,0,4,3,6,4,3,8500,1,1,0,2025,3,8,2660000,1790000,1,1
202601,6,,논산시외버스터미널,44230,22,0,0,0,1,0,1,21,03,1,1,없음,50,10,0,0,0,1,2,4,1,10,1,1,1,1,1,8,1,3,2,2,0,999,2,1,2,1,1,1,3,3,2900,1,1,0,1,1,1,3,3,2900,1,1,0,1,1,1,3,3,2900,1,1,0,0,1,1,2660000,1790000,1,1
202601,6,,논산시외버스터미널,44230,22,0,0,0,1,0,1,51,03,1,1,없음,50,7,0,0,0,1,2,4,1,10,2,1,1,1,1,8,1,3,1,1,S,961,2,1,2,3,3,4,3,3,5900,1,1,0,3,3,4,3,3,5900,1,1,0,3,3,4,3,3,5900,1,1,0,2024,3,9,1620000,540000,1,1
202601,6,,논산시외버스터미널,44230,22,0,0,0,1,0,1,51,03,1,1,없음,50,7,0,0,0,1,2,4,1,10,2,1,1,1,1,8,1,3,2,1,S,961,2,1,2,3,2,2,3,2,1900,1,1,0,3,2,2,3,2,1900,1,1,0,3,2,2,3,2,1900,1,1,0,2024,3,9,1620000,540000,1,1
202601,6,,논산시외버스터미널,44230,22,0,0,0,1,0,1,51,03,1,1,없음,10,4,0,0,0,1,1,2,1,10,1,1,1,1,1,8,1,3,1,1,I,561,2,1,2,5,5,9,4,5,33100,1,1,0,5,5,9,4,5,33100,1,1,0,5,5,9,4,5,33100,1,1,0,2025,3,10,4830000,10110000,1,2
202601,6,,논산시외버스터미널,44230,22,0,0,0,1,0,4,32,03,7,1,없음,125,6,0,0,0,1,1,2,1,10,1,1,1,1,1,8,1,3,1,1,G,461,2,1,2,3,3,5,3,3,7600,1,1,0,3,3,5,3,3,7600,1,1,0,3,3,5,3,3,7600,1,1,0,2024,3,8,1860000,2740000,1,1
202601,6,,논산시외버스터미널,44230,22,0,0,0,1,0,1,51,03,1,1,없음,100,7,0,0,0,2,1,2,1,10,1,1,1,1,1,8,2,3,1,1,S,961,2,1,2,3,3,7,3,3,9200,1,1,0,3,3,7,3,3,9200,1,1,0,3,3,7,3,3,9200,1,1,0,2025,3,10,1440000,3480000,1,2
202601,6,,논산시외버스터미널,44230,22,0,0,0,1,0,4,32,03,8,1,없음,126,7,0,1,0,2,2,4,1,10,2,1,1,1,1,8,2,3,1,1,I,562,2,1,3,4,3,5,4,3,6600,1,1,0,4,3,5,4,3,6600,1,1,0,4,3,5,4,3,6600,1,1,0,2026,3,7,1860000,2710000,1,1
202601,6,,논산시외버스터미널,44230,22,0,0,0,1,0,4,32,03,8,1,없음,126,7,0,1,0,2,2,4,1,10,2,1,1,1,1,8,2,3,1,1,S,949,4,1,4,5,4,4,5,4,4700,1,1,0,5,4,4,5,4,4700,1,1,0,5,4,4,5,4,4700,1,1,0,2026,3,10,1860000,2710000,1,1
202601,6,,논산시외버스터미널,44230,16,0,0,0,1,0,4,32,03,5,1,없음,80,4,0,0,0,3,2,4,1,10,2,1,1,1,1,8,3,3,1,1,G,474,4,1,4,4,4,3,5,4,3400,1,1,0,4,4,3,5,4,3400,1,1,0,4,4,3,5,4,3400,1,1,0,2025,2,9,1030000,2360000,1,1
202601,6,,논산시외버스터미널,44230,16,0,0,0,1,0,1,51,04,1,1,없음,15,6,0,0,0,1,1,2,1,10,1,1,1,1,1,8,1,3,1,1,G,474,1,1,1,3,3,7,3,3,14100,1,1,0,3,3,7,3,3,14100,1,1,0,3,3,7,3,3,14100,1,1,0,2024,3,8,1590000,2610000,1,1
202601,6,,논산시외버스터미널,44230,16,0,0,0,1,0,1,51,04,1,1,없음,15,6,0,0,0,1,1,2,1,10,1,1,1,1,1,8,1,3,1,1,I,561,1,1,1,3,3,7,3,3,15800,1,1,0,3,3,7,3,3,15800,1,1,0,3,3,7,3,3,15800,1,1,0,2025,3,8,1590000,2610000,1,1
202601,6,,논산시외버스터미널,44230,22,0,0,0,1,0,1,12,03,7,1,없음,66,11,0,0,0,2,1,3,1,10,1,1,1,1,1,8,2,3,1,1,G,474,1,1,1,5,4,9,5,4,38100,1,1,0,5,4,9,5,4,38100,1,1,0,5,4,9,5,4,38100,1,1,0,2026,2,7,3460000,5560000,1,3
202601,6,,논산시외버스터미널,44230,22,0,0,0,1,0,1,12,03,7,1,없음,66,11,0,0,0,2,1,3,1,10,1,1,1,1,1,8,2,3,1,1,G,474,1,1,1,4,4,8,5,4,37700,1,1,0,4,4,8,5,4,37700,1,1,0,4,4,8,5,4,37700,1,1,0,2024,3,10,3460000,5560000,1,3
202601,6,,논산시외버스터미널,44230,22,0,0,0,1,0,1,12,03,7,1,없음,66,11,0,0,0,2,1,3,1,10,1,1,1,1,1,8,2,3,1,1,G,474,1,1,1,4,4,9,5,4,37800,1,1,0,4,4,9,5,4,37800,1,1,0,4,4,9,5,4,37800,1,1,0,2025,3,10,3460000,5560000,1,3
202601,6,,논산시외버스터미널,44230,22,0,0,0,1,0,1,12,03,7,1,없음,66,11,0,0,0,2,1,3,1,10,1,1,1,1,1,8,2,3,1,1,I,561,1,1,1,6,5,10,6,5,52300,1,1,0,6,5,10,6,5,52300,1,1,0,6,5,10,6,5,52300,1,1,0,2025,2,8,3460000,5560000,1,3
202601,6,,논산시외버스터미널,44230,22,0,0,0,1,0,1,51,03,1,1,없음,77,10,0,0,0,1,1,3,1,10,1,1,1,1,1,8,1,3,1,1,G,473,1,1,1,4,4,8,5,4,28800,1,1,0,4,4,8,5,4,28800,1,1,0,4,4,8,5,4,28800,1,1,0,2025,2,9,4220000,4580000,1,3
202601,6,,논산시외버스터미널,44230,22,0,0,0,1,0,1,51,03,1,1,없음,77,10,0,0,0,1,1,3,1,10,1,1,1,1,1,8,1,3,1,1,G,474,2,1,2,6,5,8,6,5,29100,1,1,0,6,5,8,6,5,29100,1,1,0,6,5,8,6,5,29100,1,1,0,2026,4,9,4220000,4580000,1,3
202601,6,,논산시외버스터미널,44230,16,0,0,0,1,0,7,31,03,7,2,없음,23,5,0,0,0,2,2,4,1,9,1,1,1,1,1,8,2,3,1,6,0,999,2,1,3,1,1,1,5,4,8700,1,1,1,1,1,1,5,4,8700,1,1,1,1,1,1,5,4,8700,1,1,1,0,1,1,2500000,1910000,1,1
202601,6,,논산시외버스터미널,44230,16,0,0,0,1,0,7,31,03,7,2,없음,23,5,0,0,0,2,2,4,1,9,1,1,1,1,1,8,2,3,2,1,G,464,2,1,3,3,3,3,3,3,4400,1,1,0,3,3,3,3,3,4400,1,1,0,3,3,3,3,3,4400,1,1,0,2025,3,10,2500000,1910000,1,1
202601,6,,논산시외버스터미널,44230,22,0,0,0,1,0,1,51,04,1,1,없음,32,6,0,0,0,1,1,1,1,10,1,1,1,1,1,8,1,3,1,1,I,562,1,1,1,3,3,8,3,3,27900,1,1,0,3,3,8,3,3,27900,1,1,0,3,3,8,3,3,27900,1,1,0,2026,2,9,1620000,5330000,1,3
202601,6,,논산시외버스터미널,44230,22,0,0,0,1,0,4,32,03,8,2,없음,54,6,0,0,0,1,1,3,1,10,1,1,1,1,1,8,1,3,1,1,G,474,2,1,2,4,3,6,4,3,9600,1,1,0,4,3,6,4,3,9600,1,1,0,4,3,6,4,3,9600,1,1,0,2025,4,9,2830000,1790000,1,1
202601,6,,논산시외버스터미널,44230,22,0,0,0,1,0,4,32,03,8,2,없음,54,6,0,0,0,1,1,3,1,10,1,1,1,1,1,8,1,3,2,6,0,999,2,1,2,1,1,1,3,3,4600,1,1,1,1,1,1,3,3,4600,1,1,1,1,1,1,3,3,4600,1,1,1,0,1,1,2830000,1790000,1,1
202601,6,,논산시외버스터미널,44230,22,0,0,0,1,0,1,51,03,1,1,없음,54,6,0,0,0,1,1,2,1,10,1,1,1,1,1,8,1,3,1,1,N,751,2,1,2,3,3,7,3,3,11400,1,1,0,3,3,7,3,3,11400,1,1,0,3,3,7,3,3,11400,1,1,0,2025,3,10,1850000,2990000,1,1
202601,6,,논산시외버스터미널,44230,22,0,0,0,1,0,1,51,03,1,1,없음,110,6,0,0,0,1,1,2,1,10,1,1,1,1,1,8,1,3,1,1,Q,869,2,1,2,4,4,7,4,4,12500,1,1,0,4,4,7,4,4,12500,1,1,0,4,4,7,4,4,12500,1,1,0,2022,5,10,2300000,3480000,1,1
202601,6,,논산시외버스터미널,44230,22,0,0,0,1,0,1,21,03,1,1,없음,45,6,0,0,0,1,2,4,1,9,2,1,1,1,1,8,1,3,1,1,G,474,2,1,3,5,5,7,5,5,28700,2,1,0,5,5,7,5,5,28700,2,1,0,5,5,7,5,5,28700,2,1,0,2025,3,10,6400000,3790000,1,2
202601,6,,논산시외버스터미널,44230,22,0,0,0,1,0,1,21,03,1,1,없음,45,6,0,0,0,1,2,4,1,9,2,1,1,1,1,8,1,3,2,1,G,474,2,1,3,1,4,6,5,4,9700,2,1,0,1,4,6,5,4,9700,2,1,0,1,4,6,5,4,9700,2,1,0,2025,3,10,6400000,3790000,1,2
202601,6,,논산시외버스터미널,44230,22,0,0,0,1,0,1,21,03,1,1,없음,89,6,0,0,0,2,2,4,1,10,2,1,1,1,1,8,2,3,1,1,G,464,2,1,2,4,5,9,4,5,31700,1,1,0,4,5,9,4,5,31700,1,1,0,4,5,9,4,5,31700,1,1,0,2024,5,10,5850000,3670000,1,1
202601,6,,논산시외버스터미널,44230,22,0,0,0,1,0,1,21,03,1,1,없음,89,6,0,0,0,2,2,4,1,10,2,1,1,1,1,8,2,3,1,1,G,464,3,1,3,5,5,8,5,5,26300,1,1,0,5,5,8,5,5,26300,1,1,0,5,5,8,5,5,26300,1,1,0,2024,5,9,5850000,3670000,1,1
202601,6,,논산시외버스터미널,44230,22,0,0,0,1,0,1,21,03,1,1,없음,89,6,0,0,0,2,2,4,1,10,2,1,1,1,1,8,2,3,2,1,I,561,4,1,4,4,4,4,4,4,6400,1,1,0,4,4,4,4,4,6400,1,1,0,4,4,4,4,4,6400,1,1,0,2025,2,9,5850000,3670000,1,1
202601,6,,논산시외버스터미널,44230,22,0,0,0,1,0,4,32,03,7,1,없음,25,4,0,0,0,2,2,4,1,10,2,1,1,1,1,8,2,3,1,1,S,961,2,1,2,5,4,8,5,4,20700,1,1,0,5,4,8,5,4,20700,1,1,0,5,4,8,5,4,20700,1,1,0,2025,2,6,2090000,2960000,1,2
202601,6,,논산시외버스터미널,44230,22,0,0,0,1,0,4,32,03,7,1,없음,25,4,0,0,0,2,2,4,1,10,2,1,1,1,1,8,2,3,1,1,G,478,2,1,2,5,4,8,5,4,20700,1,1,0,5,4,8,5,4,20700,1,1,0,5,4,8,5,4,20700,1,1,0,2025,3,10,2090000,2960000,1,2
202601,6,,논산시외버스터미널,44230,22,0,0,0,1,0,4,32,03,7,1,없음,25,4,0,0,0,2,2,4,1,10,2,1,1,1,1,8,2,3,1,6,0,999,2,1,2,1,1,1,5,4,20700,1,1,1,1,1,1,5,4,20700,1,1,1,1,1,1,5,4,20700,1,1,1,0,1,1,2090000,2960000,1,2
202601,6,,논산시외버스터미널,44230,22,0,0,0,1,0,4,32,03,7,1,없음,25,4,0,0,0,2,2,4,1,10,2,1,1,1,1,8,2,3,1,1,G,473,2,1,2,5,1,3,5,4,20600,1,1,0,5,1,3,5,4,20600,1,1,0,5,1,3,5,4,20600,1,1,0,2024,3,7,2090000,2960000,1,2
202601,6,,논산시외버스터미널,44230,22,0,0,0,1,0,4,32,03,7,1,없음,47,4,0,0,0,2,2,4,1,10,2,1,1,1,1,8,2,3,1,1,G,474,3,1,3,1,5,7,4,5,13700,1,1,0,1,5,7,4,5,13700,1,1,0,1,5,7,4,5,13700,1,1,0,2026,2,10,1960000,2810000,1,1
202601,6,,논산시외버스터미널,44230,22,0,0,0,1,0,4,32,03,7,1,없음,47,4,0,0,0,2,2,4,1,10,2,1,1,1,1,8,2,3,1,1,G,464,3,1,3,4,4,7,4,5,13700,1,1,0,4,4,7,4,5,13700,1,1,0,4,4,7,4,5,13700,1,1,0,2025,2,7,1960000,2810000,1,1
202601,6,,논산시외버스터미널,44230,14,0,0,0,1,0,2,11,03,1,1,없음,70,6,0,0,0,2,1,3,1,10,1,1,1,1,1,8,2,3,1,1,I,561,2,1,2,3,3,4,3,3,6400,1,1,0,3,3,4,3,3,6400,1,1,0,3,3,4,3,3,6400,1,1,0,2025,2,7,1100000,2130000,1,1
202601,6,,논산시외버스터미널,44230,14,0,0,0,1,0,2,11,03,1,1,없음,70,6,0,0,0,2,1,3,1,10,1,1,1,1,1,8,2,3,1,1,S,949,2,1,2,3,3,4,3,3,6500,1,1,0,3,3,4,3,3,6500,1,1,0,3,3,4,3,3,6500,1,1,0,2025,2,9,1100000,2130000,1,1
202601,6,,논산시외버스터미널,44230,14,0,0,0,1,0,1,21,03,1,1,없음,10,5,0,0,0,2,2,4,1,10,1,1,2,1,1,8,2,3,1,1,G,466,2,1,2,4,3,6,4,3,9100,1,1,0,4,3,6,4,3,9100,1,1,0,4,3,6,4,3,9100,1,1,0,2026,3,9,2680000,1580000,1,1
202601,6,,논산시외버스터미널,44230,14,0,0,0,1,0,1,21,03,1,1,없음,10,5,0,0,0,2,2,4,1,10,1,1,2,1,1,8,2,3,1,6,0,999,2,1,2,1,1,1,3,3,9700,1,1,1,1,1,1,3,3,9700,1,1,1,1,1,1,3,3,9700,1,1,1,0,1,1,2680000,1580000,1,1
202601,6,,논산시외버스터미널,44230,14,0,0,0,1,0,1,21,03,1,1,없음,10,5,0,0,0,2,2,4,1,10,1,1,2,1,1,8,2,3,2,2,0,999,4,1,4,1,1,1,4,3,4800,1,1,0,1,1,1,4,3,4800,1,1,0,1,1,1,4,3,4800,1,1,0,0,1,1,2680000,1580000,1,1
202601,6,,논산시외버스터미널,44230,14,0,0,0,1,0,1,12,03,1,1,없음,40,6,0,0,0,2,2,4,1,10,1,1,1,1,1,8,2,3,1,6,0,999,1,1,1,1,1,1,3,3,6700,1,1,1,1,1,1,3,3,6700,1,1,1,1,1,1,3,3,6700,1,1,1,0,1,1,1050000,1260000,1,1
202601,6,,논산시외버스터미널,44230,14,0,0,0,1,0,1,12,03,1,1,없음,40,6,0,0,0,2,2,4,1,10,1,1,1,1,1,8,2,3,1,1,I,561,3,1,3,3,3,3,3,3,4100,1,1,0,3,3,3,3,3,4100,1,1,0,3,3,3,3,3,4100,1,1,0,2025,2,7,1050000,1260000,1,1
202601,6,,0.비상권,44230,14,0,0,0,1,0,5,32,03,6,1,없음,90,4,0,0,0,2,1,3,1,10,1,1,1,1,1,8,2,3,1,1,M,713,2,1,2,3,3,6,3,4,11600,1,1,0,3,3,6,3,4,11600,1,1,0,3,3,6,3,4,11600,1,1,0,2025,3,10,1310000,2510000,1,1
202601,6,,0.비상권,44230,14,0,0,0,1,0,5,32,03,6,1,없음,90,4,0,0,0,2,1,3,1,10,1,1,1,1,1,8,2,3,1,1,L,682,1,1,2,3,3,7,3,3,15600,1,1,0,3,3,7,3,3,15600,1,1,0,3,3,7,3,3,15600,1,1,0,2024,3,9,1310000,2510000,1,1
202601,6,,0.비상권,44230,14,0,0,0,1,0,8,32,04,6,1,없음,160,4,0,0,0,1,1,2,1,10,1,1,1,1,1,8,1,3,1,1,S,961,2,1,2,5,4,7,5,4,17500,1,1,0,5,4,7,5,4,17500,1,1,0,5,4,7,5,4,17500,1,1,0,2025,2,9,1630000,2740000,1,2
202601,6,,논산시외버스터미널,44230,14,22,0,0,1,0,3,32,03,1,1,없음,75,6,0,0,0,3,2,4,1,10,2,1,1,1,1,8,3,3,1,1,I,561,1,1,1,4,4,8,4,4,22800,1,1,0,4,4,8,4,4,22800,1,1,0,4,4,8,4,4,22800,1,1,0,2025,3,9,1080000,1880000,1,1
202601,6,,논산시외버스터미널,44230,14,22,0,0,1,0,3,32,03,1,1,없음,75,6,0,0,0,3,2,4,1,10,2,1,1,1,1,8,3,3,1,6,0,999,3,1,3,1,1,1,4,4,8000,1,1,1,1,1,1,4,4,8000,1,1,1,1,1,1,4,4,8000,1,1,1,0,1,1,1080000,1880000,1,1
202601,6,,논산시외버스터미널,44230,14,22,0,0,1,0,3,32,03,1,1,없음,75,6,0,0,0,3,2,4,1,10,2,1,1,1,1,8,3,3,1,1,I,561,3,1,3,4,4,5,4,4,7500,1,1,0,4,4,5,4,4,7500,1,1,0,4,4,5,4,4,7500,1,1,0,2025,2,8,1080000,1880000,1,1
202601,6,,논산시외버스터미널,44230,22,0,0,0,1,0,3,32,03,4,1,없음,35,4,0,0,0,3,2,4,1,10,2,1,1,1,1,8,3,3,1,1,I,561,4,1,4,5,5,7,5,5,13000,1,1,0,5,5,7,5,5,13000,1,1,0,5,5,7,5,5,13000,1,1,0,2026,3,9,1940000,5420000,1,1
202601,6,,논산시외버스터미널,44230,22,0,0,0,1,0,4,32,03,8,1,없음,50,5,0,0,0,2,2,4,1,10,2,1,1,1,1,2,2,3,1,1,I,561,4,1,4,4,5,7,4,5,12500,1,1,0,4,5,7,4,5,12500,1,1,0,4,5,7,4,5,12500,1,1,0,2025,3,8,3000000,3860000,1,1
202601,6,,논산시외버스터미널,44230,14,0,0,0,1,0,1,21,04,6,2,없음,140,4,0,0,0,2,2,4,2,9,2,1,1,1,1,8,2,3,1,1,I,561,2,1,2,4,3,7,4,4,13100,1,1,0,4,3,7,4,4,13100,1,1,0,4,3,7,4,4,13100,1,1,0,2025,3,7,2290000,1910000,1,1
202601,6,,논산시외버스터미널,44230,14,0,0,0,1,0,1,21,04,6,2,없음,140,4,0,0,0,2,2,4,2,9,2,1,1,1,1,8,2,3,1,1,G,473,2,1,2,4,4,7,4,4,13400,1,1,0,4,4,7,4,4,13400,1,1,0,4,4,7,4,4,13400,1,1,0,2024,3,7,2290000,1910000,1,1
202601,6,,논산시외버스터미널,44230,14,0,0,0,1,0,1,21,04,6,2,없음,140,4,0,0,0,2,2,4,2,9,2,1,1,1,1,8,2,3,1,1,G,475,2,1,2,3,3,7,4,4,13300,1,1,0,3,3,7,4,4,13300,1,1,0,3,3,7,4,4,13300,1,1,0,2024,3,10,2290000,1910000,1,1
202601,6,,논산시외버스터미널,44230,14,0,0,0,1,0,1,21,04,6,2,없음,140,4,0,0,0,2,2,4,2,9,2,1,1,1,1,8,2,3,2,1,S,961,4,1,4,4,3,3,5,4,6000,1,1,0,4,3,3,5,4,6000,1,1,0,4,3,3,5,4,6000,1,1,0,2024,3,10,2290000,1910000,1,1
202601,6,,논산시외버스터미널,44230,16,0,0,0,1,0,3,32,04,6,1,없음,120,4,0,0,0,3,2,4,1,10,1,1,1,1,1,8,3,3,1,1,I,561,3,1,3,6,5,7,6,5,17800,1,1,0,6,5,7,6,5,17800,1,1,0,6,5,7,6,5,17800,1,1,0,2025,3,10,1610000,2920000,1,1
202601,6,,논산시외버스터미널,44230,16,0,0,0,1,0,3,32,04,6,1,없음,120,4,0,0,0,3,2,4,1,10,1,1,1,1,1,8,3,3,1,6,0,999,3,1,3,1,1,1,6,5,17600,1,1,1,1,1,1,6,5,17600,1,1,1,1,1,1,6,5,17600,1,1,1,0,1,1,1610000,2920000,1,1
202601,6,,논산시외버스터미널,44230,16,0,0,0,1,0,3,32,04,6,1,없음,120,4,0,0,0,3,2,4,1,10,1,1,1,1,1,8,3,3,1,2,I,561,3,1,3,1,1,1,6,5,19600,1,1,0,1,1,1,6,5,19600,1,1,0,1,1,1,6,5,19600,1,1,0,0,1,1,1610000,2920000,1,1
202601,6,,논산시외버스터미널,44230,16,0,0,0,1,0,4,32,03,6,1,없음,98,6,0,0,0,2,2,4,1,10,2,1,1,1,1,8,2,3,1,1,I,562,3,1,3,4,3,5,4,4,7800,1,1,0,4,3,5,4,4,7800,1,1,0,4,3,5,4,4,7800,1,1,0,2025,3,10,1560000,2600000,1,1
202601,6,,논산시외버스터미널,44230,16,0,0,0,1,0,4,32,03,6,1,없음,98,6,0,0,0,2,2,4,1,10,2,1,1,1,1,8,2,3,1,1,I,561,3,1,3,4,3,5,4,4,7300,1,1,0,4,3,5,4,4,7300,1,1,0,4,3,5,4,4,7300,1,1,0,2025,2,10,1560000,2600000,1,1
202601,6,,논산시외버스터미널,44230,16,0,0,0,1,0,4,32,04,3,1,없음,198,4,0,0,0,3,2,4,1,10,2,1,1,1,1,8,3,3,1,1,I,561,4,1,4,5,6,8,5,6,23400,1,1,0,5,6,8,5,6,23400,1,1,0,5,6,8,5,6,23400,1,1,0,2025,2,8,1690000,5720000,1,1
202601,6,,논산시외버스터미널,44230,14,0,0,0,1,0,3,32,04,3,1,없음,235,5,0,0,0,3,1,3,1,10,1,1,1,1,1,8,3,3,1,1,I,562,3,1,3,6,4,7,6,4,13200,1,1,0,6,4,7,6,4,13200,1,1,0,6,4,7,6,4,13200,1,1,0,2026,3,10,880000,3480000,1,1
202601,6,,논산시외버스터미널,44230,14,0,0,0,1,0,4,32,03,4,1,없음,231,7,0,0,0,3,2,4,1,10,2,1,1,1,1,8,3,3,1,1,I,561,4,1,4,5,5,6,6,5,8600,1,1,0,5,5,6,6,5,8600,1,1,0,5,5,6,6,5,8600,1,1,0,2025,3,10,1040000,2860000,1,1
202601,6,,0.비상권,44230,14,0,0,0,1,0,7,21,04,6,2,없음,42,6,0,0,0,2,2,4,1,9,1,1,1,1,1,8,2,3,1,1,I,562,2,1,3,3,3,5,3,4,8500,1,1,0,3,3,5,3,4,8500,1,1,0,3,3,5,3,4,8500,1,1,0,2026,3,10,1610000,1800000,1,1
202601,6,,0.비상권,44230,14,0,0,0,1,0,7,21,04,6,2,없음,42,6,0,0,0,2,2,4,1,9,1,1,1,1,1,8,2,3,2,2,0,999,2,1,3,1,1,1,3,3,3900,1,1,0,1,1,1,3,3,3900,1,1,0,1,1,1,3,3,3900,1,1,0,0,1,1,1610000,1800000,1,1
202601,6,,0.비상권,44230,14,0,0,0,1,0,4,11,03,6,1,없음,29,4,0,0,0,1,1,2,1,10,1,1,1,1,1,8,1,3,1,1,S,961,2,1,2,6,3,6,3,3,9300,1,1,0,6,3,6,3,3,9300,1,1,0,6,3,6,3,3,9300,1,1,0,2025,3,6,1310000,2430000,1,1
202601,6,,0.비상권,44230,43,0,0,0,1,0,5,32,03,2,1,없음,25,3,0,0,0,3,1,3,1,10,1,1,1,1,1,8,3,3,1,1,G,473,3,1,3,6,4,7,6,4,11400,1,1,0,6,4,7,6,4,11400,1,1,0,6,4,7,6,4,11400,1,1,0,2025,3,8,1370000,6860000,1,1
202601,6,,0.비상권,44230,43,0,0,0,1,0,6,32,04,2,1,없음,58,1,0,0,0,2,1,2,1,10,1,1,1,1,1,8,2,3,1,1,L,682,2,1,2,4,4,8,4,4,20800,1,1,0,4,4,8,4,4,20800,1,1,0,4,4,8,4,4,20800,1,1,0,2025,2,8,850000,4450000,1,2
202601,6,,0.비상권,44230,13,0,0,0,1,0,5,32,03,5,1,없음,10,5,0,0,0,3,2,4,1,10,2,1,1,1,1,8,3,3,1,1,G,463,4,1,4,6,5,7,6,5,10600,1,1,0,6,5,7,6,5,10600,1,1,0,6,5,7,6,5,10600,1,1,0,2024,3,10,1600000,3560000,1,1
202601,6,,0.비상권,44230,13,0,0,0,1,0,5,32,03,5,1,없음,10,5,0,0,0,3,2,4,1,10,2,1,1,1,1,8,3,3,1,1,I,551,2,1,2,3,4,7,3,4,12900,1,1,0,3,4,7,3,4,12900,1,1,0,3,4,7,3,4,12900,1,1,0,2025,2,10,1600000,3560000,1,1
202601,6,,0.비상권,44230,14,0,130,0,1,0,5,11,03,4,1,없음,500,6,0,0,0,2,1,3,1,10,1,1,1,1,1,8,2,3,1,1,I,561,3,1,3,4,3,5,4,3,6900,1,1,0,4,3,5,4,3,6900,1,1,0,4,3,5,4,3,6900,1,1,0,2025,3,10,620000,2450000,1,2
202601,6,,0.비상권,44230,14,0,0,0,1,0,5,32,03,3,1,없음,100,5,0,0,0,2,1,3,1,10,1,1,1,1,1,8,3,3,1,2,S,952,2,1,2,1,1,1,4,3,12000,1,1,0,1,1,1,4,3,12000,1,1,0,1,1,1,4,3,12000,1,1,0,0,1,1,600000,2150000,1,3
202601,6,,0.비상권,44230,14,0,0,0,1,0,5,32,03,3,1,없음,100,5,0,0,0,2,1,3,1,10,1,1,1,1,1,8,3,3,1,1,G,472,2,1,2,5,4,7,5,4,17600,1,1,0,5,4,7,5,4,17600,1,1,0,5,4,7,5,4,17600,1,1,0,2024,3,9,600000,2150000,1,3
202601,6,,0.비상권,44230,14,0,0,0,1,0,5,32,03,4,1,없음,148,5,0,0,0,2,1,3,1,10,1,1,1,1,1,8,2,3,1,1,G,472,3,1,3,5,4,5,5,4,6900,1,1,0,5,4,5,5,4,6900,1,1,0,5,4,5,5,4,6900,1,1,0,2024,3,7,640000,1830000,1,2
202601,6,,0.비상권,44230,14,0,130,0,1,0,1,51,03,8,1,없음,650,6,0,0,0,2,1,3,1,10,1,1,1,1,1,8,2,3,1,1,I,561,1,1,1,2,3,4,2,3,4100,1,1,0,2,3,4,2,3,4100,1,1,0,2,3,4,2,3,4100,1,1,0,2024,3,9,510000,660000,1,2
202601,6,,0.비상권,44230,14,0,130,0,1,0,1,51,03,8,1,없음,650,6,0,0,0,2,1,3,1,10,1,1,1,1,1,8,2,3,1,1,I,561,2,1,2,3,3,4,3,3,4400,1,1,0,3,3,4,3,3,4400,1,1,0,3,3,4,3,3,4400,1,1,0,2024,3,9,510000,660000,1,2
202601,6,,0.비상권,44230,22,0,0,0,1,0,7,31,03,8,1,없음,10,5,0,0,0,2,1,3,1,10,1,1,1,1,1,8,2,3,1,1,I,562,3,1,3,5,5,7,5,5,13500,1,1,0,5,5,7,5,5,13500,1,1,0,5,5,7,5,5,13500,1,1,0,2024,3,8,2150000,2980000,1,1
202601,6,,0.비상권,44230,22,0,0,0,1,0,1,51,04,1,1,없음,20,4,0,0,0,1,1,1,1,10,1,1,1,1,1,8,1,3,1,1,G,473,1,1,1,3,3,7,3,3,11600,1,1,0,3,3,7,3,3,11600,1,1,0,3,3,7,3,3,11600,1,1,0,2024,3,9,2350000,2310000,1,3
202601,6,,0.비상권,44230,13,0,0,0,1,0,7,32,03,3,1,없음,90,8,0,0,0,2,1,1,1,10,1,1,1,1,1,8,2,3,1,1,G,472,1,1,1,4,3,8,4,3,19900,1,1,0,4,3,8,4,3,19900,1,1,0,4,3,8,4,3,19900,1,1,0,2024,3,8,890000,4530000,1,3
202601,6,,0.비상권,44230,16,0,0,0,1,0,3,32,03,1,1,없음,170,4,0,0,0,2,2,4,1,10,2,1,1,1,1,8,2,3,1,1,R,911,4,1,4,4,4,4,4,4,4500,1,1,0,4,4,4,4,4,4500,1,1,0,4,4,4,4,4,4500,1,1,0,2024,3,8,1060000,1770000,1,2
202601,6,,0.비상권,44230,64,0,0,0,1,0,4,11,03,5,1,없음,10,6,0,0,0,2,1,3,1,10,1,1,1,1,1,2,2,3,1,1,L,682,2,1,2,3,3,4,3,3,3700,1,1,0,3,3,4,3,3,3700,1,1,0,3,3,4,3,3,3700,1,1,0,2024,3,10,550000,1110000,1,1
202601,6,,0.비상권,44230,64,0,0,0,1,0,4,11,03,5,1,없음,10,6,0,0,0,2,1,3,1,10,1,1,1,1,1,2,2,3,1,1,I,561,2,1,2,3,3,3,3,3,3500,1,1,0,3,3,3,3,3,3500,1,1,0,3,3,3,3,3,3500,1,1,0,2024,3,7,550000,1110000,1,1
202601,6,,0.비상권,44250,16,0,300,0,1,0,7,31,04,5,1,없음,200,7,0,1,0,2,1,3,1,10,1,1,1,1,1,8,2,3,1,1,I,561,3,1,3,5,3,5,5,3,7100,1,1,0,5,3,5,5,3,7100,1,1,0,5,3,5,5,3,7100,1,1,0,2025,3,10,1300000,3250000,1,1
202601,6,,0.비상권,44250,22,0,300,0,1,0,6,31,04,3,1,없음,50,2,0,0,0,3,2,4,1,10,1,1,1,1,1,8,3,3,1,2,S,969,2,1,2,1,1,1,4,4,12500,1,1,0,1,1,1,4,4,12500,1,1,0,1,1,1,4,4,12500,1,1,0,0,1,1,1550000,5290000,1,1
202601,6,,0.비상권,44250,22,0,300,0,1,0,6,31,04,3,1,없음,50,2,0,0,0,3,2,4,1,10,1,1,1,1,1,8,3,3,1,6,0,999,2,1,2,1,1,1,4,3,12200,1,1,1,1,1,1,4,3,12200,1,1,1,1,1,1,4,3,12200,1,1,1,0,1,1,1550000,5290000,1,1
202601,6,,0.비상권,44250,22,0,300,0,1,0,6,31,04,3,1,없음,50,2,0,0,0,3,2,4,1,10,1,1,1,1,1,8,3,3,1,1,I,562,2,1,2,4,4,7,4,4,12600,1,1,0,4,4,7,4,4,12600,1,1,0,4,4,7,4,4,12600,1,1,0,2025,3,10,1550000,5290000,1,1
202601,6,,0.비상권,44250,21,0,300,0,1,0,7,31,03,7,1,없음,30,4,0,1,0,3,2,4,1,10,2,1,1,1,1,8,3,3,1,1,S,961,2,1,2,7,1,5,4,3,8800,1,1,0,7,1,5,4,3,8800,1,1,0,7,1,5,4,3,8800,1,1,0,2025,3,10,1920000,3020000,1,1
202601,6,,0.비상권,44250,21,0,300,0,1,0,7,31,03,7,1,없음,30,4,0,1,0,3,2,4,1,10,2,1,1,1,1,8,3,3,1,1,L,682,2,1,2,7,1,5,4,3,8800,1,1,0,7,1,5,4,3,8800,1,1,0,7,1,5,4,3,8800,1,1,0,2025,3,8,1920000,3020000,1,1
202601,6,,0.비상권,44250,21,0,300,0,1,0,7,31,03,7,1,없음,30,4,0,1,0,3,2,4,1,10,2,1,1,1,1,8,3,3,1,1,M,713,4,1,4,5,5,6,5,5,8600,1,1,0,5,5,6,5,5,8600,1,1,0,5,5,6,5,5,8600,1,1,0,2025,3,8,1920000,3020000,1,1
202601,6,,0.비상권,44250,21,0,300,0,1,0,7,31,03,7,1,없음,30,4,0,1,0,3,2,4,1,10,2,1,1,1,1,8,3,3,1,6,0,999,3,1,3,1,1,1,5,4,11300,1,1,1,1,1,1,5,4,11300,1,1,1,1,1,1,5,4,11300,1,1,1,0,1,1,1920000,3020000,1,1
202601,6,,0.비상권,44250,43,0,0,0,1,0,7,32,04,2,1,없음,70,6,0,0,0,3,1,3,1,10,1,1,1,1,1,8,3,3,1,1,I,561,3,1,3,4,4,6,4,4,7800,1,1,0,4,4,6,4,4,7800,1,1,0,4,4,6,4,4,7800,1,1,0,2024,6,10,440000,2250000,1,2
202601,6,,당진시청,44270,22,0,0,0,1,0,3,32,03,1,1,없음,30,6,0,0,0,2,2,4,1,10,2,1,1,1,1,8,2,3,1,1,0,999,3,1,3,5,4,7,5,4,13800,1,1,0,5,4,7,5,4,13800,1,1,0,5,4,7,5,4,13800,1,1,0,2025,3,10,2120000,2350000,1,2
202601,6,,당진시청,44270,22,0,0,0,1,0,3,32,03,1,1,없음,30,6,0,0,0,2,2,4,1,10,2,1,1,1,1,8,2,3,1,1,I,561,3,1,3,5,5,7,5,5,14300,1,1,0,5,5,7,5,5,14300,1,1,0,5,5,7,5,5,14300,1,1,0,2024,3,8,2120000,2350000,1,2
202601,6,,당진시청,44270,22,0,0,0,1,0,3,32,03,1,1,없음,30,6,0,0,0,2,2,4,1,10,2,1,1,1,1,8,2,3,2,6,0,999,1,1,1,1,1,1,2,3,5800,1,1,1,1,1,1,2,3,5800,1,1,1,1,1,1,2,3,5800,1,1,1,0,1,1,2120000,2350000,1,2
202601,6,,당진시청,44270,16,0,0,0,1,0,6,32,04,6,1,없음,46,6,0,0,0,1,1,2,1,10,1,1,1,1,1,8,1,3,1,1,I,561,2,1,2,4,4,7,4,4,14800,1,1,0,4,4,7,4,4,14800,1,1,0,4,4,7,4,4,14800,1,1,0,2024,3,10,2290000,4120000,1,3
202601,6,,당진시청,44270,14,0,0,0,1,0,3,32,04,6,2,없음,60,4,0,0,0,2,2,4,1,10,2,1,2,1,1,8,2,3,1,1,G,478,3,1,4,6,5,8,6,5,22500,1,1,0,6,5,8,6,5,22500,1,1,0,6,5,8,6,5,22500,1,1,0,2024,3,7,3330000,3260000,1,1
202601,6,,당진시청,44270,14,0,0,0,1,0,3,32,04,6,2,없음,60,4,0,0,0,2,2,4,1,10,2,1,2,1,1,8,2,3,2,2,0,999,3,1,4,1,1,1,6,4,12700,1,1,0,1,1,1,6,4,12700,1,1,0,1,1,1,6,4,12700,1,1,0,0,1,1,3330000,3260000,1,1
202601,6,,당진시청,44270,16,0,0,0,1,0,4,32,03,6,1,없음,77,4,0,0,0,2,1,2,1,10,1,1,1,1,1,8,2,3,1,1,S,969,1,1,1,4,4,8,4,4,20300,1,1,0,4,4,8,4,4,20300,1,1,0,4,4,8,4,4,20300,1,1,0,2026,3,10,2600000,4920000,1,1
202601,6,,당진시청,44270,16,0,0,0,1,0,4,32,03,6,1,없음,77,4,0,0,0,2,1,2,1,10,1,1,1,1,1,8,2,3,1,1,I,561,1,1,1,4,4,8,4,4,20400,1,1,0,4,4,8,4,4,20400,1,1,0,4,4,8,4,4,20400,1,1,0,2025,3,9,2600000,4920000,1,1
202601,6,,당진시청,44270,16,0,0,0,1,0,7,32,04,7,1,없음,80,6,0,1,0,2,1,3,1,10,1,1,1,1,1,8,2,3,1,1,G,476,2,1,2,3,3,7,3,3,14100,1,1,0,3,3,7,3,3,14100,1,1,0,3,3,7,3,3,14100,1,1,0,2025,3,9,2270000,3620000,1,2
202601,6,,당진시청,44270,16,0,0,0,1,0,7,32,04,7,1,없음,80,6,0,1,0,2,1,3,1,10,1,1,1,1,1,8,2,3,1,1,S,961,2,1,2,3,3,7,3,3,12900,1,1,0,3,3,7,3,3,12900,1,1,0,3,3,7,3,3,12900,1,1,0,2024,3,9,2270000,3620000,1,2
202601,6,,당진시청,44270,14,0,0,0,1,0,4,32,04,6,1,없음,30,4,0,1,0,3,2,4,1,10,2,1,1,1,1,8,3,3,1,1,I,561,4,1,4,6,6,7,6,6,17400,1,1,0,6,6,7,6,6,17400,1,1,0,6,6,7,6,6,17400,1,1,0,2024,3,10,3100000,5240000,1,1
202601,6,,당진시청,44270,14,0,0,0,1,0,4,32,04,6,1,없음,30,4,0,1,0,3,2,4,1,10,2,1,1,1,1,8,3,3,1,1,I,561,2,1,2,4,4,7,4,4,17800,1,1,0,4,4,7,4,4,17800,1,1,0,4,4,7,4,4,17800,1,1,0,2024,3,8,3100000,5240000,1,1
202601,6,,당진시청,44270,14,0,0,0,1,0,4,32,04,6,1,없음,30,4,0,1,0,3,2,4,1,10,2,1,1,1,1,8,3,3,1,1,G,472,2,1,2,4,4,7,4,4,17800,1,1,0,4,4,7,4,4,17800,1,1,0,4,4,7,4,4,17800,1,1,0,2024,3,5,3100000,5240000,1,1
202601,6,,당진시청,44270,14,0,0,0,1,0,4,32,04,6,1,없음,30,4,0,1,0,3,2,4,1,10,2,1,1,1,1,8,3,3,1,1,I,561,2,1,2,4,4,7,4,4,17800,1,1,0,4,4,7,4,4,17800,1,1,0,4,4,7,4,4,17800,1,1,0,2024,3,8,3100000,5240000,1,1
202601,6,,당진시청,44270,14,0,0,0,1,0,4,32,04,6,1,없음,300,4,0,1,0,3,2,4,1,10,2,1,1,1,1,8,3,3,1,1,I,561,4,1,4,6,5,7,6,5,13600,1,1,0,6,5,7,6,5,13600,1,1,0,6,5,7,6,5,13600,1,1,0,2024,3,7,2450000,4170000,1,1
202601,6,,당진시청,44270,14,0,0,0,1,0,4,32,04,6,1,없음,300,4,0,1,0,3,2,4,1,10,2,1,1,1,1,8,3,3,1,1,I,561,4,1,4,6,5,7,6,5,13600,1,1,0,6,5,7,6,5,13600,1,1,0,6,5,7,6,5,13600,1,1,0,2024,3,8,2450000,4170000,1,1
202601,6,,당진시청,44270,14,0,0,0,1,1,3,21,04,6,1,없음,100,7,0,0,0,1,2,4,1,10,2,1,1,1,1,8,1,3,-1,1,N,751,2,1,2,3,3,4,3,3,5400,1,1,0,3,3,4,3,3,5400,1,1,0,3,3,4,3,3,5400,1,1,0,2024,3,7,2330000,1600000,1,2
202601,6,,당진시청,44270,14,0,0,0,1,1,3,21,04,6,1,없음,100,7,0,0,0,1,2,4,1,10,2,1,1,1,1,8,1,3,1,1,G,471,2,1,2,4,3,7,4,3,14500,1,1,0,4,3,7,4,3,14500,1,1,0,4,3,7,4,3,14500,1,1,0,2024,4,10,2330000,1600000,1,2
202601,6,,당진시청,44270,14,0,0,0,1,1,3,21,04,6,1,없음,100,7,0,0,0,1,2,4,1,10,2,1,1,1,1,8,1,3,2,1,S,961,2,1,2,3,3,5,3,3,7400,1,1,0,3,3,5,3,3,7400,1,1,0,3,3,5,3,3,7400,1,1,0,2024,3,7,2330000,1600000,1,2
202601,6,,당진시청,44270,22,0,0,0,1,0,1,11,03,1,1,없음,50,6,0,0,0,2,2,4,1,10,2,1,1,1,1,8,2,3,1,1,G,473,1,1,1,4,4,8,4,4,24000,1,1,0,4,4,8,4,4,24000,1,1,0,4,4,8,4,4,24000,1,1,0,2026,3,9,4880000,3980000,1,1
202601,6,,당진시청,44270,22,0,0,0,1,0,1,11,03,1,1,없음,50,6,0,0,0,2,2,4,1,10,2,1,1,1,1,8,2,3,1,1,I,561,1,1,1,4,4,8,4,4,23900,1,1,0,4,4,8,4,4,23900,1,1,0,4,4,8,4,4,23900,1,1,0,2025,3,10,4880000,3980000,1,1
202601,6,,당진시청,44270,22,0,0,0,1,0,1,11,03,1,1,없음,50,6,0,0,0,2,2,4,1,10,2,1,1,1,1,8,2,3,1,1,G,478,1,1,1,4,4,8,4,4,24000,1,1,0,4,4,8,4,4,24000,1,1,0,4,4,8,4,4,24000,1,1,0,2024,3,8,4880000,3980000,1,1
202601,6,,당진시청,44270,22,0,0,0,1,0,1,11,03,1,1,없음,50,6,0,0,0,2,2,4,1,10,2,1,1,1,1,8,2,3,2,1,S,949,3,1,3,6,4,7,6,4,14800,1,1,0,6,4,7,6,4,14800,1,1,0,6,4,7,6,4,14800,1,1,0,2025,3,10,4880000,3980000,1,1
202601,6,,당진시청,44270,22,0,0,0,1,0,2,21,03,1,1,없음,147,6,0,0,0,2,2,4,2,9,2,1,1,1,1,8,2,3,1,1,I,561,3,1,3,5,5,7,5,5,17200,1,1,0,5,5,7,5,5,17200,1,1,0,5,5,7,5,5,17200,1,1,0,2025,3,10,3810000,1830000,1,2
202601,6,,당진시청,44270,22,0,0,0,1,0,2,21,03,1,1,없음,147,6,0,0,0,2,2,4,2,9,2,1,1,1,1,8,2,3,1,1,G,474,3,1,3,5,4,7,5,5,15900,1,1,0,5,4,7,5,5,15900,1,1,0,5,4,7,5,5,15900,1,1,0,2024,3,9,3810000,1830000,1,2
202601,6,,당진시청,44270,22,0,0,0,1,0,2,21,03,1,1,없음,147,6,0,0,0,2,2,4,2,9,2,1,1,1,1,8,2,3,2,1,S,961,4,1,4,5,4,5,5,4,6800,2,2,0,5,4,5,5,4,6800,2,2,0,5,4,5,5,4,6800,2,2,0,2023,4,8,3810000,1830000,1,2
202601,6,,당진시청,44270,22,0,0,0,1,0,4,11,03,8,1,없음,150,6,0,0,0,1,1,2,1,10,1,1,1,1,1,8,1,3,1,1,G,474,2,1,2,6,5,8,6,5,20200,1,1,0,6,5,8,6,5,20200,1,1,0,6,5,8,6,5,20200,1,1,0,2026,3,10,3670000,4320000,1,3
202601,6,,당진시청,44270,22,0,0,0,1,0,1,51,03,1,1,없음,50,6,0,0,0,1,1,2,1,10,1,1,1,1,1,8,1,3,1,1,G,474,1,1,1,3,3,7,3,3,18800,1,1,0,3,3,7,3,3,18800,1,1,0,3,3,7,3,3,18800,1,1,0,2025,3,9,2580000,3780000,1,2
202601,6,,당진시청,44270,22,0,0,0,1,0,1,51,03,1,1,없음,50,6,0,0,0,1,1,2,1,10,1,1,1,1,1,8,1,3,1,1,G,474,1,1,1,3,3,7,3,3,18800,1,1,0,3,3,7,3,3,18800,1,1,0,3,3,7,3,3,18800,1,1,0,2025,3,9,2580000,3780000,1,2
202601,6,,당진시청,44270,22,0,0,0,1,0,1,51,03,1,1,없음,50,6,0,0,0,1,1,2,1,10,1,1,1,1,1,8,1,3,1,1,G,474,1,1,1,3,3,7,3,3,18800,1,1,0,3,3,7,3,3,18800,1,1,0,3,3,7,3,3,18800,1,1,0,2025,3,5,2580000,3780000,1,2
202601,6,,당진시청,44270,22,0,0,0,1,0,6,31,04,7,2,없음,120,4,0,0,0,2,2,4,1,9,1,1,1,1,1,8,2,3,1,1,I,561,3,1,3,4,4,7,4,4,10600,1,1,0,4,4,7,4,4,10600,1,1,0,4,4,7,4,4,10600,1,1,0,2024,3,9,3270000,2760000,1,1
202601,6,,당진시청,44270,22,0,0,0,1,0,6,31,04,7,2,없음,120,4,0,0,0,2,2,4,1,9,1,1,1,1,1,8,2,3,2,6,0,999,2,1,2,1,1,1,3,3,6700,1,1,1,1,1,1,3,3,6700,1,1,1,1,1,1,3,3,6700,1,1,1,0,1,1,3270000,2760000,1,1
202601,6,,당진시청,44270,22,0,0,0,1,0,1,11,03,1,1,없음,160,7,0,0,0,1,1,3,1,10,1,1,1,1,1,8,1,3,1,1,S,953,1,1,1,3,3,7,3,3,17300,1,1,0,3,3,7,3,3,17300,1,1,0,3,3,7,3,3,17300,1,1,0,2026,3,7,2110000,1680000,1,1
202601,6,,당진시청,44270,22,0,0,0,1,0,1,11,03,1,1,없음,160,7,0,0,0,1,1,3,1,10,1,1,1,1,1,8,1,3,1,1,I,562,1,1,1,3,3,7,3,3,17000,1,1,0,3,3,7,3,3,17000,1,1,0,3,3,7,3,3,17000,1,1,0,2024,3,10,2110000,1680000,1,1
202601,6,,당진시청,44270,22,0,0,0,1,0,1,11,03,1,1,없음,160,7,0,0,0,1,1,3,1,10,1,1,1,1,1,8,1,3,2,1,0,999,2,1,2,3,3,5,3,3,6800,1,1,0,3,3,5,3,3,6800,1,1,0,3,3,5,3,3,6800,1,1,0,2026,3,9,2110000,1680000,1,1
202601,6,,당진시청,44270,22,0,0,0,1,0,1,21,16,1,1,없음,154,9,0,0,0,2,2,4,2,8,2,1,1,1,1,8,2,3,1,1,G,472,3,1,3,4,4,6,4,4,8700,1,1,0,4,4,6,4,4,8700,1,1,0,4,4,6,4,4,8700,1,1,0,2025,3,4,2270000,1590000,1,1
202601,6,,당진시청,44270,22,0,0,0,1,0,1,21,16,1,1,없음,154,9,0,0,0,2,2,4,2,8,2,1,1,1,1,8,2,3,1,1,G,474,2,1,2,3,3,5,3,3,7500,1,1,0,3,3,5,3,3,7500,1,1,0,3,3,5,3,3,7500,1,1,0,2025,3,5,2270000,1590000,1,1
202601,6,,당진시청,44270,22,0,0,0,1,0,1,21,16,1,1,없음,154,9,0,0,0,2,2,4,2,8,2,1,1,1,1,8,2,3,2,1,I,562,4,2,4,4,4,4,4,4,4200,1,1,0,4,4,4,4,4,4200,1,1,0,4,4,4,4,4,4200,1,1,0,2025,3,7,2270000,1590000,1,1
202601,6,,0.비상권,44270,14,0,0,0,1,0,7,32,04,6,1,없음,187,7,0,1,0,3,2,4,1,10,2,1,1,1,1,8,3,3,1,1,I,561,4,1,4,6,5,7,6,5,11400,1,1,0,6,5,7,6,5,11400,1,1,0,6,5,7,6,5,11400,1,1,0,2025,3,9,1930000,3380000,1,1
202601,6,,합덕버스터미널,44270,22,0,0,0,1,0,7,21,03,8,2,없음,350,7,0,1,0,2,2,4,3,8,2,1,1,1,1,8,2,3,1,1,G,475,2,1,2,3,3,6,3,3,9200,1,1,0,3,3,6,3,3,9200,1,1,0,3,3,6,3,3,9200,1,1,0,2024,3,9,2870000,1890000,1,1
202601,6,,합덕버스터미널,44270,22,0,0,0,1,0,7,21,03,8,2,없음,350,7,0,1,0,2,2,4,3,8,2,1,1,1,1,8,2,3,1,1,G,478,2,1,3,4,4,6,4,4,9500,1,1,0,4,4,6,4,4,9500,1,1,0,4,4,6,4,4,9500,1,1,0,2025,3,10,2870000,1890000,1,1
202601,6,,합덕버스터미널,44270,22,0,0,0,1,0,7,21,03,8,2,없음,350,7,0,1,0,2,2,4,3,8,2,1,1,1,1,8,2,3,2,1,P,856,3,2,4,3,3,3,3,3,3200,1,1,0,3,3,3,3,3,3200,1,1,0,3,3,3,3,3,3200,1,1,0,2025,3,10,2870000,1890000,1,1
202601,6,,합덕버스터미널,44270,22,0,0,0,1,0,7,21,03,8,2,없음,350,7,0,1,0,2,2,4,3,8,2,1,1,1,1,8,2,3,2,6,0,999,2,1,2,1,1,1,3,3,3500,1,1,1,1,1,1,3,3,3500,1,1,1,1,1,1,3,3,3500,1,1,1,0,1,1,2870000,1890000,1,1
202601,6,,합덕버스터미널,44270,22,0,0,0,1,0,4,31,03,7,2,없음,330,8,0,0,0,2,2,4,1,10,2,1,1,1,1,8,2,3,1,1,S,969,2,1,2,3,3,6,3,3,8700,1,1,0,3,3,6,3,3,8700,1,1,0,3,3,6,3,3,8700,1,1,0,2024,3,10,1860000,1660000,1,1
202601,6,,합덕버스터미널,44270,22,0,0,0,1,0,4,31,03,7,2,없음,330,8,0,0,0,2,2,4,1,10,2,1,1,1,1,8,2,3,1,1,S,961,2,1,2,3,3,6,3,3,8700,1,1,0,3,3,6,3,3,8700,1,1,0,3,3,6,3,3,8700,1,1,0,2024,3,5,1860000,1660000,1,1
202601,6,,합덕버스터미널,44270,22,0,0,0,1,0,4,31,03,7,2,없음,330,8,0,0,0,2,2,4,1,10,2,1,1,1,1,8,2,3,2,1,0,999,3,1,3,3,3,4,3,3,4200,1,1,0,3,3,4,3,3,4200,1,1,0,3,3,4,3,3,4200,1,1,0,2025,3,10,1860000,1660000,1,1
202601,6,,합덕버스터미널,44270,22,0,0,0,1,0,4,32,03,4,1,없음,240,8,0,0,0,2,1,2,1,10,1,1,1,1,1,8,2,3,1,1,G,478,2,1,2,3,3,6,3,3,8200,1,1,0,3,3,6,3,3,8200,1,1,0,3,3,6,3,3,8200,1,1,0,2024,3,9,1370000,4080000,1,1
202601,6,,합덕버스터미널,44270,22,0,0,0,1,0,1,51,04,8,1,없음,330,6,0,0,0,1,1,3,1,10,1,1,1,1,1,8,2,3,1,1,C,107,3,1,3,4,4,6,4,4,8800,1,1,0,4,4,6,4,4,8800,1,1,0,4,4,6,4,4,8800,1,1,0,2025,3,8,1590000,2450000,1,1
202601,6,,합덕버스터미널,44270,22,0,0,0,1,0,3,32,03,5,1,없음,350,6,0,0,0,2,2,4,1,10,2,1,1,1,1,8,2,3,1,1,G,471,4,1,4,5,5,5,5,5,7300,1,1,0,5,5,5,5,5,7300,1,1,0,5,5,5,5,5,7300,1,1,0,2024,3,9,1970000,3840000,1,1
202601,6,,합덕버스터미널,44270,14,0,0,0,1,0,1,21,04,1,1,없음,120,4,0,0,0,2,1,3,1,10,1,1,1,1,1,8,2,3,1,1,I,561,3,1,3,4,4,6,4,4,9000,1,1,0,4,4,6,4,4,9000,1,1,0,4,4,6,4,4,9000,1,1,0,2024,3,9,1150000,2290000,1,1
202601,6,,합덕버스터미널,44270,22,0,0,0,1,0,1,51,03,1,1,없음,177,8,0,0,0,2,1,3,1,10,1,1,1,1,1,8,2,3,1,1,I,561,3,1,3,3,3,4,4,4,6900,1,1,0,3,3,4,4,4,6900,1,1,0,3,3,4,4,4,6900,1,1,0,2026,3,9,1270000,1860000,1,1
202601,6,,합덕버스터미널,44270,14,0,0,0,1,0,7,32,04,6,1,없음,150,7,0,0,0,2,1,3,1,10,1,1,1,1,1,8,2,3,1,1,S,961,1,1,1,3,3,7,3,3,8900,1,1,0,3,3,7,3,3,8900,1,1,0,3,3,7,3,3,8900,1,1,0,2026,3,9,1540000,2810000,1,1
202601,6,,합덕버스터미널,44270,14,0,0,0,1,0,7,32,04,6,1,없음,150,7,0,0,0,2,1,3,1,10,1,1,1,1,1,8,2,3,1,1,G,472,1,1,1,3,3,7,3,3,8900,1,1,0,3,3,7,3,3,8900,1,1,0,3,3,7,3,3,8900,1,1,0,2026,3,9,1540000,2810000,1,1
202601,6,,합덕버스터미널,44270,14,0,0,0,1,0,7,32,04,6,1,없음,150,7,0,0,0,2,1,3,1,10,1,1,1,1,1,8,2,3,1,1,M,721,1,1,1,3,3,5,3,3,7100,1,1,0,3,3,5,3,3,7100,1,1,0,3,3,5,3,3,7100,1,1,0,2026,3,9,1540000,2810000,1,1
202601,6,,합덕버스터미널,44270,14,22,0,0,1,0,7,21,03,6,2,없음,170,7,0,1,0,2,2,4,2,9,2,1,1,1,1,8,2,3,1,1,G,472,4,1,4,5,5,7,5,5,10500,1,1,0,5,5,7,5,5,10500,1,1,0,5,5,7,5,5,10500,1,1,0,2024,3,10,2420000,2070000,1,1
202601,6,,합덕버스터미널,44270,14,22,0,0,1,0,7,21,03,6,2,없음,170,7,0,1,0,2,2,4,2,9,2,1,1,1,1,8,2,3,2,1,P,855,3,1,4,4,4,4,4,4,5600,1,1,0,4,4,4,4,4,5600,1,1,0,4,4,4,4,4,5600,1,1,0,2024,3,9,2420000,2070000,1,1
202601,6,,합덕버스터미널,44270,14,0,0,0,1,0,8,31,03,5,1,없음,85,6,0,1,0,3,2,4,1,10,2,1,1,1,1,1,3,3,1,1,I,561,4,1,4,5,5,7,5,5,11000,1,1,0,5,5,7,5,5,11000,1,1,0,5,5,7,5,5,11000,1,1,0,2025,4,9,1700000,4100000,1,2
202601,6,,합덕버스터미널,44270,14,0,0,0,1,0,8,32,04,5,1,없음,340,8,0,0,0,2,1,3,1,10,1,1,1,1,1,8,2,3,1,1,G,474,2,1,2,3,3,5,3,3,7500,1,1,0,3,3,5,3,3,7500,1,1,0,3,3,5,3,3,7500,1,1,0,2025,3,9,1090000,2420000,1,2
202601,6,,합덕버스터미널,44270,14,0,0,0,1,0,8,32,04,5,1,없음,340,8,0,0,0,2,1,3,1,10,1,1,1,1,1,8,2,3,1,1,I,561,2,1,2,3,3,5,3,3,7500,1,1,0,3,3,5,3,3,7500,1,1,0,3,3,5,3,3,7500,1,1,0,2025,3,10,1090000,2420000,1,2
202601,6,,합덕버스터미널,44270,14,0,0,0,1,0,4,32,03,6,1,없음,105,5,0,0,0,2,2,4,1,10,2,1,1,1,1,8,2,3,1,1,G,472,4,1,4,5,5,6,5,5,8700,1,1,0,5,5,6,5,5,8700,1,1,0,5,5,6,5,5,8700,1,1,0,2025,3,9,1370000,2510000,1,1
202601,6,,0.비상권,44710,16,0,0,0,1,0,6,21,04,7,2,없음,159,6,0,0,0,2,2,4,1,9,1,1,1,1,1,8,2,3,1,1,F,411,2,1,2,3,3,5,3,3,7700,1,1,0,3,3,5,3,3,7700,1,1,0,3,3,5,3,3,7700,1,1,0,2025,3,7,1740000,1470000,1,1
202601,6,,0.비상권,44710,16,0,0,0,1,0,6,21,04,7,2,없음,159,6,0,0,0,2,2,4,1,9,1,1,1,1,1,8,2,3,1,1,F,426,2,1,2,3,3,5,3,3,7700,1,1,0,3,3,5,3,3,7700,1,1,0,3,3,5,3,3,7700,1,1,0,2025,3,10,1740000,1470000,1,1
202601,6,,0.비상권,44710,16,0,0,0,1,0,6,21,04,7,2,없음,159,6,0,0,0,2,2,4,1,9,1,1,1,1,1,8,2,3,2,2,0,999,2,1,3,1,1,1,3,3,3200,1,1,0,1,1,1,3,3,3200,1,1,0,1,1,1,3,3,3200,1,1,0,0,1,1,1740000,1470000,1,1
202601,6,,0.비상권,44710,14,0,0,0,1,0,7,21,03,6,2,없음,105,2,0,1,0,2,2,4,2,8,2,1,1,1,1,8,2,3,1,1,G,463,3,1,4,5,4,5,6,4,9800,1,1,0,5,4,5,6,4,9800,1,1,0,5,4,5,6,4,9800,1,1,0,2024,3,10,2400000,2240000,1,1
202601,6,,0.비상권,44710,14,0,0,0,1,0,7,21,03,6,2,없음,105,2,0,1,0,2,2,4,2,8,2,1,1,1,1,8,2,3,2,1,0,999,3,1,3,4,3,4,5,3,6300,1,1,0,4,3,4,5,3,6300,1,1,0,4,3,4,5,3,6300,1,1,0,2024,3,8,2400000,2240000,1,1
202601,6,,0.비상권,44710,22,0,0,0,1,0,1,51,03,8,1,없음,119,6,0,0,0,1,1,2,1,10,1,1,1,1,1,8,1,3,1,1,G,462,2,1,2,3,4,7,3,4,14300,1,1,0,3,4,7,3,4,14300,1,1,0,3,4,7,3,4,14300,1,1,0,2025,3,10,1450000,1920000,1,3
202601,6,,0.비상권,44710,14,0,0,0,1,0,4,32,04,6,1,없음,223,7,0,0,0,2,2,4,1,10,2,1,1,1,1,8,2,3,1,1,G,462,2,1,2,6,3,7,5,3,10400,1,1,0,6,3,7,5,3,10400,1,1,0,6,3,7,5,3,10400,1,1,0,2023,4,8,990000,1680000,1,2
202601,6,,0.비상권,44710,14,0,0,0,1,0,4,32,04,6,1,없음,223,7,0,0,0,2,2,4,1,10,2,1,1,1,1,8,2,3,1,1,G,462,2,1,2,5,3,7,5,3,9600,1,1,0,5,3,7,5,3,9600,1,1,0,5,3,7,5,3,9600,1,1,0,2024,3,10,990000,1680000,1,2
202601,6,,0.비상권,44710,14,0,0,0,1,0,4,32,04,6,1,없음,223,7,0,0,0,2,2,4,1,10,2,1,1,1,1,8,2,3,1,1,G,472,1,1,1,5,3,6,5,3,11000,1,1,0,5,3,6,5,3,11000,1,1,0,5,3,6,5,3,11000,1,1,0,2024,3,8,990000,1680000,1,2
202601,6,,0.비상권,44710,14,0,0,0,1,0,4,32,03,6,1,없음,220,6,0,0,0,1,1,2,1,10,1,1,1,1,1,8,1,3,1,1,G,462,2,1,2,5,3,5,5,3,6900,1,1,0,5,3,5,5,3,6900,1,1,0,5,3,5,5,3,6900,1,1,0,2026,3,7,1100000,1830000,1,2
202601,6,,0.비상권,44710,14,0,0,0,1,0,4,32,03,6,1,없음,216,7,0,0,0,1,1,2,1,10,1,1,1,1,1,8,1,3,1,1,G,462,2,1,2,5,3,5,5,3,8100,1,1,0,5,3,5,5,3,8100,1,1,0,5,3,5,5,3,8100,1,1,0,2025,3,10,1010000,1970000,1,2
202601,6,,0.비상권,44710,14,0,0,0,1,0,6,31,04,6,1,없음,94,9,0,0,0,2,2,3,1,10,2,1,1,1,1,8,2,3,1,1,S,952,3,1,4,4,3,3,5,3,4700,1,1,0,4,3,3,5,3,4700,1,1,0,4,3,3,5,3,4700,1,1,0,2025,4,9,1090000,2100000,1,1
202601,6,,0.비상권,44760,13,0,130,140,1,0,5,21,04,6,2,없음,531,7,0,1,0,2,2,4,2,7,1,1,1,1,1,8,2,3,1,1,I,562,3,1,3,5,5,7,5,5,14000,1,1,0,5,5,7,5,5,14000,1,1,0,5,5,7,5,5,14000,1,1,0,2023,4,9,1470000,1530000,1,2
202601,6,,0.비상권,44760,13,0,130,140,1,0,5,21,04,6,2,없음,531,7,0,1,0,2,2,4,2,7,1,1,1,1,1,8,2,3,2,2,0,999,2,2,3,1,1,1,6,3,5400,1,1,0,1,1,1,6,3,5400,1,1,0,1,1,1,6,3,5400,1,1,0,0,1,1,1470000,1530000,1,2
202601,6,,0.비상권,44760,13,0,0,0,1,0,4,32,03,6,1,없음,100,1,0,0,0,2,1,3,1,10,1,1,1,1,1,8,2,3,1,1,S,969,2,1,2,4,3,6,4,3,9700,1,1,0,4,3,6,4,3,9700,1,1,0,4,3,6,4,3,9500,1,1,0,2025,3,10,1090000,1830000,1,2
202601,6,,0.비상권,44760,13,0,0,0,1,0,4,32,03,6,1,없음,100,1,0,0,0,2,1,3,1,10,1,1,1,1,1,8,2,3,1,1,S,969,2,1,2,4,3,6,4,3,9500,1,1,0,4,3,6,4,3,9500,1,1,0,4,3,6,4,3,9500,1,1,0,2026,3,10,1090000,1830000,1,2
202601,6,,0.비상권,44760,22,0,140,0,1,0,1,12,03,1,1,없음,152,8,0,0,0,1,1,1,1,10,1,1,1,1,1,8,1,3,1,1,G,478,1,1,1,3,3,7,3,3,13700,1,1,0,3,3,7,3,3,13700,1,1,0,3,3,7,3,3,14000,1,1,0,2024,3,10,1740000,1920000,1,3
202601,6,,0.비상권,44760,22,0,140,0,1,1,1,21,03,1,1,없음,168,1,0,0,0,2,1,3,1,10,1,1,1,1,1,8,2,3,-1,3,L,682,1,1,1,1,1,1,1,2,3100,1,1,0,1,1,1,1,2,3100,1,1,0,1,1,1,1,2,3100,1,1,0,2025,3,10,2270000,3040000,1,1
202601,6,,0.비상권,44760,22,0,140,0,1,1,1,21,03,1,1,없음,168,1,0,0,0,2,1,3,1,10,1,1,1,1,1,8,2,3,1,1,L,682,3,1,3,1,3,3,3,3,7700,1,1,0,1,3,3,3,3,7700,1,1,0,1,3,3,3,3,7600,1,1,0,2025,3,10,2270000,3040000,1,1
202601,6,,0.비상권,44760,22,0,140,0,1,0,1,51,03,10,1,없음,102,8,0,0,0,1,1,2,1,10,1,1,1,1,1,8,1,3,1,6,0,999,1,1,1,1,1,1,3,3,7800,1,1,1,1,1,1,3,3,7800,1,1,1,1,1,1,3,3,7800,1,1,1,0,1,1,1730000,1830000,1,1
202601,6,,0.비상권,44760,22,0,140,0,1,0,1,51,03,10,1,없음,102,8,0,0,0,1,1,2,1,10,1,1,1,1,1,8,1,3,1,6,0,999,1,1,1,1,1,1,3,3,8000,1,1,1,1,1,1,3,3,8000,1,1,1,1,1,1,3,3,8000,1,1,1,0,1,1,1730000,1830000,1,1
202601,6,,0.비상권,44760,22,0,0,0,1,0,1,21,03,1,1,없음,130,6,0,0,0,2,2,4,1,10,2,1,2,1,1,8,2,3,1,1,G,474,3,1,4,6,5,7,6,5,16400,1,1,0,6,5,7,6,5,16400,1,1,0,6,5,7,6,5,16400,1,1,0,2024,3,9,3280000,2550000,1,1
202601,6,,0.비상권,44760,22,0,0,0,1,0,1,21,03,1,1,없음,130,6,0,0,0,2,2,4,1,10,2,1,2,1,1,8,2,3,2,2,0,999,3,1,4,1,1,1,5,4,8000,1,1,0,1,1,1,5,4,8000,1,1,0,1,1,1,5,4,8000,1,1,0,0,1,1,3280000,2550000,1,1
202601,6,,0.비상권,44760,22,0,140,0,1,0,1,12,03,1,1,없음,50,1,0,0,0,2,1,2,1,10,1,1,1,1,1,8,2,3,1,1,I,561,2,1,2,4,3,6,4,4,10500,1,1,0,4,3,6,4,4,10500,1,1,0,4,3,6,4,4,10500,1,1,0,2024,3,9,1640000,3880000,1,2
202601,6,,0.비상권,44760,22,0,140,0,1,0,1,11,03,6,1,없음,66,4,0,0,0,2,1,3,1,10,1,1,1,1,1,8,2,3,1,1,C,106,3,1,3,6,4,6,6,4,10600,1,1,0,6,4,6,6,4,10600,1,1,0,6,4,6,6,4,10600,1,1,0,2024,3,9,1820000,3550000,1,1
202601,6,,0.비상권,44760,22,0,130,0,1,0,5,21,04,5,1,없음,45,1,0,0,0,2,2,4,1,10,2,1,1,1,1,28,2,2,1,1,S,952,4,1,4,4,4,6,4,5,9200,1,1,0,4,4,6,4,5,9200,1,1,0,4,4,6,4,5,9100,1,1,0,2024,3,7,1590000,3430000,1,1
202601,6,,0.비상권,44770,22,0,0,0,1,0,2,32,03,1,1,없음,170,4,0,0,0,2,2,4,1,10,2,1,1,1,1,8,2,3,1,1,I,562,3,1,3,4,3,5,4,3,6000,1,1,0,4,3,5,4,3,6000,1,1,0,4,3,5,4,3,6000,1,1,0,2024,3,9,1200000,1960000,1,1
202601,6,,0.비상권,44770,22,0,0,0,1,0,2,32,03,1,1,없음,170,4,0,0,0,2,2,4,1,10,2,1,1,1,1,8,2,3,1,1,S,969,3,1,3,4,3,5,4,3,6000,1,1,0,4,3,5,4,3,6000,1,1,0,4,3,5,4,3,6000,1,1,0,2023,5,10,1200000,1960000,1,1
202601,6,,0.비상권,44770,14,0,0,0,1,0,2,21,03,6,2,없음,112,6,0,0,0,2,2,4,1,9,2,1,1,1,1,8,2,3,1,1,G,466,3,1,4,4,4,4,4,4,5900,1,1,0,4,4,4,4,4,5900,1,1,0,4,4,4,4,4,5900,1,1,0,2025,3,9,1190000,1040000,1,1
202601,6,,0.비상권,44770,14,0,0,0,1,0,2,21,03,6,2,없음,112,6,0,0,0,2,2,4,1,9,2,1,1,1,1,8,2,3,2,2,0,999,3,1,3,1,1,1,3,3,3300,1,1,0,1,1,1,3,3,3300,1,1,0,1,1,1,3,3,3300,1,1,0,0,1,1,1190000,1040000,1,1
202601,6,,0.비상권,44770,14,0,0,0,1,0,7,32,04,4,1,없음,62,4,0,0,0,3,2,4,1,10,2,1,1,1,1,8,3,3,1,1,L,682,3,1,3,4,4,5,4,4,10100,1,1,0,4,4,5,4,4,10100,1,1,0,4,4,5,4,4,10100,1,1,0,2024,3,9,940000,2770000,1,1
202601,6,,0.비상권,44770,14,0,0,0,1,0,7,32,04,4,1,없음,62,4,0,0,0,3,2,4,1,10,2,1,1,1,1,8,3,3,1,1,Q,872,3,1,3,4,4,6,4,4,10100,1,1,0,4,4,6,4,4,10100,1,1,0,4,4,6,4,4,10100,1,1,0,2025,3,10,940000,2770000,1,1
202601,6,,0.비상권,44770,22,0,0,0,1,0,1,11,03,4,1,없음,133,4,0,0,0,1,1,2,1,9,1,1,1,1,1,8,1,3,1,1,G,474,1,1,1,3,3,7,3,3,11100,1,1,0,3,3,7,3,3,11100,1,1,0,3,3,7,3,3,11100,1,1,0,2026,3,10,1590000,2300000,1,1
202601,6,,0.비상권,44770,22,0,0,0,1,0,1,11,03,4,1,없음,133,4,0,0,0,1,1,2,1,9,1,1,1,1,1,8,1,3,2,1,0,999,1,1,1,3,3,6,3,3,9400,1,1,0,3,3,6,3,3,9400,1,1,0,3,3,6,3,3,9400,1,1,0,2025,3,10,1590000,2300000,1,1
202601,6,,0.비상권,44770,14,0,0,0,1,0,4,21,04,7,1,없음,77,4,0,0,0,2,2,4,1,10,2,1,1,1,1,8,2,3,1,1,I,561,4,1,4,4,3,3,4,4,3100,1,1,0,4,3,3,4,4,3100,1,1,0,4,3,3,4,4,3100,1,1,0,2025,3,9,1170000,1310000,1,1
202601,6,,0.비상권,44770,22,0,0,0,1,0,4,12,03,8,1,없음,98,4,0,0,0,1,1,3,1,10,1,1,1,1,1,8,1,3,1,1,G,473,3,1,3,4,3,5,4,3,6600,1,1,0,4,3,5,4,3,6600,1,1,0,4,3,5,4,3,6600,1,1,0,2025,3,8,1690000,2250000,1,1
202601,6,,0.비상권,44770,22,0,0,0,1,0,6,32,03,8,1,없음,132,4,0,0,0,2,2,4,1,10,2,1,1,1,1,8,2,3,1,1,G,472,4,1,4,4,5,7,5,5,11600,1,1,0,4,5,7,5,5,11600,1,1,0,4,5,7,5,5,11600,1,1,0,2024,4,10,1700000,2270000,1,1
202601,6,,0.비상권,44770,22,0,0,0,1,0,6,32,03,8,1,없음,132,4,0,0,0,2,2,4,1,10,2,1,1,1,1,8,2,3,1,1,I,561,3,1,3,4,4,7,4,4,14000,1,1,0,4,4,7,4,4,14000,1,1,0,4,4,7,4,4,14000,1,1,0,2024,3,7,1700000,2270000,1,1
202601,6,,0.비상권,44770,22,0,0,0,1,0,5,32,04,8,1,없음,16,9,0,0,0,2,2,4,1,10,2,1,1,1,1,8,2,3,1,1,R,912,4,1,4,1,5,7,5,5,10900,1,1,0,1,5,7,5,5,10900,1,1,0,1,5,7,5,5,10900,1,1,0,2024,3,9,1880000,2610000,1,1
202601,6,,0.비상권,44790,14,0,0,0,1,0,5,32,03,5,1,없음,10,6,0,0,0,1,1,2,1,10,1,1,1,1,1,8,1,3,1,1,G,474,2,1,2,3,3,7,3,3,12100,1,1,0,3,3,7,3,3,12100,1,1,0,3,3,7,3,3,12100,1,1,0,2025,3,10,1460000,2940000,1,3
202601,6,,0.비상권,44800,16,0,130,0,1,0,5,32,04,5,1,없음,50,5,0,0,0,2,1,3,1,10,1,1,1,1,1,8,2,3,1,1,I,561,3,1,3,6,4,7,6,4,16700,1,1,0,6,4,7,6,4,16700,1,1,0,6,4,7,6,4,16700,1,1,0,2025,3,6,1840000,3840000,1,3
202601,6,,0.비상권,44800,14,0,130,0,1,0,7,21,03,6,1,없음,50,6,0,0,0,2,1,3,1,10,1,1,1,1,1,8,2,3,1,1,I,561,3,1,3,5,4,7,5,5,12300,1,1,0,5,4,7,5,5,12300,1,1,0,5,4,7,5,5,12300,1,1,0,2026,3,8,1450000,2720000,1,3
202601,6,,0.비상권,44800,22,0,130,300,1,0,1,11,03,1,1,없음,100,8,0,0,0,1,1,2,1,10,1,1,1,1,1,8,1,3,1,1,G,474,2,1,2,7,5,10,6,5,58000,1,1,0,7,5,10,6,5,58000,1,1,0,7,5,10,6,5,58000,1,1,0,2025,3,10,2780000,6940000,1,3
202601,6,,0.비상권,44800,22,0,130,300,1,0,6,21,04,7,2,없음,50,8,0,0,0,2,2,4,1,10,2,2,1,1,1,8,2,3,1,1,G,472,4,1,4,5,4,4,5,4,6100,1,1,0,5,4,4,5,4,6100,1,1,0,5,4,4,5,4,6100,1,1,0,2024,3,9,3140000,2520000,1,1
202601,6,,0.비상권,44800,22,0,130,300,1,0,6,21,04,7,2,없음,50,8,0,0,0,2,2,4,1,10,2,2,1,1,1,8,2,3,2,6,0,999,4,1,4,1,1,1,5,3,3800,1,1,1,1,1,1,5,3,3800,1,1,1,1,1,1,5,3,3800,1,1,1,0,1,1,3140000,2520000,1,1
202601,6,,0.비상권,44800,14,0,0,0,1,0,4,32,03,6,1,없음,350,4,0,0,0,1,1,2,1,10,1,1,1,1,1,8,1,3,1,1,I,562,2,1,2,3,3,5,3,3,8500,1,1,0,3,3,5,3,3,8500,1,1,0,3,3,5,3,3,8500,1,1,0,2025,3,9,1020000,1810000,1,2
202601,6,,0.비상권,44800,14,0,0,0,1,0,5,32,04,6,1,없음,30,6,0,0,0,2,2,4,1,10,2,1,1,1,1,8,2,3,1,1,I,562,4,1,4,5,4,6,5,4,8300,1,1,0,5,4,6,5,4,8300,1,1,0,5,4,6,5,4,8300,1,1,0,2025,3,9,1530000,2910000,1,2
202601,6,,0.비상권,44800,14,0,0,0,1,0,1,21,04,5,1,없음,200,6,0,0,0,4,2,4,1,10,2,1,1,1,1,8,4,3,1,1,I,561,4,1,4,5,5,6,5,5,9900,1,1,0,5,5,6,5,5,9900,1,1,0,5,5,6,5,5,9900,1,1,0,2026,3,10,1020000,2450000,1,1
202601,6,,0.비상권,44800,14,0,0,0,1,0,1,21,04,5,1,없음,200,6,0,0,0,4,2,4,1,10,2,1,1,1,1,8,4,3,1,1,I,561,4,1,4,5,5,6,5,5,9800,1,1,0,5,5,6,5,5,9800,1,1,0,5,5,6,5,5,9800,1,1,0,2025,3,9,1020000,2450000,1,1
202601,6,,0.비상권,44800,14,0,0,0,1,0,4,32,03,6,1,없음,100,4,0,0,0,2,2,4,1,10,2,1,1,1,1,8,2,3,1,1,N,742,2,1,2,3,3,5,3,3,6700,1,1,0,3,3,5,3,3,6700,1,1,0,3,3,5,3,3,6700,1,1,0,2025,3,10,1040000,1730000,1,2
202601,6,,0.비상권,44800,14,0,0,0,1,0,4,32,03,6,1,없음,100,4,0,0,0,2,2,4,1,10,2,1,1,1,1,8,2,3,1,1,M,721,3,1,3,4,3,5,4,3,6400,1,1,0,4,3,5,4,3,6400,1,1,0,4,3,5,4,3,6400,1,1,0,2025,3,8,1040000,1730000,1,2
202601,6,,0.비상권,44800,14,0,0,0,1,0,4,32,03,6,1,없음,100,4,0,0,0,2,2,4,1,10,2,1,1,1,1,8,2,3,1,1,L,682,1,1,2,3,3,5,3,3,6800,1,1,0,3,3,5,3,3,6800,1,1,0,3,3,5,3,3,6800,1,1,0,2024,3,9,1040000,1730000,1,2
202601,6,,0.비상권,44800,16,0,0,0,1,0,7,32,04,7,1,없음,100,5,0,1,0,3,2,4,1,10,2,1,1,1,1,8,3,3,1,1,G,471,2,1,3,5,4,7,5,4,13700,1,1,0,5,4,7,5,4,13700,1,1,0,5,4,7,5,4,13700,1,1,0,2025,3,8,1750000,2510000,1,1
202601,6,,0.비상권,44800,16,0,0,0,1,0,7,32,04,7,1,없음,100,5,0,1,0,3,2,4,1,10,2,1,1,1,1,8,3,3,1,1,I,561,3,1,3,4,4,7,4,4,11000,1,1,0,4,4,7,4,4,11000,1,1,0,4,4,7,4,4,11000,1,1,0,2025,3,10,1750000,2510000,1,1
202601,6,,0.비상권,44800,16,0,0,0,1,0,7,32,04,7,1,없음,100,5,0,1,0,3,2,4,1,10,2,1,1,1,1,8,3,3,1,1,I,562,2,1,2,4,4,7,4,4,13000,1,1,0,4,4,7,4,4,13000,1,1,0,4,4,7,4,4,13000,1,1,0,2024,3,10,1750000,2510000,1,1
202601,6,,0.비상권,44800,16,0,0,0,1,0,7,32,04,7,1,없음,100,5,0,1,0,3,2,4,1,10,2,1,1,1,1,8,3,3,1,6,0,999,2,1,2,1,1,1,4,4,13100,1,1,1,1,1,1,4,4,13100,1,1,1,1,1,1,4,4,13100,1,1,1,0,1,1,1750000,2510000,1,1
202601,6,,0.비상권,44800,22,0,0,0,1,0,6,32,04,6,1,없음,150,7,0,1,0,3,2,4,1,10,2,1,1,1,1,8,3,3,1,1,I,561,4,1,4,6,5,7,6,5,10900,1,1,0,6,5,7,6,5,10900,1,1,0,6,5,7,6,5,10900,1,1,0,2024,3,10,2040000,3450000,1,1
202601,6,,0.비상권,44800,22,0,0,0,1,0,6,32,04,6,1,없음,150,7,0,1,0,3,2,4,1,10,2,1,1,1,1,8,3,3,1,1,I,561,4,1,4,6,5,7,6,5,10800,1,1,0,6,5,7,6,5,10800,1,1,0,6,5,7,6,5,10800,1,1,0,2024,3,10,2040000,3450000,1,1
202601,6,,0.비상권,44800,22,0,0,0,1,0,5,32,04,4,1,없음,150,7,0,1,0,3,2,4,1,10,2,1,1,1,1,8,3,3,1,1,I,561,4,1,4,5,4,5,5,4,6700,1,1,0,5,4,5,5,4,6700,1,1,0,5,4,5,5,4,6700,1,1,0,2024,3,9,1170000,3330000,1,1
202601,6,,0.비상권,44800,14,0,0,0,1,0,7,21,04,6,1,없음,280,5,0,1,0,3,2,4,1,9,2,1,1,1,1,8,3,3,1,1,R,912,4,1,4,5,4,5,5,4,7300,1,1,0,5,4,5,5,4,7300,1,1,0,5,4,5,5,4,7300,1,1,0,2025,3,10,1830000,2120000,1,1
202601,6,,0.비상권,44800,14,0,0,0,1,0,7,21,04,6,1,없음,280,5,0,1,0,3,2,4,1,9,2,1,1,1,1,8,3,3,1,1,I,561,3,1,3,4,4,6,4,4,7600,1,1,0,4,4,6,4,4,7600,1,1,0,4,4,6,4,4,7600,1,1,0,2025,3,10,1830000,2120000,1,1
202601,6,,0.비상권,44800,14,0,0,0,1,0,7,21,04,6,1,없음,280,5,0,1,0,3,2,4,1,9,2,1,1,1,1,8,3,3,2,2,0,999,3,1,3,1,1,1,3,3,4400,1,1,0,1,1,1,3,3,4400,1,1,0,1,1,1,3,3,4400,1,1,0,0,1,1,1830000,2120000,1,1
202601,6,,0.비상권,44800,14,0,0,0,1,0,4,31,04,4,1,없음,100,6,0,1,0,2,2,4,1,10,1,1,1,1,1,8,2,3,1,1,R,912,3,1,3,4,4,5,5,4,8900,1,1,0,4,4,5,5,4,8900,1,1,0,4,4,5,5,4,8900,1,1,0,2025,3,10,910000,1400000,1,2
202601,6,,0.비상권,44800,14,0,0,0,1,0,4,31,04,4,1,없음,100,6,0,1,0,2,2,4,1,10,1,1,1,1,1,8,2,3,2,2,0,999,3,1,3,1,1,1,4,3,7800,1,1,0,1,1,1,4,3,7800,1,1,0,1,1,1,4,3,7800,1,1,0,0,1,1,910000,1400000,1,2
202601,6,,0.비상권,44800,14,0,0,0,1,0,7,31,04,5,1,없음,200,4,0,0,0,3,2,4,1,10,2,1,1,1,1,8,3,3,1,1,I,561,4,1,4,4,5,7,6,5,15100,1,1,0,4,5,7,6,5,15100,1,1,0,4,5,7,6,5,15100,1,1,0,2021,5,8,1310000,3020000,1,2
202601,6,,0.비상권,44800,22,0,0,0,1,0,7,31,04,8,1,없음,100,7,0,0,0,1,1,2,1,9,1,1,1,1,1,8,1,3,1,1,I,561,2,1,2,4,3,6,4,4,8800,1,1,0,4,3,6,4,4,8800,1,1,0,4,3,6,4,4,8800,1,1,0,2024,3,10,2610000,3350000,1,1
202601,6,,0.비상권,44800,22,0,0,0,1,0,7,21,03,7,1,없음,50,7,0,0,0,2,1,3,1,10,1,1,1,1,1,8,2,3,1,2,G,472,2,1,2,1,1,1,4,3,11300,1,1,0,1,1,1,4,3,11300,1,1,0,1,1,1,4,3,11300,1,1,0,0,1,1,2230000,3390000,1,3
202601,6,,0.비상권,44800,22,0,0,0,1,0,7,21,03,7,1,없음,50,7,0,0,0,2,1,3,1,10,1,1,1,1,1,8,2,3,1,1,S,961,2,1,2,5,3,7,5,4,11400,1,1,0,5,3,7,5,4,11400,1,1,0,5,3,7,5,4,11400,1,1,0,2025,3,9,2230000,3390000,1,3
202601,6,,0.비상권,44800,64,0,0,0,1,0,4,21,04,2,1,없음,200,8,0,0,0,4,2,4,1,10,2,1,1,1,1,8,4,3,1,1,I,561,4,1,4,5,5,7,5,5,11400,1,1,0,5,5,7,5,5,11400,1,1,0,5,5,7,5,5,11400,1,1,0,2025,3,10,440000,1980000,1,2
202601,6,,0.비상권,44800,64,0,0,0,1,0,4,21,04,2,1,없음,200,8,0,0,0,4,2,4,1,10,2,1,1,1,1,8,4,3,2,1,I,561,2,1,2,4,3,5,4,3,6500,1,1,0,4,3,5,4,3,6500,1,1,0,4,3,5,4,3,6500,1,1,0,2025,3,10,440000,1980000,1,2
202601,6,,0.비상권,44810,14,0,0,0,1,0,5,31,04,4,1,없음,150,4,0,1,0,3,2,4,1,9,2,1,1,1,1,8,3,3,1,1,S,952,4,1,4,3,3,4,3,3,4400,1,1,0,3,3,4,3,3,4400,1,1,0,3,3,4,3,3,4400,1,1,0,2024,3,7,1010000,3100000,1,1
202601,6,,예산시장,44810,14,0,0,0,1,0,1,51,03,9,1,없음,103,7,0,0,0,1,1,3,1,10,1,1,1,1,1,8,1,3,1,6,0,999,3,1,3,1,1,1,3,3,5500,1,1,1,1,1,1,3,3,5500,1,1,1,1,1,1,3,3,5500,1,1,1,0,1,1,810000,970000,1,1
202601,6,,예산시장,44810,14,0,0,0,1,0,1,51,03,1,1,없음,32,4,0,0,0,1,1,3,1,10,1,1,1,1,1,8,1,3,1,1,I,561,3,1,3,4,3,4,4,3,6000,1,1,0,4,3,4,4,3,6000,1,1,0,4,3,4,4,3,6000,1,1,0,2026,3,7,750000,780000,1,1
202601,6,,예산시장,44810,14,0,0,0,1,1,4,21,03,6,2,없음,200,4,0,0,0,2,2,4,1,10,2,1,1,1,1,8,2,3,-1,6,0,999,3,1,3,1,1,1,3,3,2700,1,1,1,1,1,1,3,3,2700,1,1,1,1,1,1,3,3,2700,1,1,1,0,1,1,1510000,840000,1,1
202601,6,,예산시장,44810,14,0,0,0,1,1,4,21,03,6,2,없음,200,4,0,0,0,2,2,4,1,10,2,1,1,1,1,8,2,3,1,1,G,463,3,1,3,4,3,5,4,3,5900,1,1,0,4,3,5,4,3,5900,1,1,0,4,3,5,4,3,5900,1,1,0,2025,3,9,1510000,840000,1,1
202601,6,,예산시장,44810,14,0,0,0,1,1,4,21,03,6,2,없음,200,4,0,0,0,2,2,4,1,10,2,1,1,1,1,8,2,3,2,1,0,999,3,1,3,3,3,3,3,3,3100,1,1,0,3,3,3,3,3,3100,1,1,0,3,3,3,3,3,3100,1,1,0,2025,3,9,1510000,840000,1,1
202601,6,,예산시장,44810,16,0,0,0,1,0,1,21,03,6,2,없음,103,7,0,0,0,2,2,4,1,9,2,1,2,1,1,8,2,3,1,1,C,105,4,1,4,4,4,4,4,4,5600,1,1,0,4,4,4,4,4,5600,1,1,0,4,4,4,4,4,5600,1,1,0,2025,3,9,1200000,1150000,1,1
202601,6,,예산시장,44810,16,0,0,0,1,0,1,21,03,6,2,없음,103,7,0,0,0,2,2,4,1,9,2,1,2,1,1,8,2,3,1,6,0,999,1,1,2,1,3,4,3,3,5800,1,1,0,1,3,4,3,3,5800,1,1,0,1,1,1,3,3,5800,1,1,1,0,1,1,1200000,1150000,1,1
202601,6,,예산시장,44810,16,0,0,0,1,0,1,21,03,6,2,없음,103,7,0,0,0,2,2,4,1,9,2,1,2,1,1,8,2,3,2,2,0,999,4,1,4,1,1,1,3,3,2200,1,1,0,1,1,1,3,3,2200,1,1,0,1,1,1,3,3,2200,1,1,0,0,1,1,1200000,1150000,1,1
202601,6,,예산시장,44810,16,0,0,0,1,0,5,32,04,5,1,없음,200,9,0,0,0,2,1,3,1,10,1,1,1,1,1,8,2,3,1,1,S,969,2,1,2,4,3,5,4,3,7100,1,1,0,4,3,5,4,3,7100,1,1,0,4,3,5,4,3,7100,1,1,0,2024,3,10,1100000,2280000,1,1
202601,6,,예산시장,44810,16,0,0,0,1,0,5,32,04,5,1,없음,200,9,0,0,0,2,1,3,1,10,1,1,1,1,1,8,2,3,1,2,S,949,2,1,2,1,1,1,4,3,5800,1,1,0,1,1,1,4,3,5800,1,1,0,1,1,1,4,3,5800,1,1,0,0,1,1,1100000,2280000,1,1
202601,6,,예산시장,44810,22,0,0,0,1,0,6,31,04,8,2,없음,30,4,0,0,0,1,2,4,1,9,1,1,1,1,1,8,1,3,1,1,G,478,2,1,3,5,3,5,5,3,8400,1,1,0,5,3,5,5,3,8400,1,1,0,5,3,5,5,3,8400,1,1,0,2024,4,8,2350000,1530000,1,1
202601,6,,예산시장,44810,22,0,0,0,1,0,6,31,04,8,2,없음,30,4,0,0,0,1,2,4,1,9,1,1,1,1,1,8,1,3,2,6,0,999,2,1,3,1,1,1,4,3,4600,1,1,1,1,1,1,4,3,4600,1,1,1,1,1,1,4,3,4600,1,1,1,0,1,1,2350000,1530000,1,1
202601,6,,예산시장,44810,22,0,300,0,1,1,2,21,03,6,2,없음,170,4,0,0,0,2,2,4,1,10,1,2,1,1,1,8,2,3,-1,6,0,999,3,1,3,1,1,1,3,2,500,1,1,1,1,1,1,3,2,500,1,1,1,1,1,1,3,2,500,1,1,1,0,1,1,1520000,960000,1,1
202601,6,,예산시장,44810,22,0,300,0,1,1,2,21,03,6,2,없음,170,4,0,0,0,2,2,4,1,10,1,2,1,1,1,8,2,3,1,1,G,474,3,1,3,5,3,4,5,3,5100,1,1,0,5,3,4,5,3,5100,1,1,0,5,3,4,5,3,5100,1,1,0,2025,3,10,1520000,960000,1,1
202601,6,,예산시장,44810,22,0,300,0,1,1,2,21,03,6,2,없음,170,4,0,0,0,2,2,4,1,10,1,2,1,1,1,8,2,3,2,6,0,999,3,1,3,1,1,1,4,3,3600,1,1,1,1,1,1,4,3,3600,1,1,1,1,1,1,4,3,3600,1,1,1,0,1,1,1520000,960000,1,1
202601,6,,예산시장,44810,22,0,300,0,1,0,1,51,04,1,1,없음,211,4,0,0,0,2,1,3,1,10,1,1,1,1,1,8,2,3,1,1,R,911,3,1,3,6,3,6,6,3,8500,1,1,0,6,3,6,6,3,8500,1,1,0,6,3,6,6,3,8500,1,1,0,2025,3,10,1210000,1770000,1,2
202601,6,,예산시장,44810,16,0,0,0,1,0,1,51,03,1,1,없음,137,4,0,0,0,1,1,2,1,10,1,1,1,1,1,8,1,3,1,1,I,561,2,1,2,3,3,6,3,3,8100,1,1,0,3,3,6,3,3,8100,1,1,0,3,3,6,3,3,8100,1,1,0,2025,3,7,970000,2200000,1,1
202601,6,,예산시장,44810,16,0,0,0,1,0,1,51,04,1,1,없음,172,4,0,0,0,1,1,3,1,10,1,1,1,1,1,8,1,3,1,1,G,474,2,1,2,6,3,7,6,3,11600,1,1,0,6,3,7,6,3,11600,1,1,0,6,3,7,6,3,11600,1,1,0,2024,3,8,1170000,800000,1,1
202601,6,,예산시장,44810,16,0,0,0,1,0,1,51,04,1,1,없음,172,4,0,0,0,1,1,3,1,10,1,1,1,1,1,8,1,3,2,1,G,474,2,1,2,4,2,3,4,2,2400,1,1,0,4,2,3,4,2,2400,1,1,0,4,2,3,4,2,2400,1,1,0,2024,3,8,1170000,800000,1,1
202601,6,,예산시장,44810,14,0,0,0,1,0,3,21,04,6,1,없음,29,4,0,0,0,2,2,4,1,10,2,1,1,1,1,8,2,3,1,1,I,561,4,1,4,4,4,3,4,4,4000,1,1,0,4,4,3,4,4,4000,1,1,0,4,4,3,4,4,4000,1,1,0,2024,3,7,1100000,1290000,1,1
202601,6,,예산시장,44810,14,0,0,0,1,0,3,21,04,6,1,없음,29,4,0,0,0,2,2,4,1,10,2,1,1,1,1,8,2,3,2,2,0,999,3,1,3,1,1,1,3,3,2800,1,1,0,1,1,1,3,3,2800,1,1,0,1,1,1,3,3,2800,1,1,0,0,1,1,1100000,1290000,1,1
202601,6,,예산시장,44810,14,0,0,0,1,0,7,21,04,6,1,없음,29,4,0,0,0,2,1,3,1,10,1,1,1,1,1,8,2,3,1,1,I,561,2,1,2,4,3,5,4,3,6900,1,1,0,4,3,5,4,3,6900,1,1,0,4,3,5,4,3,6900,1,1,0,2024,3,8,1330000,2360000,1,1
202601,6,,예산시장,44810,14,0,0,0,1,0,7,21,04,6,1,없음,29,4,0,0,0,2,1,3,1,10,1,1,1,1,1,8,2,3,1,1,C,181,1,1,1,3,3,6,3,3,8600,1,1,0,3,3,6,3,3,8600,1,1,0,3,3,6,3,3,8600,1,1,0,2024,3,9,1330000,2360000,1,1
202601,6,,예산시장,44810,14,0,0,0,1,0,7,32,03,6,1,없음,81,4,0,1,0,3,2,4,1,9,2,1,1,1,1,8,2,3,1,1,Q,869,2,1,2,5,5,9,5,5,31100,1,1,0,5,5,8,5,5,31100,1,1,0,5,5,8,5,5,31100,1,1,0,2026,3,9,1290000,2130000,1,2
202601,6,,예산시장,44810,14,0,0,0,1,0,7,32,03,6,1,없음,81,4,0,1,0,3,2,4,1,9,2,1,1,1,1,8,2,3,1,1,Q,862,4,1,4,4,4,5,4,5,9100,1,1,0,4,4,5,4,5,9100,1,1,0,4,5,6,4,5,9100,1,1,0,2024,3,8,1290000,2130000,1,2
202601,6,,예산시장,44810,14,0,0,0,1,0,1,51,03,1,1,없음,171,4,0,0,0,2,1,3,1,10,1,1,1,1,1,8,2,3,1,1,G,474,3,1,3,4,3,4,4,3,5000,1,1,0,4,3,4,4,3,5000,1,1,0,4,3,4,4,3,5000,1,1,0,2024,3,8,790000,1580000,1,1
202601,6,,예산시장,44810,14,0,0,0,1,0,6,32,03,6,1,없음,36,4,0,0,0,2,1,2,1,9,1,1,1,1,1,8,2,3,1,1,G,472,2,1,3,3,3,5,3,4,8400,1,1,0,3,3,5,3,4,8400,1,1,0,3,3,5,3,4,8400,1,1,0,2024,4,9,1210000,1990000,1,3
202601,6,,예산시장,44810,22,0,300,0,1,0,1,51,03,1,1,없음,170,4,0,0,0,1,1,1,1,10,1,1,1,1,1,8,1,3,1,1,G,474,1,1,1,4,3,7,4,3,12500,1,1,0,4,3,7,4,3,12500,1,1,0,4,3,7,4,3,12500,1,1,0,2021,5,2,1290000,1930000,1,2
202601,6,,예산시장,44810,22,0,300,0,1,0,5,21,03,7,2,없음,144,8,0,0,0,2,2,4,1,9,2,1,1,1,1,8,2,3,1,1,S,961,3,1,3,5,5,7,5,5,12600,1,1,0,5,5,7,5,5,12600,1,1,0,5,5,7,5,5,12600,1,1,0,2024,3,9,2060000,1650000,1,2
202601,6,,예산시장,44810,22,0,300,0,1,0,5,21,03,7,2,없음,144,8,0,0,0,2,2,4,1,9,2,1,1,1,1,8,2,3,2,1,S,961,3,1,4,3,3,4,3,3,4300,1,1,0,3,3,4,3,3,4300,1,1,0,3,3,4,3,3,4300,1,1,0,2024,3,9,2060000,1650000,1,2
202601,6,,예산시장,44810,22,0,300,0,1,0,1,21,03,7,2,없음,172,6,0,0,0,2,2,4,1,10,2,2,1,1,1,8,2,3,1,1,S,969,2,1,2,3,3,5,3,3,7100,1,1,0,3,3,5,3,3,7100,1,1,0,3,3,5,3,3,7100,1,1,0,2024,3,3,1460000,1120000,1,1
202601,6,,예산시장,44810,22,0,300,0,1,0,1,21,03,7,2,없음,172,6,0,0,0,2,2,4,1,10,2,2,1,1,1,8,2,3,1,1,G,478,2,1,2,3,3,4,3,3,7100,1,1,0,3,3,4,3,3,7100,1,1,0,3,3,4,3,3,7100,1,1,0,2024,3,8,1460000,1120000,1,1
202601,6,,예산시장,44810,22,0,300,0,1,0,1,21,03,7,2,없음,172,6,0,0,0,2,2,4,1,10,2,2,1,1,1,8,2,3,2,6,0,999,3,1,4,1,1,1,3,3,2600,1,1,1,1,1,1,3,3,2600,1,1,1,1,1,1,3,3,2600,1,1,1,0,1,1,1460000,1120000,1,1
202601,6,,0.비상권,44810,14,0,0,0,1,0,1,21,03,5,1,없음,180,4,0,0,0,3,2,4,1,10,2,1,1,1,1,8,3,3,1,1,F,424,1,1,1,3,3,5,3,3,7700,1,1,0,3,3,5,3,3,7700,1,1,0,3,3,5,3,3,7700,1,1,0,2025,3,10,900000,1030000,1,1
202601,6,,0.비상권,44810,14,0,0,0,1,0,1,21,03,5,1,없음,180,4,0,0,0,3,2,4,1,10,2,1,1,1,1,8,3,3,1,1,A,013,1,1,1,3,3,5,3,3,7700,1,1,0,3,3,5,3,3,7700,1,1,0,3,3,5,3,3,7700,1,1,0,2025,3,9,900000,1030000,1,1
202601,6,,0.비상권,44810,14,0,0,0,1,0,1,21,03,5,1,없음,180,4,0,0,0,3,2,4,1,10,2,1,1,1,1,8,3,3,1,1,A,012,2,1,2,3,3,4,3,3,7700,1,1,0,3,3,4,3,3,7700,1,1,0,3,3,4,3,3,7700,1,1,0,2025,3,7,900000,1030000,1,1
202601,6,,0.비상권,44810,14,0,0,0,1,0,1,21,03,5,1,없음,180,4,0,0,0,3,2,4,1,10,2,1,1,1,1,8,3,3,1,1,A,020,1,1,1,3,3,5,3,3,6300,1,1,0,3,3,5,3,3,6300,1,1,0,3,3,5,3,3,6300,1,1,0,2025,3,10,900000,1030000,1,1
202601,6,,0.비상권,44810,14,0,0,0,1,0,1,21,03,5,1,없음,180,4,0,0,0,3,2,4,1,10,2,1,1,1,1,8,3,3,1,1,L,682,1,1,1,3,3,5,3,3,7700,1,1,0,3,3,5,3,3,7700,1,1,0,3,3,5,3,3,7700,1,1,0,2025,2,10,900000,1030000,1,1
202601,6,,0.비상권,44810,14,0,0,0,1,0,1,21,03,5,1,없음,180,4,0,0,0,3,2,4,1,10,2,1,1,1,1,8,3,3,2,6,0,999,2,1,3,1,1,1,3,3,2700,1,1,1,1,1,1,3,3,2700,1,1,1,1,1,1,3,3,2700,1,1,1,0,1,1,900000,1030000,1,1
202601,6,,0.비상권,44810,14,0,0,0,1,0,1,21,03,5,1,없음,180,4,0,0,0,3,2,4,1,10,2,1,1,1,1,8,3,3,2,2,0,999,2,1,3,1,1,1,3,3,2700,1,1,0,1,1,1,3,3,2700,1,1,0,1,1,1,3,3,2700,1,1,0,0,1,1,900000,1030000,1,1
202601,6,,태안터미널,44825,14,0,0,0,1,0,5,32,03,2,1,없음,50,4,0,0,0,4,1,3,1,10,1,1,1,1,1,8,4,3,1,1,F,423,1,1,1,4,3,7,4,3,14500,1,1,0,4,3,7,4,3,14500,1,1,0,4,3,7,4,3,14500,1,1,0,2025,3,9,1070000,8400000,1,2
202601,6,,태안터미널,44825,14,0,0,0,1,0,5,32,03,2,1,없음,50,4,0,0,0,4,1,3,1,10,1,1,1,1,1,8,4,3,1,1,S,969,1,1,1,4,3,7,4,3,17600,1,1,0,4,3,7,4,3,17600,1,1,0,4,3,7,4,3,17600,1,1,0,2026,3,10,1070000,8400000,1,2
202601,6,,태안터미널,44825,14,0,0,0,1,0,5,32,03,2,1,없음,50,4,0,0,0,4,1,3,1,10,1,1,1,1,1,8,4,3,1,1,S,969,1,1,2,4,3,7,4,3,13500,1,1,0,4,3,7,4,3,13500,1,1,0,4,3,7,4,3,13500,1,1,0,2024,3,8,1070000,8400000,1,2
202601,6,,태안터미널,44825,14,0,0,0,1,0,4,32,04,6,1,없음,10,5,0,0,0,2,2,4,1,10,2,1,1,1,1,8,2,3,1,1,S,961,1,1,1,3,3,7,3,3,13900,1,1,0,3,3,7,3,3,13900,1,1,0,3,3,7,3,3,13900,1,1,0,2024,5,5,1250000,2170000,1,2
202601,6,,태안터미널,44825,14,0,0,0,1,0,4,32,04,6,1,없음,10,5,0,0,0,2,2,4,1,10,2,1,1,1,1,8,2,3,1,6,0,999,1,1,1,1,1,1,3,3,11300,1,1,1,1,1,1,3,3,11300,1,1,1,1,1,1,3,3,11300,1,1,1,0,1,1,1250000,2170000,1,2
202601,6,,태안터미널,44825,14,0,0,0,1,0,4,32,04,6,1,없음,10,5,0,0,0,2,2,4,1,10,2,1,1,1,1,8,2,3,1,1,I,562,4,1,4,5,4,6,5,4,8600,1,1,0,5,4,6,5,4,8600,1,1,0,5,4,6,5,4,8600,1,1,0,2025,3,8,1250000,2170000,1,2
202601,6,,태안터미널,44825,14,0,0,0,1,0,6,21,03,6,2,없음,10,6,0,1,0,2,2,4,1,9,2,1,2,1,1,8,2,3,1,1,I,561,4,1,4,6,3,4,6,3,4000,1,1,0,6,3,4,6,3,4000,1,1,0,6,3,4,6,3,4000,1,1,0,2024,3,7,1590000,1520000,1,1
202601,6,,태안터미널,44825,14,0,0,0,1,0,6,21,03,6,2,없음,10,6,0,1,0,2,2,4,1,9,2,1,2,1,1,8,2,3,2,2,0,999,4,1,4,1,1,1,6,3,3400,1,1,0,1,1,1,6,3,3400,1,1,0,1,1,1,6,3,3400,1,1,0,0,1,1,1590000,1520000,1,1
202601,6,,태안터미널,44825,14,0,0,0,1,0,7,21,04,6,1,없음,10,6,0,0,0,2,1,2,1,10,1,1,1,1,1,8,2,3,1,1,I,561,2,1,2,3,3,6,4,3,8500,1,1,0,3,3,6,4,3,8500,1,1,0,3,3,6,4,3,8500,1,1,0,2024,3,8,870000,1730000,1,2
202601,6,,태안터미널,44825,14,0,0,0,1,0,7,32,03,6,1,없음,25,4,0,0,0,1,1,2,1,10,1,1,1,1,1,8,1,3,1,1,G,473,2,1,2,4,4,7,4,4,11800,1,1,0,4,4,7,4,4,11800,1,1,0,4,4,7,4,4,11800,1,1,0,2024,3,9,1760000,2960000,1,2
202601,6,,태안터미널,44825,14,0,0,0,1,0,4,32,03,6,1,없음,170,4,0,0,0,3,2,4,1,10,2,1,1,1,1,8,3,3,1,2,S,949,2,1,2,1,1,1,3,3,6400,1,1,0,1,1,1,3,3,6400,1,1,0,1,1,1,3,3,6400,1,1,0,0,1,1,1250000,2180000,1,1
202601,6,,태안터미널,44825,14,0,0,0,1,0,4,32,03,6,1,없음,170,4,0,0,0,3,2,4,1,10,2,1,1,1,1,8,3,3,1,1,I,561,4,1,4,4,4,4,4,4,5100,1,1,0,4,4,4,4,4,5100,1,1,0,4,4,4,4,4,5100,1,1,0,2025,3,9,1250000,2180000,1,1
202601,6,,태안터미널,44825,22,0,0,0,1,0,7,32,03,8,1,없음,200,4,0,0,0,2,1,3,1,10,1,1,1,1,1,8,2,3,1,1,G,478,3,1,3,6,5,8,6,5,16500,1,1,0,6,5,8,6,5,16500,1,1,0,6,5,8,6,5,16500,1,1,0,2025,3,8,2650000,3370000,1,2
202601,6,,태안터미널,44825,22,0,0,0,1,0,6,32,04,7,1,없음,10,6,0,0,0,3,2,4,1,10,2,1,1,1,1,8,3,3,1,1,S,961,2,1,2,1,3,6,3,3,8900,1,1,0,1,3,6,3,3,8900,1,1,0,1,3,6,3,3,8900,1,1,0,2024,3,10,1430000,2340000,1,1
202601,6,,태안터미널,44825,22,0,0,0,1,0,6,32,04,7,1,없음,10,6,0,0,0,3,2,4,1,10,2,1,1,1,1,8,3,3,1,1,G,478,2,1,2,4,3,7,5,3,11200,1,1,0,4,3,7,5,3,11200,1,1,0,4,3,7,5,3,11200,1,1,0,2025,3,10,1430000,2340000,1,1
202601,6,,태안터미널,44825,22,0,0,0,1,0,6,32,04,7,1,없음,10,6,0,0,0,3,2,4,1,10,2,1,1,1,1,8,3,3,1,1,G,472,3,1,3,5,4,7,5,4,10900,1,1,0,5,4,7,5,4,10900,1,1,0,5,4,7,5,4,10900,1,1,0,2025,3,9,1430000,2340000,1,1
202601,6,,태안터미널,44825,14,0,0,0,1,0,7,32,03,6,1,없음,250,6,0,0,0,2,1,2,1,10,1,1,1,1,1,8,2,3,1,6,0,999,1,1,1,1,1,1,4,3,12800,1,1,1,1,1,1,4,3,12800,1,1,1,1,1,1,4,3,12800,1,1,1,0,1,1,1050000,2020000,1,3
202601,6,,태안터미널,44825,14,0,0,0,1,0,7,32,03,6,1,없음,250,6,0,0,0,2,1,2,1,10,1,1,1,1,1,8,2,3,1,6,0,999,1,1,1,1,1,1,4,3,11900,1,1,1,1,1,1,4,3,11900,1,1,1,1,1,1,4,3,11900,1,1,1,0,1,1,1050000,2020000,1,3
202601,6,,태안터미널,44825,14,0,0,0,1,0,5,21,04,5,1,없음,80,7,0,1,0,2,2,4,2,9,2,2,1,1,1,8,2,3,1,1,I,561,4,1,4,4,4,4,4,4,5200,1,1,0,4,4,4,4,4,5200,1,1,0,4,4,4,4,4,5200,1,1,0,2024,3,10,1310000,1370000,1,1
202601,6,,태안터미널,44825,14,0,0,0,1,0,5,21,04,5,1,없음,80,7,0,1,0,2,2,4,2,9,2,2,1,1,1,8,2,3,2,6,0,999,4,1,4,1,1,1,4,4,4000,1,1,1,1,1,1,4,4,4000,1,1,1,1,1,1,4,4,4000,1,1,1,0,1,1,1310000,1370000,1,1
202601,6,,태안터미널,44825,14,0,0,0,1,0,8,32,03,6,1,없음,50,6,0,0,0,2,1,3,1,9,1,1,1,1,1,8,2,3,1,1,F,412,2,1,2,4,3,6,4,3,9500,1,1,0,4,3,6,4,3,9500,1,1,0,4,3,6,4,3,9500,1,1,0,2024,3,10,1230000,2420000,1,2
202601,6,,태안터미널,44825,14,0,0,0,1,0,8,32,03,6,1,없음,50,6,0,0,0,2,1,3,1,9,1,1,1,1,1,8,2,3,1,1,I,561,2,1,2,4,3,6,4,3,9500,1,1,0,4,3,6,4,3,9500,1,1,0,4,3,6,4,3,9500,1,1,0,2025,3,10,1230000,2420000,1,2
202601,6,,태안터미널,44825,22,0,0,0,1,0,5,32,03,8,1,없음,130,2,0,0,0,2,2,4,1,9,2,1,1,1,1,8,2,3,1,1,I,561,3,1,3,5,5,8,5,5,16600,1,1,0,5,5,8,5,5,16600,1,1,0,5,5,8,5,5,16600,1,1,0,2024,3,10,2770000,3810000,1,3
202601,6,,태안터미널,44825,22,0,0,0,1,0,5,32,03,8,1,없음,130,2,0,0,0,2,2,4,1,9,2,1,1,1,1,8,2,3,1,1,L,682,1,1,2,4,4,8,4,4,17000,1,1,0,4,4,8,4,4,17000,1,1,0,4,4,8,4,4,17000,1,1,0,2024,3,7,2770000,3810000,1,3
202601,6,,태안터미널,44825,22,0,0,0,1,0,6,32,03,7,1,없음,120,4,0,0,0,2,2,4,1,10,2,1,1,1,1,8,2,3,1,1,Q,862,4,1,4,7,6,8,6,6,17500,1,1,0,7,6,8,6,6,17500,1,1,0,7,6,8,6,6,17500,1,1,0,2025,3,9,2800000,3750000,1,1
202601,6,,태안터미널,44825,22,0,0,0,1,0,6,32,03,7,1,없음,120,4,0,0,0,2,2,4,1,10,2,1,1,1,1,8,2,3,2,1,Q,862,1,1,1,3,2,5,2,2,6000,1,1,0,3,2,5,2,2,6000,1,1,0,3,2,5,2,2,6000,1,1,0,2025,3,9,2800000,3750000,1,1
202601,6,,태안터미널,44825,22,0,0,0,1,0,6,32,03,6,1,없음,130,4,0,0,0,3,2,4,1,10,2,1,1,1,1,8,3,3,1,1,Q,862,4,1,4,6,5,7,6,5,12800,1,1,0,6,5,7,6,5,12800,1,1,0,6,5,7,6,5,12800,1,1,0,2024,3,9,2620000,4710000,1,1
202601,6,,태안터미널,44825,22,0,0,0,1,0,6,32,03,6,1,없음,130,4,0,0,0,3,2,4,1,10,2,1,1,1,1,8,3,3,1,2,I,561,3,1,3,1,1,1,5,4,12200,1,1,0,1,1,1,5,4,12200,1,1,0,1,1,1,5,4,12200,1,1,0,0,1,1,2620000,4710000,1,1
202601,6,,태안터미널,44825,14,0,0,0,1,0,6,32,04,6,1,없음,141,7,0,0,0,2,2,4,1,10,2,1,1,1,1,8,2,3,1,1,F,424,4,1,4,4,4,4,4,4,5000,1,1,0,4,4,4,4,4,5000,1,1,0,4,4,4,4,4,5000,1,1,0,2026,3,9,1130000,1930000,1,1
202601,6,,전주동부,52111,22,0,300,0,1,0,1,51,03,1,1,없음,150,7,0,0,0,1,1,2,1,10,1,1,1,1,1,8,1,3,1,1,G,474,1,1,1,3,3,7,3,3,13600,1,1,0,3,3,7,3,3,13600,1,1,0,3,3,7,3,3,13600,1,1,0,2025,3,10,2070000,2150000,1,3
202601,6,,전주동부,52111,22,0,300,0,1,0,1,51,03,1,1,없음,150,7,0,0,0,1,1,2,1,10,1,1,1,1,1,8,1,3,1,6,0,999,1,1,1,1,1,1,4,3,14800,1,1,1,1,1,1,4,3,14800,1,1,1,1,1,1,4,3,14800,1,1,1,0,1,1,2070000,2150000,1,3
202601,6,,전주한옥마을,52111,22,0,300,0,1,0,1,51,03,1,1,없음,50,6,0,0,0,1,1,2,1,10,1,1,1,1,1,8,1,3,1,1,I,561,2,1,2,5,4,7,5,4,18600,1,1,0,5,4,7,5,4,18600,1,1,0,5,4,7,5,4,18600,1,1,0,2024,3,9,2610000,4740000,1,2
202601,6,,전주동부,52111,22,0,120,300,1,0,1,11,04,1,1,없음,110,1,0,0,0,1,1,2,1,10,1,1,1,1,1,8,1,3,1,1,S,961,2,1,2,3,3,7,3,3,10800,1,1,0,3,3,7,3,3,10800,1,1,0,3,3,7,3,3,10800,1,1,0,2026,3,7,2440000,2540000,1,1
202601,6,,전주동부,52111,22,0,120,300,1,0,1,11,04,1,1,없음,110,1,0,0,0,1,1,2,1,10,1,1,1,1,1,8,1,3,1,1,G,478,1,1,1,3,3,7,3,3,11200,1,1,0,3,3,7,3,3,11200,1,1,0,3,3,7,3,3,11200,1,1,0,2025,3,8,2440000,2540000,1,1
202601,6,,전주한옥마을,52111,22,0,120,300,1,0,1,51,04,1,1,없음,100,6,0,0,0,1,1,2,1,10,1,1,1,1,1,8,1,3,1,1,S,969,2,1,2,4,3,6,4,3,9800,1,1,0,4,3,6,4,3,9800,1,1,0,4,3,6,4,3,9800,1,1,0,2025,3,9,2240000,4340000,1,2
202601,6,,전주한옥마을,52111,22,0,300,0,1,0,1,51,03,1,1,없음,240,6,0,0,0,1,1,2,1,10,1,1,1,1,1,8,1,3,1,1,I,561,2,1,2,5,4,7,5,4,16100,1,1,0,5,4,7,5,4,16100,1,1,0,5,4,7,5,4,16100,1,1,0,2024,3,9,2070000,3590000,1,3
202601,6,,전주한옥마을,52111,14,0,200,0,1,0,2,21,04,6,2,없음,280,4,0,0,0,1,2,3,1,9,2,1,1,1,1,8,1,3,1,1,R,912,2,1,2,6,5,9,6,5,32400,1,1,0,6,5,9,6,5,32400,1,1,0,6,5,9,6,5,32400,1,1,0,2025,3,10,4450000,4050000,1,3
202601,6,,전주한옥마을,52111,14,0,200,0,1,0,2,21,04,6,2,없음,280,4,0,0,0,1,2,3,1,9,2,1,1,1,1,8,1,3,2,1,R,912,2,1,2,5,4,7,5,4,12500,1,1,0,5,4,7,5,4,12500,1,1,0,5,4,7,5,4,12500,1,1,0,2025,3,10,4450000,4050000,1,3
202601,6,,전주동부,52111,22,0,300,0,1,0,1,21,03,1,1,없음,70,7,0,0,0,1,2,4,1,9,2,1,1,1,1,8,1,3,1,1,G,478,2,1,2,4,4,7,4,4,12900,1,1,0,4,4,7,4,4,12900,1,1,0,4,4,7,4,4,12900,1,1,0,2026,3,8,2520000,1360000,1,2
202601,6,,전주동부,52111,22,0,300,0,1,0,1,21,03,1,1,없음,70,7,0,0,0,1,2,4,1,9,2,1,1,1,1,8,1,3,1,1,I,561,2,1,2,4,4,7,4,4,13000,1,1,0,4,4,7,4,4,13000,1,1,0,4,4,7,4,4,13000,1,1,0,2025,3,10,2520000,1360000,1,2
202601,6,,전주동부,52111,22,0,300,0,1,0,1,21,03,1,1,없음,70,7,0,0,0,1,2,4,1,9,2,1,1,1,1,8,1,3,2,1,R,912,3,1,3,4,3,5,6,3,6000,1,1,0,4,3,5,6,3,6000,1,1,0,4,3,5,6,3,6000,1,1,0,2025,3,8,2520000,1360000,1,2
202601,6,,전주동부,52111,22,0,300,0,1,0,1,21,03,1,1,없음,100,6,0,0,0,1,1,3,1,9,1,1,1,1,1,8,1,3,1,1,G,466,3,1,3,4,4,7,4,4,13400,1,1,0,4,4,7,4,4,13400,1,1,0,4,4,7,4,4,13400,1,1,0,2026,3,10,2290000,2240000,1,3
202601,6,,전주동부,52111,22,0,300,0,1,0,8,21,03,7,1,없음,180,6,0,1,0,2,1,3,1,10,1,1,1,1,1,8,2,3,1,1,G,462,3,1,3,6,4,6,6,4,9400,1,1,0,6,4,6,6,4,9400,1,1,0,6,4,6,6,4,9400,1,1,0,2025,3,9,2180000,3530000,1,2
202601,6,,전주동부,52111,22,0,200,300,1,0,1,51,03,1,1,없음,170,6,0,0,0,1,1,1,1,10,1,1,1,1,1,8,1,3,1,1,I,562,1,1,1,4,3,7,4,3,15100,1,1,0,4,3,7,4,3,15100,1,1,0,4,3,7,4,3,15100,1,1,0,2026,3,10,1560000,2100000,1,3
202601,6,,전주동부,52111,22,0,300,0,1,0,7,31,03,7,2,없음,250,6,0,1,0,2,2,4,1,8,1,1,1,1,1,8,2,3,1,1,G,463,1,1,2,4,3,6,4,3,9000,1,1,0,4,3,6,4,3,9000,1,1,0,4,3,6,4,3,9000,1,1,0,2025,3,8,2460000,1760000,1,2
202601,6,,전주동부,52111,22,0,300,0,1,0,7,31,03,7,2,없음,250,6,0,1,0,2,2,4,1,8,1,1,1,1,1,8,2,3,1,1,I,562,1,1,2,3,3,4,4,3,9000,1,1,0,3,3,4,4,3,9000,1,1,0,3,3,4,4,3,9000,1,1,0,2024,3,9,2460000,1760000,1,2
202601,6,,전주동부,52111,22,0,300,0,1,0,7,31,03,7,2,없음,250,6,0,1,0,2,2,4,1,8,1,1,1,1,1,8,2,3,2,2,I,551,2,1,3,1,1,1,4,3,4500,1,1,0,1,1,1,4,3,4500,1,1,0,1,1,1,4,3,4500,1,1,0,0,1,1,2460000,1760000,1,2
202601,6,,전주동부,52111,22,0,300,0,1,0,4,99,03,1,1,없음,255,7,0,0,0,1,1,3,1,10,1,1,1,1,1,8,1,3,1,1,I,561,2,1,2,4,3,7,4,3,10800,1,1,0,4,3,7,4,3,10800,1,1,0,4,3,7,4,3,10800,1,1,0,2025,3,10,1710000,2470000,1,2
202601,6,,전주동부,52111,22,0,300,0,1,0,4,99,03,1,1,없음,255,7,0,0,0,1,1,3,1,10,1,1,1,1,1,8,1,3,1,1,I,551,2,1,2,4,3,7,4,3,10800,1,1,0,4,3,7,4,3,10800,1,1,0,4,3,7,4,3,10800,1,1,0,2024,3,9,1710000,2470000,1,2
202601,6,,전주동부,52111,22,0,300,0,1,0,4,21,04,8,2,없음,160,6,0,0,0,2,2,4,1,10,2,1,1,1,1,8,2,3,1,1,I,562,3,1,3,6,4,7,6,5,13600,1,1,0,6,4,7,6,5,13600,1,1,0,6,4,7,6,5,13600,1,1,0,2025,3,10,2300000,1580000,1,1
202601,6,,전주동부,52111,22,0,300,0,1,0,4,21,04,8,2,없음,160,6,0,0,0,2,2,4,1,10,2,1,1,1,1,8,2,3,2,1,M,733,3,1,4,3,3,4,3,3,5200,1,1,0,3,3,4,3,3,5200,1,1,0,3,3,4,3,3,5200,1,1,0,2024,3,10,2300000,1580000,1,1
202601,6,,전주동부,52111,22,0,120,300,1,0,1,11,03,1,1,없음,30,2,0,0,0,1,1,2,1,10,1,1,1,1,1,8,1,3,1,1,I,562,2,1,2,5,5,8,5,5,23500,1,1,0,5,5,8,5,5,23500,1,1,0,5,5,8,5,5,23500,1,1,0,2025,3,9,2890000,3980000,1,3
202601,6,,전주동부,52111,14,0,0,0,1,0,1,51,03,1,1,없음,230,7,0,0,0,2,2,3,1,9,1,1,1,1,1,8,2,3,1,1,I,561,2,1,2,6,4,7,6,4,16600,1,1,0,6,4,7,6,4,16600,1,1,0,6,4,7,6,4,16600,1,1,0,2024,3,8,1710000,2770000,1,3
202601,6,,전주동부,52111,14,0,0,0,1,0,1,51,03,1,1,없음,230,7,0,0,0,2,2,3,1,9,1,1,1,1,1,8,2,3,1,2,G,471,2,1,2,1,1,1,6,4,16500,1,1,0,1,1,1,6,4,16500,1,1,0,1,1,1,6,4,16500,1,1,0,0,1,1,1710000,2770000,1,3
202601,6,,전주동부,52111,22,0,300,0,1,0,1,51,03,4,1,없음,300,6,0,0,0,1,1,1,1,10,1,1,1,1,1,8,1,3,1,1,I,561,1,1,1,4,4,8,4,4,25900,1,1,0,4,4,8,4,4,25900,1,1,0,4,4,8,4,4,25900,1,1,0,2024,3,5,3040000,8740000,1,3
202601,6,,전주동부,52111,22,0,300,0,1,0,1,51,04,7,1,없음,70,7,0,0,0,1,1,2,1,10,1,1,1,1,1,8,1,3,1,1,R,911,2,1,2,6,5,7,6,5,20700,1,1,0,6,5,7,6,5,20700,1,1,0,6,5,7,6,5,20700,1,1,0,2024,3,10,1880000,2790000,1,3
202601,6,,전주동부,52111,22,0,300,0,1,0,1,11,04,7,1,없음,200,8,0,0,0,2,1,3,1,10,1,1,1,1,1,8,2,3,1,1,I,561,3,1,3,6,4,7,6,4,9400,1,1,0,6,4,7,6,4,9400,1,1,0,6,4,7,6,4,9400,1,1,0,2024,3,8,1510000,2250000,1,1
202601,6,,전주동부,52111,22,0,300,0,1,0,1,21,03,7,2,없음,167,4,0,0,0,1,2,4,1,10,1,1,1,1,1,8,1,3,1,1,I,561,2,1,2,5,4,7,5,4,18700,1,1,0,5,4,7,5,4,18700,1,1,0,5,4,7,5,4,18700,1,1,0,2025,3,10,1890000,1430000,1,3
202601,6,,전주동부,52111,22,0,300,0,1,0,1,21,03,7,2,없음,167,4,0,0,0,1,2,4,1,10,1,1,1,1,1,8,1,3,2,2,0,999,2,1,2,1,1,1,4,3,5800,1,1,0,1,1,1,4,3,5800,1,1,0,1,1,1,4,3,5800,1,1,0,0,1,1,1890000,1430000,1,3
202601,6,,전주동부,52111,14,0,120,0,1,0,5,31,04,6,1,없음,20,9,0,0,0,2,1,3,1,10,1,1,1,1,1,8,2,3,1,1,S,951,3,1,3,6,5,7,6,4,12600,1,1,0,6,5,7,6,4,12600,1,1,0,6,5,7,6,4,12600,1,1,0,2026,3,8,1470000,2670000,1,2
202601,6,,전주동부,52111,14,0,120,0,1,0,6,31,04,4,1,없음,50,3,0,0,0,2,1,3,1,10,1,1,1,1,1,8,2,3,1,1,M,732,2,1,2,5,4,7,5,4,14000,1,1,0,5,4,7,5,4,14000,1,1,0,5,4,7,5,4,14000,1,1,0,2022,5,9,1520000,3520000,1,1
202601,6,,전주동부,52111,14,0,120,0,1,0,6,31,04,4,1,없음,50,3,0,0,0,2,1,3,1,10,1,1,1,1,1,8,2,3,2,1,M,732,2,1,2,4,3,7,4,3,10900,1,1,0,4,3,7,4,3,10900,1,1,0,4,3,7,4,3,10900,1,1,0,2022,5,9,1520000,3520000,1,1
202601,6,,0.비상권,52111,22,0,300,0,1,0,1,21,03,1,1,없음,250,4,0,0,0,2,1,3,1,10,1,1,1,1,1,8,2,3,1,6,0,999,1,1,1,1,1,1,4,3,8500,1,1,1,1,1,1,4,3,8500,1,1,1,1,1,1,4,3,8500,1,1,1,0,1,1,1230000,2620000,1,1
202601,6,,0.비상권,52111,22,0,300,0,1,0,1,21,03,1,1,없음,250,4,0,0,0,2,1,3,1,10,1,1,1,1,1,8,2,3,1,1,G,472,1,1,1,4,3,6,4,3,8500,1,1,0,4,3,6,4,3,8500,1,1,0,4,3,6,4,3,8500,1,1,0,2024,3,7,1230000,2620000,1,1
202601,6,,0.비상권,52111,22,0,300,0,1,0,1,21,03,1,1,없음,250,4,0,0,0,2,1,3,1,10,1,1,1,1,1,8,2,3,1,1,F,424,1,1,1,4,3,6,4,3,8500,1,1,0,4,3,6,4,3,8500,1,1,0,4,3,6,4,3,8500,1,1,0,2024,3,7,1230000,2620000,1,1
202601,6,,0.비상권,52111,14,0,120,0,1,0,1,21,03,1,1,없음,100,1,0,0,0,1,2,4,1,10,1,1,1,1,1,8,1,3,1,6,0,999,2,1,2,1,1,1,4,3,8600,1,1,1,1,1,1,4,3,8600,1,1,1,1,1,1,4,3,8600,1,1,1,0,1,1,1560000,1360000,1,2
202601,6,,0.비상권,52111,14,0,120,0,1,0,1,21,03,1,1,없음,100,1,0,0,0,1,2,4,1,10,1,1,1,1,1,8,1,3,2,2,0,999,2,1,2,1,1,1,3,3,5900,1,1,0,1,1,1,3,3,5900,1,1,0,1,1,1,3,3,5900,1,1,0,0,1,1,1560000,1360000,1,2
202601,6,,0.비상권,52111,14,0,120,200,1,0,1,21,03,6,2,없음,10,1,0,0,0,2,2,4,1,10,2,1,1,1,1,8,2,3,1,1,S,961,1,1,1,3,3,7,3,3,11100,1,1,0,3,3,7,3,3,11100,1,1,0,3,3,7,3,3,11100,1,1,0,2024,3,7,1680000,1950000,1,1
202601,6,,0.비상권,52111,14,0,120,200,1,0,1,21,03,6,2,없음,10,1,0,0,0,2,2,4,1,10,2,1,1,1,1,8,2,3,1,1,S,969,2,1,2,3,3,7,3,3,11100,1,1,0,3,3,7,3,3,11100,1,1,0,3,3,7,3,3,11100,1,1,0,2026,3,6,1680000,1950000,1,1
202601,6,,0.비상권,52111,14,0,120,200,1,0,1,21,03,6,2,없음,10,1,0,0,0,2,2,4,1,10,2,1,1,1,1,8,2,3,2,1,0,999,2,1,2,3,3,4,3,3,6200,1,1,0,3,3,4,3,3,6200,1,1,0,3,3,4,3,3,6200,1,1,0,2025,3,8,1680000,1950000,1,1
202601,6,,전주서부,52111,13,0,0,0,1,0,3,21,03,6,2,없음,100,8,0,0,0,2,2,4,1,10,1,1,1,1,1,8,2,3,1,1,I,561,3,1,3,3,3,4,3,3,4100,1,1,0,3,3,4,3,3,4100,1,1,0,3,3,4,3,3,4100,1,1,0,2025,3,8,1380000,1270000,1,1
202601,6,,전주서부,52111,13,0,0,0,1,0,3,21,03,6,2,없음,100,8,0,0,0,2,2,4,1,10,1,1,1,1,1,8,2,3,2,2,0,999,2,1,3,1,1,1,3,3,2100,1,1,0,1,1,1,3,3,2100,1,1,0,1,1,1,3,3,2100,1,1,0,0,1,1,1380000,1270000,1,1
202601,6,,전주서부,52111,13,0,0,0,1,0,4,32,03,6,1,없음,330,7,0,0,0,3,2,4,1,10,2,1,1,1,1,8,3,3,1,1,I,561,4,1,4,6,5,5,6,5,6900,1,1,0,6,5,5,6,5,6900,1,1,0,6,5,5,6,5,6900,1,1,0,2025,3,10,1410000,2400000,1,1
202601,6,,전주서부,52111,13,0,0,0,1,0,6,32,04,6,1,없음,330,6,0,0,0,2,2,4,1,10,2,1,1,1,1,8,2,3,1,1,I,561,4,1,4,6,4,7,6,4,10400,1,1,0,6,4,7,6,4,10400,1,1,0,6,4,7,6,4,10400,1,1,0,2024,3,9,1450000,2440000,1,2
202601,6,,전주서부,52111,13,0,0,0,1,0,4,32,04,6,1,없음,100,5,0,1,0,3,2,4,1,10,2,1,1,1,1,8,3,3,1,1,M,721,2,1,2,5,3,5,5,3,8300,1,1,0,5,3,5,5,3,8300,1,1,0,5,3,5,5,3,8300,1,1,0,2024,3,9,1470000,2520000,1,1
202601,6,,전주서부,52111,13,0,0,0,1,0,4,32,04,6,1,없음,100,5,0,1,0,3,2,4,1,10,2,1,1,1,1,8,3,3,1,1,M,732,2,1,2,5,3,5,5,3,8300,1,1,0,5,3,5,5,3,8300,1,1,0,5,3,5,5,3,8300,1,1,0,2024,3,9,1470000,2520000,1,1
202601,6,,전주서부,52111,13,0,0,0,1,0,4,32,04,6,1,없음,100,5,0,1,0,3,2,4,1,10,2,1,1,1,1,8,3,3,1,1,I,561,4,1,4,6,5,7,6,5,9100,1,1,0,6,5,7,6,5,9100,1,1,0,6,5,7,6,5,9100,1,1,0,2024,3,9,1470000,2520000,1,1
202601,6,,전주서부,52111,13,0,0,0,1,0,6,32,04,4,1,없음,9,4,0,1,0,2,1,3,1,10,1,1,1,1,1,8,2,3,1,1,G,452,3,1,3,5,5,7,5,5,13700,1,1,0,5,5,7,5,5,13700,1,1,0,5,5,7,5,5,13700,1,1,0,2025,3,9,1940000,5460000,1,2
202601,6,,전주서부,52111,13,0,0,0,1,0,4,21,03,6,2,없음,200,6,0,1,0,2,2,4,1,10,2,1,2,1,1,8,2,3,1,1,L,682,2,1,2,5,3,6,5,3,7700,1,1,0,5,3,6,5,3,7700,1,1,0,5,3,6,5,3,7700,1,1,0,2024,3,9,1630000,1540000,1,1
202601,6,,전주서부,52111,13,0,0,0,1,0,4,21,03,6,2,없음,200,6,0,1,0,2,2,4,1,10,2,1,2,1,1,8,2,3,1,1,N,741,2,1,2,4,3,6,5,3,8200,1,1,0,4,3,6,5,3,8200,1,1,0,4,3,6,5,3,8200,1,1,0,2025,3,10,1630000,1540000,1,1
202601,6,,전주서부,52111,13,0,0,0,1,0,4,21,03,6,2,없음,200,6,0,1,0,2,2,4,1,10,2,1,2,1,1,8,2,3,2,2,0,999,3,1,4,1,1,1,5,3,3900,1,1,0,1,1,1,5,3,3900,1,1,0,1,1,1,5,3,3900,1,1,0,0,1,1,1630000,1540000,1,1
202601,6,,전주서부,52111,14,0,120,0,1,0,4,32,04,6,1,없음,100,2,0,0,0,2,2,4,1,10,2,1,1,1,1,8,2,3,1,1,I,561,4,1,4,6,5,7,6,5,14900,1,1,0,6,5,7,6,5,14900,1,1,0,6,5,7,6,5,14900,1,1,0,2025,3,9,2290000,4260000,1,1
202601,6,,전주서부,52111,14,0,120,0,1,0,4,32,04,4,1,없음,170,2,0,0,0,3,2,4,1,10,2,1,1,1,1,8,3,3,1,1,I,561,4,1,4,6,6,7,6,6,15500,1,1,0,6,6,7,6,6,15500,1,1,0,6,6,7,6,6,15500,1,1,0,2026,4,8,2260000,6430000,1,1
202601,6,,전주서부,52111,13,0,0,0,1,0,6,31,04,6,2,없음,70,7,0,1,0,2,2,4,1,10,2,1,2,1,1,8,2,3,1,1,I,561,4,1,4,5,5,6,5,5,10200,1,1,0,5,5,6,5,5,10200,1,1,0,5,5,6,5,5,10200,1,1,0,2024,3,9,2380000,2020000,1,1
202601,6,,전주서부,52111,13,0,0,0,1,0,6,31,04,6,2,없음,70,7,0,1,0,2,2,4,1,10,2,1,2,1,1,8,2,3,2,2,P,855,4,1,4,1,1,1,5,3,4500,1,1,0,1,1,1,5,3,4500,1,1,0,1,1,1,5,3,4500,1,1,0,0,1,1,2380000,2020000,1,1
202601,6,,전주서부,52111,13,0,0,0,1,0,6,32,04,6,1,없음,50,7,0,0,0,2,2,4,1,10,2,1,1,1,1,8,2,3,1,1,I,561,4,1,4,6,5,7,6,5,11000,1,1,0,6,5,7,6,5,11000,1,1,0,6,5,7,6,5,11000,1,1,0,2025,3,10,1740000,2960000,1,2
202601,6,,전주서부,52111,13,0,0,0,1,0,6,32,03,6,1,없음,87,7,0,1,0,2,2,4,1,10,2,1,1,1,1,8,2,3,1,1,I,561,4,1,4,6,5,7,6,6,16800,2,1,0,6,5,7,6,6,16800,2,1,0,6,5,7,6,6,16800,2,1,0,2023,4,10,1790000,3000000,1,3
202601,6,,전주서부,52111,14,0,0,0,1,0,5,21,03,6,2,없음,150,5,0,1,0,2,2,4,2,9,2,1,1,1,1,8,2,3,1,6,0,999,3,1,3,1,1,1,5,5,19100,1,1,1,1,1,1,5,5,19100,1,1,1,1,1,1,5,5,19100,1,1,1,0,1,1,2520000,2160000,1,2
202601,6,,전주서부,52111,14,0,0,0,1,0,5,21,03,6,2,없음,150,5,0,1,0,2,2,4,2,9,2,1,1,1,1,8,2,3,1,1,I,562,2,1,2,4,4,7,4,4,17800,1,1,0,4,4,7,4,4,17800,1,1,0,4,4,7,4,4,17800,1,1,0,2025,3,10,2520000,2160000,1,2
202601,6,,전주서부,52111,14,0,0,0,1,0,5,21,03,6,2,없음,150,5,0,1,0,2,2,4,2,9,2,1,1,1,1,8,2,3,2,1,P,855,3,1,3,4,3,5,4,4,7600,1,1,0,4,3,5,4,4,7600,1,1,0,4,3,5,4,4,7600,1,1,0,2025,3,10,2520000,2160000,1,2
202601,6,,전주서부,52111,14,0,0,0,1,0,5,21,03,6,2,없음,150,5,0,1,0,2,2,4,2,9,2,1,1,1,1,8,2,3,2,1,L,682,2,1,3,4,4,6,4,3,8400,1,1,0,4,4,6,4,3,8400,1,1,0,4,4,6,4,3,8400,1,1,0,2025,3,10,2520000,2160000,1,2
202601,6,,전주서부,52111,14,0,0,0,1,0,5,31,04,6,2,없음,170,5,0,1,0,2,2,4,2,9,2,1,1,1,1,8,2,3,1,1,I,561,4,1,4,6,6,7,6,6,17900,1,1,0,6,6,7,6,6,17900,1,1,0,6,6,7,6,6,17900,1,1,0,2024,5,10,2530000,2130000,1,1
202601,6,,전주서부,52111,14,0,0,0,1,0,5,31,04,6,2,없음,170,5,0,1,0,2,2,4,2,9,2,1,1,1,1,8,2,3,2,1,S,961,4,1,4,5,4,5,5,4,6900,1,1,0,5,4,5,5,4,6900,1,1,0,5,4,5,5,4,6900,1,1,0,2024,3,9,2530000,2130000,1,1
202601,6,,전주서부,52111,13,0,0,0,1,0,6,32,03,6,1,없음,50,5,0,1,0,2,2,4,1,10,2,1,1,1,1,8,2,3,1,1,I,562,2,1,2,4,4,8,4,4,20300,1,1,0,4,4,8,4,4,20300,1,1,0,4,4,8,4,4,20300,1,1,0,2026,3,10,2150000,3630000,1,3
202601,6,,전주서부,52111,13,0,0,0,1,0,6,32,03,6,1,없음,50,5,0,1,0,2,2,4,1,10,2,1,1,1,1,8,2,3,1,1,G,462,3,1,3,6,5,7,5,5,19700,1,1,0,6,5,7,5,5,19700,1,1,0,6,5,7,5,5,19700,1,1,0,2025,3,10,2150000,3630000,1,3
202601,6,,전주서부,52111,13,0,0,0,1,0,6,32,03,6,1,없음,50,5,0,1,0,2,2,4,1,10,2,1,1,1,1,8,2,3,1,1,I,561,2,1,2,4,4,8,4,4,20100,1,1,0,4,4,8,4,4,20100,1,1,0,4,4,8,4,4,20100,1,1,0,2024,3,9,2150000,3630000,1,3
202601,6,,전주서부,52111,13,0,0,0,1,0,6,31,04,6,1,없음,185,6,0,1,0,3,2,4,1,10,2,1,1,1,1,8,3,3,1,1,I,561,4,1,4,6,6,7,6,6,16200,1,1,0,6,6,7,6,6,16200,1,1,0,6,6,7,6,6,16200,1,1,0,2026,3,9,1850000,3300000,1,1
202601,6,,전주서부,52111,13,0,0,0,1,0,6,31,04,6,1,없음,185,6,0,1,0,3,2,4,1,10,2,1,1,1,1,8,3,3,1,1,I,562,4,1,4,5,5,7,5,5,15500,1,1,0,5,5,7,5,5,15500,1,1,0,5,5,7,5,5,15500,1,1,0,2025,3,10,1850000,3300000,1,1
202601,6,,전주서부,52111,14,0,0,0,1,0,5,32,04,6,1,없음,139,5,0,1,0,2,2,4,1,10,1,1,1,1,1,8,2,3,1,1,L,682,3,1,3,4,4,6,5,4,12400,1,1,0,4,4,6,5,4,12400,1,1,0,4,4,6,5,4,12400,1,1,0,2024,3,8,1760000,3140000,1,1
202601,6,,전주서부,52111,14,0,0,0,1,0,5,32,04,6,1,없음,139,5,0,1,0,2,2,4,1,10,1,1,1,1,1,8,2,3,1,3,L,682,2,1,2,1,1,1,3,2,3300,1,1,0,1,1,1,3,2,3300,1,1,0,1,1,1,3,2,3300,1,1,0,2024,3,8,1760000,3140000,1,1
202601,6,,0.비상권,52111,15,0,0,0,1,0,5,32,03,6,1,없음,80,6,0,0,0,2,2,4,1,10,2,1,1,1,1,8,2,3,1,1,J,612,3,1,3,5,5,7,5,5,16100,1,1,0,5,5,7,5,5,16100,1,1,0,5,5,7,5,5,16100,1,1,0,2025,4,8,1420000,2770000,1,2
202601,6,,0.비상권,52111,15,0,0,0,1,0,5,32,03,6,1,없음,80,6,0,0,0,2,2,4,1,10,2,1,1,1,1,8,2,3,1,1,I,561,2,1,2,5,4,7,5,4,16100,1,1,0,5,4,7,5,4,16100,1,1,0,5,4,7,5,4,16100,1,1,0,2025,4,8,1420000,2770000,1,2
202601,6,,전주동부,52111,22,0,300,0,1,0,1,11,03,7,1,없음,200,8,0,0,0,2,2,4,1,9,2,1,1,1,1,8,2,3,1,1,I,561,3,1,4,6,4,6,6,4,9700,1,1,0,6,4,6,6,4,9700,1,1,0,6,4,6,6,4,9700,1,1,0,2024,3,7,1740000,1850000,1,1
202601,6,,전주동부,52111,22,0,300,0,1,0,1,11,03,7,1,없음,200,8,0,0,0,2,2,4,1,9,2,1,1,1,1,8,2,3,2,6,0,999,2,1,2,1,1,1,3,3,3500,1,1,1,1,1,1,3,3,3500,1,1,1,1,1,1,3,3,3500,1,1,1,0,1,1,1740000,1850000,1,1
202601,6,,전주동부,52113,14,0,0,0,1,0,5,21,04,6,2,없음,170,5,0,1,0,2,2,4,1,9,2,1,1,1,1,8,2,3,1,1,M,712,3,1,3,5,4,7,5,4,11500,1,1,0,5,4,7,5,4,11500,1,1,0,5,4,7,5,4,11500,1,1,0,2026,2,9,2320000,1980000,1,1
202601,6,,전주동부,52113,14,0,0,0,1,0,5,21,04,6,2,없음,170,5,0,1,0,2,2,4,1,9,2,1,1,1,1,8,2,3,2,1,M,712,3,1,3,5,4,6,5,4,8900,1,1,0,5,4,6,5,4,8900,1,1,0,5,4,6,5,4,8900,1,1,0,2024,3,10,2320000,1980000,1,1
202601,6,,전주동부,52113,13,0,0,0,1,0,4,21,03,6,2,없음,400,7,0,1,0,2,2,4,1,10,1,1,2,1,1,8,2,3,1,1,G,475,2,1,2,3,3,4,3,3,6200,1,1,0,3,3,4,3,3,6200,1,1,0,3,3,4,3,3,6200,1,1,0,2025,3,6,1240000,1190000,1,1
202601,6,,전주동부,52113,13,0,0,0,1,0,4,21,03,6,2,없음,400,7,0,1,0,2,2,4,1,10,1,1,2,1,1,8,2,3,1,2,G,463,1,1,1,1,1,1,3,3,6500,1,1,0,1,1,1,3,3,6500,1,1,0,1,1,1,3,3,6500,1,1,0,0,1,1,1240000,1190000,1,1
202601,6,,전주동부,52113,13,0,0,0,1,0,4,21,03,6,2,없음,400,7,0,1,0,2,2,4,1,10,1,1,2,1,1,8,2,3,2,2,0,999,3,1,3,1,1,1,3,3,1800,1,1,0,1,1,1,3,3,1800,1,1,0,1,1,1,3,3,1800,1,1,0,0,1,1,1240000,1190000,1,1
202601,6,,전주동부,52113,13,0,0,0,1,0,3,21,03,6,1,없음,5,4,0,0,0,2,2,4,1,10,1,1,1,1,1,8,2,3,1,1,G,472,3,1,3,4,4,6,4,4,9600,1,1,0,4,4,6,4,4,9600,1,1,0,4,4,6,4,4,9600,1,1,0,2025,3,7,1500000,1500000,1,1
202601,6,,전주동부,52113,13,0,0,0,1,0,3,21,03,6,1,없음,5,4,0,0,0,2,2,4,1,10,1,1,1,1,1,8,2,3,2,2,0,999,2,1,3,1,1,1,3,3,4800,1,1,0,1,1,1,3,3,4800,1,1,0,1,1,1,3,3,4800,1,1,0,0,1,1,1500000,1500000,1,1
202601,6,,전주동부,52113,13,0,0,0,1,0,5,32,04,6,1,없음,200,5,0,0,0,2,1,3,1,10,1,1,1,1,1,8,2,3,1,1,S,952,3,1,3,5,4,6,5,4,10000,1,1,0,5,4,6,5,4,10000,1,1,0,5,4,6,5,4,10000,1,1,0,2024,3,8,1040000,1950000,1,2
202601,6,,전주동부,52113,14,0,0,0,1,0,2,11,03,1,1,없음,60,4,0,0,0,2,2,4,1,10,2,1,1,1,1,8,2,3,1,1,I,561,1,1,1,3,3,7,3,3,12100,1,1,0,3,3,7,3,3,12100,1,1,0,3,3,7,3,3,12100,1,1,0,2025,2,9,1350000,1480000,1,2
202601,6,,전주동부,52113,14,0,0,0,1,0,2,11,03,1,1,없음,60,4,0,0,0,2,2,4,1,10,2,1,1,1,1,8,2,3,1,1,I,561,3,1,3,5,4,7,5,4,12400,1,1,0,5,4,7,5,4,12400,1,1,0,5,4,7,5,4,12400,1,1,0,2025,2,9,1350000,1480000,1,2
202601,6,,전주동부,52113,14,0,0,0,1,0,2,11,03,1,1,없음,60,4,0,0,0,2,2,4,1,10,2,1,1,1,1,8,2,3,2,2,0,999,3,1,3,1,1,1,4,4,7300,1,1,0,1,1,1,4,4,7300,1,1,0,1,1,1,4,4,7300,1,1,0,0,1,1,1350000,1480000,1,2
202601,6,,전주동부,52113,22,0,120,0,1,0,1,21,03,1,1,없음,20,3,0,0,0,2,1,3,1,10,1,1,1,1,1,8,2,3,1,1,G,473,3,1,3,3,5,8,3,5,21700,1,1,0,3,5,8,3,5,21700,1,1,0,3,5,8,3,5,21700,1,1,0,2024,3,9,4340000,6340000,1,1
202601,6,,전주동부,52113,22,0,300,0,1,0,8,21,03,8,1,없음,105,8,0,0,0,2,2,4,1,10,2,1,1,1,1,8,2,3,1,1,G,474,2,1,2,6,5,9,6,6,35800,1,1,0,6,5,9,6,6,35800,1,1,0,6,5,9,6,6,35800,1,1,0,2025,2,10,3650000,4790000,1,3
202601,6,,전주동부,52113,22,0,300,0,1,0,8,21,03,8,1,없음,105,8,0,0,0,2,2,4,1,10,2,1,1,1,1,8,2,3,1,1,G,474,2,1,2,6,5,9,6,5,24300,1,1,0,6,5,9,6,5,24300,1,1,0,6,5,9,6,5,24300,1,1,0,2025,3,10,3650000,4790000,1,3
202601,6,,전주동부,52113,14,0,120,200,1,0,1,11,03,6,1,없음,100,1,0,0,0,2,1,3,1,10,1,1,1,1,1,28,2,3,1,1,G,475,3,1,3,3,4,6,3,4,9000,1,1,0,3,4,6,3,4,9000,1,1,0,3,4,6,3,4,9000,1,1,0,2024,3,8,980000,1740000,1,1
202601,6,,전주동부,52113,22,0,120,300,1,0,1,21,03,1,1,없음,130,2,0,0,0,2,2,4,2,9,2,2,1,1,1,8,2,3,1,1,I,561,3,1,4,4,4,5,4,4,9200,1,1,0,4,4,5,4,4,9200,1,1,0,4,4,5,4,4,9200,1,1,0,2024,3,10,1950000,1460000,1,1
202601,6,,전주동부,52113,22,0,120,300,1,0,1,21,03,1,1,없음,130,2,0,0,0,2,2,4,2,9,2,2,1,1,1,8,2,3,1,1,F,422,2,1,2,4,3,6,4,3,9400,1,1,0,4,3,6,4,3,9400,1,1,0,4,3,6,4,3,9400,1,1,0,2026,3,10,1950000,1460000,1,1
202601,6,,전주동부,52113,22,0,120,300,1,0,1,21,03,1,1,없음,130,2,0,0,0,2,2,4,2,9,2,2,1,1,1,8,2,3,2,6,0,999,4,1,4,1,1,1,4,4,4000,1,1,1,1,1,1,4,4,4000,1,1,1,1,1,1,4,4,4000,1,1,1,0,1,1,1950000,1460000,1,1
202601,6,,전주동부,52113,22,0,300,0,1,0,1,51,03,6,1,없음,100,5,0,0,0,2,2,4,1,10,2,1,1,1,1,8,2,3,1,1,F,424,2,1,2,4,3,6,4,3,9200,1,1,0,4,3,6,4,3,9200,1,1,0,4,3,6,4,3,9200,1,1,0,2025,3,8,1440000,2460000,1,1
202601,6,,전주동부,52113,22,0,300,0,1,0,1,51,03,6,1,없음,100,5,0,0,0,2,2,4,1,10,2,1,1,1,1,8,2,3,1,1,S,969,3,1,3,6,4,6,6,4,9300,1,1,0,6,4,6,6,4,9300,1,1,0,6,4,6,6,4,9300,1,1,0,2025,3,9,1440000,2460000,1,1
202601,6,,전주동부,52113,22,0,300,0,1,0,1,51,03,6,1,없음,100,5,0,0,0,2,2,4,1,10,2,1,1,1,1,8,2,3,1,1,F,422,2,1,2,4,3,6,4,3,9000,1,1,0,4,3,6,4,3,9000,1,1,0,4,3,6,4,3,9000,1,1,0,2024,3,9,1440000,2460000,1,1
202601,6,,전주동부,52113,14,0,0,0,1,0,1,11,03,6,1,없음,200,4,0,0,0,2,2,4,1,9,1,1,1,1,1,8,2,3,1,1,H,529,1,1,2,4,3,6,4,3,12400,1,1,0,4,3,6,4,3,12400,1,1,0,4,3,6,4,3,12400,1,1,0,2024,3,10,1420000,1490000,1,2
202601,6,,전주동부,52113,14,0,0,0,1,0,1,11,03,6,1,없음,200,4,0,0,0,2,2,4,1,9,1,1,1,1,1,8,2,3,1,1,S,961,1,1,2,4,3,6,4,3,11900,1,1,0,4,3,6,4,3,11900,1,1,0,4,3,6,4,3,11900,1,1,0,2024,3,8,1420000,1490000,1,2
202601,6,,전주동부,52113,14,0,0,0,1,0,1,11,03,6,1,없음,200,4,0,0,0,2,2,4,1,9,1,1,1,1,1,8,2,3,2,2,0,999,2,1,2,1,1,1,3,3,5400,1,1,0,1,1,1,3,3,5400,1,1,0,1,1,1,3,3,5400,1,1,0,0,1,1,1420000,1490000,1,2
202601,6,,전주동부,52113,14,0,0,0,1,0,2,11,03,6,1,없음,200,7,0,0,0,2,2,4,1,9,2,1,1,1,1,8,2,3,1,1,I,561,3,1,4,2,4,5,2,4,8400,1,1,0,2,4,5,2,4,8400,1,1,0,2,4,5,2,4,8400,1,1,0,2025,3,10,1430000,1510000,1,2
202601,6,,전주동부,52113,14,0,0,0,1,0,2,11,03,6,1,없음,200,7,0,0,0,2,2,4,1,9,2,1,1,1,1,8,2,3,2,1,0,999,3,1,3,2,3,4,2,3,4000,1,1,0,2,3,4,2,3,4000,1,1,0,2,3,4,2,3,4000,1,1,0,2026,3,6,1430000,1510000,1,2
202601,6,,전주동부,52113,14,0,120,0,1,0,2,32,03,4,1,없음,50,1,0,0,0,2,1,2,1,9,1,1,1,1,1,8,2,3,1,1,L,682,2,1,2,3,3,6,3,3,9600,1,1,0,3,3,6,3,3,9600,1,1,0,3,3,6,3,3,9600,1,1,0,2025,3,9,1910000,5240000,1,2
202601,6,,0.비상권,52113,22,0,300,0,1,0,1,11,03,1,1,없음,42,9,0,0,0,2,2,4,1,10,1,1,1,1,1,8,2,3,1,2,0,999,2,1,2,1,1,1,3,3,6500,1,1,0,1,1,1,3,3,6500,1,1,0,1,1,1,3,3,6500,1,1,0,0,1,1,980000,1730000,1,1
202601,6,,0.비상권,52113,22,0,300,0,1,0,1,11,03,1,1,없음,42,9,0,0,0,2,2,4,1,10,1,1,1,1,1,8,2,3,1,1,H,529,2,1,3,3,3,4,3,3,6400,1,1,0,3,3,4,3,3,6500,1,1,0,3,3,4,3,3,6500,1,1,0,2025,3,9,980000,1730000,1,1
202601,6,,0.비상권,52113,22,0,120,300,1,0,5,31,04,7,1,없음,60,3,0,0,0,2,1,3,1,10,1,1,1,1,1,8,3,3,1,1,S,952,3,1,3,6,3,5,5,4,8100,1,1,0,6,3,5,5,4,8100,1,1,0,6,3,5,5,4,8100,1,1,0,2026,3,7,1400000,4900000,1,2
202601,6,,0.비상권,52113,22,0,120,300,1,0,4,21,03,5,1,없음,100,1,0,1,0,3,2,4,1,10,2,1,1,1,1,8,3,3,1,1,H,529,3,1,3,4,4,7,5,4,11200,1,1,0,4,4,7,5,4,11200,1,1,0,4,4,7,5,4,11200,1,1,0,2025,3,9,2020000,4080000,1,1
202601,6,,0.비상권,52113,22,0,120,300,1,0,4,21,03,5,1,없음,100,1,0,1,0,3,2,4,1,10,2,1,1,1,1,8,3,3,1,1,L,681,3,1,3,4,4,7,5,4,11200,1,1,0,4,4,7,5,4,11200,1,1,0,4,4,7,5,4,11200,1,1,0,2025,3,9,2020000,4080000,1,1
202601,6,,0.비상권,52113,22,0,120,300,1,0,4,21,03,5,1,없음,100,1,0,1,0,3,2,4,1,10,2,1,1,1,1,8,3,3,1,1,I,561,3,1,3,4,4,6,5,4,10900,1,1,0,4,4,6,5,4,10900,1,1,0,4,4,6,5,4,10900,1,1,0,2025,3,7,2020000,4080000,1,1
202601,6,,0.비상권,52113,22,0,120,300,1,0,4,21,03,5,1,없음,100,1,0,1,0,3,2,4,1,10,2,1,1,1,1,8,3,3,2,1,0,999,1,1,1,3,2,3,3,3,4200,1,1,0,3,2,3,3,3,4200,1,1,0,3,2,3,3,3,4200,1,1,0,2024,3,9,2020000,4080000,1,1
202601,6,,0.비상권,52113,22,0,300,0,1,0,3,21,03,6,1,없음,250,7,0,0,0,2,2,4,1,10,2,1,1,1,1,8,2,3,1,1,G,472,4,1,4,4,5,5,4,5,7600,1,1,0,4,5,5,4,5,7600,1,1,0,4,5,5,4,5,7600,1,1,0,2024,5,9,1160000,2000000,1,1
202601,6,,송천동,52113,13,0,0,0,1,0,1,11,03,1,1,없음,240,7,0,0,0,2,2,3,1,9,2,1,1,1,1,8,2,3,1,1,N,759,2,1,2,4,3,6,4,3,8100,1,1,0,4,3,6,4,3,8100,1,1,0,4,3,6,4,3,8100,1,1,0,2025,3,10,1090000,1880000,1,1
202601,6,,송천동,52113,13,0,0,0,1,0,1,11,03,1,1,없음,240,7,0,0,0,2,2,3,1,9,2,1,1,1,1,8,2,3,1,1,G,466,2,1,2,4,3,6,4,3,7100,1,1,0,4,3,6,4,3,7100,1,1,0,4,3,6,4,3,7100,1,1,0,2024,3,9,1090000,1880000,1,1
202601,6,,송천동,52113,15,0,0,0,1,0,5,21,04,6,2,없음,407,6,0,1,0,2,2,4,2,9,2,1,2,1,1,8,2,3,1,1,G,462,2,1,2,6,3,7,6,3,12800,1,1,0,6,3,7,6,3,12800,1,1,0,6,3,7,6,3,12800,1,1,0,2025,3,9,2120000,1780000,1,1
202601,6,,송천동,52113,15,0,0,0,1,0,5,21,04,6,2,없음,407,6,0,1,0,2,2,4,2,9,2,1,2,1,1,8,2,3,1,6,0,999,2,1,2,1,1,1,5,3,13000,1,1,1,1,1,1,5,3,13000,1,1,1,1,1,1,5,3,13000,1,1,1,0,1,1,2120000,1780000,1,1
202601,6,,송천동,52113,15,0,0,0,1,0,5,21,04,6,2,없음,407,6,0,1,0,2,2,4,2,9,2,1,2,1,1,8,2,3,1,1,G,467,2,1,2,6,3,7,6,3,12000,1,1,0,6,3,7,6,3,12000,1,1,0,6,3,7,6,3,12000,1,1,0,2025,3,10,2120000,1780000,1,1
202601,6,,송천동,52113,15,0,0,0,1,0,5,21,04,6,2,없음,407,6,0,1,0,2,2,4,2,9,2,1,2,1,1,8,2,3,2,2,0,999,4,1,4,1,1,1,5,4,5500,1,1,0,1,1,1,5,4,5500,1,1,0,1,1,1,5,4,5500,1,1,0,0,1,1,2120000,1780000,1,1
202601,6,,송천동,52113,14,0,120,0,1,0,3,32,03,1,1,없음,75,3,0,0,0,1,1,2,1,10,1,1,1,1,1,8,1,3,1,1,G,467,1,1,1,3,3,7,3,3,17000,1,1,0,3,3,7,3,3,17000,1,1,0,3,3,7,3,3,17000,1,1,0,2026,3,10,2700000,4670000,1,3
202601,6,,송천동,52113,14,0,120,0,1,0,3,32,03,1,1,없음,75,3,0,0,0,1,1,2,1,10,1,1,1,1,1,8,1,3,1,1,G,475,1,1,1,4,3,7,4,3,15600,1,1,0,4,3,7,4,3,15600,1,1,0,4,3,7,4,3,15600,1,1,0,2026,3,10,2700000,4670000,1,3
202601,6,,송천동,52113,15,0,0,0,1,0,6,32,04,5,1,없음,230,6,0,0,0,2,1,3,1,10,1,1,1,1,1,8,2,3,1,1,G,472,3,1,3,5,3,5,5,3,7000,1,1,0,5,3,5,5,3,7000,1,1,0,5,3,5,5,3,7000,1,1,0,2025,3,10,1030000,2500000,1,3
202601,6,,송천동,52113,14,0,0,0,1,0,6,32,04,5,1,없음,50,4,0,0,0,3,2,4,1,9,1,1,1,1,1,28,2,3,1,1,J,620,2,1,2,3,3,6,3,3,9100,1,1,0,3,3,6,3,3,9100,1,1,0,3,3,6,3,3,9100,1,1,0,2026,3,10,1690000,3800000,1,1
202601,6,,송천동,52113,14,0,0,0,1,0,6,32,04,5,1,없음,50,4,0,0,0,3,2,4,1,9,1,1,1,1,1,28,2,3,1,6,0,999,2,1,2,1,1,1,3,3,8500,1,1,1,1,1,1,3,3,8500,1,1,1,1,1,1,3,3,8500,1,1,1,0,1,1,1690000,3800000,1,1
202601,6,,송천동,52113,14,0,0,0,1,0,6,32,04,5,1,없음,50,4,0,0,0,3,2,4,1,9,1,1,1,1,1,28,2,3,1,1,G,476,2,1,2,3,3,6,3,3,9100,1,1,0,3,3,6,3,3,9100,1,1,0,3,3,6,3,3,9100,1,1,0,2024,3,10,1690000,3800000,1,1
202601,6,,송천동,52113,14,0,0,0,1,0,6,31,03,6,2,없음,111,7,0,1,0,2,2,4,1,10,2,1,1,1,1,8,2,3,1,1,C,161,4,1,4,5,5,7,5,5,14500,1,1,0,5,5,7,5,5,14500,1,1,0,5,5,7,5,5,14500,1,1,0,2024,3,10,1940000,1640000,1,3
202601,6,,송천동,52113,14,0,0,0,1,0,6,31,03,6,2,없음,111,7,0,1,0,2,2,4,1,10,2,1,1,1,1,8,2,3,2,1,C,161,4,1,4,5,4,5,3,4,7000,1,1,0,5,4,5,3,4,7000,1,1,0,5,4,5,3,4,7000,1,1,0,2024,3,10,1940000,1640000,1,3
202601,6,,송천동,52113,14,0,0,0,1,0,6,32,04,6,1,없음,129,5,0,1,0,3,2,4,1,10,2,1,1,1,1,8,3,3,1,1,I,561,4,1,4,6,6,7,6,6,13500,1,1,0,6,6,7,6,6,13500,1,1,0,6,6,7,6,6,13500,1,1,0,2024,3,10,1990000,3320000,1,1
202601,6,,송천동,52113,14,0,0,0,1,0,6,32,04,6,1,없음,129,5,0,1,0,3,2,4,1,10,2,1,1,1,1,8,3,3,1,1,I,561,4,1,4,6,5,7,6,5,11800,1,1,0,6,5,7,6,5,11800,1,1,0,6,5,7,6,5,11800,1,1,0,2025,3,10,1990000,3320000,1,1
202601,6,,송천동,52113,14,0,0,0,1,0,6,32,04,6,1,없음,30,5,0,1,0,3,2,4,2,9,2,1,1,1,1,8,3,3,1,1,I,561,4,2,4,7,6,7,7,6,15100,1,1,0,7,6,7,7,6,15100,1,1,0,7,6,7,7,6,15100,1,1,0,2025,5,9,1990000,3350000,1,1
202601,6,,송천동,52113,13,0,0,0,1,0,5,32,04,9,1,없음,30,7,0,1,0,2,2,4,1,10,2,1,1,1,1,8,2,3,1,1,I,561,4,1,4,5,5,7,5,5,10600,1,1,0,5,5,7,5,5,10600,1,1,0,5,5,7,5,5,10600,1,1,0,2025,3,10,1390000,2590000,1,2
202601,6,,송천동,52113,43,0,120,0,1,0,6,21,04,2,1,없음,50,1,0,1,0,4,2,4,1,9,2,1,1,1,1,8,4,3,1,1,I,561,4,1,4,8,6,8,8,6,19300,1,1,0,8,6,8,8,6,19300,1,1,0,8,6,8,8,6,19300,1,1,0,2025,5,9,1650000,7970000,1,1
202601,6,,송천동,52113,14,0,120,0,1,1,3,21,03,6,2,없음,20,1,0,0,0,2,2,4,1,10,1,2,1,1,1,8,2,3,-1,6,0,999,3,1,4,1,1,1,4,3,4500,1,1,1,1,1,1,4,3,4500,1,1,1,1,1,1,4,3,4500,1,1,1,0,1,1,2360000,1410000,1,1
202601,6,,송천동,52113,14,0,120,0,1,1,3,21,03,6,2,없음,20,1,0,0,0,2,2,4,1,10,1,2,1,1,1,8,2,3,1,6,0,999,3,1,4,1,1,1,6,5,16400,1,1,1,1,1,1,6,5,16400,1,1,1,1,1,1,6,5,16400,1,1,1,0,1,1,2360000,1410000,1,1
202601,6,,송천동,52113,14,0,120,0,1,1,3,21,03,6,2,없음,20,1,0,0,0,2,2,4,1,10,1,2,1,1,1,8,2,3,2,1,R,901,3,1,3,4,4,5,4,4,6700,1,1,0,4,4,5,4,4,6700,1,1,0,4,4,5,4,4,6700,1,1,0,2025,3,10,2360000,1410000,1,1
202601,6,,송천동,52113,14,0,0,0,1,0,6,21,04,6,1,없음,50,4,0,1,0,3,2,4,2,9,1,2,1,1,1,8,3,3,1,6,0,999,4,1,4,1,1,1,6,5,12100,1,1,1,1,1,1,6,5,12100,1,1,1,1,1,1,6,5,12100,1,1,1,0,1,1,1430000,2470000,1,2
202601,6,,송천동,52113,14,0,0,0,1,0,6,21,04,6,1,없음,50,4,0,1,0,3,2,4,2,9,1,2,1,1,1,8,3,3,1,1,G,475,3,1,3,6,4,7,6,4,12400,1,1,0,6,4,7,6,4,12400,1,1,0,6,4,7,6,4,12400,1,1,0,2024,3,9,1430000,2470000,1,2
202601,6,,송천동,52113,13,0,0,0,1,0,6,32,04,4,1,없음,50,8,0,1,0,3,2,4,1,9,2,1,1,1,1,8,3,3,1,1,I,561,4,1,4,6,6,7,6,6,12000,1,1,0,6,6,7,6,6,12000,1,1,0,6,6,7,6,6,12000,1,1,0,2026,3,10,1010000,2970000,1,2
202601,6,,송천동,52113,15,14,0,0,1,0,1,11,04,1,1,없음,120,6,0,0,0,2,1,3,1,10,1,1,1,1,1,8,2,3,1,1,I,561,3,1,3,4,4,7,4,4,13100,1,1,0,4,4,7,4,4,13100,1,1,0,4,4,7,4,4,13100,1,1,0,2024,3,10,1350000,4720000,1,1
202601,6,,송천동,52113,15,0,0,0,1,0,4,32,04,6,1,없음,230,6,0,0,0,2,2,4,1,10,2,1,1,1,1,2,2,3,1,1,P,855,3,1,3,4,4,6,4,4,9100,2,1,0,4,4,6,4,4,9100,2,1,0,4,4,6,4,4,9100,2,1,0,2025,3,9,1300000,2260000,1,2
202601,6,,송천동,52113,15,0,0,0,1,0,4,32,04,6,1,없음,230,6,0,0,0,2,2,4,1,10,2,1,1,1,1,2,2,3,1,1,G,462,3,1,3,4,4,6,4,4,9300,2,1,0,4,4,6,4,4,9300,2,1,0,4,4,6,4,4,9300,2,1,0,2025,3,10,1300000,2260000,1,2
202601,6,,군산원도심,52130,22,0,300,0,1,0,8,31,03,8,1,없음,76,7,1,0,0,2,2,4,1,9,2,1,1,1,1,8,2,3,1,1,G,474,4,1,4,6,4,6,6,4,8300,1,1,0,6,4,6,6,4,8300,1,1,0,6,4,6,6,4,8300,1,1,0,2025,3,9,2190000,2840000,1,1
202601,6,,군산원도심,52130,22,0,300,0,1,0,8,31,03,8,1,없음,76,7,1,0,0,2,2,4,1,9,2,1,1,1,1,8,2,3,1,6,0,999,2,1,3,1,1,1,5,4,9600,1,1,1,1,1,1,5,4,9600,1,1,1,1,1,1,5,4,9600,1,1,1,0,1,1,2190000,2840000,1,1
202601,6,,군산원도심,52130,22,0,300,0,1,0,1,51,04,6,1,없음,100,6,0,0,0,1,1,2,1,10,1,1,1,1,1,8,1,3,1,1,I,562,2,1,2,4,3,7,4,3,13500,1,1,0,4,3,7,4,3,13500,1,1,0,4,3,7,4,3,13500,1,1,0,2023,4,9,930000,2010000,1,3
202601,6,,군산원도심,52130,22,0,300,0,1,0,1,51,04,1,1,없음,112,6,0,0,0,2,1,2,1,9,1,1,1,1,1,8,2,3,1,1,I,562,2,1,3,4,4,6,4,4,8400,1,1,0,4,4,6,4,4,8400,1,1,0,4,4,6,4,4,8400,1,1,0,2026,3,9,1170000,1890000,1,1
202601,6,,군산원도심,52130,22,0,300,0,1,0,3,21,04,8,2,없음,150,7,0,1,0,2,2,4,1,10,2,1,2,1,1,8,2,3,1,1,I,561,4,1,4,3,3,2,5,4,5300,1,1,0,3,3,2,5,4,5300,1,1,0,3,3,2,5,4,5300,1,1,0,2024,3,8,1160000,920000,1,1
202601,6,,군산원도심,52130,22,0,300,0,1,0,3,21,04,8,2,없음,150,7,0,1,0,2,2,4,1,10,2,1,2,1,1,8,2,3,2,2,0,999,4,1,4,1,1,1,4,3,2000,1,1,0,1,1,1,4,3,2000,1,1,0,1,1,1,4,3,2000,1,1,0,0,1,1,1160000,920000,1,1
202601,6,,군산원도심,52130,22,0,300,0,1,0,1,11,03,8,2,없음,120,1,0,0,0,2,2,4,1,10,2,1,1,1,1,8,2,3,1,1,S,969,2,1,2,3,3,4,3,3,4100,1,1,0,3,3,4,3,3,4100,1,1,0,3,3,4,3,3,4100,1,1,0,2025,3,10,890000,680000,1,1
202601,6,,군산원도심,52130,22,0,300,0,1,0,1,11,03,8,2,없음,120,1,0,0,0,2,2,4,1,10,2,1,1,1,1,8,2,3,1,1,G,472,2,1,2,3,3,4,3,3,4100,1,1,0,3,3,4,3,3,4100,1,1,0,3,3,4,3,3,4100,1,1,0,2023,4,7,890000,680000,1,1
202601,6,,군산원도심,52130,22,0,300,0,1,0,1,11,03,8,2,없음,120,1,0,0,0,2,2,4,1,10,2,1,1,1,1,8,2,3,2,1,N,759,3,1,3,3,3,2,3,3,1900,1,1,0,3,3,2,3,3,1900,1,1,0,3,3,2,3,3,1900,1,1,0,2025,3,7,890000,680000,1,1
202601,6,,군산원도심,52130,16,0,0,0,1,0,6,31,03,7,1,없음,30,4,0,1,0,3,2,4,1,10,2,1,1,1,1,8,3,3,1,1,G,475,4,1,4,4,3,2,4,3,1600,1,1,0,4,3,2,4,3,1600,1,1,0,4,3,2,4,3,1600,1,1,0,2025,3,10,870000,1390000,1,1
202601,6,,군산원도심,52130,22,0,0,0,1,0,3,21,03,8,2,없음,100,6,0,1,0,2,2,4,1,10,2,1,2,1,1,8,2,3,1,1,C,213,3,1,3,3,3,4,4,3,5100,1,1,0,3,3,4,4,3,5100,1,1,0,3,3,4,4,3,5100,1,1,0,2025,3,10,790000,680000,1,1
202601,6,,군산원도심,52130,22,0,0,0,1,0,3,21,03,8,2,없음,100,6,0,1,0,2,2,4,1,10,2,1,2,1,1,8,2,3,1,1,R,902,3,1,4,3,3,4,4,3,4600,1,1,0,3,3,4,4,3,4600,1,1,0,3,3,4,4,3,4600,1,1,0,2025,3,10,790000,680000,1,1
202601,6,,군산원도심,52130,22,0,0,0,1,0,3,21,03,8,2,없음,100,6,0,1,0,2,2,4,1,10,2,1,2,1,1,8,2,3,2,2,0,999,4,1,4,1,1,1,3,3,3100,1,1,0,1,1,1,3,3,3100,1,1,0,1,1,1,3,3,3100,1,1,0,0,1,1,790000,680000,1,1
202601,6,,군산원도심,52130,16,0,0,0,1,0,1,51,03,1,1,없음,110,5,0,0,0,1,1,2,1,10,1,1,1,1,1,8,1,3,1,1,S,969,2,1,2,3,3,6,3,3,8100,1,1,0,3,3,6,3,3,8100,1,1,0,3,3,6,3,3,8100,1,1,0,2023,4,9,910000,1330000,1,2
202601,6,,군산원도심,52130,22,0,300,0,1,0,1,51,03,10,3,없음,50,4,0,0,0,2,2,4,1,9,2,1,1,1,1,8,2,3,1,1,R,901,3,1,3,4,4,6,4,4,8300,1,1,0,4,4,6,4,4,8300,1,1,0,4,4,6,4,4,8300,1,1,0,2022,5,10,2680000,1650000,1,1
202601,6,,군산원도심,52130,22,0,300,0,1,0,1,51,03,10,3,없음,50,4,0,0,0,2,2,4,1,9,2,1,1,1,1,8,2,3,2,1,R,901,3,1,3,3,3,3,3,3,3300,1,1,0,3,3,3,3,3,3300,1,1,0,3,3,3,3,3,3300,1,1,0,2023,5,10,2680000,1650000,1,1
202601,6,,군산원도심,52130,22,0,300,0,1,0,3,21,03,8,2,없음,100,4,0,0,0,1,2,4,1,10,1,1,1,1,1,8,1,3,1,1,G,478,3,1,3,5,4,6,5,4,10100,1,1,0,5,4,6,5,4,10100,1,1,0,5,4,6,5,4,10100,1,1,0,2023,5,9,3190000,2050000,1,2
202601,6,,군산원도심,52130,22,0,300,0,1,0,3,21,03,8,2,없음,100,4,0,0,0,1,2,4,1,10,1,1,1,1,1,8,1,3,2,2,S,961,3,1,3,1,1,1,3,3,2400,1,1,0,1,1,1,3,3,2400,1,1,0,1,1,1,3,3,2400,1,1,0,0,1,1,3190000,2050000,1,2
202601,6,,군산원도심,52130,22,0,300,0,1,0,1,21,03,8,1,없음,128,6,0,0,0,2,2,4,1,10,2,1,1,1,1,8,2,3,1,1,I,561,4,1,4,3,4,4,4,4,5300,1,1,0,3,4,4,4,4,5300,1,1,0,3,4,4,4,4,5300,1,1,0,2025,3,8,1300000,1660000,1,1
202601,6,,군산원도심,52130,22,0,300,0,1,0,3,21,03,9,2,없음,105,5,0,0,0,2,2,4,1,10,1,1,1,1,1,8,2,3,1,1,G,471,3,1,3,4,4,6,4,4,8400,1,1,0,4,4,6,4,4,8400,1,1,0,4,4,6,4,4,8400,1,1,0,2022,5,9,1300000,860000,1,2
202601,6,,군산원도심,52130,22,0,300,0,1,0,3,21,03,9,2,없음,105,5,0,0,0,2,2,4,1,10,1,1,1,1,1,8,2,3,2,2,0,999,3,1,3,1,1,1,3,3,3100,1,1,0,1,1,1,3,3,3100,1,1,0,1,1,1,3,3,3100,1,1,0,0,1,1,1300000,860000,1,2
202601,6,,군산원도심,52130,22,0,300,0,1,0,1,51,04,7,1,없음,20,4,0,0,0,2,1,2,1,9,1,1,1,1,1,8,2,3,1,1,G,471,2,1,3,7,3,7,5,3,8600,1,1,0,7,3,7,5,3,8600,1,1,0,7,3,7,5,3,8600,1,1,0,2024,5,6,1620000,2750000,1,1
202601,6,,군산원도심,52130,22,0,300,0,1,0,1,11,04,9,2,없음,150,4,0,0,0,2,2,4,1,10,2,1,1,1,1,8,2,3,1,1,I,561,4,1,4,4,3,3,4,4,4600,1,1,0,4,3,3,4,4,4600,1,1,0,4,3,3,4,4,4600,1,1,0,2024,5,7,1240000,700000,1,1
202601,6,,군산원도심,52130,22,0,300,0,1,0,1,11,04,9,2,없음,150,4,0,0,0,2,2,4,1,10,2,1,1,1,1,8,2,3,2,1,0,999,4,1,4,3,2,2,2,3,1800,1,1,0,3,2,2,2,3,1800,1,1,0,3,2,2,2,3,1800,1,1,0,2024,5,7,1240000,700000,1,1
202601,6,,군산원도심,52130,22,0,300,0,1,0,4,21,04,8,2,없음,170,8,0,0,0,1,2,4,1,10,1,1,1,1,1,8,1,3,1,1,I,561,3,1,3,3,3,4,3,3,5000,1,1,0,3,3,4,3,3,5000,1,1,0,3,3,4,3,3,5000,1,1,0,2025,3,8,1260000,810000,1,1
202601,6,,군산원도심,52130,22,0,300,0,1,0,4,21,04,8,2,없음,170,8,0,0,0,1,2,4,1,10,1,1,1,1,1,8,1,3,2,6,0,999,3,1,3,1,1,1,3,3,2900,1,1,1,1,1,1,3,3,2900,1,1,1,1,1,1,3,3,2900,1,1,1,0,1,1,1260000,810000,1,1
202601,6,,군산원도심,52130,22,0,300,0,1,0,1,51,03,7,1,없음,300,8,0,0,0,1,1,2,1,10,1,1,1,1,1,8,1,3,1,1,G,474,2,1,2,5,3,7,5,3,11100,1,1,0,5,3,7,5,3,11100,1,1,0,5,3,7,5,3,11100,1,1,0,2024,5,7,1550000,2430000,1,1
202601,6,,군산원도심,52130,22,0,300,0,1,0,1,51,03,9,2,없음,300,7,0,0,0,2,2,4,1,10,2,1,1,1,1,8,2,3,1,1,G,474,3,1,3,4,5,7,4,5,13100,1,1,0,4,5,7,4,5,13100,1,1,0,4,5,7,4,5,13100,1,1,0,2025,5,8,2530000,2090000,1,2
202601,6,,군산원도심,52130,22,0,300,0,1,0,1,51,03,9,2,없음,300,7,0,0,0,2,2,4,1,10,2,1,1,1,1,8,2,3,2,1,G,474,2,1,2,3,2,3,3,2,3300,1,1,0,3,2,3,3,2,3300,1,1,0,3,2,3,3,2,3300,1,1,0,2025,5,8,2530000,2090000,1,2
202601,6,,군산원도심,52130,22,0,300,0,1,0,1,11,03,7,1,없음,100,4,0,0,0,2,1,3,1,10,1,1,1,1,1,8,2,3,1,6,0,999,2,1,2,1,1,1,3,3,6000,1,1,1,1,1,1,3,3,6000,1,1,1,1,1,1,3,3,6000,1,1,1,0,1,1,760000,1100000,1,1
202601,6,,군산원도심,52130,22,0,300,0,1,0,1,11,03,7,1,없음,100,4,0,0,0,2,1,3,1,10,1,1,1,1,1,8,2,3,1,1,I,561,2,1,2,3,3,5,3,3,5900,1,1,0,3,3,5,3,3,5900,1,1,0,3,3,5,3,3,5900,1,1,0,2024,3,8,760000,1100000,1,1
202601,6,,군산원도심,52130,22,0,300,0,1,0,1,11,04,10,2,없음,40,6,0,0,0,2,2,4,1,9,2,2,1,1,1,8,2,3,1,1,I,561,4,1,4,5,3,4,5,3,4200,1,1,0,5,3,4,5,3,4200,1,1,0,5,3,4,5,3,4200,1,1,0,2025,3,8,1040000,540000,1,1
202601,6,,군산원도심,52130,22,0,300,0,1,0,1,11,04,10,2,없음,40,6,0,0,0,2,2,4,1,9,2,2,1,1,1,8,2,3,2,6,0,999,4,1,4,1,1,1,4,3,1800,1,1,1,1,1,1,4,3,1800,1,1,1,1,1,1,4,3,1800,1,1,1,0,1,1,1040000,540000,1,1
202601,6,,군산원도심,52130,22,0,300,0,1,0,4,21,03,8,2,없음,150,6,0,1,0,2,2,4,1,10,1,1,2,1,1,8,2,3,1,2,I,562,2,1,2,1,1,1,4,3,6300,1,1,0,1,1,1,4,3,6300,1,1,0,1,1,1,4,3,6300,1,1,0,0,1,1,1280000,870000,1,1
202601,6,,군산원도심,52130,22,0,300,0,1,0,4,21,03,8,2,없음,150,6,0,1,0,2,2,4,1,10,1,1,2,1,1,8,2,3,1,6,0,999,2,1,2,1,1,1,4,3,6200,1,1,1,1,1,1,4,3,6200,1,1,1,1,1,1,4,3,6200,1,1,1,0,1,1,1280000,870000,1,1
202601,6,,군산원도심,52130,22,0,300,0,1,0,4,21,03,8,2,없음,150,6,0,1,0,2,2,4,1,10,1,1,2,1,1,8,2,3,1,1,G,463,2,1,2,4,3,4,4,3,5900,1,1,0,4,3,4,4,3,5900,1,1,0,4,3,4,4,3,5900,1,1,0,2024,3,6,1280000,870000,1,1
202601,6,,군산원도심,52130,22,0,300,0,1,0,4,21,03,8,2,없음,150,6,0,1,0,2,2,4,1,10,1,1,2,1,1,8,2,3,2,2,0,999,4,1,4,1,1,1,4,3,3200,1,1,0,1,1,1,4,3,3200,1,1,0,1,1,1,4,3,3200,1,1,0,0,1,1,1280000,870000,1,1
202601,6,,군산원도심,52130,22,0,300,0,1,0,1,51,03,10,1,없음,40,6,0,0,0,1,1,2,1,10,1,1,1,1,1,8,1,3,1,1,S,953,2,1,2,4,3,7,4,3,10700,1,1,0,4,3,7,4,3,10700,1,1,0,4,3,7,4,3,10700,1,1,0,2024,4,9,1580000,1620000,1,2
202601,6,,군산원도심,52130,22,0,300,0,1,0,1,21,03,10,2,없음,20,2,0,0,0,1,2,3,1,10,2,1,1,1,1,8,1,3,1,1,S,961,2,1,2,4,3,7,4,3,11100,1,1,0,4,3,7,4,3,11100,1,1,0,4,3,7,4,3,11100,1,1,0,2024,4,5,1730000,940000,1,1
202601,6,,군산원도심,52130,22,0,300,0,1,0,1,21,03,10,2,없음,20,2,0,0,0,1,2,3,1,10,2,1,1,1,1,8,1,3,2,1,S,961,2,1,2,3,3,3,3,3,3800,1,1,0,3,3,3,3,3,3800,1,1,0,3,3,3,3,3,3800,1,1,0,2024,4,5,1730000,940000,1,1
202601,6,,군산원도심,52130,22,0,300,0,1,0,1,51,04,8,1,없음,50,1,0,0,0,2,2,4,1,10,2,1,1,1,1,8,2,3,1,1,G,473,2,1,2,4,3,4,4,3,5900,1,1,0,4,3,4,4,3,5900,1,1,0,4,3,4,4,3,5900,1,1,0,2024,4,8,850000,1140000,1,1
202601,6,,군산원도심,52130,22,0,300,0,1,0,1,51,04,8,1,없음,50,1,0,0,0,2,2,4,1,10,2,1,1,1,1,8,2,3,1,1,G,478,2,1,2,5,3,4,4,3,5500,1,1,0,5,3,4,4,3,5500,1,1,0,5,3,4,4,3,5500,1,1,0,2026,3,9,850000,1140000,1,1
202601,6,,0.비상권,52130,14,0,120,0,1,0,5,32,03,6,1,없음,300,6,0,1,0,3,2,4,1,10,2,1,1,1,1,8,3,3,1,1,I,562,3,1,3,4,3,5,5,4,7000,1,1,0,4,3,5,5,4,7000,1,1,0,4,3,5,5,4,7000,1,1,0,2025,3,9,850000,1400000,1,1
202601,6,,0.비상권,52130,14,0,120,0,1,0,5,32,03,6,1,없음,300,6,0,1,0,3,2,4,1,10,2,1,1,1,1,8,3,3,1,1,I,561,4,1,4,4,4,5,4,4,6900,1,1,0,4,4,5,4,4,6900,1,1,0,4,4,5,4,4,6900,1,1,0,2025,3,10,850000,1400000,1,1
202601,6,,군산수송동조촌동,52130,14,0,120,0,1,0,4,32,03,5,1,없음,250,2,0,1,0,3,2,4,1,10,2,1,1,1,1,8,3,3,1,1,G,472,4,1,4,5,5,5,5,5,6200,1,1,0,5,5,5,5,5,6200,1,1,0,5,5,5,5,5,6200,1,1,0,2025,3,10,1650000,3420000,1,1
202601,6,,군산수송동조촌동,52130,14,0,120,0,1,0,4,32,03,5,1,없음,250,2,0,1,0,3,2,4,1,10,2,1,1,1,1,8,3,3,1,1,I,561,3,1,4,5,4,5,5,4,8200,1,1,0,5,4,5,5,4,8200,1,1,0,5,4,5,5,4,8200,1,1,0,2024,3,10,1650000,3420000,1,1
202601,6,,군산수송동조촌동,52130,14,0,120,0,1,0,4,32,03,5,1,없음,250,2,0,1,0,3,2,4,1,10,2,1,1,1,1,8,3,3,2,6,0,999,1,1,1,1,1,1,2,2,3700,1,1,1,1,1,1,2,2,3700,1,1,1,1,1,1,2,2,3700,1,1,1,0,1,1,1650000,3420000,1,1
202601,6,,군산수송동조촌동,52130,14,0,120,0,1,0,4,32,03,6,1,없음,3,1,0,0,0,2,1,2,1,10,1,1,1,1,1,8,2,3,1,1,I,561,2,1,2,4,3,5,4,3,7500,1,1,0,4,3,5,4,3,7500,1,1,0,4,3,5,4,3,7500,1,1,0,2024,3,7,1550000,2640000,1,1
202601,6,,군산수송동조촌동,52130,14,0,120,0,1,0,3,32,04,4,1,없음,200,4,0,0,0,2,1,2,1,10,1,1,1,1,1,8,2,3,1,1,I,561,2,1,2,4,3,6,4,4,12200,1,1,0,4,3,6,4,4,12200,1,1,0,4,3,6,4,4,12200,1,1,0,2024,3,8,840000,2740000,1,1
202601,6,,군산수송동조촌동,52130,14,0,0,0,1,0,6,32,04,6,1,없음,230,7,0,0,0,2,1,3,1,10,1,1,1,1,1,8,2,3,1,1,I,562,3,1,3,4,4,5,4,4,7600,1,1,0,4,4,5,4,4,7600,1,1,0,4,4,5,4,4,7600,1,1,0,2024,3,8,850000,1690000,1,1
202601,6,,군산수송동조촌동,52130,16,0,0,0,1,0,5,21,04,6,1,없음,50,6,0,0,0,2,1,3,1,10,1,1,1,1,1,8,2,3,1,1,I,561,3,1,3,4,4,5,4,4,8200,1,1,0,4,4,5,4,4,8200,1,1,0,4,4,5,4,4,8200,1,1,0,2024,3,9,1150000,1980000,1,1
202601,6,,0.비상권,52130,14,0,120,0,1,0,4,32,03,6,1,없음,156,5,0,0,0,1,1,2,1,10,1,1,1,1,1,8,1,3,1,2,L,682,1,1,1,1,1,1,3,3,9700,1,1,0,1,1,1,3,3,9700,1,1,0,1,1,1,3,3,9700,1,1,0,0,1,1,1000000,1670000,1,2
202601,6,,0.비상권,52130,14,0,120,0,1,0,4,32,03,6,1,없음,156,5,0,0,0,1,1,2,1,10,1,1,1,1,1,8,1,3,1,1,M,711,1,1,1,3,3,6,3,3,9600,1,1,0,3,3,6,3,3,9600,1,1,0,3,3,6,3,3,9600,1,1,0,2024,3,10,1000000,1670000,1,2
202601,6,,0.비상권,52130,14,0,0,0,1,0,3,32,03,6,1,없음,50,2,0,0,0,2,2,3,1,10,2,1,1,1,1,8,2,3,1,1,S,952,3,1,4,5,4,5,6,4,7000,1,1,0,5,4,5,6,4,7000,1,1,0,5,4,5,6,4,7000,1,1,0,2025,3,8,990000,1690000,1,1
202601,6,,군산원도심,52130,14,0,0,0,1,0,5,32,04,5,1,없음,300,8,0,0,0,2,1,3,1,10,1,1,1,1,1,8,2,3,1,1,I,561,3,1,3,3,3,5,3,3,6300,1,1,0,3,3,5,3,3,6300,1,1,0,3,3,5,3,3,6300,1,1,0,2025,3,9,680000,1420000,1,1
202601,6,,군산원도심,52130,14,0,0,0,1,0,6,31,04,6,2,없음,278,4,0,0,0,2,2,4,1,9,1,2,1,1,1,8,2,3,1,1,S,961,2,1,2,4,4,8,4,4,20200,1,1,0,4,4,8,4,4,20200,1,1,0,4,4,8,4,4,20200,1,1,0,2025,5,8,2270000,2120000,1,1
202601,6,,군산원도심,52130,14,0,0,0,1,0,6,31,04,6,2,없음,278,4,0,0,0,2,2,4,1,9,1,2,1,1,1,8,2,3,1,1,G,472,2,1,2,5,4,7,5,4,20700,1,1,0,5,4,7,5,4,20700,1,1,0,5,4,7,5,4,20700,1,1,0,2023,5,8,2270000,2120000,1,1
202601,6,,군산원도심,52130,14,0,0,0,1,0,6,31,04,6,2,없음,278,4,0,0,0,2,2,4,1,9,1,2,1,1,1,8,2,3,2,6,0,999,3,1,4,1,1,1,4,3,5400,1,1,1,1,1,1,4,3,5400,1,1,1,1,1,1,4,3,5400,1,1,1,0,1,1,2270000,2120000,1,1
202601,6,,군산원도심,52130,22,0,0,0,1,0,3,32,03,1,1,없음,100,4,0,0,0,2,2,4,1,10,1,1,1,1,1,8,2,3,1,6,0,999,2,1,2,1,1,1,5,3,8200,1,1,1,1,1,1,5,3,8200,1,1,1,1,1,1,5,3,8200,1,1,1,0,1,1,1040000,1550000,1,2
202601,6,,군산원도심,52130,22,0,0,0,1,0,3,32,03,1,1,없음,100,4,0,0,0,2,2,4,1,10,1,1,1,1,1,8,2,3,1,1,G,475,2,1,2,4,3,6,5,3,8200,1,1,0,4,3,6,5,3,8200,1,1,0,4,3,6,5,3,8200,1,1,0,2025,3,7,1040000,1550000,1,2
202601,6,,군산원도심,52130,22,0,0,0,1,0,3,32,03,1,1,없음,100,4,0,0,0,2,2,4,1,10,1,1,1,1,1,8,2,3,1,1,I,561,2,1,2,4,3,6,4,3,8000,1,1,0,4,3,6,4,3,8000,1,1,0,4,3,6,4,3,8000,1,1,0,2024,4,10,1040000,1550000,1,2
202601,6,,군산원도심,52130,22,0,0,0,1,0,5,32,03,6,1,없음,160,8,0,0,0,2,1,3,1,10,1,1,1,1,1,8,2,3,1,1,I,561,3,1,3,5,3,5,5,3,5900,1,1,0,5,3,5,5,3,5900,1,1,0,5,3,5,5,3,5900,1,1,0,2024,5,10,1060000,2040000,1,2
202601,6,,0.비상권,52130,14,0,0,0,1,0,4,11,04,6,1,없음,100,9,0,0,0,2,1,3,1,10,1,1,1,1,1,8,2,3,1,1,I,561,3,1,3,5,4,7,5,4,11300,1,1,0,5,4,7,5,4,11300,1,1,0,5,4,7,5,4,11300,1,1,0,2024,5,8,1000000,1670000,1,2
202601,6,,0.비상권,52130,42,0,0,0,1,0,7,31,04,2,1,없음,100,1,0,0,0,3,1,3,1,10,1,1,1,1,1,8,3,3,1,1,S,952,3,1,3,5,4,7,5,4,10400,1,1,0,5,4,7,5,4,10400,1,1,0,5,4,7,5,4,10400,1,1,0,2025,5,9,560000,2830000,1,1
202601,6,,익산역,52140,22,0,120,300,1,0,1,12,03,5,1,없음,50,1,0,0,0,3,2,4,1,10,2,1,1,1,1,8,3,3,1,1,I,561,2,1,2,5,4,7,5,4,16800,1,1,0,5,4,7,5,4,16800,1,1,0,5,4,7,5,4,16800,1,1,0,2024,3,7,1570000,3400000,1,2
202601,6,,익산역,52140,22,0,120,300,1,0,1,12,03,5,1,없음,50,1,0,0,0,3,2,4,1,10,2,1,1,1,1,8,3,3,1,1,I,561,2,1,2,4,4,7,4,4,15200,1,1,0,4,4,7,4,4,15200,1,1,0,4,4,7,4,4,15200,1,1,0,2024,3,9,1570000,3400000,1,2
202601,6,,익산역,52140,22,0,120,300,1,0,1,12,03,5,1,없음,50,1,0,0,0,3,2,4,1,10,2,1,1,1,1,8,3,3,1,1,G,474,2,1,2,5,4,7,5,4,16800,1,1,0,5,4,7,5,4,16800,1,1,0,5,4,7,5,4,16800,1,1,0,2025,3,10,1570000,3400000,1,2
202601,6,,익산역,52140,22,0,120,0,1,0,1,11,03,5,1,없음,50,1,0,0,0,3,2,4,1,9,1,2,1,1,1,8,3,3,1,1,G,474,2,1,2,3,3,6,4,3,12000,1,1,0,3,3,6,4,3,12000,1,1,0,3,3,6,4,3,12000,1,1,0,2024,3,5,1470000,3460000,1,1
202601,6,,익산역,52140,22,0,120,0,1,0,1,11,03,5,1,없음,50,1,0,0,0,3,2,4,1,9,1,2,1,1,1,8,3,3,1,6,0,999,3,1,3,1,1,1,5,4,11200,1,1,1,1,1,1,5,4,11200,1,1,1,1,1,1,5,4,11200,1,1,1,0,1,1,1470000,3460000,1,1
202601,6,,익산역,52140,22,0,120,0,1,0,1,11,03,5,1,없음,50,1,0,0,0,3,2,4,1,9,1,2,1,1,1,8,3,3,1,6,0,999,2,1,2,1,1,1,5,3,12900,1,1,1,1,1,1,5,3,12900,1,1,1,1,1,1,5,3,12900,1,1,1,0,1,1,1470000,3460000,1,1
202601,6,,익산역,52140,22,0,300,0,1,0,2,11,03,7,1,없음,250,6,0,0,0,2,2,4,1,10,2,1,1,1,1,8,2,3,1,1,G,474,4,1,4,5,4,5,5,5,7600,1,1,0,5,4,5,5,5,7600,1,1,0,5,4,5,5,5,7600,1,1,0,2025,3,7,1500000,2020000,1,1
202601,6,,익산역,52140,22,0,300,0,1,0,1,51,04,7,1,없음,250,6,0,0,0,2,2,4,1,10,1,1,1,1,1,8,2,3,1,1,C,107,2,1,2,4,3,7,4,3,13200,1,1,0,4,3,7,4,3,13200,1,1,0,4,3,7,4,3,13200,1,1,0,2025,3,5,1780000,2790000,1,1
202601,6,,익산역,52140,22,0,300,0,1,0,1,51,04,7,1,없음,250,6,0,0,0,2,2,4,1,10,1,1,1,1,1,8,2,3,1,6,0,999,2,1,2,1,1,1,4,3,13000,1,1,1,1,1,1,4,3,13000,1,1,1,1,1,1,4,3,13000,1,1,1,0,1,1,1780000,2790000,1,1
202601,6,,익산역,52140,22,0,300,0,1,0,1,51,04,7,1,없음,250,6,0,0,0,2,2,4,1,10,1,1,1,1,1,8,2,3,1,6,0,999,2,1,2,1,1,1,4,3,5100,1,1,1,1,1,1,4,3,5100,1,1,1,1,1,1,4,3,5100,1,1,1,0,1,1,1780000,2790000,1,1
202601,6,,익산역,52140,22,0,300,0,1,0,4,31,03,4,1,없음,270,6,0,0,0,2,2,3,1,9,2,1,1,1,1,8,2,3,1,1,G,474,2,1,3,5,4,7,5,4,13200,1,1,0,5,4,7,5,4,13200,1,1,0,5,4,7,5,4,13200,1,1,0,2025,3,8,1530000,4140000,1,2
202601,6,,익산역,52140,22,0,300,0,1,0,4,31,03,4,1,없음,270,6,0,0,0,2,2,3,1,9,2,1,1,1,1,8,2,3,1,1,G,478,1,1,2,4,3,7,4,3,13200,1,1,0,4,3,7,4,3,13200,1,1,0,4,3,7,4,3,13200,1,1,0,2025,3,7,1530000,4140000,1,2
202601,6,,익산역,52140,22,0,300,0,1,0,1,11,04,1,1,없음,200,4,0,0,0,2,2,4,1,10,2,1,1,1,1,8,2,3,1,1,G,474,4,1,4,6,5,7,6,5,14900,1,1,0,6,5,7,6,5,14900,1,1,0,6,5,7,6,5,14900,1,1,0,2024,3,10,3310000,2040000,1,1
202601,6,,익산역,52140,22,0,300,0,1,0,1,11,04,1,1,없음,200,4,0,0,0,2,2,4,1,10,2,1,1,1,1,8,2,3,2,1,G,474,4,1,4,3,2,2,3,3,1100,1,1,0,3,2,2,3,3,1100,1,1,0,3,2,2,3,3,1100,1,1,0,2024,3,10,3310000,2040000,1,1
202601,6,,익산역,52140,22,0,300,0,1,0,5,11,03,8,1,없음,200,6,0,0,0,2,1,3,1,10,1,1,1,1,1,8,2,3,1,1,N,741,2,1,2,1,1,1,3,3,5900,1,1,1,1,1,1,3,3,5900,1,1,1,3,3,4,3,3,5900,1,1,0,2026,3,10,1270000,1650000,1,2
202601,6,,익산역,52140,22,0,300,0,1,0,5,11,03,8,1,없음,200,6,0,0,0,2,1,3,1,10,1,1,1,1,1,8,2,3,1,1,F,424,2,1,2,3,3,4,3,3,5700,1,1,0,3,3,4,3,3,5700,1,1,0,3,3,4,3,3,5700,1,1,0,2025,3,10,1270000,1650000,1,2
202601,6,,익산역,52140,22,0,300,0,1,0,1,51,04,5,1,없음,219,5,0,0,0,2,1,3,1,9,1,1,1,1,1,8,2,3,1,1,G,472,2,1,2,4,3,7,4,3,10700,1,1,0,4,3,7,4,3,10700,1,1,0,4,3,7,4,3,10700,1,1,0,2024,3,9,1230000,2850000,1,3
202601,6,,익산역,52140,22,0,300,0,1,0,1,51,04,5,1,없음,219,5,0,0,0,2,1,3,1,9,1,1,1,1,1,8,2,3,1,1,G,475,2,1,2,4,4,7,4,4,10800,1,1,0,4,4,7,4,4,10800,1,1,0,4,4,7,4,4,10800,1,1,0,2024,3,9,1230000,2850000,1,3
202601,6,,익산역,52140,22,0,300,0,1,0,1,21,03,8,2,없음,130,7,0,0,0,2,2,4,1,10,2,1,1,1,1,8,2,3,1,1,G,466,3,1,3,4,3,4,4,3,4600,1,1,0,4,3,4,4,3,4600,1,1,0,4,3,4,4,3,4600,1,1,0,2024,3,9,1020000,730000,1,2
202601,6,,익산역,52140,22,0,300,0,1,0,1,21,03,8,2,없음,130,7,0,0,0,2,2,4,1,10,2,1,1,1,1,8,2,3,2,1,0,999,3,1,3,4,3,3,4,3,2400,1,1,0,4,3,3,4,3,2400,1,1,0,4,3,3,4,3,2400,1,1,0,2025,3,8,1020000,730000,1,2
202601,6,,익산역,52140,22,0,300,0,1,0,1,11,04,1,1,없음,50,6,0,0,0,2,2,4,1,10,2,1,1,1,1,8,2,3,1,1,G,474,4,1,4,5,4,7,6,5,11300,1,1,0,5,4,7,6,5,11300,1,1,0,5,4,7,6,5,11300,1,1,0,2025,3,8,2820000,2520000,1,1
202601,6,,익산역,52140,22,0,300,0,1,0,1,11,04,1,1,없음,50,6,0,0,0,2,2,4,1,10,2,1,1,1,1,8,2,3,2,6,0,999,3,1,3,1,1,1,3,3,4000,1,1,1,1,1,1,3,3,4000,1,1,1,1,1,1,3,3,4000,1,1,1,0,1,1,2820000,2520000,1,1
202601,6,,익산역,52140,22,0,300,0,1,0,1,51,03,1,1,없음,150,9,0,0,0,2,1,3,1,10,1,1,1,1,1,8,2,3,1,1,I,561,3,1,3,4,3,5,4,3,6400,1,1,0,4,3,5,4,3,6400,1,1,0,4,3,5,4,3,6400,1,1,0,2025,3,8,1400000,2230000,1,1
202601,6,,익산역,52140,22,0,300,0,1,0,1,51,04,7,1,없음,250,6,0,0,0,2,2,4,1,10,2,1,1,1,1,8,2,3,1,1,G,474,4,1,4,5,3,4,5,3,5300,1,1,0,5,3,4,5,3,5300,1,1,0,5,3,4,5,3,5300,1,1,0,2025,3,7,730000,1190000,1,1
202601,6,,익산역,52140,14,0,0,0,1,0,1,11,04,4,1,없음,250,4,0,0,0,2,1,2,1,10,1,1,1,1,1,8,2,3,1,1,G,474,2,1,2,4,3,5,4,3,7300,1,1,0,4,3,5,4,3,7300,1,1,0,4,3,5,4,3,7300,1,1,0,2024,3,8,920000,2310000,1,2
202601,6,,익산역,52140,22,0,300,0,1,0,1,11,04,1,1,없음,70,8,0,0,0,2,1,3,1,10,1,1,1,1,1,8,2,3,1,6,0,999,3,1,3,1,1,1,5,3,5300,1,1,1,1,1,1,5,3,5300,1,1,1,1,1,1,5,3,5300,1,1,1,0,1,1,810000,1280000,1,1
202601,6,,익산역,52140,22,0,120,0,1,0,2,11,03,1,1,없음,50,3,0,0,0,3,2,4,1,9,1,2,1,1,1,8,3,3,1,6,0,999,3,1,3,1,1,1,5,4,12300,1,1,1,1,1,1,5,4,12300,1,1,1,1,1,1,5,4,12300,1,1,1,0,1,1,1600000,2730000,1,1
202601,6,,익산역,52140,22,0,120,0,1,0,2,11,03,1,1,없음,50,3,0,0,0,3,2,4,1,9,1,2,1,1,1,8,3,3,1,6,0,999,4,1,4,1,1,1,5,4,7100,1,1,1,1,1,1,5,4,7100,1,1,1,1,1,1,5,4,7100,1,1,1,0,1,1,1600000,2730000,1,1
202601,6,,익산역,52140,14,0,120,0,1,0,1,11,04,1,1,없음,50,1,0,0,0,2,2,4,1,10,2,1,1,1,1,8,2,3,1,1,S,961,1,1,1,2,3,4,3,3,5200,1,1,0,2,3,4,3,3,5200,1,1,0,2,3,4,3,3,5200,1,1,0,2025,3,9,1160000,1180000,1,1
202601,6,,익산역,52140,14,0,120,0,1,0,1,11,04,1,1,없음,50,1,0,0,0,2,2,4,1,10,2,1,1,1,1,8,2,3,1,1,G,476,3,1,3,3,3,4,3,3,4800,1,1,0,3,3,4,3,3,4800,1,1,0,3,3,4,3,3,4800,1,1,0,2025,3,9,1160000,1180000,1,1
202601,6,,익산역,52140,22,0,300,0,1,1,1,21,03,5,1,없음,72,6,0,0,0,2,2,4,1,10,1,1,2,1,1,8,2,3,-1,6,0,999,3,1,3,1,1,1,2,2,1300,1,1,1,1,1,1,2,2,1300,1,1,1,1,1,1,2,2,1300,1,1,1,0,1,1,1040000,1080000,1,1
202601,6,,익산역,52140,22,0,300,0,1,1,1,21,03,5,1,없음,72,6,0,0,0,2,2,4,1,10,1,1,2,1,1,8,2,3,1,1,S,961,1,1,1,3,3,6,3,3,8200,1,1,0,3,3,6,3,3,8200,1,1,0,3,3,6,3,3,8200,1,1,0,2025,3,9,1040000,1080000,1,1
202601,6,,익산역,52140,22,0,300,0,1,1,1,21,03,5,1,없음,72,6,0,0,0,2,2,4,1,10,1,1,2,1,1,8,2,3,1,2,S,961,1,1,1,1,1,1,3,3,6700,1,1,0,1,1,1,3,3,6700,1,1,0,1,1,1,3,3,6700,1,1,0,0,1,1,1040000,1080000,1,1
202601,6,,익산역,52140,22,0,300,0,1,1,1,21,03,5,1,없음,72,6,0,0,0,2,2,4,1,10,1,1,2,1,1,8,2,3,1,1,G,472,2,1,2,3,3,5,3,3,6500,1,1,0,3,3,5,3,3,6500,1,1,0,3,3,5,3,3,6500,1,1,0,2024,3,7,1040000,1080000,1,1
202601,6,,익산역,52140,22,0,300,0,1,1,1,21,03,5,1,없음,72,6,0,0,0,2,2,4,1,10,1,1,2,1,1,8,2,3,2,2,0,999,4,1,4,1,1,1,3,3,3000,1,1,0,1,1,1,3,3,3000,1,1,0,1,1,1,3,3,3000,1,1,0,0,1,1,1040000,1080000,1,1
202601,6,,익산역,52140,22,0,300,0,1,0,1,51,04,8,1,없음,116,8,0,0,0,1,1,2,1,10,1,1,1,1,1,8,1,3,1,1,G,474,2,1,2,3,3,4,3,3,4400,1,1,0,3,3,4,3,3,4400,1,1,0,3,3,4,3,3,4400,1,1,0,2024,3,9,830000,1140000,1,2
202601,6,,익산역,52140,22,0,300,0,1,1,3,21,03,8,2,없음,108,8,0,0,0,2,2,4,1,9,2,1,2,1,1,8,2,3,-1,5,0,999,1,1,1,1,1,1,1,1,0,1,1,0,1,1,1,1,1,0,1,1,0,1,1,1,1,1,0,1,1,0,0,1,1,1250000,740000,1,1
202601,6,,익산역,52140,22,0,300,0,1,1,3,21,03,8,2,없음,108,8,0,0,0,2,2,4,1,9,2,1,2,1,1,8,2,3,1,1,G,475,4,1,4,4,3,3,4,3,4400,1,1,0,4,3,3,4,3,4400,1,1,0,4,3,3,4,3,4400,1,1,0,2026,3,10,1250000,740000,1,1
202601,6,,익산역,52140,22,0,300,0,1,1,3,21,03,8,2,없음,108,8,0,0,0,2,2,4,1,9,2,1,2,1,1,8,2,3,2,2,0,999,4,1,4,1,1,1,3,3,2600,1,1,0,1,1,1,3,3,2600,1,1,0,1,1,1,3,3,2600,1,1,0,0,1,1,1250000,740000,1,1
202601,6,,익산역,52140,16,0,120,0,1,0,1,21,04,4,1,없음,39,1,0,0,0,3,2,4,2,9,1,1,2,1,1,8,3,3,1,1,G,472,1,1,1,3,3,6,3,3,8200,1,1,0,3,3,6,3,3,8200,1,1,0,3,3,6,3,3,8200,1,1,0,2025,3,10,920000,1320000,1,2
202601,6,,익산역,52140,16,0,120,0,1,0,1,21,04,4,1,없음,39,1,0,0,0,3,2,4,2,9,1,1,2,1,1,8,3,3,1,1,G,478,1,1,1,3,3,6,3,3,8000,1,1,0,3,3,6,3,3,8000,1,1,0,3,3,6,3,3,8000,1,1,0,2024,3,7,920000,1320000,1,2
202601,6,,익산역,52140,16,0,120,0,1,0,1,21,04,4,1,없음,39,1,0,0,0,3,2,4,2,9,1,1,2,1,1,8,3,3,1,6,0,999,1,1,1,1,1,1,3,3,8100,1,1,1,1,1,1,3,3,8100,1,1,1,1,1,1,3,3,8100,1,1,1,0,1,1,920000,1320000,1,2
202601,6,,익산역,52140,16,0,120,0,1,0,1,21,04,4,1,없음,39,1,0,0,0,3,2,4,2,9,1,1,2,1,1,8,3,3,1,1,G,473,1,1,1,3,3,6,3,3,8200,1,1,0,3,3,6,3,3,8200,1,1,0,3,3,6,3,3,8200,1,1,0,2024,3,9,920000,1320000,1,2
202601,6,,익산역,52140,16,0,120,0,1,0,1,21,04,4,1,없음,39,1,0,0,0,3,2,4,2,9,1,1,2,1,1,8,3,3,2,2,Q,862,4,1,4,1,1,1,4,3,3200,1,1,0,1,1,1,4,3,3200,1,1,0,1,1,1,4,3,3200,1,1,0,0,1,1,920000,1320000,1,2
202601,6,,익산역,52140,22,0,300,0,1,0,8,31,03,5,1,없음,68,7,1,0,0,2,1,3,1,10,1,1,1,1,1,8,2,3,1,1,I,561,2,1,2,5,3,6,5,3,7500,1,1,0,5,3,6,5,3,7500,1,1,0,5,3,6,5,3,7500,1,1,0,2025,3,9,1210000,2630000,1,2
202601,6,,익산역,52140,22,0,300,0,1,0,8,31,03,5,1,없음,68,7,1,0,0,2,1,3,1,10,1,1,1,1,1,8,2,3,1,6,0,999,1,1,2,1,1,1,3,3,7700,1,1,1,1,1,1,3,3,7700,1,1,1,1,1,1,3,3,7700,1,1,1,0,1,1,1210000,2630000,1,2
202601,6,,익산역,52140,22,0,300,0,1,0,1,11,04,1,1,없음,100,6,0,0,0,2,2,4,1,9,2,1,1,1,1,8,2,3,1,1,I,561,4,1,4,4,4,4,4,3,4800,1,1,0,4,4,4,4,3,4800,1,1,0,4,4,4,4,3,4800,1,1,0,2025,3,10,880000,750000,1,2
202601,6,,익산역,52140,22,0,300,0,1,0,1,11,04,1,1,없음,100,6,0,0,0,2,2,4,1,9,2,1,1,1,1,8,2,3,2,2,0,999,2,1,3,1,1,1,3,3,2500,1,1,0,1,1,1,3,3,2500,1,1,0,1,1,1,3,3,2500,1,1,0,0,1,1,880000,750000,1,2
202601,6,,익산역,52140,22,0,300,0,1,0,4,32,03,8,1,없음,137,5,0,0,0,2,2,4,1,10,2,1,1,1,1,8,2,3,1,1,G,471,4,1,4,7,5,7,7,5,15000,1,1,0,7,5,7,7,5,15000,1,1,0,7,5,7,7,5,15000,1,1,0,2025,3,6,1070000,1350000,1,3
202601,6,,익산역,52140,22,0,300,0,1,0,4,32,03,8,1,없음,137,5,0,0,0,2,2,4,1,10,2,1,1,1,1,8,2,3,1,6,0,999,1,1,1,1,1,1,3,3,13400,1,1,1,1,1,1,3,3,13400,1,1,1,1,1,1,3,3,13400,1,1,1,0,1,1,1070000,1350000,1,3
202601,6,,익산역,52140,22,0,300,0,1,0,4,31,03,7,1,없음,358,7,0,0,0,2,2,4,1,9,2,1,1,1,1,8,2,3,1,1,G,472,4,1,4,6,5,7,6,5,13600,1,1,0,6,5,7,6,5,13600,1,1,0,6,5,7,6,5,13600,1,1,0,2024,3,9,1100000,1950000,1,3
202601,6,,익산역,52140,22,0,300,0,1,0,4,31,03,7,1,없음,358,7,0,0,0,2,2,4,1,9,2,1,1,1,1,8,2,3,2,6,0,999,1,1,1,1,1,1,3,3,6900,1,1,1,1,1,1,3,3,6900,1,1,1,1,1,1,3,3,6900,1,1,1,0,1,1,1100000,1950000,1,3
202601,6,,익산역,52140,22,0,300,0,1,0,3,11,03,6,1,없음,150,6,0,0,0,2,2,4,1,10,2,1,1,1,1,8,2,3,1,1,I,561,4,1,4,5,4,4,5,4,5100,1,1,0,5,4,4,5,4,5100,1,1,0,5,4,4,5,4,5100,1,1,0,2025,3,8,850000,1460000,1,1
202601,6,,익산역,52140,22,0,300,0,1,0,3,21,03,8,2,없음,250,8,0,0,0,2,2,4,1,10,2,1,1,1,1,8,2,3,1,6,0,999,2,1,2,1,1,1,3,3,5300,1,1,1,1,1,1,3,3,5300,1,1,1,1,1,1,3,3,5300,1,1,1,0,1,1,1270000,1100000,1,1
202601,6,,익산역,52140,22,0,300,0,1,0,3,21,03,8,2,없음,250,8,0,0,0,2,2,4,1,10,2,1,1,1,1,8,2,3,1,1,G,472,2,1,2,3,3,4,3,3,5400,1,1,0,3,3,4,3,3,5400,1,1,0,3,3,4,3,3,5400,1,1,0,2024,5,7,1270000,1100000,1,1
202601,6,,익산역,52140,22,0,300,0,1,0,3,21,03,8,2,없음,250,8,0,0,0,2,2,4,1,10,2,1,1,1,1,8,2,3,2,1,0,999,3,1,3,3,3,3,3,3,3500,1,1,0,3,3,3,3,3,3500,1,1,0,3,3,3,3,3,3500,1,1,0,2025,3,9,1270000,1100000,1,1
202601,6,,익산역,52140,22,0,300,0,1,0,1,11,03,8,1,없음,219,8,0,0,0,2,2,4,1,10,2,1,1,1,1,8,2,3,1,1,G,472,1,1,2,3,3,5,3,3,5500,1,1,0,3,3,5,3,3,5500,1,1,0,3,3,5,3,3,5500,1,1,0,2024,5,5,880000,1170000,1,2
202601,6,,익산역,52140,22,0,300,0,1,0,1,11,03,8,1,없음,219,8,0,0,0,2,2,4,1,10,2,1,1,1,1,8,2,3,1,1,0,999,2,1,2,3,3,4,3,3,5000,1,1,0,3,3,4,3,3,5000,1,1,0,3,3,4,3,3,5000,1,1,0,2025,3,9,880000,1170000,1,2
202601,6,,익산역,52140,22,0,300,0,1,0,1,11,03,8,1,없음,219,8,0,0,0,2,2,4,1,10,2,1,1,1,1,8,2,3,1,1,G,472,1,1,2,3,3,5,3,3,5700,1,1,0,3,3,5,3,3,5700,1,1,0,3,3,5,3,3,5700,1,1,0,2025,5,6,880000,1170000,1,2
202601,6,,익산역,52140,22,0,300,0,1,0,3,21,03,1,1,없음,50,1,0,0,0,2,1,3,1,10,1,1,1,1,1,8,2,3,1,1,L,682,1,1,1,3,3,7,3,3,12800,1,1,0,3,3,7,3,3,12800,1,1,0,3,3,7,3,3,12800,1,1,0,2025,3,10,1430000,1520000,1,2
202601,6,,익산역,52140,22,0,300,0,1,0,3,21,03,1,1,없음,50,1,0,0,0,2,1,3,1,10,1,1,1,1,1,8,2,3,1,1,S,961,1,1,1,3,3,7,3,3,11900,1,1,0,3,3,7,3,3,11900,1,1,0,3,3,7,3,3,11900,1,1,0,2024,3,8,1430000,1520000,1,2
202601,6,,익산역,52140,22,0,300,0,1,0,3,21,03,1,1,없음,50,1,0,0,0,2,1,3,1,10,1,1,1,1,1,8,2,3,1,1,G,478,1,1,1,3,3,7,3,3,11400,1,1,0,3,3,7,3,3,11400,1,1,0,3,3,7,3,3,11400,1,1,0,2024,3,8,1430000,1520000,1,2
202601,6,,익산역,52140,22,0,300,0,1,0,3,21,03,1,1,없음,50,1,0,0,0,2,1,3,1,10,1,1,1,1,1,8,2,3,2,2,0,999,2,1,2,1,1,1,3,3,5100,1,1,0,1,1,1,3,3,5100,1,1,0,1,1,1,3,3,5100,1,1,0,0,1,1,1430000,1520000,1,2
202601,6,,익산역,52140,22,0,300,0,1,0,1,11,04,8,1,없음,169,6,0,0,0,2,1,3,1,10,1,1,1,1,1,8,2,3,1,1,I,561,2,1,2,3,3,4,3,3,7000,1,1,0,3,3,4,3,3,7000,1,1,0,3,3,4,3,3,7000,1,1,0,2025,3,5,780000,1090000,1,3
202601,6,,익산역,52140,22,0,300,0,1,0,1,11,04,8,1,없음,169,6,0,0,0,2,1,3,1,10,1,1,1,1,1,8,2,3,1,1,I,561,2,1,2,3,3,5,3,3,6700,1,1,0,3,3,5,3,3,6700,1,1,0,3,3,5,3,3,6700,1,1,0,2025,3,5,780000,1090000,1,3
202601,6,,익산역,52140,22,0,120,300,1,0,1,21,04,1,1,없음,170,6,0,0,0,1,2,4,1,9,2,1,1,1,1,8,1,3,1,1,G,475,2,1,2,4,3,5,4,3,5800,1,1,0,4,3,5,4,3,5800,1,1,0,4,3,5,4,3,5800,1,1,0,2024,3,8,1050000,820000,1,2
202601,6,,익산역,52140,22,0,120,300,1,0,1,21,04,1,1,없음,170,6,0,0,0,1,2,4,1,9,2,1,1,1,1,8,1,3,1,1,G,464,1,1,1,3,3,4,3,3,7600,1,1,0,3,3,4,3,3,7600,1,1,0,3,3,4,3,3,7600,1,1,0,2025,3,8,1050000,820000,1,2
202601,6,,익산역,52140,22,0,120,300,1,0,1,21,04,1,1,없음,170,6,0,0,0,1,2,4,1,9,2,1,1,1,1,8,1,3,2,1,0,999,2,1,2,3,3,4,3,3,3300,1,1,0,3,3,4,3,3,3300,1,1,0,3,3,4,3,3,3300,1,1,0,2025,3,8,1050000,820000,1,2
202601,6,,익산역,52140,22,0,120,300,1,0,1,11,04,1,1,없음,150,1,0,0,0,4,2,4,1,10,2,1,1,1,1,8,4,3,1,1,I,561,4,1,4,5,6,8,5,6,20200,1,1,0,5,6,8,5,6,20200,1,1,0,5,6,8,5,6,20200,1,1,0,2025,3,8,700000,3110000,1,3
202601,6,,익산역,52140,22,0,120,300,1,0,1,11,04,1,1,없음,150,1,0,0,0,4,2,4,1,10,2,1,1,1,1,8,4,3,2,1,0,999,2,1,2,4,3,5,4,3,6300,1,1,0,4,3,5,4,3,6300,1,1,0,4,3,5,4,3,6300,1,1,0,2025,3,8,700000,3110000,1,3
202601,6,,익산역,52140,22,0,300,0,1,0,4,32,04,7,1,없음,200,6,0,0,0,2,1,3,1,10,1,1,1,1,1,8,2,3,1,1,I,561,3,1,3,6,3,4,6,3,5100,1,1,0,6,3,4,6,3,5100,1,1,0,6,3,4,6,3,5100,1,1,0,2024,3,9,730000,1190000,1,1
202601,6,,익산역,52140,22,0,120,300,1,0,3,21,04,5,1,없음,150,2,0,1,0,4,2,4,1,10,2,1,1,1,1,8,4,3,1,1,I,561,4,1,4,7,5,4,7,5,5200,1,1,0,7,5,4,7,5,5200,1,1,0,7,5,4,7,5,5200,1,1,0,2025,3,6,990000,2140000,1,1
202601,6,,익산역,52140,22,0,120,300,1,0,4,21,04,5,1,없음,150,2,0,1,0,4,2,4,1,10,2,1,1,1,1,8,4,3,1,1,I,561,4,1,4,7,5,4,7,5,5100,1,1,0,7,5,4,7,5,5100,1,1,0,7,5,4,7,5,5100,1,1,0,2024,3,8,980000,2080000,1,1
202601,6,,익산역,52140,22,0,120,300,1,0,3,21,03,4,1,없음,350,2,0,1,0,4,2,4,1,10,2,1,1,1,1,8,4,3,1,1,I,551,4,1,4,7,4,6,7,4,8900,1,1,0,7,4,6,7,4,8900,1,1,0,7,4,6,7,4,8900,1,1,0,2025,3,10,990000,2930000,1,1
202601,6,,익산역,52140,22,0,120,300,1,0,3,21,03,4,1,없음,350,2,0,1,0,4,2,4,1,10,2,1,1,1,1,8,4,3,1,1,I,551,2,1,3,6,3,6,6,3,9000,1,1,0,6,3,6,6,3,9000,1,1,0,6,3,6,6,3,9000,1,1,0,2025,3,10,990000,2930000,1,1
202601,6,,익산역,52140,22,0,120,300,1,0,3,21,03,4,1,없음,350,2,0,0,0,3,2,4,1,10,2,1,1,1,1,8,3,3,1,1,I,561,3,1,3,6,3,6,6,3,9200,1,1,0,6,3,6,6,3,9200,1,1,0,6,3,6,6,3,9200,1,1,0,2024,3,8,980000,2920000,1,1
202601,6,,익산역,52140,22,0,120,300,1,0,3,21,03,4,1,없음,350,2,0,0,0,3,2,4,1,10,2,1,1,1,1,8,3,3,1,1,G,476,2,1,2,4,3,6,4,3,9100,1,1,0,4,3,6,4,3,9100,1,1,0,4,3,6,4,3,9100,1,1,0,2023,4,8,980000,2920000,1,1
202601,6,,익산역,52140,22,0,300,120,1,0,3,11,03,7,2,없음,60,3,0,1,0,2,2,4,1,10,2,1,1,1,1,8,2,3,1,1,G,478,2,1,2,5,3,5,5,3,7400,1,1,0,5,3,5,5,3,7400,1,1,0,5,3,5,5,3,7400,1,1,0,2025,3,8,1460000,1140000,1,1
202601,6,,익산역,52140,22,0,300,120,1,0,3,11,03,7,2,없음,60,3,0,1,0,2,2,4,1,10,2,1,1,1,1,8,2,3,1,1,J,581,3,1,3,6,3,5,6,3,6700,1,1,0,6,3,5,6,3,6700,1,1,0,6,3,5,6,3,6700,1,1,0,2025,3,8,1460000,1140000,1,1
202601,6,,익산역,52140,22,0,300,120,1,0,3,11,03,7,2,없음,60,3,0,1,0,2,2,4,1,10,2,1,1,1,1,8,2,3,2,1,S,949,4,1,4,3,3,3,3,3,2100,1,1,0,3,3,3,3,3,2100,1,1,0,3,3,3,3,3,2100,1,1,0,2024,3,9,1460000,1140000,1,1
202601,6,,익산역,52140,22,0,300,0,1,0,1,11,04,1,1,없음,100,7,0,0,0,2,2,4,1,9,2,1,1,1,1,8,2,3,1,1,I,561,2,1,3,4,3,5,4,3,6300,1,1,0,4,3,5,4,3,6300,1,1,0,4,3,5,4,3,6300,1,1,0,2024,5,6,710000,810000,1,2
202601,6,,익산역,52140,22,0,300,0,1,0,1,11,04,1,1,없음,100,7,0,0,0,2,2,4,1,9,2,1,1,1,1,8,2,3,2,1,I,561,2,1,2,3,2,3,3,2,2100,1,1,0,3,2,3,3,2,2100,1,1,0,3,2,3,3,2,2100,1,1,0,2024,5,6,710000,810000,1,2
202601,6,,익산역,52140,22,0,300,0,1,0,2,21,03,7,2,없음,162,5,0,0,0,2,2,4,1,10,1,2,2,1,1,8,2,3,1,2,G,466,4,1,4,1,1,1,4,4,6100,1,1,0,1,1,1,4,4,6100,1,1,0,1,1,1,4,4,6100,1,1,0,0,1,1,1210000,1190000,1,1
202601,6,,익산역,52140,22,0,300,0,1,0,2,21,03,7,2,없음,162,5,0,0,0,2,2,4,1,10,1,2,2,1,1,8,2,3,1,1,S,969,2,1,2,4,3,5,4,3,7000,1,1,0,4,3,5,4,3,7000,1,1,0,4,3,5,4,3,7000,1,1,0,2024,3,8,1210000,1190000,1,1
202601,6,,익산역,52140,22,0,300,0,1,0,2,21,03,7,2,없음,162,5,0,0,0,2,2,4,1,10,1,2,2,1,1,8,2,3,2,6,0,999,4,1,4,1,1,1,4,3,4200,1,1,1,1,1,1,4,3,4200,1,1,1,1,1,1,4,3,4200,1,1,1,0,1,1,1210000,1190000,1,1
202601,6,,익산역,52140,14,0,0,0,1,0,1,11,03,1,1,없음,50,2,0,0,0,2,1,2,1,9,1,1,1,1,1,8,2,3,1,1,S,969,1,1,1,4,3,6,4,3,9300,1,1,0,4,3,6,4,3,9300,1,1,0,4,3,6,4,3,9300,1,1,0,2024,3,8,890000,1500000,1,3
202601,6,,익산역,52140,14,0,0,0,1,0,1,11,03,1,1,없음,50,2,0,0,0,2,1,2,1,9,1,1,1,1,1,8,2,3,1,1,J,639,1,1,2,4,3,7,4,3,10300,1,1,0,4,3,7,4,3,10300,1,1,0,4,3,7,4,3,10300,1,1,0,2024,3,8,890000,1500000,1,3
202601,6,,0.비상권,52140,14,0,0,0,1,0,4,32,04,6,1,없음,350,4,0,1,0,2,2,4,1,10,2,1,1,1,1,8,2,3,1,1,I,561,4,1,4,5,4,6,5,4,7600,1,1,0,5,4,6,5,4,7600,1,1,0,5,4,6,5,4,7600,1,1,0,2025,3,8,1120000,2240000,1,3
202601,6,,0.비상권,52140,14,0,0,0,1,0,6,32,04,5,1,없음,167,6,0,0,0,2,1,3,1,10,1,1,1,1,1,8,2,3,1,1,I,561,3,1,3,4,4,5,4,4,7500,1,1,0,4,4,5,4,4,7500,1,1,0,4,4,5,4,4,7500,1,1,0,2025,3,8,1020000,2130000,1,3
202601,6,,0.비상권,52140,14,0,0,0,1,0,4,32,03,6,2,없음,200,7,0,1,0,2,2,4,1,10,2,2,2,1,1,8,2,3,1,6,0,999,2,1,2,1,1,1,3,3,4600,1,1,1,1,1,1,3,3,4600,1,1,1,1,1,1,3,3,4600,1,1,1,0,1,1,1130000,960000,1,1
202601,6,,0.비상권,52140,14,0,0,0,1,0,4,32,03,6,2,없음,200,7,0,1,0,2,2,4,1,10,2,2,2,1,1,8,2,3,1,1,I,561,3,1,4,4,3,4,4,3,4800,1,1,0,4,3,4,4,3,4800,1,1,0,4,3,4,4,3,4800,1,1,0,2025,3,8,1130000,960000,1,1
202601,6,,0.비상권,52140,14,0,0,0,1,0,4,32,03,6,2,없음,200,7,0,1,0,2,2,4,1,10,2,2,2,1,1,8,2,3,2,6,0,999,2,1,2,1,1,1,3,3,2600,1,1,1,1,1,1,3,3,2600,1,1,1,1,1,1,3,3,2600,1,1,1,0,1,1,1130000,960000,1,1
202601,6,,0.비상권,52140,14,0,0,0,1,0,4,32,03,6,2,없음,200,7,0,1,0,2,2,4,1,10,2,2,2,1,1,8,2,3,2,2,0,999,3,1,4,1,1,1,5,3,2600,1,1,0,1,1,1,5,3,2600,1,1,0,1,1,1,5,3,2600,1,1,0,0,1,1,1130000,960000,1,1
202601,6,,0.비상권,52140,14,0,120,0,1,0,5,31,04,5,1,없음,100,1,0,0,0,2,1,3,1,9,1,1,1,1,1,8,2,3,1,1,S,952,3,1,3,7,3,7,7,3,10900,1,1,0,7,3,7,7,3,10900,1,1,0,7,3,7,7,3,10900,1,1,0,2024,3,7,1730000,3210000,1,2
202601,6,,0.비상권,52140,14,0,120,0,1,0,5,31,04,5,1,없음,100,1,0,0,0,2,1,3,1,9,1,1,1,1,1,8,2,3,2,1,S,952,1,1,1,3,2,6,3,2,7400,1,1,0,3,2,6,3,2,7400,1,1,0,3,2,6,3,2,7400,1,1,0,2024,3,7,1730000,3210000,1,2
202601,6,,0.비상권,52140,14,0,0,0,1,0,3,32,03,6,1,없음,180,7,0,0,0,2,2,4,1,10,2,1,1,1,1,8,2,3,1,1,I,561,1,1,1,3,3,7,3,3,10900,1,1,0,3,3,7,3,3,10900,1,1,0,3,3,7,3,3,10900,1,1,0,2025,3,10,960000,1700000,1,3
202601,6,,0.비상권,52140,14,0,0,0,1,0,3,32,03,6,1,없음,180,7,0,0,0,2,2,4,1,10,2,1,1,1,1,8,2,3,1,6,0,999,2,1,2,1,1,1,3,3,7900,1,1,1,1,1,1,3,3,7900,1,1,1,1,1,1,3,3,7900,1,1,1,0,1,1,960000,1700000,1,3
202601,6,,0.비상권,52140,14,0,0,0,1,0,3,32,03,6,1,없음,180,7,0,0,0,2,2,4,1,10,2,1,1,1,1,8,2,3,1,1,I,561,3,1,3,6,4,7,6,4,11400,1,1,0,6,4,7,6,4,11400,1,1,0,6,4,7,6,4,11400,1,1,0,2025,3,9,960000,1700000,1,3
202601,6,,0.비상권,52140,14,0,0,0,1,0,7,32,04,6,1,없음,370,4,0,0,0,2,2,4,1,10,2,1,1,1,1,8,2,3,1,1,I,561,4,1,4,6,4,6,6,4,9600,1,1,0,6,4,6,6,4,9600,1,1,0,6,4,6,6,4,9600,1,1,0,2025,3,10,1340000,2370000,1,2
202601,6,,영등부송,52140,14,0,0,0,1,0,4,21,03,6,2,없음,150,7,0,1,0,2,2,4,1,10,2,1,2,1,1,8,2,3,1,2,0,999,1,1,2,1,1,1,3,3,9200,1,1,0,1,1,1,3,3,9200,1,1,0,1,1,1,3,3,9200,1,1,0,0,1,1,2400000,2090000,1,2
202601,6,,영등부송,52140,14,0,0,0,1,0,4,21,03,6,2,없음,150,7,0,1,0,2,2,4,1,10,2,1,2,1,1,8,2,3,1,1,I,562,4,1,4,6,5,7,6,5,14900,1,1,0,6,5,7,6,5,14900,1,1,0,6,5,7,6,5,14900,1,1,0,2024,3,10,2400000,2090000,1,2
202601,6,,영등부송,52140,14,0,0,0,1,0,4,21,03,6,2,없음,150,7,0,1,0,2,2,4,1,10,2,1,2,1,1,8,2,3,2,2,0,999,4,1,4,1,1,1,6,4,6500,1,1,0,1,1,1,6,4,6500,1,1,0,1,1,1,6,4,6500,1,1,0,0,1,1,2400000,2090000,1,2
202601,6,,영등부송,52140,14,0,0,0,1,0,4,21,03,6,1,없음,100,7,0,1,0,3,2,4,1,10,2,1,1,1,1,8,3,3,1,1,I,562,4,1,4,7,5,7,7,5,11100,1,1,0,7,5,7,7,5,11100,1,1,0,7,5,7,7,5,11100,1,1,0,2025,3,10,1810000,3050000,1,1
202601,6,,영등부송,52140,14,0,0,0,1,0,5,32,03,6,1,없음,180,6,0,0,0,2,2,4,1,10,2,1,1,1,1,8,2,3,1,1,I,562,4,1,4,6,5,7,6,5,11500,1,1,0,6,5,7,6,5,11500,1,1,0,6,5,7,6,5,11500,1,1,0,2022,5,9,1790000,3020000,1,2
202601,6,,영등부송,52140,13,0,0,0,1,0,3,21,04,6,1,없음,185,8,0,0,0,2,2,4,1,9,2,1,1,1,1,8,2,3,1,1,C,141,3,1,4,5,3,4,5,3,5000,1,1,0,5,3,4,5,3,5000,1,1,0,5,3,4,5,3,5000,1,1,0,2025,3,9,1010000,1030000,1,2
202601,6,,영등부송,52140,13,0,0,0,1,0,3,21,04,6,1,없음,185,8,0,0,0,2,2,4,1,9,2,1,1,1,1,8,2,3,2,2,0,999,3,1,3,1,1,1,3,3,2600,1,1,0,1,1,1,3,3,2600,1,1,0,1,1,1,3,3,2600,1,1,0,0,1,1,1010000,1030000,1,2
202601,6,,영등부송,52140,14,0,0,0,1,0,3,21,04,6,2,없음,180,8,0,0,0,2,2,4,1,9,2,1,2,1,1,8,2,3,1,1,G,464,4,1,4,5,3,4,5,3,5000,1,1,0,5,3,4,5,3,5000,1,1,0,5,3,4,5,3,5000,1,1,0,2024,3,10,1360000,1180000,1,2
202601,6,,영등부송,52140,14,0,0,0,1,0,3,21,04,6,2,없음,180,8,0,0,0,2,2,4,1,9,2,1,2,1,1,8,2,3,2,2,N,759,4,1,4,1,1,1,4,3,2700,1,1,0,1,1,1,4,3,2700,1,1,0,1,1,1,4,3,2700,1,1,0,0,1,1,1360000,1180000,1,2
202601,6,,영등부송,52140,14,0,0,0,1,0,3,21,03,6,2,없음,180,6,0,0,0,2,2,4,1,9,2,1,1,1,1,8,2,3,1,1,G,472,2,1,2,4,3,5,4,3,7600,1,1,0,4,3,5,4,3,7600,1,1,0,4,3,5,4,3,7600,1,1,0,2025,3,10,1410000,1230000,1,1
202601,6,,영등부송,52140,14,0,0,0,1,0,3,21,03,6,2,없음,180,6,0,0,0,2,2,4,1,9,2,1,1,1,1,8,2,3,1,1,I,561,3,1,3,4,3,5,4,3,7600,1,1,0,4,3,5,4,3,7600,1,1,0,4,3,5,4,3,7600,1,1,0,2025,3,9,1410000,1230000,1,1
202601,6,,영등부송,52140,14,0,0,0,1,0,3,21,03,6,2,없음,180,6,0,0,0,2,2,4,1,9,2,1,1,1,1,8,2,3,2,1,S,949,4,1,4,3,3,3,3,3,2500,1,1,0,3,3,3,3,3,2500,1,1,0,3,3,3,3,3,2500,1,1,0,2025,3,9,1410000,1230000,1,1
202601,6,,정읍중심,52180,14,0,0,0,1,0,7,31,03,6,1,없음,139,1,0,1,0,2,2,4,1,10,2,1,1,1,1,8,2,3,1,1,G,478,4,1,4,8,5,7,8,5,12000,1,1,0,8,5,7,8,5,12000,1,1,0,8,5,7,8,5,12000,1,1,0,2025,3,8,1770000,2590000,1,2
202601,6,,정읍중심,52180,22,0,0,0,1,0,1,11,03,1,1,없음,190,7,0,0,0,2,2,4,1,9,2,1,1,1,1,8,2,3,1,6,0,999,2,1,3,1,1,1,4,3,8100,1,1,1,1,1,1,4,3,8100,1,1,1,1,1,1,4,3,8100,1,1,1,0,1,1,770000,780000,1,2
202601,6,,정읍중심,52180,22,0,0,0,1,0,1,11,03,1,1,없음,190,7,0,0,0,2,2,4,1,9,2,1,1,1,1,8,2,3,1,1,I,561,2,1,3,1,1,1,6,3,8000,1,1,1,1,1,1,6,3,8000,1,1,1,4,3,5,6,3,8000,1,1,0,2025,3,10,770000,780000,1,2
202601,6,,정읍중심,52180,22,0,0,0,1,0,1,11,03,1,1,없음,190,7,0,0,0,2,2,4,1,9,2,1,1,1,1,8,2,3,2,1,0,999,4,1,4,4,4,5,4,4,6300,1,1,0,4,4,5,4,4,6300,1,1,0,4,4,5,4,4,6300,1,1,0,2025,3,9,770000,780000,1,2
202601,6,,정읍중심,52180,22,0,0,0,1,0,1,19,03,4,1,없음,190,2,0,0,0,2,1,2,1,10,1,1,1,1,1,8,2,3,1,1,G,478,2,1,2,5,5,8,5,5,24800,1,1,0,5,5,8,5,5,24800,1,1,0,5,5,8,5,5,24800,1,1,0,2024,3,8,2350000,5880000,1,3
202601,6,,정읍중심,52180,22,0,300,0,1,0,3,11,03,1,1,없음,209,5,0,0,0,2,2,4,1,10,2,1,1,1,1,8,2,3,1,1,G,474,2,1,2,6,4,8,6,5,29100,1,1,0,6,4,8,6,5,29100,1,1,0,6,4,8,6,5,29100,1,1,0,2026,3,8,3720000,3790000,1,3
202601,6,,정읍중심,52180,22,0,300,0,1,0,3,11,03,1,1,없음,209,5,0,0,0,2,2,4,1,10,2,1,1,1,1,8,2,3,1,1,G,474,3,1,4,8,6,9,8,6,32000,1,1,0,8,6,9,8,6,32000,1,1,0,8,6,9,8,6,32000,1,1,0,2025,3,10,3720000,3790000,1,3
202601,6,,정읍중심,52180,22,0,300,0,1,0,3,11,03,1,1,없음,209,5,0,0,0,2,2,4,1,10,2,1,1,1,1,8,2,3,2,1,G,474,2,1,2,1,3,7,5,3,10600,1,1,0,1,3,7,5,3,10600,1,1,0,1,3,7,5,3,10600,1,1,0,2026,3,8,3720000,3790000,1,3
202601,6,,정읍중심,52180,22,0,300,0,1,0,1,51,03,7,1,없음,200,6,0,0,0,1,1,2,1,10,1,1,1,1,1,8,1,3,1,1,G,474,2,1,2,4,3,6,4,4,10300,1,1,0,4,3,6,4,4,10300,1,1,0,4,3,6,4,4,10300,1,1,0,2024,3,9,3050000,4700000,1,2
202601,6,,정읍중심,52180,22,0,300,0,1,0,3,51,04,5,1,없음,300,6,0,0,0,2,1,2,1,10,1,1,1,1,1,8,2,3,1,1,C,339,2,1,2,2,3,4,2,3,5800,1,1,0,2,3,4,2,3,5800,1,1,0,2,3,4,2,3,5800,1,1,0,2024,3,8,880000,2110000,1,2
202601,6,,정읍중심,52180,22,0,300,0,1,0,3,21,04,7,2,없음,200,8,0,0,0,2,2,4,1,9,1,1,1,1,1,8,2,3,1,1,M,733,2,1,3,5,3,4,5,3,7100,1,1,0,5,3,4,5,3,7100,1,1,0,5,3,4,5,3,7100,1,1,0,2025,3,5,1470000,1210000,1,1
202601,6,,정읍중심,52180,22,0,300,0,1,0,3,21,04,7,2,없음,200,8,0,0,0,2,2,4,1,9,1,1,1,1,1,8,2,3,2,6,0,999,2,1,3,1,1,1,4,3,2800,1,1,1,1,1,1,4,3,2800,1,1,1,1,1,1,4,3,2800,1,1,1,0,1,1,1470000,1210000,1,1
202601,6,,정읍중심,52180,14,0,0,0,1,0,3,32,03,6,1,없음,195,6,0,0,0,2,1,3,1,10,1,1,1,1,1,8,2,3,1,1,G,478,3,1,3,5,5,7,5,4,12700,1,1,0,5,5,7,5,4,12700,1,1,0,5,5,7,5,4,12700,1,1,0,2024,3,9,1070000,2010000,1,3
202601,6,,정읍중심,52180,14,0,0,0,1,0,1,11,03,6,1,없음,390,7,0,0,0,2,1,3,1,10,1,1,1,1,1,8,2,3,1,2,I,561,2,1,2,1,1,1,3,3,8000,1,1,0,1,1,1,3,3,8000,1,1,0,1,1,1,3,3,8000,1,1,0,0,1,1,1010000,1860000,1,2
202601,6,,정읍중심,52180,14,0,0,0,1,0,1,11,03,6,1,없음,390,7,0,0,0,2,1,3,1,10,1,1,1,1,1,8,2,3,1,1,G,476,1,1,2,3,3,5,3,3,6600,1,1,0,3,3,5,3,3,6600,1,1,0,3,3,5,3,3,6600,1,1,0,2025,2,9,1010000,1860000,1,2
202601,6,,정읍중심,52180,14,0,0,0,1,0,4,21,04,6,2,없음,400,6,0,0,0,2,2,4,1,10,1,2,1,1,1,8,2,3,1,6,0,999,2,1,2,4,3,6,4,3,8000,1,1,0,1,1,1,4,3,8000,1,1,1,1,1,1,4,3,8000,1,1,1,0,1,1,1190000,1220000,1,1
202601,6,,정읍중심,52180,14,0,0,0,1,0,4,21,04,6,2,없음,400,6,0,0,0,2,2,4,1,10,1,2,1,1,1,8,2,3,2,6,0,999,2,1,2,1,1,1,3,3,3600,1,1,1,1,1,1,3,3,3600,1,1,1,1,1,1,3,3,3600,1,1,1,0,1,1,1190000,1220000,1,1
202601,6,,정읍중심,52180,14,0,0,0,1,0,1,21,04,7,1,없음,250,6,0,0,0,2,2,4,1,10,2,1,1,1,1,8,2,3,1,2,0,999,1,1,1,1,1,1,3,2,5200,1,1,0,1,1,1,3,2,5200,1,1,0,1,1,1,3,2,5200,1,1,0,0,1,1,840000,890000,1,2
202601,6,,정읍중심,52180,14,0,0,0,1,0,1,21,04,7,1,없음,250,6,0,0,0,2,2,4,1,10,2,1,1,1,1,8,2,3,1,1,I,562,3,1,4,3,3,4,3,3,5000,1,1,0,3,3,4,3,3,5000,1,1,0,3,3,4,3,3,5000,1,1,0,2024,3,9,840000,890000,1,2
202601,6,,정읍중심,52180,14,0,0,0,1,0,1,21,04,7,1,없음,250,6,0,0,0,2,2,4,1,10,2,1,1,1,1,8,2,3,2,2,0,999,2,1,2,1,1,1,3,3,3600,1,1,0,1,1,1,3,3,3600,1,1,0,1,1,1,3,3,3600,1,1,0,0,1,1,840000,890000,1,2
202601,6,,정읍중심,52180,14,0,0,0,1,0,1,51,03,9,1,없음,200,6,0,0,0,1,1,2,1,10,1,1,1,1,1,8,1,3,1,6,0,999,2,1,2,1,1,1,3,3,6100,1,1,1,1,1,1,3,3,6100,1,1,1,1,1,1,3,3,6100,1,1,1,0,1,1,1040000,1630000,1,1
202601,6,,정읍중심,52180,22,0,300,0,1,0,1,11,04,1,1,없음,191,8,0,0,0,1,1,2,1,10,1,1,1,1,1,8,1,3,1,1,I,562,2,1,2,4,3,5,4,3,7800,1,1,0,4,3,5,4,3,7800,1,1,0,4,3,5,4,3,7800,1,1,0,2026,3,6,1100000,2310000,1,1
202601,6,,정읍중심,52180,22,0,300,0,1,0,1,51,03,1,1,없음,140,6,0,0,0,2,2,4,1,10,2,1,1,1,1,8,2,3,1,1,S,969,1,1,1,3,3,7,3,3,11500,1,1,0,3,3,7,3,3,11500,1,1,0,3,3,7,3,3,11500,1,1,0,2024,3,7,1780000,1780000,1,3
202601,6,,정읍중심,52180,22,0,300,0,1,0,1,51,03,1,1,없음,140,6,0,0,0,2,2,4,1,10,2,1,1,1,1,8,2,3,1,1,S,961,2,1,2,6,4,7,6,4,15500,1,1,0,6,4,7,6,4,15500,1,1,0,6,4,7,6,4,15500,1,1,0,2025,3,10,1780000,1780000,1,3
202601,6,,정읍중심,52180,22,0,300,0,1,0,1,51,03,1,1,없음,140,6,0,0,0,2,2,4,1,10,2,1,1,1,1,8,2,3,2,1,I,562,2,1,2,4,3,4,4,3,5700,1,1,0,4,3,4,4,3,5700,1,1,0,4,3,4,4,3,5700,1,1,0,2025,3,9,1780000,1780000,1,3
202601,6,,정읍중심,52180,22,0,300,0,1,0,1,51,03,1,1,없음,53,6,0,0,0,1,1,2,1,10,1,1,1,1,1,8,1,3,1,1,G,474,2,1,2,4,3,7,4,4,13900,1,1,0,4,3,7,4,4,13900,1,1,0,4,3,7,4,4,13900,1,1,0,2025,3,10,2350000,2380000,1,2
202601,6,,정읍중심,52180,22,0,0,0,1,0,6,32,03,8,1,없음,30,5,0,0,0,1,1,2,1,10,1,1,1,1,1,8,1,3,1,1,P,855,2,1,2,4,3,7,4,3,12900,1,1,0,4,3,7,4,3,12900,1,1,0,4,3,7,4,3,12900,1,1,0,2025,3,10,2050000,2950000,1,2
202601,6,,0.비상권,52180,14,0,0,0,1,0,2,32,04,1,1,없음,400,5,0,0,0,2,2,4,1,10,2,1,1,1,1,8,2,3,1,1,N,759,4,1,4,1,4,4,3,4,4900,1,1,0,1,4,4,3,4,4900,1,1,0,1,4,4,3,4,4900,1,1,0,2025,3,10,940000,1160000,1,1
202601,6,,정읍중심,52180,14,0,0,0,1,0,4,32,04,6,1,없음,80,4,0,0,0,2,2,4,1,10,2,1,1,1,1,8,2,3,1,1,G,478,2,1,2,3,3,5,3,3,6700,1,1,0,3,3,5,3,3,6700,1,1,0,3,3,5,3,3,6700,1,1,0,2024,3,10,920000,1580000,1,2
202601,6,,정읍중심,52180,14,0,0,0,1,0,4,32,04,6,1,없음,80,4,0,0,0,2,2,4,1,10,2,1,1,1,1,8,2,3,1,1,I,561,3,1,3,5,3,5,5,3,6500,1,1,0,5,3,5,5,3,6500,1,1,0,5,3,5,5,3,6500,1,1,0,2025,3,10,920000,1580000,1,2
202601,6,,정읍중심,52180,14,0,0,0,1,0,8,32,04,5,1,없음,213,6,0,0,0,2,1,3,1,10,1,1,1,1,1,8,2,3,1,1,I,561,3,1,3,5,4,7,4,4,8600,1,1,0,5,4,7,4,4,8600,1,1,0,5,4,7,4,4,8600,1,1,0,2025,3,9,800000,1780000,1,3
202601,6,,정읍중심,52180,22,0,300,0,1,0,1,51,04,8,1,없음,50,8,0,0,0,2,1,3,1,10,1,1,1,1,1,8,2,3,1,1,I,561,3,1,3,3,3,4,3,3,5700,1,1,0,3,3,4,3,3,5700,1,1,0,3,3,4,3,3,5700,1,1,0,2025,2,7,940000,1230000,1,1
202601,6,,정읍중심,52180,22,0,300,0,1,0,3,21,04,9,2,없음,80,5,0,0,0,2,2,4,1,10,1,1,1,1,1,8,2,3,1,1,G,478,3,1,3,5,5,7,5,5,14000,1,1,0,5,5,7,5,5,14000,1,1,0,5,5,7,5,5,14000,1,1,0,2024,3,8,2880000,1780000,1,2
202601,6,,정읍중심,52180,22,0,300,0,1,0,3,21,04,9,2,없음,80,5,0,0,0,2,2,4,1,10,1,1,1,1,1,8,2,3,2,6,0,999,3,1,3,1,1,1,3,3,2800,1,1,1,1,1,1,3,3,2800,1,1,1,1,1,1,3,3,2800,1,1,1,0,1,1,2880000,1780000,1,2
202601,6,,정읍중심,52180,22,0,300,0,1,0,3,21,03,9,1,없음,60,5,0,0,0,2,2,4,1,10,1,1,1,1,1,8,2,3,1,2,G,466,3,1,3,1,1,1,6,4,13900,1,1,0,1,1,1,6,4,13900,1,1,0,1,1,1,6,4,13900,1,1,0,0,1,1,2570000,3230000,1,1
202601,6,,정읍중심,52180,22,0,300,0,1,0,3,21,03,9,1,없음,60,5,0,0,0,2,2,4,1,10,1,1,1,1,1,8,2,3,1,1,I,562,2,1,3,1,1,1,6,4,13700,1,1,1,6,1,3,6,4,13700,1,1,0,6,1,3,6,4,13700,1,1,0,2026,5,10,2570000,3230000,1,1
202601,6,,정읍중심,52180,22,0,300,0,1,0,3,21,03,9,1,없음,60,5,0,0,0,2,2,4,1,10,1,1,1,1,1,8,2,3,1,1,G,474,1,1,2,7,1,7,5,3,13800,1,1,0,7,1,7,5,3,13800,1,1,0,7,1,7,5,3,13800,1,1,0,2024,3,6,2570000,3230000,1,1
202601,6,,정읍중심,52180,22,0,300,0,1,0,1,51,03,1,1,없음,100,7,0,0,0,2,1,2,1,10,1,1,1,1,1,8,2,3,1,1,G,474,2,1,2,6,5,8,6,5,25100,1,1,0,6,5,8,6,5,25100,1,1,0,6,5,8,6,5,25100,1,1,0,2025,3,6,2640000,4950000,1,3
202601,6,,정읍중심,52180,22,0,300,0,1,0,5,32,03,7,1,없음,100,6,0,0,0,2,2,4,1,10,2,1,1,1,1,8,2,3,1,1,G,478,4,1,4,8,5,8,7,6,21600,1,1,0,8,5,8,7,6,21600,1,1,0,8,5,8,7,6,21600,1,1,0,2025,3,7,2710000,4410000,1,2
202601,6,,정읍중심,52180,22,0,300,0,1,0,1,21,04,1,1,없음,100,6,0,0,0,2,2,4,1,9,2,1,1,1,1,8,2,3,1,1,G,474,3,1,4,7,5,8,7,5,23600,1,1,0,7,5,8,7,5,23600,1,1,0,7,5,8,7,5,23600,1,1,0,2025,2,5,2660000,2820000,1,3
202601,6,,정읍중심,52180,22,0,300,0,1,0,1,21,04,1,1,없음,100,6,0,0,0,2,2,4,1,9,2,1,1,1,1,8,2,3,2,1,G,474,3,1,4,6,4,5,6,4,7000,1,1,0,6,4,5,6,4,7000,1,1,0,6,4,5,6,4,7000,1,1,0,2025,2,5,2660000,2820000,1,3
202601,6,,정읍중심,52180,22,0,300,0,1,0,1,21,03,10,2,없음,30,7,0,0,0,1,1,1,1,10,1,1,1,1,1,8,1,3,1,1,I,561,1,1,1,3,3,7,4,3,22200,1,1,0,3,3,7,4,3,22200,1,1,0,3,3,7,4,3,22200,1,1,0,2025,3,7,2770000,5170000,1,3
202601,6,,정읍중심,52180,22,0,0,0,1,0,3,12,04,7,1,없음,70,5,0,0,0,2,2,4,1,10,2,1,1,1,1,8,2,3,1,1,I,561,2,1,2,5,4,7,5,4,16700,1,1,0,5,4,7,5,4,16700,1,1,0,5,4,7,5,4,16700,1,1,0,2026,3,10,1440000,2110000,1,3
202601,6,,정읍중심,52180,22,0,0,0,1,0,3,12,04,7,1,없음,70,5,0,0,0,2,2,4,1,10,2,1,1,1,1,8,2,3,1,1,S,961,2,1,2,3,3,4,4,3,6400,1,1,0,3,3,4,4,3,6400,1,1,0,3,3,4,4,3,6400,1,1,0,2024,3,10,1440000,2110000,1,3
202601,6,,정읍중심,52180,22,0,0,0,1,0,3,12,04,7,1,없음,70,5,0,0,0,2,2,4,1,10,2,1,1,1,1,8,2,3,1,1,I,561,2,1,2,4,3,7,4,3,10300,1,1,0,4,3,7,4,3,10300,1,1,0,4,3,7,4,3,10300,1,1,0,2026,2,8,1440000,2110000,1,3
202601,6,,정읍중심,52180,14,0,0,0,1,0,3,21,03,6,2,없음,220,6,0,0,0,2,2,4,1,10,1,1,1,1,1,8,2,3,1,1,S,961,1,1,2,3,3,6,3,3,8700,1,1,0,3,3,6,3,3,8700,1,1,0,3,3,6,3,3,8700,1,1,0,2024,3,9,1010000,890000,1,1
202601,6,,정읍중심,52180,14,0,0,0,1,0,3,21,03,6,2,없음,220,6,0,0,0,2,2,4,1,10,1,1,1,1,1,8,2,3,1,1,I,561,1,1,2,3,3,6,3,3,8300,1,1,0,3,3,6,3,3,8300,1,1,0,3,3,6,3,3,8300,1,1,0,2024,3,8,1010000,890000,1,1
202601,6,,정읍중심,52180,14,0,0,0,1,0,3,21,03,6,2,없음,220,6,0,0,0,2,2,4,1,10,1,1,1,1,1,8,2,3,2,2,0,999,2,1,2,1,1,1,4,3,2800,1,1,0,1,1,1,4,3,2800,1,1,0,1,1,1,4,3,2800,1,1,0,0,1,1,1010000,890000,1,1
202601,6,,정읍중심,52180,22,0,300,0,1,0,2,19,03,7,1,없음,100,6,0,0,0,2,2,4,1,10,2,1,1,1,1,8,2,3,1,1,S,953,2,1,2,3,3,6,3,3,8500,1,1,0,3,3,6,3,3,8500,1,1,0,3,3,6,3,3,8500,1,1,0,2025,3,8,1150000,1700000,1,2
202601,6,,정읍중심,52180,22,0,300,0,1,0,2,19,03,7,1,없음,100,6,0,0,0,2,2,4,1,10,2,1,1,1,1,8,2,3,1,1,G,478,2,1,2,3,3,6,3,3,8500,1,1,0,3,3,6,3,3,8500,1,1,0,3,3,6,3,3,8500,1,1,0,2025,3,9,1150000,1700000,1,2
202601,6,,정읍중심,52180,22,0,300,0,1,0,2,19,03,7,1,없음,100,6,0,0,0,2,2,4,1,10,2,1,1,1,1,8,2,3,1,2,G,475,2,1,2,1,1,1,3,3,8400,1,1,0,1,1,1,3,3,8400,1,1,0,1,1,1,3,3,8400,1,1,0,0,1,1,1150000,1700000,1,2
202601,6,,정읍중심,52180,22,0,300,0,1,0,2,19,03,7,1,없음,100,6,0,0,0,2,2,4,1,10,2,1,1,1,1,8,2,3,1,1,G,473,2,1,2,3,3,6,3,3,8800,1,1,0,3,3,6,3,3,8800,1,1,0,3,3,6,3,3,8800,1,1,0,2026,3,10,1150000,1700000,1,2
202601,6,,정읍중심,52180,14,0,0,0,1,0,4,32,03,6,1,없음,32,4,0,0,0,2,1,3,1,10,1,1,1,1,1,8,2,3,1,1,R,901,3,1,3,4,3,4,4,3,6000,1,1,0,4,3,4,4,3,6000,1,1,0,4,3,4,4,3,6000,1,1,0,2025,3,10,1010000,1760000,1,1
202601,6,,정읍중심,52180,15,0,0,0,1,0,8,31,03,5,1,없음,100,1,0,0,0,2,2,4,1,10,1,1,1,1,1,8,2,3,1,1,G,471,2,1,3,4,4,7,4,5,16100,1,1,0,4,4,7,4,5,16100,1,1,0,4,4,7,4,5,16100,1,1,0,2025,3,10,1540000,1890000,1,2
202601,6,,정읍중심,52180,15,0,0,0,1,0,8,31,03,5,1,없음,100,1,0,0,0,2,2,4,1,10,1,1,1,1,1,8,2,3,2,2,0,999,2,1,2,1,1,1,3,3,7100,1,1,0,1,1,1,3,3,7100,1,1,0,1,1,1,3,3,7100,1,1,0,0,1,1,1540000,1890000,1,2
202601,6,,정읍중심,52180,22,0,0,0,1,0,4,21,03,8,2,없음,80,7,0,0,0,2,2,4,1,10,2,1,1,1,1,8,2,3,1,1,I,562,4,1,4,4,4,5,4,4,7300,1,1,0,4,4,5,4,4,7300,1,1,0,4,4,5,4,4,7300,1,1,0,2025,3,10,1310000,1060000,1,1
202601,6,,정읍중심,52180,22,0,0,0,1,0,4,21,03,8,2,없음,80,7,0,0,0,2,2,4,1,10,2,1,1,1,1,8,2,3,2,6,0,999,2,1,2,1,1,1,3,3,3000,1,1,1,1,1,1,3,3,3000,1,1,1,1,1,1,3,3,3000,1,1,1,0,1,1,1310000,1060000,1,1
202601,6,,정읍중심,52180,22,0,300,0,1,0,1,11,03,1,1,없음,80,4,0,0,0,1,1,2,1,10,1,1,1,1,1,8,1,3,1,1,I,562,2,1,2,3,3,6,3,3,9800,1,1,0,3,3,6,3,3,9800,1,1,0,3,3,6,3,3,9800,1,1,0,2024,3,9,1840000,2600000,1,1
202601,6,,정읍중심,52180,22,0,300,0,1,0,1,12,04,3,1,없음,200,8,0,0,0,2,1,3,1,10,1,1,1,1,1,8,2,3,1,1,I,561,3,1,3,3,3,4,3,3,5200,1,1,0,3,3,4,3,3,5200,1,1,0,3,3,4,3,3,5200,1,1,0,2024,3,8,620000,2280000,1,1
202601,6,,정읍중심,52180,22,0,300,0,1,0,1,51,03,1,1,없음,10,4,0,0,0,2,1,3,1,10,1,1,1,1,1,8,2,3,1,1,I,561,3,1,3,5,5,8,5,5,23200,1,1,0,5,5,8,5,5,23200,1,1,0,5,5,8,5,5,23200,1,1,0,2025,3,8,2420000,4850000,1,2
202601,6,,남원광한루,52190,14,0,200,120,1,0,7,21,03,6,1,없음,37,1,0,0,0,2,2,4,1,10,2,1,1,1,1,8,2,3,1,1,G,478,3,1,3,5,6,9,6,5,16800,1,1,0,5,6,9,6,5,16800,1,1,0,5,6,9,6,5,16800,1,1,0,2025,5,9,2160000,2350000,1,3
202601,6,,남원광한루,52190,14,0,200,120,1,0,7,21,03,6,1,없음,37,1,0,0,0,2,2,4,1,10,2,1,1,1,1,8,2,3,2,1,G,478,2,1,2,3,4,7,6,3,8700,1,1,0,3,4,7,6,3,8700,1,1,0,3,4,7,6,3,8700,1,1,0,2025,5,9,2160000,2350000,1,3
202601,6,,남원광한루,52190,14,0,200,0,1,0,7,32,03,6,1,없음,80,8,0,0,0,2,1,3,1,10,1,1,1,1,1,8,2,3,1,1,G,472,3,1,3,4,3,4,4,3,4900,1,1,0,4,3,4,4,3,4900,1,1,0,4,3,4,4,3,4900,1,1,0,2026,3,9,680000,1220000,1,1
202601,6,,남원광한루,52190,14,0,200,120,1,0,1,21,03,5,1,없음,20,1,0,0,0,2,2,4,1,10,2,1,1,1,1,8,2,3,1,1,G,466,2,1,2,3,3,6,3,3,8400,1,1,0,3,3,6,3,3,8400,1,1,0,3,3,6,3,3,8400,1,1,0,2026,3,7,1460000,1870000,1,1
202601,6,,남원광한루,52190,14,0,200,120,1,0,1,21,03,5,1,없음,20,1,0,0,0,2,2,4,1,10,2,1,1,1,1,8,2,3,1,1,G,472,2,1,2,3,3,6,3,3,8400,1,1,0,3,3,6,3,3,8400,1,1,0,3,3,6,3,3,8400,1,1,0,2025,3,7,1460000,1870000,1,1
202601,6,,남원광한루,52190,14,0,200,120,1,0,1,21,03,5,1,없음,20,1,0,0,0,2,2,4,1,10,2,1,1,1,1,8,2,3,2,1,S,969,3,1,4,3,3,3,3,3,3200,1,1,0,3,3,3,3,3,3200,1,1,0,3,3,3,3,3,3200,1,1,0,2025,3,10,1460000,1870000,1,1
202601,6,,남원광한루,52190,22,0,200,0,1,0,5,32,03,7,1,없음,20,8,0,1,0,3,2,4,1,10,2,1,1,1,1,8,3,3,1,1,S,953,2,1,2,5,3,5,5,3,7300,1,1,0,5,3,5,5,3,7300,1,1,0,5,3,5,5,3,7300,1,1,0,2025,3,8,1130000,1890000,1,1
202601,6,,남원광한루,52190,22,0,200,0,1,0,5,32,03,7,1,없음,20,8,0,1,0,3,2,4,1,10,2,1,1,1,1,8,3,3,1,1,G,472,2,1,2,5,3,5,5,3,7300,1,1,0,5,3,5,5,3,7300,1,1,0,5,3,5,5,3,7300,1,1,0,2024,3,8,1130000,1890000,1,1
202601,6,,남원광한루,52190,22,0,200,0,1,0,5,32,03,7,1,없음,20,8,0,1,0,3,2,4,1,10,2,1,1,1,1,8,3,3,1,1,G,463,3,1,3,6,3,4,6,3,5800,1,1,0,6,3,4,6,3,5800,1,1,0,6,3,4,6,3,5800,1,1,0,2025,3,10,1130000,1890000,1,1
202601,6,,남원광한루,52190,22,0,200,0,1,0,5,32,03,7,1,없음,20,8,0,1,0,3,2,4,1,10,2,1,1,1,1,8,3,3,1,1,G,472,2,1,2,5,3,5,5,3,7300,1,1,0,5,3,5,5,3,7300,1,1,0,5,3,5,5,3,7300,1,1,0,2025,3,10,1130000,1890000,1,1
202601,6,,남원광한루,52190,22,0,200,0,1,0,5,32,03,7,1,없음,20,8,0,1,0,3,2,4,1,10,2,1,1,1,1,8,3,3,1,6,0,999,2,1,2,1,1,1,4,3,4200,1,1,1,1,1,1,4,3,4200,1,1,1,1,1,1,4,3,4200,1,1,1,0,1,1,1130000,1890000,1,1
202601,6,,남원광한루,52190,22,0,200,0,1,0,1,11,03,10,2,없음,160,4,0,0,0,1,1,2,1,9,1,1,1,1,1,8,1,3,1,1,G,474,1,1,2,3,3,6,3,3,7500,1,1,0,3,3,6,3,3,7500,1,1,0,3,3,6,3,3,7500,1,1,0,2025,3,9,1510000,880000,1,2
202601,6,,남원광한루,52190,22,0,200,0,1,0,1,11,03,10,2,없음,160,4,0,0,0,1,1,2,1,9,1,1,1,1,1,8,1,3,2,1,G,474,1,1,1,2,2,5,2,2,4900,1,1,0,2,2,5,2,2,4900,1,1,0,2,2,5,2,2,4900,1,1,0,2025,3,9,1510000,880000,1,2
202601,6,,남원광한루,52190,22,14,200,120,1,0,4,32,03,5,1,없음,30,2,0,1,0,3,2,4,1,10,2,1,1,1,1,8,3,3,1,1,I,561,4,1,4,4,4,3,5,4,4800,1,1,0,4,4,3,5,4,4800,1,1,0,4,4,3,5,4,4800,1,1,0,2025,3,8,1040000,2090000,1,1
202601,6,,남원광한루,52190,14,0,200,0,1,0,5,32,03,6,1,없음,171,5,0,0,0,2,2,4,1,10,2,1,1,1,1,8,2,3,1,1,M,713,3,1,3,3,3,4,3,3,5100,1,1,0,3,3,4,3,3,5100,1,1,0,3,3,4,3,3,5100,1,1,0,2025,3,6,900000,1500000,1,1
202601,6,,남원광한루,52190,14,0,200,0,1,0,5,32,03,6,1,없음,171,5,0,0,0,2,2,4,1,10,2,1,1,1,1,8,2,3,1,1,I,561,2,1,2,5,3,5,5,3,6300,1,1,0,5,3,5,5,3,6300,1,1,0,5,3,5,5,3,6300,1,1,0,2025,3,6,900000,1500000,1,1
202601,6,,남원광한루,52190,22,0,200,0,1,0,1,51,03,7,1,없음,150,5,0,0,0,2,1,3,1,10,1,1,1,1,1,8,2,3,1,1,I,561,3,1,3,4,4,5,4,4,7400,1,1,0,4,4,5,4,4,7400,1,1,0,4,4,5,4,4,7400,1,1,0,2025,3,3,980000,1410000,1,1
202601,6,,남원광한루,52190,22,0,200,0,1,0,1,51,03,8,1,없음,100,5,0,0,0,1,1,2,1,10,1,1,1,1,1,8,1,3,1,6,0,999,2,1,2,1,1,1,6,5,25300,1,1,1,1,1,1,6,5,25300,1,1,1,1,1,1,6,5,25300,1,1,1,0,1,1,2390000,3150000,1,3
202601,6,,남원광한루,52190,22,0,200,0,1,0,1,11,03,6,1,없음,50,4,0,0,0,2,1,2,1,10,1,1,1,1,1,8,2,3,1,1,G,474,2,1,2,5,5,8,5,5,26100,1,1,0,5,5,8,5,5,26100,1,1,0,5,5,8,5,5,26100,1,1,0,2024,3,10,3000000,5780000,1,3
202601,6,,남원광한루,52190,14,0,200,0,1,0,7,32,03,6,1,없음,10,4,0,0,0,2,2,4,1,10,2,1,1,1,1,8,2,3,1,6,0,999,2,1,2,1,1,1,5,3,9700,1,1,1,1,1,1,5,3,9700,1,1,1,1,1,1,5,3,9700,1,1,1,0,1,1,1180000,2020000,1,1
202601,6,,남원광한루,52190,14,0,200,0,1,0,7,32,03,6,1,없음,10,4,0,0,0,2,2,4,1,10,2,1,1,1,1,8,2,3,1,1,S,969,2,1,2,5,3,6,5,3,9400,1,1,0,5,3,6,5,3,9400,1,1,0,5,3,6,5,3,9400,1,1,0,2024,3,9,1180000,2020000,1,1
202601,6,,남원광한루,52190,14,0,200,0,1,0,7,32,03,6,1,없음,10,4,0,0,0,2,2,4,1,10,2,1,1,1,1,8,2,3,1,1,I,562,2,1,2,5,3,6,5,3,9700,1,1,0,5,3,6,5,3,9700,1,1,0,5,3,6,5,3,9700,1,1,0,2025,3,9,1180000,2020000,1,1
202601,6,,남원광한루,52190,22,0,200,0,1,0,5,11,03,8,1,없음,130,8,0,0,0,1,1,2,1,9,1,1,1,1,1,8,1,3,1,1,I,562,2,1,3,3,3,4,3,3,5600,1,1,0,3,3,4,3,3,5600,1,1,0,3,3,4,3,3,5600,1,1,0,2026,3,9,980000,1380000,1,1
202601,6,,남원광한루,52190,22,0,200,140,1,0,1,11,03,7,1,없음,100,2,0,0,0,2,2,4,1,10,2,1,1,1,1,8,2,3,1,1,E,383,1,1,1,3,3,7,3,3,9100,1,1,0,3,3,7,3,3,9100,1,1,0,3,3,7,3,3,9100,1,1,0,2026,3,2,1830000,2670000,1,1
202601,6,,남원광한루,52190,22,0,200,140,1,0,1,11,03,7,1,없음,100,2,0,0,0,2,2,4,1,10,2,1,1,1,1,8,2,3,1,1,I,561,2,1,2,4,3,6,4,3,8500,1,1,0,4,3,6,4,3,8500,1,1,0,4,3,6,4,3,8500,1,1,0,2025,3,10,1830000,2670000,1,1
202601,6,,남원광한루,52190,22,0,200,140,1,0,1,11,03,7,1,없음,100,2,0,0,0,2,2,4,1,10,2,1,1,1,1,8,2,3,1,1,S,961,2,1,2,3,3,5,3,3,6800,1,1,0,3,3,5,3,3,6800,1,1,0,3,3,5,3,3,6800,1,1,0,2026,3,9,1830000,2670000,1,1
202601,6,,남원광한루,52190,22,0,200,140,1,0,1,11,03,7,1,없음,100,2,0,0,0,2,2,4,1,10,2,1,1,1,1,8,2,3,1,1,S,969,2,1,2,3,3,5,3,3,6800,1,1,0,3,3,5,3,3,6800,1,1,0,3,3,5,3,3,6800,1,1,0,2026,3,10,1830000,2670000,1,1
202601,6,,남원광한루,52190,22,0,200,0,1,0,3,32,03,7,1,없음,20,4,0,0,0,2,2,4,1,10,2,1,1,1,1,8,2,3,1,1,G,474,4,1,4,4,4,3,4,4,3600,1,1,0,4,4,3,4,4,3600,1,1,0,4,4,3,4,4,3600,1,1,0,2025,3,9,1710000,2460000,1,1
202601,6,,남원광한루,52190,22,0,200,0,1,0,2,11,03,5,1,없음,10,5,0,0,0,2,1,3,1,10,1,1,1,1,1,8,2,3,1,1,I,561,3,1,3,3,4,6,3,4,8800,1,1,0,3,4,6,3,4,8800,1,1,0,3,4,6,3,4,8800,1,1,0,2025,3,7,1880000,3770000,1,1
202601,6,,남원광한루,52190,22,0,200,0,1,0,1,21,03,6,1,없음,20,4,0,0,0,1,1,2,1,10,1,1,1,1,1,8,1,3,1,1,G,474,2,1,2,5,4,7,5,4,15600,1,1,0,5,4,7,5,4,15600,1,1,0,5,4,7,5,4,15600,1,1,0,2024,3,9,1710000,2900000,1,1
202601,6,,남원광한루,52190,22,0,200,0,1,0,1,21,03,10,2,없음,30,4,0,0,0,2,2,4,1,10,2,1,1,1,1,8,2,3,1,1,I,561,3,1,3,4,4,7,4,4,12900,1,1,0,4,4,7,4,4,12900,1,1,0,4,4,7,4,4,12900,1,1,0,2025,3,9,1960000,1730000,1,1
202601,6,,남원광한루,52190,22,0,200,0,1,0,1,21,03,10,2,없음,30,4,0,0,0,2,2,4,1,10,2,1,1,1,1,8,2,3,2,1,Q,862,3,1,3,3,3,5,3,3,5900,1,1,0,3,3,5,3,3,5900,1,1,0,3,3,5,3,3,5900,1,1,0,2025,3,4,1960000,1730000,1,1
202601,6,,남원광한루,52190,14,22,200,0,1,0,7,31,03,6,1,없음,23,4,0,0,0,2,1,3,1,10,1,1,1,1,1,8,2,3,1,1,I,561,2,1,2,4,4,7,5,4,14800,1,1,0,4,4,7,5,4,14800,1,1,0,4,4,7,5,4,14800,1,1,0,2025,4,10,1810000,1920000,1,2
202601,6,,남원광한루,52190,14,22,200,0,1,0,7,31,03,6,1,없음,23,4,0,0,0,2,1,3,1,10,1,1,1,1,1,8,2,3,2,1,I,561,2,1,2,3,3,5,4,3,7400,1,1,0,3,3,5,4,3,7400,1,1,0,3,3,5,4,3,7400,1,1,0,2025,4,10,1810000,1920000,1,2
202601,6,,남원광한루,52190,22,0,200,0,1,0,6,21,03,8,2,없음,160,4,0,1,0,2,2,4,1,9,2,1,1,1,1,8,2,3,1,1,G,478,4,1,4,4,4,6,4,4,8200,1,1,0,4,4,6,4,4,8200,1,1,0,4,4,6,4,4,8200,1,1,0,2024,3,7,2830000,1980000,1,1
202601,6,,남원광한루,52190,22,0,200,0,1,0,6,21,03,8,2,없음,160,4,0,1,0,2,2,4,1,9,2,1,1,1,1,8,2,3,2,1,Q,862,4,1,4,3,3,3,3,3,3600,1,1,0,3,3,3,3,3,3600,1,1,0,3,3,3,3,3,3600,1,1,0,2021,6,8,2830000,1980000,1,1
202601,6,,남원광한루,52190,14,0,140,200,1,0,5,32,04,6,1,없음,10,1,0,0,0,2,1,3,1,10,1,1,1,1,1,8,2,3,1,1,I,561,3,1,3,4,4,5,5,4,6800,1,1,0,4,4,5,5,4,6800,1,1,0,4,4,5,5,4,6800,1,1,0,2024,4,7,1110000,1880000,1,1
202601,6,,남원광한루,52190,14,0,200,0,1,0,1,21,03,6,2,없음,141,9,0,0,0,2,2,4,1,10,1,1,1,1,1,8,2,3,1,1,I,562,2,1,2,5,4,7,5,4,11700,1,1,0,5,4,7,5,4,11700,1,1,0,5,4,7,5,4,11700,1,1,0,2025,2,9,830000,780000,1,2
202601,6,,남원광한루,52190,14,0,200,0,1,0,1,21,03,6,2,없음,141,9,0,0,0,2,2,4,1,10,1,1,1,1,1,8,2,3,2,6,0,999,2,1,2,1,1,1,5,3,5500,1,1,1,1,1,1,5,3,5500,1,1,1,1,1,1,5,3,5500,1,1,1,0,1,1,830000,780000,1,2
202601,6,,남원광한루,52190,14,0,200,120,1,0,1,11,03,5,1,없음,150,1,0,0,0,1,1,1,1,10,1,1,1,1,1,8,1,3,1,1,I,561,1,1,1,4,3,6,4,3,8400,1,1,0,4,3,6,4,3,8400,1,1,0,4,3,6,4,3,8400,1,1,0,2024,3,3,750000,1510000,1,2
202601,6,,남원광한루,52190,14,0,200,0,1,0,2,11,03,2,1,없음,122,6,0,0,0,1,1,1,1,10,1,1,1,1,1,8,1,3,1,1,M,733,1,1,1,4,3,7,4,3,16400,1,1,0,4,3,7,4,3,16400,1,1,0,4,3,7,4,3,16400,1,1,0,2024,3,5,910000,4260000,1,2
202601,6,,남원광한루,52190,22,0,200,0,1,0,1,21,03,4,1,없음,67,1,0,0,0,2,1,2,1,10,1,1,1,1,1,8,2,3,1,2,G,478,2,1,2,1,1,1,4,3,11400,1,1,0,1,1,1,4,3,11400,1,1,0,1,1,1,4,3,11400,1,1,0,0,1,1,2440000,7570000,1,1
202601,6,,남원광한루,52190,22,0,200,0,1,0,1,21,03,4,1,없음,67,1,0,0,0,2,1,2,1,10,1,1,1,1,1,8,2,3,1,1,G,478,1,1,1,4,3,7,4,3,12700,1,1,0,4,3,7,4,3,12700,1,1,0,4,3,7,4,3,12700,1,1,0,2024,3,8,2440000,7570000,1,1
202601,6,,남원광한루,52190,22,0,200,0,1,0,1,21,03,4,1,없음,50,4,0,0,0,2,1,2,1,10,1,1,1,1,1,8,2,3,1,1,G,472,2,1,2,4,4,7,4,4,16700,1,1,0,4,4,7,4,4,16700,1,1,0,4,4,7,4,4,16700,1,1,0,2025,2,9,1320000,4080000,1,2
202601,6,,남원광한루,52190,14,0,200,120,1,0,4,11,03,8,1,없음,80,2,0,0,0,1,1,2,1,10,1,1,1,1,1,8,1,3,1,1,G,472,2,1,2,3,3,7,3,3,11700,1,1,0,3,3,7,3,3,11700,1,1,0,3,3,7,3,3,11700,1,1,0,2024,3,6,2020000,2850000,1,2
202601,6,,0.비상권,52190,43,0,0,0,1,0,7,32,04,2,1,없음,400,4,0,0,0,2,1,2,1,10,1,1,1,1,1,8,2,3,1,1,I,561,1,1,1,4,4,8,5,4,21700,1,1,0,4,4,8,5,4,21700,1,1,0,4,4,8,5,4,21700,1,1,0,2024,3,10,450000,2230000,1,3
202601,6,,0.비상권,52190,43,0,0,0,1,0,7,32,04,2,1,없음,400,4,0,0,0,2,1,2,1,10,1,1,1,1,1,8,2,3,1,1,I,562,1,1,1,4,4,7,4,4,21200,1,1,0,4,4,7,4,4,21200,1,1,0,4,4,7,4,4,21200,1,1,0,2026,3,8,450000,2230000,1,3
202601,6,,남원광한루,52190,22,0,200,120,1,0,1,21,03,6,1,없음,8,1,0,0,0,2,2,4,1,10,1,1,1,1,1,8,2,3,1,2,G,472,3,1,3,1,1,1,4,4,10200,1,1,0,1,1,1,4,4,10200,1,1,0,1,1,1,4,4,10200,1,1,0,0,1,1,1490000,2710000,1,1
202601,6,,남원광한루,52190,22,0,200,120,1,0,1,21,03,6,1,없음,8,1,0,0,0,2,2,4,1,10,1,1,1,1,1,8,2,3,1,1,S,961,2,1,3,3,3,5,4,3,8100,1,1,0,3,3,5,4,3,8100,1,1,0,3,3,5,4,3,8100,1,1,0,2025,3,9,1490000,2710000,1,1
202601,6,,남원광한루,52190,14,0,200,0,1,0,4,32,03,6,1,없음,210,6,0,0,0,2,1,3,1,10,1,1,1,1,1,8,2,3,1,1,I,561,2,1,2,3,3,4,3,3,4800,1,1,0,3,3,4,3,3,4800,1,1,0,3,3,4,3,3,4800,1,1,0,2025,3,9,950000,1680000,1,1
202601,6,,남원광한루,52190,14,0,200,0,1,0,4,32,03,6,1,없음,210,6,0,0,0,2,1,3,1,10,1,1,1,1,1,8,2,3,1,6,0,999,2,1,2,1,1,1,3,3,4800,1,1,1,1,1,1,3,3,4800,1,1,1,1,1,1,3,3,4800,1,1,1,0,1,1,950000,1680000,1,1
202601,6,,남원광한루,52190,14,0,140,200,1,0,5,32,03,6,1,없음,150,1,0,0,0,2,2,4,1,10,2,1,1,1,1,8,2,3,1,1,G,476,4,1,4,1,4,5,4,4,7500,1,1,0,1,4,5,4,4,7500,1,1,0,1,4,5,4,4,7500,1,1,0,2024,3,7,1140000,1950000,1,1
202601,6,,0.비상권,52190,14,0,120,0,1,0,5,32,04,5,1,없음,10,2,0,0,0,2,1,3,1,10,1,1,1,1,1,8,2,3,1,1,G,473,2,1,2,4,3,5,4,3,8100,1,1,0,4,3,5,4,3,8100,1,1,0,4,3,5,4,3,8100,1,1,0,2024,3,10,1270000,3200000,1,1
202601,6,,0.비상권,52190,14,0,120,0,1,0,5,32,04,5,1,없음,10,2,0,0,0,2,1,3,1,10,1,1,1,1,1,8,2,3,1,1,S,961,2,1,2,6,1,4,4,3,8100,1,1,0,6,1,4,4,3,8100,1,1,0,6,1,4,4,3,8100,1,1,0,2024,3,9,1270000,3200000,1,1
202601,6,,김제시장,52210,22,0,0,0,1,0,1,11,03,6,1,없음,200,4,0,0,0,1,1,1,1,10,1,1,1,1,1,8,1,3,1,1,G,475,1,1,2,4,3,7,4,3,12700,1,1,0,4,3,7,4,3,12700,1,1,0,4,3,7,4,3,12700,1,1,0,2026,3,10,1150000,2180000,1,3
202601,6,,김제시장,52210,22,0,0,0,1,0,1,51,03,5,1,없음,100,6,0,0,0,1,1,1,1,9,1,1,1,1,1,8,1,3,1,1,S,969,1,1,1,3,3,7,3,3,11200,1,1,0,3,3,7,3,3,11200,1,1,0,3,3,7,3,3,11200,1,1,0,2025,3,9,1110000,2420000,1,3
202601,6,,김제시장,52210,22,0,0,0,1,0,1,51,03,8,1,없음,150,7,0,0,0,2,2,4,1,9,2,1,1,1,1,8,2,3,1,1,G,478,1,1,1,3,2,4,3,2,5900,1,1,0,3,2,4,3,2,5900,1,1,0,3,2,4,3,2,5900,1,1,0,2024,3,9,1020000,1280000,1,2
202601,6,,김제시장,52210,22,0,0,0,1,0,1,51,03,8,1,없음,150,7,0,0,0,2,2,4,1,9,2,1,1,1,1,8,2,3,1,1,G,478,3,1,4,4,4,5,4,4,5900,1,1,0,4,4,5,4,4,5900,1,1,0,4,4,5,4,4,5900,1,1,0,2025,3,10,1020000,1280000,1,2
202601,6,,김제시장,52210,22,0,0,0,1,0,1,51,03,9,1,없음,140,6,0,0,0,2,2,3,1,10,2,1,1,1,1,8,2,3,1,1,G,478,3,1,4,4,3,4,4,3,4300,1,1,0,4,3,4,4,3,4300,1,1,0,4,3,4,4,3,4300,1,1,0,2024,3,9,1110000,1720000,1,1
202601,6,,김제시장,52210,22,0,0,0,1,0,1,11,03,1,1,없음,30,4,0,0,0,2,2,4,1,10,2,1,1,1,1,8,2,3,1,1,G,475,3,1,3,5,4,7,5,4,10000,1,1,0,5,4,7,5,4,10000,1,1,0,5,4,7,5,4,10000,1,1,0,2024,3,6,1620000,1330000,1,1
202601,6,,김제시장,52210,22,0,0,0,1,0,1,11,03,1,1,없음,30,4,0,0,0,2,2,4,1,10,2,1,1,1,1,8,2,3,2,1,S,961,3,1,3,3,3,4,3,3,4500,1,1,0,3,3,4,3,3,4500,1,1,0,3,3,4,3,3,4500,1,1,0,2026,3,9,1620000,1330000,1,1
202601,6,,김제시장,52210,22,0,0,0,1,0,1,11,03,8,1,없음,150,6,0,0,0,2,2,4,1,10,2,1,1,1,1,8,3,3,1,2,G,474,2,1,2,1,1,1,3,3,6600,1,1,0,1,1,1,3,3,6600,1,1,0,1,1,1,3,3,6600,1,1,0,0,1,1,990000,1720000,1,1
202601,6,,김제시장,52210,22,0,0,0,1,0,1,11,03,8,1,없음,150,6,0,0,0,2,2,4,1,10,2,1,1,1,1,8,3,3,1,1,I,561,2,1,2,3,3,5,3,3,6600,1,1,0,3,3,5,3,3,6600,1,1,0,3,3,5,3,3,6600,1,1,0,2025,3,8,990000,1720000,1,1
202601,6,,김제시장,52210,22,0,0,0,1,0,1,11,03,8,1,없음,150,6,0,0,0,2,2,4,1,10,2,1,1,1,1,8,3,3,1,1,I,562,2,1,2,3,3,5,4,3,6600,1,1,0,3,3,5,4,3,6600,1,1,0,3,3,5,4,3,6600,1,1,0,2025,3,8,990000,1720000,1,1
202601,6,,김제시장,52210,22,0,0,0,1,0,1,11,03,8,1,없음,150,6,0,0,0,2,2,4,1,10,2,1,1,1,1,8,3,3,2,6,0,999,2,1,2,1,1,1,3,2,2600,1,1,1,1,1,1,3,2,2600,1,1,1,1,1,1,3,2,2600,1,1,1,0,1,1,990000,1720000,1,1
202601,6,,김제시장,52210,22,0,0,0,1,0,1,11,03,9,1,없음,146,5,0,0,0,1,1,3,1,10,1,1,1,1,1,8,1,3,1,1,G,473,2,1,2,3,3,5,3,3,6900,1,1,0,3,3,5,3,3,6900,1,1,0,3,3,5,3,3,6900,1,1,0,2024,5,8,1870000,2290000,1,1
202601,6,,김제시장,52210,22,0,0,0,1,0,1,11,03,9,1,없음,146,5,0,0,0,1,1,3,1,10,1,1,1,1,1,8,1,3,1,2,G,475,1,1,1,1,1,1,3,3,9700,1,1,0,1,1,1,3,3,9700,1,1,0,1,1,1,3,3,9700,1,1,0,0,1,1,1870000,2290000,1,1
202601,6,,김제시장,52210,22,0,0,0,1,0,1,11,03,9,1,없음,146,5,0,0,0,1,1,3,1,10,1,1,1,1,1,8,1,3,1,1,G,475,1,1,1,3,3,6,3,3,8300,1,1,0,3,3,6,3,3,8300,1,1,0,3,3,6,3,3,8300,1,1,0,2024,5,8,1870000,2290000,1,1
202601,6,,김제시장,52210,22,0,0,0,1,0,1,11,03,1,1,없음,180,4,0,0,0,2,2,4,1,10,2,1,1,1,1,8,2,3,1,2,G,471,1,1,1,1,1,1,3,3,11300,1,1,0,1,1,1,3,3,11300,1,1,0,1,1,1,3,3,11300,1,1,0,0,1,1,2330000,1940000,1,2
202601,6,,김제시장,52210,22,0,0,0,1,0,1,11,03,1,1,없음,180,4,0,0,0,2,2,4,1,10,2,1,1,1,1,8,2,3,1,1,G,474,1,1,1,3,3,7,3,3,11300,1,1,0,3,3,7,3,3,11300,1,1,0,3,3,7,3,3,11300,1,1,0,2026,3,10,2330000,1940000,1,2
202601,6,,김제시장,52210,22,0,0,0,1,0,1,11,03,1,1,없음,180,4,0,0,0,2,2,4,1,10,2,1,1,1,1,8,2,3,1,1,S,969,1,1,1,3,3,7,3,3,11300,1,1,0,3,3,7,3,3,11300,1,1,0,3,3,7,3,3,11300,1,1,0,2025,3,10,2330000,1940000,1,2
202601,6,,김제시장,52210,22,0,0,0,1,0,1,11,03,1,1,없음,180,4,0,0,0,2,2,4,1,10,2,1,1,1,1,8,2,3,1,2,S,961,1,1,1,1,1,1,3,3,11300,1,1,0,1,1,1,3,3,11300,1,1,0,1,1,1,3,3,11300,1,1,0,0,1,1,2330000,1940000,1,2
202601,6,,김제시장,52210,22,0,0,0,1,0,1,11,03,1,1,없음,180,4,0,0,0,2,2,4,1,10,2,1,1,1,1,8,2,3,2,1,0,999,3,1,4,3,3,3,3,3,3800,1,1,0,3,3,3,3,3,3800,1,1,0,3,3,3,3,3,3800,1,1,0,2025,3,9,2330000,1940000,1,2
202601,6,,0.비상권,52210,22,0,0,0,1,0,3,32,03,8,1,없음,30,5,0,0,0,2,2,4,1,10,1,1,1,1,1,8,2,3,1,1,G,478,2,1,2,4,3,7,4,3,12200,1,1,0,4,3,7,4,3,12200,1,1,0,4,3,7,4,3,12200,1,1,0,2026,3,6,1340000,2020000,1,2
202601,6,,0.비상권,52210,22,0,0,0,1,0,3,32,03,8,1,없음,30,5,0,0,0,2,2,4,1,10,1,1,1,1,1,8,2,3,1,2,G,475,2,1,2,1,1,1,4,3,11000,1,1,0,1,1,1,4,3,11000,1,1,0,1,1,1,4,3,11000,1,1,0,0,1,1,1340000,2020000,1,2
202601,6,,0.비상권,52210,22,0,0,0,1,0,3,32,03,8,1,없음,30,5,0,0,0,2,2,4,1,10,1,1,1,1,1,8,2,3,1,1,G,474,2,1,2,4,3,7,4,3,11000,1,1,0,4,3,7,4,3,11000,1,1,0,4,3,7,4,3,11000,1,1,0,2026,3,6,1340000,2020000,1,2
202601,6,,0.비상권,52210,22,0,0,0,1,0,3,32,03,8,1,없음,30,5,0,0,0,2,2,4,1,10,1,1,1,1,1,8,2,3,1,2,S,969,2,1,2,1,1,1,4,3,11300,1,1,0,1,1,1,4,3,11300,1,1,0,1,1,1,4,3,11300,1,1,0,0,1,1,1340000,2020000,1,2
202601,6,,김제시장,52210,22,0,0,0,1,0,1,11,03,7,2,없음,180,4,0,0,0,2,2,4,1,10,2,1,1,1,1,8,2,3,1,1,A,014,4,1,4,5,4,6,5,4,9600,1,1,0,5,4,6,5,4,9600,1,1,0,5,4,6,5,4,9600,1,1,0,2024,3,8,1910000,1400000,1,1
202601,6,,김제시장,52210,22,0,0,0,1,0,1,11,03,7,2,없음,180,4,0,0,0,2,2,4,1,10,2,1,1,1,1,8,2,3,2,1,A,014,4,1,4,3,3,4,3,3,4300,1,1,0,3,3,4,3,3,4300,1,1,0,3,3,4,3,3,4300,1,1,0,2024,3,8,1910000,1400000,1,1
202601,6,,김제시장,52210,22,0,0,0,1,0,6,32,03,8,1,없음,159,7,0,0,0,1,1,1,1,9,1,1,1,1,1,8,1,3,1,1,S,961,1,1,2,3,3,6,3,3,8800,1,1,0,3,3,6,3,3,8800,1,1,0,3,3,6,3,3,8800,1,1,0,2025,3,8,1280000,1990000,1,2
202601,6,,김제시장,52210,22,0,0,0,1,0,1,51,03,6,1,없음,150,6,0,0,0,1,1,1,1,9,1,1,1,1,1,8,1,3,1,1,G,478,1,1,2,3,3,5,3,3,7400,1,1,0,3,3,5,3,3,7400,1,1,0,3,3,5,3,3,7400,1,1,0,2025,3,8,710000,1350000,1,3
202601,6,,김제시장,52210,22,0,0,0,1,0,1,51,03,10,1,없음,120,6,0,0,0,1,1,2,1,10,1,1,1,1,1,8,1,3,1,1,G,478,2,1,2,4,3,5,4,3,6300,1,1,0,4,3,5,4,3,6300,1,1,0,4,3,5,4,3,6300,1,1,0,2024,3,8,900000,1010000,1,2
202601,6,,김제시장,52210,22,0,0,0,1,0,3,32,03,7,1,없음,150,6,0,0,0,2,2,4,1,10,2,1,1,1,1,8,2,3,1,1,S,961,4,1,4,4,4,5,4,4,7700,1,1,0,4,4,5,4,4,7700,1,1,0,4,4,5,4,4,7700,1,1,0,2025,3,8,1010000,1520000,1,2
202601,6,,김제시장,52210,22,0,0,0,1,0,3,32,03,7,1,없음,112,6,0,0,0,2,2,3,1,10,2,1,1,1,1,8,2,3,1,1,G,474,3,1,4,4,3,4,4,3,4800,1,1,0,4,3,4,4,3,4800,1,1,0,4,3,4,4,3,4800,1,1,0,2026,3,9,790000,1230000,1,1
202601,6,,김제시장,52210,22,0,0,0,1,0,1,21,03,8,2,없음,90,5,0,0,0,1,2,4,1,10,1,1,1,1,1,8,1,3,1,1,G,475,2,1,2,4,3,6,4,3,8900,1,1,0,4,3,6,4,3,8900,1,1,0,4,3,6,4,3,8900,1,1,0,2024,4,8,1670000,1200000,1,1
202601,6,,김제시장,52210,22,0,0,0,1,0,1,21,03,8,2,없음,90,5,0,0,0,1,2,4,1,10,1,1,1,1,1,8,1,3,2,6,0,999,2,1,2,1,1,1,3,3,2700,1,1,1,1,1,1,3,3,2700,1,1,1,1,1,1,3,3,2700,1,1,1,0,1,1,1670000,1200000,1,1
202601,6,,김제시장,52210,22,0,0,0,1,0,2,21,03,7,1,없음,96,8,0,0,0,2,2,3,1,9,1,2,1,1,1,8,2,3,1,6,0,999,3,1,4,1,1,1,3,3,4200,1,1,1,1,1,1,3,3,4200,1,1,1,1,1,1,3,3,4200,1,1,1,0,1,1,660000,870000,1,1
202601,6,,김제시장,52210,22,0,120,0,1,0,1,21,03,3,1,없음,10,4,0,0,0,3,1,3,1,10,1,1,1,1,1,8,3,3,1,1,G,478,3,1,3,6,4,7,6,4,13300,1,1,0,6,4,7,6,4,13300,1,1,0,6,4,7,6,4,13300,1,1,0,2024,3,6,740000,3200000,1,2
202601,6,,0.비상권,52750,22,0,0,0,1,0,1,32,03,4,1,없음,100,6,0,0,0,2,2,4,1,9,1,2,1,1,1,8,2,3,1,1,I,561,2,1,2,3,3,4,3,3,4600,1,1,0,3,3,4,3,3,4600,1,1,0,3,3,4,3,3,4600,1,1,0,2026,2,8,700000,930000,1,1
202601,6,,0.비상권,52750,22,0,0,0,1,0,1,32,03,4,1,없음,100,6,0,0,0,2,2,4,1,9,1,2,1,1,1,8,2,3,1,6,0,999,1,1,1,1,1,1,3,3,5000,1,1,1,1,1,1,3,3,5000,1,1,1,1,1,1,3,3,5000,1,1,1,0,1,1,700000,930000,1,1
202601,6,,0.비상권,52750,22,0,0,0,1,0,1,32,03,4,1,없음,100,6,0,0,0,2,2,4,1,9,1,2,1,1,1,8,2,3,2,6,0,999,2,1,3,1,1,1,3,3,2800,1,1,1,1,1,1,3,3,2800,1,1,1,1,1,1,3,3,2800,1,1,1,0,1,1,700000,930000,1,1
202601,6,,0.비상권,52750,22,0,0,0,1,0,1,11,04,7,1,없음,100,6,0,0,0,2,2,4,1,9,2,1,1,1,1,8,2,3,1,1,P,855,2,1,3,4,3,5,4,3,7500,1,1,0,4,3,5,4,3,7500,1,1,0,4,3,5,4,3,7500,1,1,0,2024,3,7,780000,1150000,1,1
202601,6,,0.비상권,52750,22,0,0,0,1,0,1,11,04,7,1,없음,100,6,0,0,0,2,2,4,1,9,2,1,1,1,1,8,2,3,1,1,P,855,1,1,2,3,3,6,3,3,7900,1,1,0,3,3,6,3,3,7900,1,1,0,3,3,6,3,3,7900,1,1,0,2024,3,9,780000,1150000,1,1
202601,6,,0.비상권,52750,22,0,0,0,1,0,1,11,04,7,1,없음,100,6,0,0,0,2,2,4,1,9,2,1,1,1,1,8,2,3,1,6,0,999,1,1,1,1,1,1,3,3,7600,1,1,1,1,1,1,3,3,7600,1,1,1,1,1,1,3,3,7600,1,1,1,0,1,1,780000,1150000,1,1
202601,6,,0.비상권,52750,22,0,0,0,1,0,1,11,04,7,1,없음,100,6,0,0,0,2,2,4,1,9,2,1,1,1,1,8,2,3,1,1,P,855,2,1,2,3,3,4,3,3,7200,1,1,0,3,3,4,3,3,7200,1,1,0,3,3,4,3,3,7200,1,1,0,2025,3,9,780000,1150000,1,1
202601,6,,0.비상권,52750,22,14,0,0,1,0,3,32,03,3,1,없음,20,4,0,0,0,3,2,4,1,9,2,1,1,1,1,8,3,3,1,1,G,471,3,1,3,6,4,6,6,4,8700,1,1,0,6,4,6,6,4,8700,1,1,0,6,4,6,6,4,8700,1,1,0,2024,3,10,820000,2490000,1,1
202601,6,,0.비상권,52750,22,14,0,0,1,0,3,32,03,3,1,없음,20,4,0,0,0,3,2,4,1,9,2,1,1,1,1,8,3,3,1,6,0,999,2,1,2,1,1,1,5,3,8700,1,1,1,1,1,1,5,3,8700,1,1,1,1,1,1,5,3,8700,1,1,1,0,1,1,820000,2490000,1,1
202601,6,,0.비상권,52750,22,14,0,0,1,0,3,32,03,3,1,없음,20,4,0,0,0,3,2,4,1,9,2,1,1,1,1,8,3,3,1,1,S,961,2,1,2,5,3,5,5,3,8200,1,1,0,5,3,5,5,3,8200,1,1,0,5,3,5,5,3,8200,1,1,0,2026,2,8,820000,2490000,1,1
202601,6,,0.비상권,52790,22,0,0,0,1,0,3,11,04,9,1,없음,27,7,0,0,0,1,1,1,1,10,1,1,1,1,1,8,1,3,1,1,I,561,1,1,1,3,3,5,3,3,6800,1,1,0,3,3,5,3,3,6800,1,1,0,3,3,5,3,3,6800,1,1,0,2025,4,9,1070000,1230000,1,1
202601,6,,0.비상권,52790,14,0,0,0,1,0,3,21,03,6,2,없음,46,8,0,0,0,2,2,4,1,10,1,1,2,1,1,8,2,3,1,1,N,751,2,1,2,3,3,5,3,3,7400,1,1,0,3,3,5,3,3,7400,1,1,0,3,3,5,3,3,7400,1,1,0,2024,3,9,830000,920000,1,1
202601,6,,0.비상권,52790,14,0,0,0,1,0,3,21,03,6,2,없음,46,8,0,0,0,2,2,4,1,10,1,1,2,1,1,8,2,3,1,1,S,961,2,1,2,3,3,5,3,3,7400,1,1,0,3,3,5,3,3,7400,1,1,0,3,3,5,3,3,7400,1,1,0,2024,3,5,830000,920000,1,1
202601,6,,0.비상권,52790,14,0,0,0,1,0,3,21,03,6,2,없음,46,8,0,0,0,2,2,4,1,10,1,1,2,1,1,8,2,3,1,6,0,999,2,1,2,1,1,1,3,3,7400,1,1,1,1,1,1,3,3,7400,1,1,1,1,1,1,3,3,7400,1,1,1,0,1,1,830000,920000,1,1
202601,6,,0.비상권,52790,14,0,0,0,1,0,3,21,03,6,2,없음,46,8,0,0,0,2,2,4,1,10,1,1,2,1,1,8,2,3,2,2,0,999,4,1,4,1,1,1,3,3,3300,1,1,0,1,1,1,3,3,3300,1,1,0,1,1,1,3,3,3300,1,1,0,0,1,1,830000,920000,1,1
202601,6,,0.비상권,52790,14,0,0,0,1,0,2,11,03,6,2,없음,89,6,0,0,0,2,2,4,1,10,1,1,2,1,1,8,2,3,1,2,S,969,2,1,2,1,1,1,3,3,5400,1,1,0,1,1,1,3,3,5400,1,1,0,1,1,1,3,3,5400,1,1,0,0,1,1,1010000,970000,1,1
202601,6,,0.비상권,52790,14,0,0,0,1,0,2,11,03,6,2,없음,89,6,0,0,0,2,2,4,1,10,1,1,2,1,1,8,2,3,1,1,I,561,2,1,2,3,3,4,3,3,5400,1,1,0,3,3,4,3,3,5400,1,1,0,3,3,4,3,3,5400,1,1,0,2025,3,9,1010000,970000,1,1
202601,6,,0.비상권,52790,14,0,0,0,1,0,2,11,03,6,2,없음,89,6,0,0,0,2,2,4,1,10,1,1,2,1,1,8,2,3,2,2,0,999,3,1,3,1,1,1,3,3,2400,1,1,0,1,1,1,3,3,2400,1,1,0,1,1,1,3,3,2400,1,1,0,0,1,1,1010000,970000,1,1
202601,6,,0.비상권,52790,14,0,0,0,1,0,4,21,03,6,1,없음,132,6,0,0,0,2,1,3,1,10,1,1,1,1,1,8,2,3,1,1,I,562,2,1,2,3,3,7,3,3,9100,1,1,0,3,3,7,3,3,9100,1,1,0,3,3,7,3,3,9100,1,1,0,2025,3,10,800000,1460000,1,2
202601,6,,0.비상권,52790,14,0,0,0,1,0,4,21,03,6,1,없음,132,6,0,0,0,2,1,3,1,10,1,1,1,1,1,8,2,3,1,1,S,961,2,1,2,3,3,6,3,3,9100,1,1,0,3,3,6,3,3,9100,1,1,0,3,3,6,3,3,9100,1,1,0,2024,3,7,800000,1460000,1,2
202601,6,,0.비상권,52790,14,0,0,0,1,0,7,21,04,6,2,없음,140,7,0,0,0,2,2,4,1,10,1,1,1,1,1,8,2,3,1,1,S,961,2,1,2,3,3,4,3,3,5400,1,1,0,3,3,4,3,3,5400,1,1,0,3,3,4,3,3,5400,1,1,0,2023,5,9,1270000,1110000,1,1
202601,6,,0.비상권,52790,14,0,0,0,1,0,7,21,04,6,2,없음,140,7,0,0,0,2,2,4,1,10,1,1,1,1,1,8,2,3,1,1,J,581,1,1,1,3,3,5,3,3,9100,1,1,0,3,3,5,3,3,9100,1,1,0,3,3,5,3,3,9100,1,1,0,2022,5,10,1270000,1110000,1,1
202601,6,,0.비상권,52790,14,0,0,0,1,0,7,21,04,6,2,없음,140,7,0,0,0,2,2,4,1,10,1,1,1,1,1,8,2,3,2,2,0,999,3,1,3,1,1,1,3,3,3100,1,1,0,1,1,1,3,3,3100,1,1,0,1,1,1,3,3,3100,1,1,0,0,1,1,1270000,1110000,1,1
202601,6,,0.비상권,52790,14,0,0,0,1,0,4,32,04,5,1,없음,57,6,0,0,0,2,1,3,1,10,1,1,1,1,1,8,2,3,1,1,S,952,3,1,3,3,3,4,3,3,5100,1,1,0,3,3,4,3,3,5100,1,1,0,3,3,4,3,3,5100,1,1,0,2026,3,5,600000,1230000,1,1
202601,6,,0.비상권,52790,22,0,0,0,1,0,7,21,03,7,2,없음,77,1,0,0,0,2,2,4,1,10,2,1,1,1,1,8,2,3,1,1,D,351,3,1,3,4,4,6,4,4,9800,1,1,0,4,4,6,4,4,9800,1,1,0,4,4,6,4,4,9800,1,1,0,2025,5,8,2060000,1510000,1,1
202601,6,,0.비상권,52790,22,0,0,0,1,0,7,21,03,7,2,없음,77,1,0,0,0,2,2,4,1,10,2,1,1,1,1,8,2,3,2,1,S,961,3,1,3,3,3,4,3,3,5200,1,1,0,3,3,4,3,3,5200,1,1,0,3,3,4,3,3,5200,1,1,0,2025,5,8,2060000,1510000,1,1
202601,6,,0.비상권,52790,22,0,0,0,1,0,6,32,03,7,1,없음,220,2,0,0,0,1,1,2,1,10,1,1,1,1,1,8,1,3,1,1,G,472,2,1,2,4,5,8,4,5,22800,1,1,0,4,5,8,4,5,22800,1,1,0,4,5,8,4,5,22800,1,1,0,2024,3,7,2580000,3950000,1,3
202601,6,,0.비상권,52800,22,0,0,0,1,0,1,11,03,9,2,없음,100,5,0,0,0,2,2,4,1,10,2,1,1,1,1,8,2,3,1,1,G,475,1,1,1,2,3,7,2,3,14300,1,1,0,2,3,7,2,3,14300,1,1,0,2,3,7,2,3,14300,1,1,0,2024,3,10,2550000,1510000,1,2
202601,6,,0.비상권,52800,22,0,0,0,1,0,1,11,03,9,2,없음,100,5,0,0,0,2,2,4,1,10,2,1,1,1,1,8,2,3,1,1,G,471,3,1,3,3,5,7,3,5,15700,1,1,0,3,5,7,3,5,15700,1,1,0,3,5,7,3,5,15700,1,1,0,2024,5,10,2550000,1510000,1,2
202601,6,,0.비상권,52800,22,0,0,0,1,0,1,11,03,9,2,없음,100,5,0,0,0,2,2,4,1,10,2,1,1,1,1,8,2,3,1,1,G,474,1,1,1,2,3,7,2,3,14400,1,1,0,2,3,7,2,3,14400,1,1,0,2,3,7,2,3,14400,1,1,0,2026,3,9,2550000,1510000,1,2
202601,6,,0.비상권,52800,22,0,0,0,1,0,1,11,03,9,2,없음,100,5,0,0,0,2,2,4,1,10,2,1,1,1,1,8,2,3,2,1,R,911,4,1,4,2,3,3,2,3,3400,1,1,0,2,3,3,2,3,3400,1,1,0,2,3,3,2,3,3400,1,1,0,2025,3,9,2550000,1510000,1,2
202601,6,,0.비상권,52800,22,0,0,0,1,0,4,32,04,6,1,없음,300,8,0,0,0,2,2,4,1,10,2,1,1,1,1,8,2,3,1,1,I,561,2,1,2,4,3,5,4,3,7300,1,1,0,4,3,5,4,3,7300,1,1,0,4,3,5,4,3,7300,1,1,0,2024,3,7,720000,1380000,1,1
202601,6,,0.비상권,52800,22,0,0,0,1,0,4,32,04,6,1,없음,300,8,0,0,0,2,2,4,1,10,2,1,1,1,1,8,2,3,1,1,I,561,3,1,3,3,3,4,4,3,6600,1,1,0,3,3,4,4,3,6600,1,1,0,3,3,4,4,3,6600,1,1,0,2025,3,10,720000,1380000,1,1
202601,6,,0.비상권,52800,22,0,0,0,1,0,1,51,03,1,1,없음,200,6,0,0,0,2,1,2,1,10,1,1,1,1,1,8,2,3,1,1,G,474,2,1,2,5,4,8,4,4,23500,1,1,0,5,4,8,4,4,23500,1,1,0,5,4,8,4,4,23500,1,1,0,2023,5,7,2020000,6860000,1,2
202601,6,,0.비상권,52800,22,0,0,0,1,0,1,12,03,1,1,없음,250,6,0,0,0,1,1,2,1,10,1,1,1,1,1,8,1,3,1,1,S,961,2,1,2,3,3,7,3,3,11800,1,1,0,3,3,7,3,3,11800,1,1,0,3,3,7,3,3,11800,1,1,0,2023,5,8,2220000,3120000,1,2
202601,6,,0.비상권,52800,22,0,0,0,1,0,1,51,03,1,1,없음,50,6,0,0,0,1,1,2,1,10,1,1,1,1,1,8,1,3,1,1,G,467,2,1,2,2,3,4,3,3,4600,1,1,0,2,3,4,3,3,4600,1,1,0,2,3,4,3,3,4600,1,1,0,2024,3,7,1690000,2400000,1,1
202601,6,,0.비상권,52800,22,0,0,0,1,0,1,51,03,1,1,없음,100,6,0,0,0,2,1,3,1,10,1,1,1,1,1,8,2,3,1,1,S,961,3,1,3,3,3,4,4,3,6600,1,1,0,3,3,4,4,3,6600,1,1,0,3,3,4,4,3,6600,1,1,0,2022,5,6,1800000,2670000,1,1
202601,6,,0.비상권,52800,22,0,0,0,1,0,1,51,03,1,1,없음,100,4,0,0,0,2,1,2,1,10,1,1,1,1,1,8,2,3,1,1,G,474,1,1,2,3,3,5,3,3,8600,1,1,0,3,3,5,3,3,8600,1,1,0,3,3,5,3,3,8600,1,1,0,2025,3,9,1450000,3400000,1,1
202601,6,,0.비상권,52800,22,0,0,0,1,0,1,51,03,1,1,없음,100,4,0,0,0,2,1,2,1,10,1,1,1,1,1,8,2,3,1,2,G,478,1,1,2,1,1,1,3,3,8800,1,1,0,1,1,1,3,3,8800,1,1,0,1,1,1,3,3,8800,1,1,0,0,1,1,1450000,3400000,1,1
202601,6,,목포구도심,46110,13,0,400,0,1,0,7,31,03,6,1,없음,200,5,0,0,0,2,1,3,1,10,1,1,1,1,1,8,2,3,1,1,G,463,2,1,2,3,3,6,3,3,8200,1,1,0,3,3,6,3,3,8200,1,1,0,3,3,6,3,3,8200,1,1,0,2026,3,9,1090000,1830000,1,1
202601,6,,목포구도심,46110,13,0,400,0,1,0,7,31,03,6,1,없음,200,5,0,0,0,2,1,3,1,10,1,1,1,1,1,8,2,3,1,1,Q,869,2,1,2,3,3,6,3,3,8200,1,1,0,3,3,6,3,3,8200,1,1,0,3,3,6,3,3,8200,1,1,0,2026,3,9,1090000,1830000,1,1
202601,6,,목포구도심,46110,22,0,300,0,1,0,4,31,03,8,2,없음,70,1,0,0,0,2,2,4,1,9,2,1,1,1,1,8,2,3,1,1,I,561,3,1,3,4,4,5,4,4,7300,1,1,0,4,4,5,4,4,7300,1,1,0,4,4,5,4,4,7300,1,1,0,2025,3,10,2430000,1660000,1,1
202601,6,,목포구도심,46110,22,0,300,0,1,0,4,31,03,8,2,없음,70,1,0,0,0,2,2,4,1,9,2,1,1,1,1,8,2,3,2,1,I,562,3,1,3,3,3,3,3,3,3300,1,1,0,3,3,3,3,3,3300,1,1,0,3,3,3,3,3,3300,1,1,0,2024,3,9,2430000,1660000,1,1
202601,6,,목포구도심,46110,22,0,300,400,1,0,1,51,03,5,1,없음,12,1,0,0,0,2,1,3,1,10,1,1,1,1,1,8,2,3,1,1,S,969,2,1,2,3,3,5,3,3,6300,1,1,0,3,3,5,3,3,6300,1,1,0,3,3,5,3,3,6300,1,1,0,2025,3,8,1810000,2770000,1,1
202601,6,,목포구도심,46110,22,0,300,400,1,0,1,51,03,5,1,없음,12,1,0,0,0,2,1,3,1,10,1,1,1,1,1,8,2,3,1,1,I,561,2,1,2,3,3,5,3,3,6300,1,1,0,3,3,5,3,3,6300,1,1,0,3,3,5,3,3,6300,1,1,0,2025,2,10,1810000,2770000,1,1
202601,6,,목포구도심,46110,22,0,300,400,1,0,1,51,03,5,1,없음,12,1,0,0,0,2,1,3,1,10,1,1,1,1,1,8,2,3,2,6,0,999,1,1,1,1,1,1,2,2,2200,1,1,1,1,1,1,2,2,2200,1,1,1,1,1,1,2,2,2200,1,1,1,0,1,1,1810000,2770000,1,1
202601,6,,목포구도심,46110,13,0,400,0,1,0,1,51,04,6,1,없음,175,7,0,0,0,2,1,3,1,10,1,1,1,1,1,8,2,3,1,1,N,751,3,1,3,3,3,4,3,3,5400,1,1,0,3,3,4,3,3,5400,1,1,0,3,3,4,3,3,5400,1,1,0,2026,3,10,740000,1240000,1,2
202601,6,,목포구도심,46110,22,0,300,400,1,0,1,21,04,10,2,없음,100,2,0,0,0,2,2,4,1,9,1,1,2,1,1,8,2,3,1,1,G,474,2,1,2,3,3,5,3,3,7400,1,1,0,3,3,5,3,3,7400,1,1,0,3,3,5,3,3,7400,1,1,0,2025,3,10,1780000,910000,1,1
202601,6,,목포구도심,46110,22,0,300,400,1,0,1,21,04,10,2,없음,100,2,0,0,0,2,2,4,1,9,1,1,2,1,1,8,2,3,1,1,S,969,2,1,2,5,3,5,5,3,7500,1,1,0,5,3,5,5,3,7500,1,1,0,5,3,5,5,3,7500,1,1,0,2026,2,6,1780000,910000,1,1
202601,6,,목포구도심,46110,22,0,300,400,1,0,1,21,04,10,2,없음,100,2,0,0,0,2,2,4,1,9,1,1,2,1,1,8,2,3,2,2,0,999,3,1,4,1,1,1,3,3,3000,1,1,0,1,1,1,3,3,3000,1,1,0,1,1,1,3,3,3000,1,1,0,0,1,1,1780000,910000,1,1
202601,6,,목포구도심,46110,22,0,300,400,1,0,1,11,03,10,2,없음,100,2,0,0,0,2,2,4,1,10,1,1,1,1,1,8,2,3,1,1,L,682,2,1,2,4,3,7,4,3,12800,1,1,0,4,3,7,4,3,12800,1,1,0,4,3,7,4,3,12800,1,1,0,2025,3,10,2070000,1180000,1,1
202601,6,,목포구도심,46110,22,0,300,400,1,0,1,11,03,10,2,없음,100,2,0,0,0,2,2,4,1,10,1,1,1,1,1,8,2,3,1,1,S,961,2,1,2,4,3,6,4,4,11600,1,1,0,4,3,6,4,4,11600,1,1,0,4,3,6,4,4,11600,1,1,0,2025,3,9,2070000,1180000,1,1
202601,6,,목포구도심,46110,22,0,300,400,1,0,1,11,03,10,2,없음,100,2,0,0,0,2,2,4,1,10,1,1,1,1,1,8,2,3,2,6,0,999,3,1,3,1,1,1,3,3,5300,1,1,1,1,1,1,3,3,5300,1,1,1,1,1,1,3,3,5300,1,1,1,0,1,1,2070000,1180000,1,1
202601,6,,목포구도심,46110,22,0,400,300,1,0,2,21,03,8,1,없음,5,1,0,0,0,2,2,4,1,10,2,1,1,1,1,8,2,3,1,1,G,472,4,1,4,6,4,6,6,5,9400,1,1,0,6,4,6,6,5,9400,1,1,0,6,4,6,6,5,9400,1,1,0,2026,3,10,2030000,2560000,1,1
202601,6,,목포구도심,46110,14,0,400,0,1,0,2,21,04,6,2,없음,100,4,0,0,0,2,2,4,2,9,2,2,1,1,1,8,2,3,1,1,G,466,4,1,4,4,4,4,4,4,5300,1,1,0,4,4,4,4,4,5300,1,1,0,4,4,4,4,4,5300,1,1,0,2026,3,10,1530000,1330000,1,1
202601,6,,목포구도심,46110,14,0,400,0,1,0,2,21,04,6,2,없음,100,4,0,0,0,2,2,4,2,9,2,2,1,1,1,8,2,3,2,6,0,999,4,1,4,1,1,1,3,3,1900,1,1,1,1,1,1,3,3,1900,1,1,1,1,1,1,3,3,1900,1,1,1,0,1,1,1530000,1330000,1,1
202601,6,,목포구도심,46110,14,0,400,0,1,0,8,31,03,6,1,없음,38,2,0,0,0,2,1,2,1,10,1,1,1,1,1,8,2,3,1,1,G,475,2,1,2,1,3,5,5,3,7800,1,1,0,1,3,5,5,3,7800,1,1,0,1,3,5,5,3,7800,1,1,0,2025,3,9,2000000,3490000,1,1
202601,6,,목포구도심,46110,14,0,400,0,1,0,3,21,03,6,2,없음,150,6,0,0,0,2,2,4,1,9,1,1,1,1,1,8,2,3,1,1,S,949,3,1,3,3,3,3,4,3,4800,1,1,0,3,3,3,4,3,4800,1,1,0,3,3,3,4,3,4800,1,1,0,2023,4,9,1300000,1200000,1,1
202601,6,,목포구도심,46110,14,0,400,0,1,0,3,21,03,6,2,없음,150,6,0,0,0,2,2,4,1,9,1,1,1,1,1,8,2,3,2,2,0,999,2,1,3,1,1,1,3,3,3200,1,1,0,1,1,1,3,3,3200,1,1,0,1,1,1,3,3,3200,1,1,0,0,1,1,1300000,1200000,1,1
202601,6,,목포구도심,46110,14,0,400,0,1,0,2,11,03,6,2,없음,110,6,0,0,0,2,2,4,1,10,1,1,1,1,1,8,2,3,1,1,G,478,3,1,3,3,3,3,4,3,4600,1,1,0,3,3,3,4,3,4600,1,1,0,3,3,3,4,3,4600,1,1,0,2024,3,8,1100000,1030000,1,1
202601,6,,목포구도심,46110,14,0,400,0,1,0,2,11,03,6,2,없음,110,6,0,0,0,2,2,4,1,10,1,1,1,1,1,8,2,3,2,2,0,999,3,1,3,1,1,1,3,3,3000,1,1,0,1,1,1,3,3,3000,1,1,0,1,1,1,3,3,3000,1,1,0,0,1,1,1100000,1030000,1,1
202601,6,,목포구도심,46110,14,0,400,0,1,0,2,19,03,6,2,없음,57,6,0,0,0,2,2,4,1,10,1,1,1,1,1,8,2,3,1,1,I,561,2,1,3,4,3,5,4,3,6000,1,1,0,4,3,5,4,3,6000,1,1,0,4,3,5,4,3,6000,1,1,0,2024,3,9,1020000,870000,1,1
202601,6,,목포구도심,46110,14,0,400,0,1,0,2,19,03,6,2,없음,57,6,0,0,0,2,2,4,1,10,1,1,1,1,1,8,2,3,2,2,0,999,2,1,2,1,1,1,3,3,2600,1,1,0,1,1,1,3,3,2600,1,1,0,1,1,1,3,3,2600,1,1,0,0,1,1,1020000,870000,1,1
202601,6,,목포구도심,46110,14,0,400,0,1,0,2,11,03,6,1,없음,200,6,0,0,0,2,2,4,1,10,2,1,1,1,1,8,2,3,1,1,I,561,4,1,4,5,4,5,5,4,6500,1,1,0,5,4,5,5,4,6500,1,1,0,5,4,5,5,4,6500,1,1,0,2026,3,7,970000,1630000,1,1
202601,6,,목포구도심,46110,14,0,400,0,1,0,3,21,01,6,2,없음,100,6,0,0,0,2,2,4,1,10,2,1,2,1,1,8,2,3,1,1,G,463,3,1,4,4,3,4,4,3,4100,1,1,0,4,3,4,4,3,4100,1,1,0,4,3,4,4,3,4100,1,1,0,2024,3,9,1140000,970000,1,1
202601,6,,목포구도심,46110,14,0,400,0,1,0,3,21,01,6,2,없음,100,6,0,0,0,2,2,4,1,10,2,1,2,1,1,8,2,3,2,2,0,999,3,1,4,1,1,1,3,3,2800,1,1,0,1,1,1,3,3,2800,1,1,0,1,1,1,3,3,2800,1,1,0,0,1,1,1140000,970000,1,1
202601,6,,목포구도심,46110,22,0,400,300,1,0,2,11,03,8,1,없음,150,1,0,0,0,3,2,4,2,9,1,1,2,1,1,8,3,3,1,1,G,473,3,1,3,4,5,7,4,5,13000,1,1,0,4,5,7,4,5,13000,1,1,0,4,5,7,4,5,13000,1,1,0,2024,3,9,1670000,2260000,1,1
202601,6,,목포구도심,46110,22,0,400,300,1,0,2,11,03,8,1,없음,150,1,0,0,0,3,2,4,2,9,1,1,2,1,1,8,3,3,1,2,G,462,4,1,4,1,1,1,5,5,8700,1,1,0,1,1,1,5,5,8700,1,1,0,1,1,1,5,5,8700,1,1,0,0,1,1,1670000,2260000,1,1
202601,6,,목포구도심,46110,22,0,400,300,1,0,2,11,03,8,1,없음,150,1,0,0,0,3,2,4,2,9,1,1,2,1,1,8,3,3,1,2,G,462,2,1,2,1,1,1,3,3,9600,1,1,0,1,1,1,3,3,9600,1,1,0,1,1,1,3,3,9600,1,1,0,0,1,1,1670000,2260000,1,1
202601,6,,목포구도심,46110,13,0,400,0,1,0,4,21,03,6,2,없음,250,6,0,0,0,2,2,4,1,10,1,2,1,1,1,8,2,3,1,6,0,999,4,1,4,1,1,1,4,4,6100,1,1,1,1,1,1,4,4,6100,1,1,1,1,1,1,4,4,6100,1,1,1,0,1,1,1150000,1140000,1,1
202601,6,,목포구도심,46110,13,0,400,0,1,0,4,21,03,6,2,없음,250,6,0,0,0,2,2,4,1,10,1,2,1,1,1,8,2,3,2,2,0,999,3,1,3,1,1,1,3,3,3300,1,1,0,1,1,1,3,3,3300,1,1,0,1,1,1,3,3,3300,1,1,0,0,1,1,1150000,1140000,1,1
202601,6,,목포구도심,46110,22,0,300,0,1,0,4,12,03,6,1,없음,85,1,0,0,0,1,1,2,1,10,1,1,1,1,1,8,1,3,1,1,G,478,2,1,2,3,3,7,3,3,11600,1,1,0,3,3,7,3,3,11600,1,1,0,3,3,7,3,3,11600,1,1,0,2025,3,10,1240000,2210000,1,3
202601,6,,목포구도심,46110,22,14,300,0,1,0,1,51,03,8,1,없음,165,10,0,0,0,1,1,2,1,10,1,1,1,1,1,8,1,3,1,1,I,561,2,1,2,4,3,4,4,3,5300,1,1,0,4,3,4,4,3,5300,1,1,0,4,3,4,4,3,5300,1,1,0,2024,3,7,510000,690000,1,1
202601,6,,목포구도심,46110,22,0,300,0,1,0,4,32,03,8,1,없음,70,6,0,0,0,1,1,2,1,10,1,1,1,1,1,8,1,3,1,1,S,969,2,1,2,4,3,6,4,3,8500,1,1,0,4,3,6,4,3,8500,1,1,0,4,3,6,4,3,8500,1,1,0,2024,3,9,1180000,1540000,1,2
202601,6,,목포구도심,46110,16,0,0,0,1,0,8,32,03,7,1,없음,250,6,0,0,0,2,1,3,1,10,1,1,1,1,1,8,2,3,1,1,G,463,3,1,3,3,3,5,3,3,6200,1,1,0,3,3,5,3,3,6200,1,1,0,3,3,5,3,3,6200,1,1,0,2025,3,10,1260000,1810000,1,1
202601,6,,0.비상권,46110,14,0,0,0,1,0,3,32,03,5,1,없음,150,2,0,0,0,2,1,3,1,10,1,1,1,1,1,8,2,3,1,1,I,561,3,1,3,5,6,9,5,6,34100,1,1,0,5,6,9,5,6,34100,1,1,0,5,6,9,5,6,34100,1,1,0,2025,2,10,2590000,5540000,1,2
202601,6,,0.비상권,46110,13,0,0,0,1,0,8,31,03,6,1,없음,360,5,0,0,0,2,1,2,1,9,1,1,1,1,1,8,2,3,1,6,0,999,1,1,1,1,1,1,3,3,17600,1,1,1,1,1,1,3,3,17600,1,1,1,1,1,1,3,3,17600,1,1,1,0,1,1,1310000,2200000,1,1
202601,6,,0.비상권,46110,13,0,0,0,1,0,8,31,03,6,1,없음,360,5,0,0,0,2,1,2,1,9,1,1,1,1,1,8,2,3,1,1,S,961,2,1,2,3,3,7,3,3,12000,1,1,0,3,3,7,3,3,12000,1,1,0,3,3,7,3,3,12000,1,1,0,2025,3,10,1310000,2200000,1,1
202601,6,,0.비상권,46110,13,0,0,0,1,0,1,12,04,4,1,없음,50,4,0,0,0,1,1,1,1,10,1,1,1,1,1,8,1,3,1,1,I,561,1,1,1,4,4,8,4,4,21900,1,1,0,4,4,8,4,4,21900,1,1,0,4,4,8,4,4,21900,1,1,0,2025,3,10,1370000,4180000,1,3
202601,6,,0.비상권,46110,13,0,0,0,1,0,3,32,03,6,1,없음,350,5,0,0,0,2,2,4,1,10,2,1,1,1,1,8,2,3,1,1,I,561,2,1,2,6,4,8,6,4,23000,1,1,0,6,4,8,6,4,23000,1,1,0,6,4,8,6,4,23000,1,1,0,2025,3,10,2030000,3550000,1,2
202601,6,,0.비상권,46110,13,0,0,0,1,0,3,32,03,6,1,없음,350,5,0,0,0,2,2,4,1,10,2,1,1,1,1,8,2,3,1,1,I,561,2,1,2,6,5,8,6,5,26400,1,1,0,6,5,8,6,5,26400,1,1,0,6,5,8,6,5,26400,1,1,0,2025,3,6,2030000,3550000,1,2
202601,6,,0.비상권,46110,13,0,0,0,1,0,3,11,03,6,1,없음,250,6,0,0,0,2,2,4,1,10,2,1,1,1,1,8,2,3,1,1,I,561,4,1,4,6,6,8,6,6,24600,1,1,0,6,6,8,6,6,24600,1,1,0,6,6,8,6,6,24600,1,1,0,2024,3,10,2100000,3560000,1,2
202601,6,,0.비상권,46110,13,0,0,0,1,0,2,11,03,6,1,없음,110,6,0,0,0,2,2,3,2,8,1,1,1,1,1,8,2,3,1,1,I,561,1,1,1,5,4,9,5,4,46400,1,1,0,5,4,9,5,4,46400,1,1,0,5,4,9,5,4,46400,1,1,0,2025,3,10,2230000,2450000,1,2
202601,6,,0.비상권,46110,13,0,0,0,1,0,2,11,03,6,1,없음,110,6,0,0,0,2,2,3,2,8,1,1,1,1,1,8,2,3,1,1,G,474,2,1,2,6,5,8,6,5,24200,1,1,0,6,5,8,6,5,24200,1,1,0,6,5,8,6,5,24200,1,1,0,2025,3,10,2230000,2450000,1,2
202601,6,,0.비상권,46110,13,0,0,0,1,0,2,11,03,6,1,없음,110,6,0,0,0,2,2,3,2,8,1,1,1,1,1,8,2,3,2,2,H,521,1,1,2,1,1,1,4,3,5300,1,1,0,1,1,1,4,3,5300,1,1,0,1,1,1,4,3,5300,1,1,0,0,1,1,2230000,2450000,1,2
202601,6,,0.비상권,46110,13,0,0,0,1,0,2,11,04,6,1,없음,150,8,0,0,0,2,2,4,1,9,1,1,1,1,1,8,2,3,1,6,0,999,3,1,3,1,1,1,5,5,17800,1,1,1,1,1,1,5,5,17800,1,1,1,1,1,1,5,5,17800,1,1,1,0,1,1,2030000,2210000,1,1
202601,6,,0.비상권,46110,13,0,0,0,1,0,2,11,04,6,1,없음,150,8,0,0,0,2,2,4,1,9,1,1,1,1,1,8,2,3,2,2,0,999,2,1,3,1,1,1,4,3,6700,1,1,0,1,1,1,4,3,6700,1,1,0,1,1,1,4,3,6700,1,1,0,0,1,1,2030000,2210000,1,1
202601,6,,0.비상권,46110,14,0,0,0,1,0,8,31,04,6,1,없음,100,1,0,0,0,2,2,4,1,10,2,1,1,1,1,8,2,3,1,1,S,969,2,1,2,5,4,7,6,5,25000,1,1,0,5,4,7,6,5,25000,1,1,0,5,4,7,6,5,25000,1,1,0,2026,3,10,2770000,4680000,1,2
202601,6,,0.비상권,46110,14,0,0,0,1,0,8,31,04,6,1,없음,100,1,0,0,0,2,2,4,1,10,2,1,1,1,1,8,2,3,1,1,S,961,3,1,3,4,5,7,6,5,22400,1,1,0,4,5,7,6,5,22400,1,1,0,4,5,7,6,5,22400,1,1,0,2026,2,10,2770000,4680000,1,2
202601,6,,0.비상권,46110,14,0,0,0,1,0,2,11,03,6,2,없음,190,6,0,0,0,2,2,4,1,9,1,1,1,1,1,8,2,3,1,1,I,561,2,1,2,3,3,6,3,3,7800,1,1,0,3,3,6,3,3,7800,1,1,0,3,3,6,3,3,7800,1,1,0,2025,3,10,1600000,1440000,1,1
202601,6,,0.비상권,46110,14,0,0,0,1,0,2,11,03,6,2,없음,190,6,0,0,0,2,2,4,1,9,1,1,1,1,1,8,2,3,2,2,0,999,2,1,2,1,1,1,3,3,3900,1,1,0,1,1,1,3,3,3900,1,1,0,1,1,1,3,3,3900,1,1,0,0,1,1,1600000,1440000,1,1
202601,6,,목포구도심,46110,22,0,300,0,1,0,1,21,03,7,2,없음,105,4,0,0,0,1,1,2,1,8,1,1,1,1,1,8,1,3,1,1,G,474,1,1,2,3,3,7,3,3,9700,1,1,0,3,3,7,3,3,9700,1,1,0,3,3,7,3,3,9700,1,1,0,2025,3,9,2070000,1500000,1,1
202601,6,,목포구도심,46110,22,0,300,0,1,0,1,21,03,7,2,없음,105,4,0,0,0,1,1,2,1,8,1,1,1,1,1,8,1,3,2,1,G,474,1,1,2,3,3,4,3,3,4800,1,1,0,3,3,4,3,3,4800,1,1,0,3,3,4,3,3,4800,1,1,0,2025,3,9,2070000,1500000,1,1
202601,6,,목포구도심,46110,22,0,300,0,1,0,8,21,03,9,2,없음,53,6,0,0,0,1,1,3,1,10,1,1,1,1,1,8,1,3,1,1,G,474,2,1,2,4,3,7,4,3,11800,1,1,0,4,3,7,4,3,11800,1,1,0,4,3,7,4,3,11800,1,1,0,2024,3,9,3540000,2140000,1,1
202601,6,,목포구도심,46110,22,0,300,0,1,0,8,21,03,9,2,없음,53,6,0,0,0,1,1,3,1,10,1,1,1,1,1,8,1,3,2,1,G,474,2,1,2,3,3,4,3,3,4600,1,1,0,3,3,4,3,3,4600,1,1,0,3,3,4,3,3,4600,1,1,0,2024,3,9,3540000,2140000,1,1
202601,6,,목포구도심,46110,22,0,300,0,1,0,7,31,04,9,2,없음,200,6,0,0,0,2,2,4,1,10,2,1,1,1,1,8,2,3,1,1,I,561,3,1,3,3,3,4,3,3,6200,1,1,0,3,3,4,3,3,6200,1,1,0,3,3,4,3,3,6200,1,1,0,2025,3,10,2090000,1560000,1,1
202601,6,,목포구도심,46110,22,0,300,0,1,0,7,31,04,9,2,없음,200,6,0,0,0,2,2,4,1,10,2,1,1,1,1,8,2,3,1,1,R,912,2,1,2,3,3,5,3,3,6300,1,1,0,3,3,5,3,3,6300,1,1,0,3,3,5,3,3,6300,1,1,0,2024,3,9,2090000,1560000,1,1
202601,6,,목포구도심,46110,22,0,300,0,1,0,7,31,04,9,2,없음,200,6,0,0,0,2,2,4,1,10,2,1,1,1,1,8,2,3,2,1,R,912,3,1,3,3,3,3,3,3,4100,1,1,0,3,3,3,3,3,4100,1,1,0,3,3,3,3,3,4100,1,1,0,2024,3,9,2090000,1560000,1,1
202601,6,,목포구도심,46110,13,0,0,0,1,0,1,11,03,9,1,없음,150,6,0,0,0,1,1,2,1,10,1,1,1,1,1,8,1,3,1,1,S,961,2,1,2,3,3,5,3,3,6700,1,1,0,3,3,5,3,3,6700,1,1,0,3,3,5,3,3,6700,1,1,0,2024,3,10,690000,860000,1,2
202601,6,,목포구도심,46110,22,0,300,0,1,0,1,51,04,7,1,없음,130,9,0,0,0,1,1,2,1,10,1,1,1,1,1,8,1,3,1,1,I,561,2,1,2,4,3,7,4,4,12100,1,1,0,4,3,7,4,4,12100,1,1,0,4,3,7,4,4,12100,1,1,0,2025,3,10,1790000,2670000,1,2
202601,6,,목포구도심,46110,22,0,300,0,1,0,4,32,03,8,2,없음,120,4,0,0,0,1,1,3,1,10,1,1,1,1,1,8,1,3,1,1,I,562,2,1,2,4,4,7,4,4,20400,1,1,0,4,4,7,4,4,20400,1,1,0,4,4,7,4,4,20400,1,1,0,2021,5,9,3620000,2290000,1,2
202601,6,,목포구도심,46110,22,0,300,0,1,0,4,32,03,8,2,없음,120,4,0,0,0,1,1,3,1,10,1,1,1,1,1,8,1,3,2,1,I,562,2,1,2,3,3,6,3,3,9000,1,1,0,3,3,6,3,3,9000,1,1,0,3,3,6,3,3,9000,1,1,0,2021,5,9,3620000,2290000,1,2
202601,6,,목포구도심,46110,22,0,300,0,1,0,1,51,03,8,1,없음,2,4,0,0,0,1,1,2,1,10,1,1,1,1,1,8,1,3,1,1,I,561,2,1,2,3,3,7,4,3,11300,1,1,0,3,3,7,4,3,11300,1,1,0,3,3,7,4,3,11300,1,1,0,2025,3,10,3960000,5310000,1,2
202601,6,,목포구도심,46110,22,0,120,300,1,0,1,51,03,10,1,없음,5,4,0,0,0,1,1,2,1,7,1,1,1,1,1,8,1,3,1,6,0,999,2,1,3,1,1,1,4,5,15900,1,1,1,1,1,1,4,5,15900,1,1,1,1,1,1,4,5,15900,1,1,1,0,1,1,3440000,3610000,1,1
202601,6,,목포구도심,46110,22,0,300,0,1,0,1,51,03,8,2,없음,24,6,0,0,0,1,1,2,1,9,1,1,1,1,1,8,1,3,1,1,C,271,1,1,2,5,4,8,5,4,22900,1,1,0,5,4,8,5,4,22900,1,1,0,5,4,8,5,4,22900,1,1,0,2025,3,9,3050000,2340000,1,2
202601,6,,목포구도심,46110,22,0,300,0,1,0,1,51,03,8,2,없음,24,6,0,0,0,1,1,2,1,9,1,1,1,1,1,8,1,3,2,6,0,999,1,1,1,1,1,1,3,2,6000,1,1,1,1,1,1,3,2,6000,1,1,1,1,1,1,3,2,6000,1,1,1,0,1,1,3050000,2340000,1,2
202601,6,,목포구도심,46110,22,0,300,0,1,0,1,51,03,9,2,없음,117,6,0,0,0,1,1,3,1,10,1,1,1,1,1,8,1,3,1,1,S,961,2,1,2,3,4,7,3,4,13200,1,1,0,3,4,7,3,4,13200,1,1,0,3,4,7,3,4,13200,1,1,0,2024,3,9,4540000,3930000,1,1
202601,6,,목포구도심,46110,22,0,300,0,1,0,1,51,03,9,2,없음,117,6,0,0,0,1,1,3,1,10,1,1,1,1,1,8,1,3,2,1,S,961,1,1,1,2,3,6,2,3,9400,1,1,0,2,3,6,2,3,9400,1,1,0,2,3,6,2,3,9400,1,1,0,2024,3,9,4540000,3930000,1,1
202601,6,,목포구도심,46110,22,0,300,0,1,0,1,11,03,9,2,없음,20,6,0,0,0,1,2,4,1,10,2,1,1,1,1,8,1,3,1,1,I,561,3,1,3,5,4,7,5,5,14100,1,1,0,5,4,7,5,5,14100,1,1,0,5,4,7,5,5,14100,1,1,0,2025,3,9,3000000,2240000,1,1
202601,6,,목포구도심,46110,22,0,300,0,1,0,1,11,03,9,2,없음,20,6,0,0,0,1,2,4,1,10,2,1,1,1,1,8,1,3,2,1,I,561,2,1,2,3,3,6,3,3,10000,1,1,0,3,3,6,3,3,10000,1,1,0,3,3,6,3,3,10000,1,1,0,2025,3,9,3000000,2240000,1,1
202601,6,,목포구도심,46110,22,0,120,300,1,0,1,51,04,5,1,없음,74,6,0,0,0,1,1,2,1,10,1,1,1,1,1,8,1,3,1,1,R,901,2,1,2,2,3,5,3,3,6700,1,1,0,2,3,5,3,3,6700,1,1,0,2,3,5,3,3,6700,1,1,0,2026,3,8,1250000,1780000,1,2
202601,6,,목포구도심,46110,22,0,120,300,1,0,1,51,04,5,1,없음,74,6,0,0,0,1,1,2,1,10,1,1,1,1,1,8,1,3,2,1,R,901,1,1,1,1,2,4,2,2,4400,1,1,0,1,2,4,2,2,4400,1,1,0,1,2,4,2,2,4400,1,1,0,2026,3,8,1250000,1780000,1,2
202601,6,,목포구도심,46110,22,0,120,300,1,0,1,51,03,9,2,없음,100,6,0,0,0,1,1,2,1,10,1,1,1,1,1,8,1,3,1,1,N,752,1,1,1,3,3,6,3,3,9400,1,1,0,3,3,6,3,3,9400,1,1,0,3,3,6,3,3,9400,1,1,0,2025,2,5,1600000,1120000,1,2
202601,6,,목포구도심,46110,22,0,120,300,1,0,1,51,03,9,2,없음,100,6,0,0,0,1,1,2,1,10,1,1,1,1,1,8,1,3,2,2,0,999,1,1,1,1,1,1,3,2,4800,1,1,0,1,1,1,3,2,4800,1,1,0,1,1,1,3,2,4800,1,1,0,0,1,1,1600000,1120000,1,2
202601,6,,목포구도심,46110,22,0,120,0,1,0,6,31,03,9,2,없음,250,6,0,0,0,1,2,4,1,10,2,1,1,1,1,8,1,3,1,1,I,562,3,1,3,5,3,6,5,3,8300,1,1,0,5,3,6,5,3,8300,1,1,0,5,3,6,5,3,8300,1,1,0,2026,3,9,2860000,1670000,1,1
202601,6,,목포구도심,46110,22,0,120,0,1,0,6,31,03,9,2,없음,250,6,0,0,0,1,2,4,1,10,2,1,1,1,1,8,1,3,2,1,I,562,3,1,3,3,3,3,3,3,3200,1,1,0,3,3,3,3,3,3200,1,1,0,3,3,3,3,3,3200,1,1,0,2026,3,9,2860000,1670000,1,1
202601,6,,목포구도심,46110,22,0,120,300,1,0,1,51,03,8,2,없음,160,6,0,0,0,1,2,3,1,10,2,1,1,1,1,8,1,3,1,1,N,751,2,1,2,3,3,4,3,3,5400,1,1,0,3,3,4,3,3,5400,1,1,0,3,3,4,3,3,5400,1,1,0,2026,3,10,860000,560000,1,1
202601,6,,목포구도심,46110,22,0,120,300,1,0,1,51,03,8,2,없음,160,6,0,0,0,1,2,3,1,10,2,1,1,1,1,8,1,3,2,1,H,529,2,1,2,3,2,2,3,2,1900,1,1,0,3,2,2,3,2,1900,1,1,0,3,2,2,3,2,1900,1,1,0,2024,3,8,860000,560000,1,1
202601,6,,목포구도심,46110,22,0,120,300,1,0,1,51,03,9,2,없음,80,5,0,0,0,1,1,3,1,10,1,1,1,1,1,8,1,3,1,1,G,466,2,1,2,4,3,6,4,3,8500,1,1,0,4,3,6,4,3,8500,1,1,0,4,3,6,4,3,8500,1,1,0,2024,4,8,1110000,670000,1,1
202601,6,,목포구도심,46110,22,0,120,300,1,0,1,51,03,9,2,없음,80,5,0,0,0,1,1,3,1,10,1,1,1,1,1,8,1,3,2,1,G,466,2,1,2,3,2,3,3,2,2800,1,1,0,3,2,3,3,2,2800,1,1,0,3,2,3,3,2,2800,1,1,0,2024,4,8,1110000,670000,1,1
202601,6,,목포구도심,46110,22,0,120,300,1,0,1,51,03,6,1,없음,80,6,0,0,0,1,1,2,1,10,1,1,1,1,1,8,1,3,1,1,C,106,2,1,2,3,3,7,3,3,13500,1,1,0,3,3,7,3,3,13500,1,1,0,3,3,7,3,3,13500,1,1,0,2026,3,10,720000,760000,1,2
202601,6,,목포구도심,46110,22,0,120,300,1,0,1,51,03,6,1,없음,80,6,0,0,0,1,1,2,1,10,1,1,1,1,1,8,1,3,2,2,0,999,1,1,1,1,1,1,3,3,7400,1,1,0,1,1,1,3,3,7400,1,1,0,1,1,1,3,3,7400,1,1,0,0,1,1,720000,760000,1,2
202601,6,,목포구도심,46110,22,0,120,300,1,0,1,51,03,8,2,없음,180,6,0,0,0,2,2,4,1,10,2,1,1,1,1,8,2,3,1,1,G,474,3,1,3,5,3,4,5,3,5500,1,1,0,5,3,4,5,3,5500,1,1,0,5,3,4,5,3,5500,1,1,0,2024,3,9,670000,490000,1,1
202601,6,,목포구도심,46110,22,0,120,300,1,0,1,51,03,8,2,없음,180,6,0,0,0,2,2,4,1,10,2,1,1,1,1,8,2,3,2,1,G,474,2,1,2,4,2,3,4,2,2400,1,1,0,4,2,3,4,2,2400,1,1,0,4,2,3,4,2,2400,1,1,0,2024,3,9,670000,490000,1,1
202601,6,,목포구도심,46110,22,0,200,300,1,0,4,11,04,8,1,없음,50,6,0,0,0,1,1,2,1,10,1,1,1,1,1,8,1,3,1,1,G,478,2,1,2,3,3,5,3,3,6700,1,1,0,3,3,5,3,3,6700,1,1,0,3,3,5,3,3,6700,1,1,0,2025,3,8,1270000,1740000,1,2
202601,6,,목포구도심,46110,22,0,300,0,1,0,1,51,03,9,2,없음,10,6,0,0,0,2,2,4,1,9,2,1,1,1,1,8,2,3,1,1,G,471,4,1,4,4,4,4,4,4,4400,1,1,0,4,4,4,4,4,4400,1,1,0,4,4,4,4,4,4400,1,1,0,2025,3,8,910000,790000,1,1
202601,6,,목포구도심,46110,22,0,300,0,1,0,1,51,03,9,2,없음,10,6,0,0,0,2,2,4,1,9,2,1,1,1,1,8,2,3,2,6,0,999,2,1,2,1,1,1,2,3,3200,1,1,1,1,1,1,2,3,3200,1,1,1,1,1,1,2,3,3200,1,1,1,0,1,1,910000,790000,1,1
202601,6,,목포구도심,46110,22,0,300,0,1,0,1,51,03,9,1,없음,20,6,0,0,0,1,1,2,1,10,1,1,1,1,1,8,1,3,1,6,0,999,2,1,2,1,1,1,2,3,5100,1,1,1,1,1,1,2,3,5100,1,1,1,1,1,1,2,3,5100,1,1,1,0,1,1,760000,890000,1,2
202601,6,,목포구도심,46110,22,0,200,300,1,0,1,12,03,7,2,없음,115,1,0,0,0,1,1,3,1,9,1,1,1,1,1,8,1,3,1,1,I,561,2,1,2,3,3,5,3,3,6400,1,1,0,3,3,5,3,3,6400,1,1,0,3,3,5,3,3,6400,1,1,0,2025,3,8,1760000,1420000,1,1
202601,6,,목포구도심,46110,22,0,200,300,1,0,1,12,03,7,2,없음,115,1,0,0,0,1,1,3,1,9,1,1,1,1,1,8,1,3,2,6,0,999,2,1,2,1,1,1,3,3,3800,1,1,1,1,1,1,3,3,3800,1,1,1,1,1,1,3,3,3800,1,1,1,0,1,1,1760000,1420000,1,1
202601,6,,목포구도심,46110,22,0,200,300,1,0,1,12,03,7,2,없음,20,1,0,0,0,2,2,4,1,9,1,1,1,1,1,8,2,3,1,1,G,466,3,1,3,3,3,4,3,3,5200,1,1,0,3,3,4,3,3,5200,1,1,0,3,3,4,3,3,5200,1,1,0,2024,3,7,1640000,1460000,1,1
202601,6,,목포구도심,46110,22,0,200,300,1,0,1,12,03,7,2,없음,20,1,0,0,0,2,2,4,1,9,1,1,1,1,1,8,2,3,2,6,0,999,2,1,2,1,1,1,3,3,3600,1,1,1,1,1,1,3,3,3600,1,1,1,1,1,1,3,3,3600,1,1,1,0,1,1,1640000,1460000,1,1
202601,6,,목포구도심,46110,22,0,300,0,1,0,1,51,04,8,2,없음,150,6,0,0,0,1,1,3,1,9,1,1,1,1,1,8,1,3,1,1,S,969,2,1,2,3,3,5,3,3,6400,1,1,0,3,3,5,3,3,6400,1,1,0,3,3,5,3,3,6400,1,1,0,2025,3,7,840000,710000,1,2
202601,6,,목포구도심,46110,22,0,300,0,1,0,1,51,04,8,2,없음,150,6,0,0,0,1,1,3,1,9,1,1,1,1,1,8,1,3,2,2,0,999,1,1,1,1,1,1,3,2,3400,1,1,0,1,1,1,3,2,3400,1,1,0,1,1,1,3,2,3400,1,1,0,0,1,1,840000,710000,1,2
202601,6,,목포구도심,46110,22,0,300,0,1,0,1,51,03,10,2,없음,300,6,0,0,0,1,2,4,1,10,2,1,1,1,1,8,1,3,1,1,G,466,3,1,3,3,3,4,3,3,5200,1,1,0,3,3,4,3,3,5200,1,1,0,3,3,4,3,3,5200,1,1,0,2026,3,3,810000,590000,1,1
202601,6,,목포구도심,46110,22,0,300,0,1,0,1,51,03,10,2,없음,300,6,0,0,0,1,2,4,1,10,2,1,1,1,1,8,1,3,2,1,G,466,2,1,2,3,2,3,3,2,2900,1,1,0,3,2,3,3,2,2900,1,1,0,3,2,3,3,2,2900,1,1,0,2024,3,3,810000,590000,1,1
202601,6,,목포구도심,46110,22,0,300,0,1,0,1,21,16,8,2,없음,50,6,0,0,0,2,2,4,1,10,1,1,1,1,1,8,2,3,1,6,0,999,3,1,3,1,1,1,3,3,4600,1,1,1,1,1,1,3,3,4600,1,1,1,1,1,1,3,3,4600,1,1,1,0,1,1,1350000,920000,1,1
202601,6,,목포구도심,46110,22,0,300,0,1,0,1,21,16,8,2,없음,50,6,0,0,0,2,2,4,1,10,1,1,1,1,1,8,2,3,2,1,I,562,3,1,3,3,3,3,3,3,3000,1,1,0,3,3,3,3,3,3000,1,1,0,3,3,3,3,3,3000,1,1,0,2025,3,8,1350000,920000,1,1
202601,6,,목포구도심,46110,22,0,300,0,1,0,1,51,03,7,2,없음,120,6,0,0,0,1,2,4,1,10,1,2,1,1,1,8,1,3,1,6,0,999,2,1,2,1,1,1,3,3,5600,1,1,1,1,1,1,3,3,5600,1,1,1,1,1,1,3,3,5600,1,1,1,0,1,1,870000,660000,1,1
202601,6,,목포구도심,46110,22,0,300,0,1,0,1,51,03,7,2,없음,120,6,0,0,0,1,2,4,1,10,1,2,1,1,1,8,1,3,2,6,0,999,2,1,2,1,1,1,2,2,2100,1,1,1,1,1,1,2,2,2100,1,1,1,1,1,1,2,2,2100,1,1,1,0,1,1,870000,660000,1,1
202601,6,,목포구도심,46110,13,0,0,0,1,0,1,51,03,7,1,없음,200,6,0,0,0,1,1,2,1,10,1,1,1,1,1,8,1,3,1,1,I,561,2,1,2,3,3,5,3,3,7800,1,1,0,3,3,5,3,3,7800,1,1,0,3,3,5,3,3,7800,1,1,0,2024,3,7,820000,1210000,1,1
202601,6,,목포구도심,46110,22,0,120,300,1,0,1,51,03,10,2,없음,30,6,0,0,0,1,1,2,1,9,1,1,1,1,1,8,1,3,1,1,L,682,2,1,2,3,3,4,3,3,5300,1,1,0,3,3,4,3,3,5300,1,1,0,3,3,4,3,3,5300,1,1,0,2024,3,9,770000,650000,1,2
202601,6,,목포구도심,46110,13,0,0,0,1,0,7,32,03,6,1,없음,200,5,0,0,0,2,1,3,1,10,1,1,1,1,1,8,2,3,1,1,I,561,3,1,3,6,4,6,6,4,8600,1,1,0,6,4,6,6,4,8600,1,1,0,6,4,6,6,4,8600,1,1,0,2026,4,9,1180000,2180000,1,1
202601,6,,목포구도심,46110,13,0,0,0,1,0,5,31,03,6,1,없음,10,6,0,0,0,2,2,4,1,10,2,1,1,1,1,8,2,3,1,1,I,561,4,1,4,3,4,4,3,4,4800,1,1,0,3,4,4,3,4,4800,1,1,0,3,4,4,3,4,4800,1,1,0,2026,3,10,1000000,1690000,1,1
202601,6,,목포구도심,46110,13,0,200,0,1,0,1,51,04,8,2,없음,120,6,0,0,0,2,2,4,3,7,2,1,1,1,1,8,2,3,1,1,I,562,4,1,4,3,3,3,3,3,3600,1,1,0,3,3,3,3,3,3600,1,1,0,3,3,3,3,3,3600,1,1,0,2025,3,10,970000,770000,1,1
202601,6,,목포구도심,46110,13,0,200,0,1,0,1,51,04,8,2,없음,120,6,0,0,0,2,2,4,3,7,2,1,1,1,1,8,2,3,2,6,0,999,1,3,3,1,1,1,4,2,1700,1,1,1,1,1,1,4,2,1700,1,1,1,1,1,1,4,2,1700,1,1,1,0,1,1,970000,770000,1,1
202601,6,,목포구도심,46110,13,0,0,0,1,0,1,21,03,7,2,없음,167,6,0,0,0,2,2,4,1,9,1,1,1,1,1,8,2,3,1,1,I,561,1,1,2,3,3,6,3,3,9500,1,1,0,3,3,6,3,3,9500,1,1,0,3,3,6,3,3,9500,1,1,0,2025,3,9,860000,730000,1,2
202601,6,,목포구도심,46110,13,0,0,0,1,0,1,21,03,7,2,없음,167,6,0,0,0,2,2,4,1,9,1,1,1,1,1,8,2,3,1,1,G,467,1,1,2,3,3,6,3,3,9600,1,1,0,3,3,6,3,3,9600,1,1,0,3,3,6,3,3,9600,1,1,0,2026,3,10,860000,730000,1,2
202601,6,,목포구도심,46110,13,0,0,0,1,0,1,21,03,7,2,없음,167,6,0,0,0,2,2,4,1,9,1,1,1,1,1,8,2,3,2,2,0,999,2,1,2,1,1,1,3,2,2000,1,1,0,1,1,1,3,2,2000,1,1,0,1,1,1,3,2,2000,1,1,0,0,1,1,860000,730000,1,2
202601,6,,0.비상권,46110,13,0,200,0,1,0,1,21,03,1,1,없음,300,6,0,0,0,2,2,4,1,9,1,1,1,1,1,8,2,3,1,1,G,472,2,1,2,3,3,6,3,3,7900,1,1,0,3,3,6,3,3,7900,1,1,0,3,3,6,3,3,7900,1,1,0,2024,3,7,720000,820000,1,1
202601,6,,0.비상권,46110,13,0,200,0,1,0,1,21,03,1,1,없음,300,6,0,0,0,2,2,4,1,9,1,1,1,1,1,8,2,3,1,1,S,969,2,1,2,3,3,6,3,3,8100,1,1,0,3,3,6,3,3,8100,1,1,0,3,3,6,3,3,8100,1,1,0,2024,3,8,720000,820000,1,1
202601,6,,0.비상권,46110,13,0,200,0,1,0,1,21,03,1,1,없음,300,6,0,0,0,2,2,4,1,9,1,1,1,1,1,8,2,3,2,6,0,999,3,1,3,1,1,1,3,2,1300,1,1,1,1,1,1,3,2,1300,1,1,1,1,1,1,3,2,1300,1,1,1,0,1,1,720000,820000,1,1
202601,6,,하당신도심,46110,16,0,0,0,1,0,6,31,03,7,1,없음,182,4,0,0,0,2,2,4,1,10,2,1,1,1,1,8,2,3,1,1,I,561,3,1,3,4,4,6,4,4,9300,1,1,0,4,4,6,4,4,9300,1,1,0,4,4,6,4,4,9300,1,1,0,2025,2,9,1220000,1760000,1,1
202601,6,,하당신도심,46110,16,0,0,0,1,0,6,31,03,7,1,없음,182,4,0,0,0,2,2,4,1,10,2,1,1,1,1,8,2,3,1,1,I,562,3,1,3,4,4,6,4,4,9400,1,1,0,4,4,6,4,4,9400,1,1,0,4,4,6,4,4,9400,1,1,0,2024,3,9,1220000,1760000,1,1
202601,6,,하당신도심,46110,22,0,0,0,1,0,7,21,01,7,2,없음,170,2,0,1,0,2,2,4,1,10,2,1,1,1,1,8,2,3,1,1,I,562,2,1,2,4,4,7,4,4,17200,1,1,0,4,4,7,4,4,17200,1,1,0,4,4,7,4,4,17200,1,1,0,2026,3,8,2500000,1930000,1,1
202601,6,,하당신도심,46110,22,0,0,0,1,0,7,21,01,7,2,없음,170,2,0,1,0,2,2,4,1,10,2,1,1,1,1,8,2,3,1,1,L,682,2,1,2,4,4,7,4,4,17500,1,1,0,4,4,7,4,4,17500,1,1,0,4,4,7,4,4,17500,1,1,0,2024,3,8,2500000,1930000,1,1
202601,6,,하당신도심,46110,22,0,0,0,1,0,7,21,01,7,2,없음,170,2,0,1,0,2,2,4,1,10,2,1,1,1,1,8,2,3,1,1,G,463,2,1,2,4,4,7,4,4,17200,1,1,0,4,4,7,4,4,17200,1,1,0,4,4,7,4,4,17200,1,1,0,2025,3,10,2500000,1930000,1,1
202601,6,,하당신도심,46110,22,0,0,0,1,0,7,21,01,7,2,없음,170,2,0,1,0,2,2,4,1,10,2,1,1,1,1,8,2,3,2,1,0,999,4,1,4,6,3,4,6,3,4600,1,1,0,6,3,4,6,3,4600,1,1,0,6,3,4,6,3,4600,1,1,0,2024,3,8,2500000,1930000,1,1
202601,6,,하당신도심,46110,21,0,0,0,1,0,4,32,04,9,1,없음,64,5,0,1,0,3,2,4,1,10,1,2,1,1,1,8,3,3,1,1,I,562,2,1,2,4,3,7,4,3,10200,1,1,0,4,3,7,4,3,10200,1,1,0,4,3,7,4,3,10200,1,1,0,2024,3,8,1590000,1840000,1,1
202601,6,,하당신도심,46110,21,0,0,0,1,0,4,32,04,9,1,없음,64,5,0,1,0,3,2,4,1,10,1,2,1,1,1,8,3,3,1,6,0,999,2,1,2,1,1,1,4,3,8400,1,1,1,1,1,1,4,3,8400,1,1,1,1,1,1,4,3,8400,1,1,1,0,1,1,1590000,1840000,1,1
202601,6,,하당신도심,46110,21,0,0,0,1,0,4,32,04,9,1,없음,64,5,0,1,0,3,2,4,1,10,1,2,1,1,1,8,3,3,1,6,0,999,2,1,2,1,1,1,3,3,8700,1,1,1,1,1,1,3,3,8700,1,1,1,1,1,1,3,3,8700,1,1,1,0,1,1,1590000,1840000,1,1
202601,6,,하당신도심,46110,21,0,0,0,1,0,4,32,04,9,1,없음,64,5,0,1,0,3,2,4,1,10,1,2,1,1,1,8,3,3,1,6,0,999,4,1,4,1,1,1,4,5,8100,1,1,1,1,1,1,4,5,8100,1,1,1,1,1,1,4,5,8100,1,1,1,0,1,1,1590000,1840000,1,1
202601,6,,하당신도심,46110,21,0,0,0,1,0,5,21,04,8,2,없음,76,1,0,0,0,2,2,4,1,10,2,1,1,1,1,8,2,3,1,1,G,478,4,1,4,4,5,5,5,5,10700,1,1,0,4,5,5,5,5,10700,1,1,0,4,5,5,5,5,10700,1,1,0,2025,5,6,3060000,2100000,1,1
202601,6,,하당신도심,46110,21,0,0,0,1,0,5,21,04,8,2,없음,76,1,0,0,0,2,2,4,1,10,2,1,1,1,1,8,2,3,2,6,0,999,2,1,3,1,1,1,5,3,4500,1,1,1,1,1,1,5,3,4500,1,1,1,1,1,1,5,3,4500,1,1,1,0,1,1,3060000,2100000,1,1
202601,6,,하당신도심,46110,21,0,0,0,1,0,5,21,04,8,2,없음,76,1,0,0,0,2,2,4,1,10,2,1,1,1,1,8,2,3,2,1,M,739,2,1,3,4,3,3,4,3,3700,1,1,0,4,3,3,4,3,3700,1,1,0,4,3,3,4,3,3700,1,1,0,2025,3,6,3060000,2100000,1,1
202601,6,,하당신도심,46110,21,0,0,0,1,0,5,32,04,9,1,없음,100,4,0,1,0,3,2,4,1,10,2,2,1,1,1,8,3,3,1,6,0,999,4,1,4,1,1,1,6,5,9100,1,1,1,1,1,1,6,5,9100,1,1,1,1,1,1,6,5,9100,1,1,1,0,1,1,2410000,2910000,1,1
202601,6,,하당신도심,46110,21,0,0,0,1,0,5,32,04,9,1,없음,100,4,0,1,0,3,2,4,1,10,2,2,1,1,1,8,3,3,1,1,G,473,4,1,4,6,4,7,6,5,11400,1,1,0,6,4,7,6,5,11400,1,1,0,6,4,7,6,5,11400,1,1,0,2025,3,10,2410000,2910000,1,1
202601,6,,하당신도심,46110,21,0,0,0,1,0,4,32,16,7,1,없음,150,6,0,1,0,2,2,4,1,10,2,1,1,1,1,8,2,3,1,1,I,562,4,1,4,5,5,5,5,5,7500,1,1,0,5,5,5,5,5,7500,1,1,0,5,5,5,5,5,7500,1,1,0,2024,3,10,1580000,2440000,1,1
202601,6,,하당신도심,46110,21,0,0,0,1,0,7,21,04,8,2,없음,140,5,0,1,0,2,2,4,2,9,2,2,1,1,1,8,2,3,1,1,I,561,4,1,4,5,6,7,5,6,16800,1,1,0,5,6,7,5,6,16800,1,1,0,5,6,7,5,6,16800,1,1,0,2025,3,9,3270000,2340000,1,1
202601,6,,하당신도심,46110,21,0,0,0,1,0,7,21,04,8,2,없음,140,5,0,1,0,2,2,4,2,9,2,2,1,1,1,8,2,3,2,6,0,999,4,1,4,1,1,1,5,5,8800,1,1,1,1,1,1,5,5,8800,1,1,1,1,1,1,5,5,8800,1,1,1,0,1,1,3270000,2340000,1,1
202601,6,,하당신도심,46110,22,0,0,0,1,0,5,32,03,7,1,없음,67,7,0,0,0,2,2,4,1,10,2,1,1,1,1,8,2,3,1,1,I,561,4,1,4,5,4,4,5,4,5600,1,1,0,5,4,4,5,4,5600,1,1,0,5,4,4,5,4,5600,1,1,0,2024,3,9,1370000,1980000,1,1
202601,6,,하당신도심,46110,22,0,0,0,1,0,6,32,03,7,1,없음,10,4,0,0,0,2,1,3,1,10,1,1,1,1,1,8,2,3,1,1,I,562,2,1,2,5,4,7,5,4,14100,1,1,0,5,4,7,5,4,14100,1,1,0,5,4,7,5,4,14100,1,1,0,2025,3,10,1790000,2930000,1,2
202601,6,,하당신도심,46110,22,0,0,0,1,0,6,32,03,7,1,없음,10,4,0,0,0,2,1,3,1,10,1,1,1,1,1,8,2,3,1,1,I,561,2,1,2,5,4,7,5,4,14200,1,1,0,5,4,7,5,4,14200,1,1,0,5,4,7,5,4,14200,1,1,0,2026,3,7,1790000,2930000,1,2
202601,6,,하당신도심,46110,22,0,0,0,1,0,6,31,04,7,2,없음,161,5,0,1,0,2,2,4,1,10,2,1,1,1,1,8,2,3,1,1,I,562,2,1,2,4,4,7,4,4,13200,1,1,0,4,4,7,4,4,13200,1,1,0,4,4,7,4,4,13200,1,1,0,2025,3,8,2300000,1660000,1,1
202601,6,,하당신도심,46110,22,0,0,0,1,0,6,31,04,7,2,없음,161,5,0,1,0,2,2,4,1,10,2,1,1,1,1,8,2,3,1,1,I,561,3,1,3,5,4,7,5,4,11200,1,1,0,5,4,7,5,4,11200,1,1,0,5,4,7,5,4,11200,1,1,0,2024,3,8,2300000,1660000,1,1
202601,6,,하당신도심,46110,22,0,0,0,1,0,6,31,04,7,2,없음,161,5,0,1,0,2,2,4,1,10,2,1,1,1,1,8,2,3,2,1,S,961,4,1,4,5,4,4,5,4,4300,1,1,0,5,4,4,5,4,4300,1,1,0,5,4,4,5,4,4300,1,1,0,2026,3,8,2300000,1660000,1,1
202601,6,,하당신도심,46110,22,0,0,0,1,0,5,32,03,7,1,없음,150,1,0,0,0,3,2,4,1,10,1,2,1,1,1,8,3,2,1,6,0,999,4,1,4,1,1,1,6,5,8100,1,1,1,1,1,1,6,5,8100,1,1,1,1,1,1,6,5,8100,1,1,1,0,1,1,2140000,3070000,1,1
202601,6,,0.비상권,46130,22,0,300,0,1,0,1,11,03,7,1,없음,26,1,0,0,0,1,1,2,1,9,1,1,1,1,1,8,1,3,1,1,I,561,2,1,2,3,3,7,3,4,10600,1,1,0,3,3,7,3,4,10600,1,1,0,3,3,7,3,4,10600,1,1,0,2024,5,10,2790000,4140000,1,2
202601,6,,0.비상권,46130,22,0,300,0,1,0,1,51,04,1,1,없음,71,1,0,0,0,1,1,2,1,10,1,1,1,1,1,8,1,3,1,1,I,561,2,1,2,3,3,6,3,3,9400,1,1,0,3,3,6,3,3,9400,1,1,0,3,3,6,3,3,9400,1,1,0,2025,3,9,2710000,3450000,1,1
202601,6,,0.비상권,46130,22,0,300,0,1,0,2,11,03,8,1,없음,72,1,0,0,0,1,1,2,1,10,1,1,1,1,1,8,1,3,1,1,F,422,2,1,2,3,3,6,3,3,9200,1,1,0,3,3,6,3,3,9200,1,1,0,3,3,6,3,3,9200,1,1,0,2025,3,6,2850000,3730000,1,1
202601,6,,0.비상권,46130,22,0,300,0,1,0,4,21,03,9,2,없음,70,6,0,0,0,1,2,4,1,10,1,1,1,1,1,8,1,3,1,1,G,463,2,1,2,3,3,6,3,3,8000,1,1,0,3,3,6,3,3,8000,1,1,0,3,3,6,3,3,8000,1,1,0,2024,3,10,2560000,1550000,1,1
202601,6,,0.비상권,46130,22,0,300,0,1,0,4,21,03,9,2,없음,70,6,0,0,0,1,2,4,1,10,1,1,1,1,1,8,1,3,1,1,R,912,2,1,2,3,3,6,3,3,8000,1,1,0,3,3,6,3,3,8000,1,1,0,3,3,6,3,3,8000,1,1,0,2024,3,10,2560000,1550000,1,1
202601,6,,0.비상권,46130,22,0,300,0,1,0,4,21,03,9,2,없음,70,6,0,0,0,1,2,4,1,10,1,1,1,1,1,8,1,3,2,2,0,999,3,1,3,1,1,1,3,3,5800,1,1,0,1,1,1,3,3,5800,1,1,0,1,1,1,3,3,5800,1,1,0,0,1,1,2560000,1550000,1,1
202601,6,,0.비상권,46130,22,0,300,0,1,0,4,12,04,3,1,없음,46,4,0,0,0,2,1,3,1,10,1,1,1,1,1,8,2,3,1,1,S,952,3,1,3,4,4,7,3,4,10100,1,1,0,4,4,7,3,4,10100,1,1,0,4,4,7,3,4,10100,1,1,0,2025,3,8,1660000,4820000,1,1
202601,6,,0.비상권,46130,22,0,300,0,1,0,4,12,04,3,1,없음,46,4,0,0,0,2,1,3,1,10,1,1,1,1,1,8,2,3,2,1,S,952,1,1,1,3,2,4,3,2,5100,1,1,0,3,2,4,3,2,5100,1,1,0,3,2,4,3,2,5100,1,1,0,2025,3,8,1660000,4820000,1,1
202601,6,,0.비상권,46130,14,0,0,0,1,0,1,11,03,7,2,없음,98,7,0,0,0,2,2,4,1,10,2,1,1,1,1,8,2,3,1,1,G,463,2,1,2,2,3,6,2,3,8000,1,1,0,2,3,6,2,3,8000,1,1,0,2,3,6,2,3,8000,1,1,0,2025,3,7,1370000,1280000,1,1
202601,6,,0.비상권,46130,14,0,0,0,1,0,1,11,03,7,2,없음,98,7,0,0,0,2,2,4,1,10,2,1,1,1,1,8,2,3,1,1,S,961,1,1,1,2,3,7,2,3,10000,1,1,0,2,3,7,2,3,10000,1,1,0,2,3,7,2,3,10000,1,1,0,2025,3,8,1370000,1280000,1,1
202601,6,,0.비상권,46130,14,0,0,0,1,0,1,11,03,7,2,없음,98,7,0,0,0,2,2,4,1,10,2,1,1,1,1,8,2,3,1,1,I,562,1,1,1,3,3,7,2,3,9700,1,1,0,3,3,7,2,3,9700,1,1,0,3,3,7,2,3,9700,1,1,0,2026,3,10,1370000,1280000,1,1
202601,6,,0.비상권,46130,14,0,0,0,1,0,1,11,03,7,2,없음,98,7,0,0,0,2,2,4,1,10,2,1,1,1,1,8,2,3,2,1,0,999,2,1,2,3,3,4,3,3,5500,1,1,0,3,3,4,3,3,5500,1,1,0,3,3,4,3,3,5500,1,1,0,2026,3,8,1370000,1280000,1,1
202601,6,,0.비상권,46130,14,0,0,0,1,0,1,11,03,7,2,없음,98,7,0,0,0,2,2,4,1,10,2,1,1,1,1,8,2,3,2,1,0,999,2,1,2,3,3,4,3,3,5500,1,1,0,3,3,4,3,3,5500,1,1,0,3,3,4,3,3,5500,1,1,0,2024,3,8,1370000,1280000,1,1
202601,6,,여수원도심,46130,22,0,200,0,1,0,1,51,03,1,1,없음,30,6,0,0,0,1,1,2,1,10,1,1,1,1,1,8,1,3,1,1,I,561,2,1,2,4,4,8,4,4,24500,1,1,0,4,4,8,4,4,24500,1,1,0,4,4,8,4,4,24500,1,1,0,2025,3,10,4090000,7900000,1,3
202601,6,,여수원도심,46130,22,0,300,0,1,0,7,21,03,5,1,없음,68,6,0,0,0,2,2,4,1,10,2,1,1,1,1,8,2,3,1,1,G,476,1,1,1,5,4,8,5,4,28100,1,1,0,5,4,8,5,4,28100,1,1,0,5,4,8,5,4,28100,1,1,0,2025,2,10,3310000,9980000,1,3
202601,6,,여수원도심,46130,22,0,300,0,1,0,7,21,03,5,1,없음,68,6,0,0,0,2,2,4,1,10,2,1,1,1,1,8,2,3,1,1,G,476,1,1,1,3,3,8,4,4,23100,1,1,0,3,3,8,4,4,23100,1,1,0,3,3,8,4,4,23100,1,1,0,2023,5,8,3310000,9980000,1,3
202601,6,,여수원도심,46130,22,0,300,0,1,0,7,21,03,5,1,없음,68,6,0,0,0,2,2,4,1,10,2,1,1,1,1,8,2,3,1,1,I,561,2,1,2,5,4,8,5,5,21300,1,1,0,5,4,8,5,5,21300,1,1,0,5,4,8,5,5,21300,1,1,0,2025,3,10,3310000,9980000,1,3
202601,6,,여수원도심,46130,22,0,300,0,1,0,7,21,04,9,2,없음,100,6,0,0,0,1,2,4,1,10,1,1,1,1,1,8,1,3,1,1,I,561,3,1,3,6,5,8,6,5,20400,1,1,0,6,5,8,6,5,20400,1,1,0,6,5,8,6,5,20400,1,1,0,2024,3,10,3930000,2290000,1,3
202601,6,,여수원도심,46130,22,0,300,0,1,0,7,21,04,9,2,없음,100,6,0,0,0,1,2,4,1,10,1,1,1,1,1,8,1,3,2,2,S,969,3,1,3,1,1,1,4,3,4400,1,1,0,1,1,1,4,3,4400,1,1,0,1,1,1,4,3,4400,1,1,0,0,1,1,3930000,2290000,1,3
202601,6,,여수원도심,46130,22,0,300,0,1,0,1,51,04,1,1,없음,180,7,0,0,0,1,1,2,1,9,1,1,1,1,1,8,1,3,1,1,G,473,2,1,2,4,5,8,4,5,24800,1,1,0,4,5,8,4,5,24800,1,1,0,4,5,8,4,5,24800,1,1,0,2025,3,8,5580000,6620000,3,3
202601,6,,여수원도심,46130,22,14,300,0,1,0,1,21,03,1,1,없음,180,6,0,0,0,1,2,3,1,9,2,1,1,1,1,8,1,3,1,1,G,476,2,1,2,4,4,7,5,4,18400,1,1,0,4,4,7,5,4,18400,1,1,0,4,4,7,5,4,18400,1,1,0,2026,2,10,5060000,3840000,1,3
202601,6,,여수원도심,46130,22,14,300,0,1,0,1,21,03,1,1,없음,180,6,0,0,0,1,2,3,1,9,2,1,1,1,1,8,1,3,2,1,0,999,2,1,2,2,3,4,2,3,5900,1,1,0,2,3,4,2,3,5900,1,1,0,2,3,4,2,3,5900,1,1,0,2024,3,9,5060000,3840000,1,3
202601,6,,여수원도심,46130,22,0,300,0,1,0,5,42,03,8,2,없음,100,6,0,0,0,2,2,4,1,10,2,1,1,1,1,8,2,3,1,1,G,478,2,1,2,5,4,8,4,4,18900,1,1,0,5,4,8,4,4,18900,1,1,0,5,4,8,4,4,18900,1,1,0,2025,3,9,4990000,4470000,1,1
202601,6,,여수원도심,46130,22,0,300,0,1,0,5,42,03,8,2,없음,100,6,0,0,0,2,2,4,1,10,2,1,1,1,1,8,2,3,1,1,I,562,2,1,2,5,4,8,4,4,18900,1,1,0,5,4,8,4,4,18900,1,1,0,5,4,8,4,4,18900,1,1,0,2024,3,10,4990000,4470000,1,1
202601,6,,여수원도심,46130,22,0,300,0,1,0,5,42,03,8,2,없음,100,6,0,0,0,2,2,4,1,10,2,1,1,1,1,8,2,3,1,1,I,562,2,1,2,6,1,4,4,4,19200,1,1,0,6,1,4,4,4,19200,1,1,0,6,1,4,4,4,19200,1,1,0,2025,3,10,4990000,4470000,1,1
202601,6,,여수원도심,46130,22,0,300,0,1,0,5,42,03,8,2,없음,100,6,0,0,0,2,2,4,1,10,2,1,1,1,1,8,2,3,2,1,I,562,2,1,2,4,1,2,3,3,5100,1,1,0,4,1,2,3,3,5100,1,1,0,4,1,2,3,3,5100,1,1,0,2025,3,10,4990000,4470000,1,1
202601,6,,여수원도심,46130,22,0,300,0,1,0,5,11,04,10,2,없음,99,6,0,0,0,1,2,4,1,9,1,2,1,1,1,8,1,3,1,6,0,999,2,1,2,1,1,1,6,4,18600,1,1,1,1,1,1,6,4,18600,1,1,1,1,1,1,6,4,18600,1,1,1,0,1,1,6120000,3250000,2,2
202601,6,,여수원도심,46130,22,0,300,0,1,0,5,11,04,10,2,없음,99,6,0,0,0,1,2,4,1,9,1,2,1,1,1,8,1,3,2,6,0,999,2,1,2,1,1,1,4,3,5800,1,1,1,1,1,1,4,3,5800,1,1,1,1,1,1,4,3,5800,1,1,1,0,1,1,6120000,3250000,2,2
202601,6,,여수원도심,46130,22,0,300,0,1,0,1,51,04,1,1,없음,90,6,0,0,0,1,1,2,1,9,1,1,1,1,1,8,1,3,1,1,I,561,2,1,2,4,4,7,4,4,16400,1,1,0,4,4,7,4,4,16400,1,1,0,4,4,7,4,4,16400,1,1,0,2025,2,10,3930000,5670000,2,3
202601,6,,여수원도심,46130,22,0,300,0,1,0,6,11,03,9,2,없음,50,6,0,0,0,1,1,3,1,10,1,1,1,1,1,8,1,3,1,1,I,561,2,1,2,4,4,8,4,4,19600,1,1,0,4,4,8,4,4,19600,1,1,0,4,4,8,4,4,19600,1,1,0,2024,3,9,3370000,2160000,1,3
202601,6,,여수원도심,46130,22,0,300,0,1,0,6,11,03,9,2,없음,50,6,0,0,0,1,1,3,1,10,1,1,1,1,1,8,1,3,2,6,0,999,2,1,2,1,1,1,3,3,11400,1,1,1,1,1,1,3,3,11400,1,1,1,1,1,1,3,3,11400,1,1,1,0,1,1,3370000,2160000,1,3
202601,6,,여수원도심,46130,22,0,300,0,1,0,7,21,03,9,2,없음,7,2,0,0,0,2,2,4,1,9,2,1,1,1,1,8,2,3,1,1,G,467,3,1,4,6,6,9,6,6,35300,1,1,0,6,6,9,6,6,35300,1,1,0,6,6,9,6,6,35300,1,1,0,2025,3,9,6850000,3970000,2,3
202601,6,,여수원도심,46130,22,0,300,0,1,0,7,21,03,9,2,없음,7,2,0,0,0,2,2,4,1,9,2,1,1,1,1,8,2,3,2,1,G,467,3,1,4,5,5,7,4,5,14500,1,1,0,5,5,7,4,5,14500,1,1,0,5,5,7,4,5,14500,1,1,0,2025,3,8,6850000,3970000,2,3
202601,6,,여수원도심,46130,22,0,300,0,1,0,1,21,03,1,1,없음,200,4,0,0,0,1,2,4,1,10,1,1,1,1,1,8,1,3,1,1,G,463,3,1,3,4,4,6,4,4,9400,1,1,0,4,4,6,4,4,9400,1,1,0,4,4,6,4,4,9400,1,1,0,2025,4,9,3870000,2430000,1,1
202601,6,,여수원도심,46130,22,0,300,0,1,0,1,21,03,1,1,없음,200,4,0,0,0,1,2,4,1,10,1,1,1,1,1,8,1,3,2,6,0,999,2,1,2,1,1,1,3,3,6800,1,1,1,1,1,1,3,3,6800,1,1,1,1,1,1,3,3,6800,1,1,1,0,1,1,3870000,2430000,1,1
202601,6,,여수원도심,46130,22,0,300,0,1,0,5,12,04,9,1,없음,173,8,0,0,0,1,1,2,1,9,1,1,1,1,1,8,1,3,1,1,I,561,2,1,2,4,3,6,4,3,7700,1,1,0,4,3,6,4,3,7700,1,1,0,4,3,6,4,3,7700,1,1,0,2025,3,9,2680000,3140000,2,3
202601,6,,여수원도심,46130,22,0,300,0,1,0,2,11,04,1,1,없음,163,8,0,0,0,2,1,3,1,9,1,1,1,1,1,8,2,3,1,6,0,999,3,1,3,1,1,1,4,4,7700,1,1,1,1,1,1,4,4,7700,1,1,1,1,1,1,4,4,7700,1,1,1,0,1,1,2420000,3070000,2,1
202601,6,,여수원도심,46130,22,0,300,0,1,0,1,12,03,5,1,없음,80,1,0,0,0,2,2,4,1,10,2,1,1,1,1,8,2,3,1,1,G,474,1,1,1,3,3,7,4,3,18600,1,1,0,3,3,7,4,3,18600,1,1,0,3,3,7,4,3,18600,1,1,0,2026,2,9,3440000,7710000,2,3
202601,6,,여수원도심,46130,22,0,300,0,1,0,1,12,03,5,1,없음,80,1,0,0,0,2,2,4,1,10,2,1,1,1,1,8,2,3,1,6,0,999,1,1,1,1,1,1,3,3,18500,1,1,1,1,1,1,3,3,18500,1,1,1,1,1,1,3,3,18500,1,1,1,0,1,1,3440000,7710000,2,3
202601,6,,여수원도심,46130,22,0,300,0,1,0,1,12,03,5,1,없음,80,1,0,0,0,2,2,4,1,10,2,1,1,1,1,8,2,3,1,1,G,478,1,1,1,3,3,8,3,3,19400,1,1,0,3,3,8,3,3,19400,1,1,0,3,3,8,3,3,19400,1,1,0,2025,3,10,3440000,7710000,2,3
202601,6,,여수원도심,46130,22,0,300,0,1,0,1,12,03,5,1,없음,80,1,0,0,0,2,2,4,1,10,2,1,1,1,1,8,2,3,1,1,G,472,1,1,1,3,3,7,4,3,17600,1,1,0,3,3,7,4,3,17600,1,1,0,3,3,7,4,3,17600,1,1,0,2024,3,5,3440000,7710000,2,3
202601,6,,여수원도심,46130,22,0,300,0,1,0,1,12,03,5,1,없음,80,1,0,0,0,2,2,4,1,10,2,1,1,1,1,8,2,3,1,1,G,478,1,1,1,3,3,7,4,3,18000,1,1,0,3,3,7,4,3,18000,1,1,0,3,3,7,4,3,18000,1,1,0,2024,3,5,3440000,7710000,2,3
202601,6,,여수원도심,46130,22,0,300,0,1,0,1,11,03,1,1,없음,6,1,0,0,0,1,1,1,1,9,1,1,1,1,1,8,1,3,1,1,I,562,1,1,1,3,3,7,3,3,10500,1,1,0,3,3,7,3,3,10500,1,1,0,3,3,7,3,3,10500,1,1,0,2026,2,8,4150000,4330000,3,3
202601,6,,여수여문,46130,22,0,300,0,1,0,4,21,04,9,1,없음,100,6,0,0,0,2,2,4,1,10,2,1,1,1,1,8,2,3,1,1,I,561,4,1,4,4,4,5,4,5,7600,1,1,0,4,4,5,4,5,7600,1,1,0,4,4,5,4,5,7600,1,1,0,2025,2,10,2410000,2770000,1,3
202601,6,,여수여문,46130,22,0,120,0,1,0,5,11,04,8,1,없음,85,6,0,0,0,2,2,4,1,10,2,1,1,1,1,8,2,3,1,1,S,961,2,1,2,3,3,7,3,3,10600,1,1,0,3,3,7,3,3,10600,1,1,0,3,3,7,3,3,10600,1,1,0,2025,3,10,2530000,3430000,1,3
202601,6,,여수여문,46130,22,0,120,0,1,0,5,11,04,8,1,없음,85,6,0,0,0,2,2,4,1,10,2,1,1,1,1,8,2,3,1,1,I,561,2,1,2,3,3,6,3,3,10500,1,1,0,3,3,6,3,3,10500,1,1,0,3,3,6,3,3,10500,1,1,0,2025,3,10,2530000,3430000,1,3
202601,6,,여수여문,46130,22,0,120,0,1,0,5,11,04,8,1,없음,85,6,0,0,0,2,2,4,1,10,2,1,1,1,1,8,2,3,1,1,I,561,2,1,2,3,3,7,3,3,10600,1,1,0,3,3,7,3,3,10600,1,1,0,3,3,7,3,3,10600,1,1,0,2024,3,8,2530000,3430000,1,3
202601,6,,여수여문,46130,22,0,300,0,1,0,5,21,03,8,2,없음,150,8,0,1,0,2,2,4,1,9,2,1,1,1,1,8,2,3,1,1,I,561,4,1,4,6,4,5,6,4,7900,1,1,0,6,4,5,6,4,7900,1,1,0,6,4,5,6,4,7900,1,1,0,2025,2,10,2920000,2000000,1,2
202601,6,,여수여문,46130,22,0,300,0,1,0,5,21,03,8,2,없음,150,8,0,1,0,2,2,4,1,9,2,1,1,1,1,8,2,3,2,1,R,911,4,1,4,4,3,3,4,3,3000,1,1,0,4,3,3,4,3,3000,1,1,0,4,3,3,4,3,3000,1,1,0,2025,2,10,2920000,2000000,1,2
202601,6,,여수여문,46130,22,0,300,0,1,0,4,21,03,9,1,없음,52,8,0,0,0,2,2,4,1,10,2,1,1,1,1,8,2,3,1,1,I,561,3,1,3,4,5,7,4,4,11800,1,1,0,4,5,7,4,4,11800,1,1,0,4,5,7,4,4,11800,1,1,0,2025,3,8,2470000,2860000,1,3
202601,6,,여수여문,46130,22,0,300,0,1,0,4,21,03,9,1,없음,52,8,0,0,0,2,2,4,1,10,2,1,1,1,1,8,2,3,1,1,I,561,3,1,3,5,4,7,5,4,11500,1,1,0,5,4,7,5,4,11500,1,1,0,5,4,7,5,4,11500,1,1,0,2024,3,8,2470000,2860000,1,3
202601,6,,여수여문,46130,14,0,0,0,1,0,2,32,03,6,1,없음,69,7,0,0,0,2,1,3,1,10,1,1,1,1,1,8,2,3,1,1,I,561,3,1,3,5,4,6,5,4,9500,1,1,0,5,4,6,5,4,9500,1,1,0,5,4,6,5,4,9500,1,1,0,2024,3,8,1330000,2270000,1,3
202601,6,,여수여문,46130,14,0,0,0,1,0,3,21,04,1,1,없음,95,6,0,0,0,3,2,4,1,10,1,1,1,1,1,8,3,3,1,1,I,561,2,1,2,3,3,5,3,3,7600,1,1,0,3,3,5,3,3,7600,1,1,0,3,3,5,3,3,7600,1,1,0,2025,3,7,1530000,2620000,1,2
202601,6,,여수여문,46130,14,0,0,0,1,0,3,21,04,1,1,없음,95,6,0,0,0,3,2,4,1,10,1,1,1,1,1,8,3,3,1,1,I,561,2,1,2,3,3,5,3,3,7800,1,1,0,3,3,5,3,3,7800,1,1,0,3,3,5,3,3,7800,1,1,0,2025,3,9,1530000,2620000,1,2
202601,6,,여수여문,46130,14,0,0,0,1,0,3,21,04,1,1,없음,95,6,0,0,0,3,2,4,1,10,1,1,1,1,1,8,3,3,1,6,0,999,3,1,3,1,1,1,4,4,7700,1,1,1,1,1,1,4,4,7700,1,1,1,1,1,1,4,4,7700,1,1,1,0,1,1,1530000,2620000,1,2
202601,6,,여수여문,46130,14,0,0,0,1,0,3,21,04,1,1,없음,95,6,0,0,0,3,2,4,1,10,1,1,1,1,1,8,3,3,1,2,0,999,2,1,2,1,1,1,3,3,5400,1,1,0,1,1,1,3,3,5400,1,1,0,1,1,1,3,3,5400,1,1,0,0,1,1,1530000,2620000,1,2
202601,6,,여수여문,46130,22,0,300,0,1,0,5,21,04,9,1,없음,130,6,0,0,0,2,2,4,1,10,2,1,1,1,1,8,2,3,1,1,I,561,4,1,4,6,6,7,6,6,16700,1,1,0,6,6,7,6,6,16700,1,1,0,6,6,7,6,6,16700,1,1,0,2025,3,9,3250000,3670000,1,3
202601,6,,여수여문,46130,22,0,120,0,1,0,3,11,03,5,1,없음,52,5,0,0,0,3,2,4,1,10,1,1,1,1,1,8,3,3,1,2,S,953,3,1,3,1,1,1,6,4,10700,1,1,0,1,1,1,6,4,10700,1,1,0,1,1,1,6,4,10700,1,1,0,0,1,1,2910000,6460000,1,3
202601,6,,여수여문,46130,22,0,120,0,1,0,3,11,03,5,1,없음,52,5,0,0,0,3,2,4,1,10,1,1,1,1,1,8,3,3,1,1,G,474,2,1,2,5,3,6,5,3,10000,1,1,0,5,3,6,5,3,10000,1,1,0,5,3,6,5,3,10000,1,1,0,2025,3,10,2910000,6460000,1,3
202601,6,,여수여문,46130,22,0,120,0,1,0,3,11,03,5,1,없음,52,5,0,0,0,3,2,4,1,10,1,1,1,1,1,8,3,3,1,1,S,961,2,1,2,5,3,6,5,3,10000,1,1,0,5,3,6,5,3,10000,1,1,0,5,3,6,5,3,10000,1,1,0,2025,3,9,2910000,6460000,1,3
202601,6,,여수여문,46130,22,0,300,0,1,0,3,11,04,7,1,없음,60,6,0,1,0,3,2,4,1,10,2,1,1,1,1,8,3,3,1,1,I,561,2,1,2,4,4,7,4,4,12300,1,1,0,4,4,7,4,4,12300,1,1,0,4,4,7,4,4,12300,1,1,0,2025,2,9,2230000,3390000,1,3
202601,6,,여수여문,46130,22,0,300,0,1,0,3,11,04,7,1,없음,60,6,0,1,0,3,2,4,1,10,2,1,1,1,1,8,3,3,1,1,I,561,4,1,4,6,5,7,6,5,12900,1,1,0,6,5,7,6,5,12900,1,1,0,6,5,7,6,5,12900,1,1,0,2024,3,9,2230000,3390000,1,3
202601,6,,여수여문,46130,22,0,300,0,1,0,5,31,04,7,1,없음,91,7,0,1,0,3,2,4,1,10,2,1,1,1,1,8,3,3,1,1,I,561,4,1,4,5,5,5,5,5,7500,1,1,0,5,5,5,5,5,7500,1,1,0,5,5,5,5,5,7500,1,1,0,2025,3,9,1630000,2420000,1,2
202601,6,,여수여문,46130,22,0,120,0,1,0,4,11,04,8,1,없음,50,5,1,0,0,3,2,4,1,10,2,1,1,1,1,8,3,3,1,1,I,561,4,1,4,6,6,6,6,6,9500,1,1,0,6,6,6,6,6,9500,1,1,0,6,6,6,6,6,9500,1,1,0,2025,3,9,2550000,3460000,1,2
202601,6,,여수여문,46130,22,0,300,0,1,0,5,21,03,9,2,없음,50,6,0,0,0,2,2,4,1,9,2,1,1,1,1,8,2,3,1,1,I,561,3,1,3,5,4,6,5,4,9100,1,1,0,5,4,6,5,4,9100,1,1,0,5,4,6,5,4,9100,1,1,0,2024,3,10,3940000,2240000,1,2
202601,6,,여수여문,46130,22,0,300,0,1,0,5,21,03,9,2,없음,50,6,0,0,0,2,2,4,1,9,2,1,1,1,1,8,2,3,1,1,I,561,2,1,2,4,3,5,5,3,8900,1,1,0,4,3,5,5,3,8900,1,1,0,4,3,5,5,3,8900,1,1,0,2025,3,10,3940000,2240000,1,2
202601,6,,여수여문,46130,22,0,300,0,1,0,5,21,03,9,2,없음,50,6,0,0,0,2,2,4,1,9,2,1,1,1,1,8,2,3,2,1,F,425,2,1,2,3,3,4,3,3,4700,1,1,0,3,3,4,3,3,4700,1,1,0,3,3,4,3,3,4700,1,1,0,2025,3,9,3940000,2240000,1,2
202601,6,,여수여문,46130,22,0,300,0,1,0,5,21,03,9,2,없음,50,6,0,0,0,2,2,4,1,9,2,1,1,1,1,8,2,3,2,1,S,961,3,1,3,4,3,4,4,3,4200,1,1,0,4,3,4,4,3,4200,1,1,0,4,3,4,4,3,4200,1,1,0,2024,3,9,3940000,2240000,1,2
202601,6,,여수여문,46130,22,0,300,0,1,0,4,19,04,7,1,없음,21,7,0,0,0,2,1,3,1,10,1,1,1,1,1,8,2,3,1,2,S,951,1,1,1,1,1,1,4,3,8500,1,1,0,1,1,1,4,3,8500,1,1,0,1,1,1,4,3,8500,1,1,0,0,1,1,1990000,3400000,1,3
202601,6,,여수여문,46130,22,0,300,0,1,0,4,19,04,7,1,없음,21,7,0,0,0,2,1,3,1,10,1,1,1,1,1,8,2,3,1,1,I,561,2,1,2,6,3,6,4,3,8100,1,1,0,6,3,6,4,3,8100,1,1,0,6,3,6,4,3,8100,1,1,0,2025,3,8,1990000,3400000,1,3
202601,6,,여수학동,46130,16,0,120,0,1,0,6,21,03,6,2,없음,81,1,1,0,0,2,2,4,1,9,2,1,1,1,1,8,2,3,1,1,G,473,2,1,2,6,4,7,6,4,17600,1,1,0,6,4,7,6,4,17600,1,1,0,6,4,7,6,4,17600,1,1,0,2024,3,7,4830000,4030000,1,2
202601,6,,여수학동,46130,16,0,120,0,1,0,6,21,03,6,2,없음,81,1,1,0,0,2,2,4,1,9,2,1,1,1,1,8,2,3,1,1,I,561,2,1,2,6,4,7,6,4,18500,1,1,0,6,4,7,6,4,18500,1,1,0,6,4,7,6,4,18500,1,1,0,2026,3,10,4830000,4030000,1,2
202601,6,,여수학동,46130,16,0,120,0,1,0,6,21,03,6,2,없음,81,1,1,0,0,2,2,4,1,9,2,1,1,1,1,8,2,3,2,1,P,855,2,1,2,5,3,6,5,3,8300,1,1,0,5,3,6,5,3,8300,1,1,0,5,3,6,5,3,8300,1,1,0,2024,3,10,4830000,4030000,1,2
202601,6,,여수학동,46130,16,0,120,0,1,0,6,21,03,6,2,없음,81,1,1,0,0,2,2,4,1,9,2,1,1,1,1,8,2,3,2,1,P,855,2,1,2,5,3,6,5,3,8800,1,1,0,5,3,6,5,3,8800,1,1,0,5,3,6,5,3,8800,1,1,0,2024,3,10,4830000,4030000,1,2
202601,6,,여수학동,46130,14,0,200,0,1,0,1,11,04,6,1,없음,305,1,0,0,0,2,2,4,1,10,2,1,1,1,1,8,2,3,1,1,F,424,1,1,1,3,3,6,3,3,8400,1,1,0,3,3,6,3,3,8400,1,1,0,3,3,6,3,3,8400,1,1,0,2026,3,10,1970000,2250000,1,2
202601,6,,여수학동,46130,14,0,200,0,1,0,1,11,04,6,1,없음,305,1,0,0,0,2,2,4,1,10,2,1,1,1,1,8,2,3,1,1,0,999,1,1,1,3,3,6,3,3,8200,1,1,0,3,3,6,3,3,8200,1,1,0,3,3,6,3,3,8200,1,1,0,2025,3,9,1970000,2250000,1,2
202601,6,,여수학동,46130,14,0,200,0,1,0,1,11,04,6,1,없음,305,1,0,0,0,2,2,4,1,10,2,1,1,1,1,8,2,3,1,1,S,961,2,1,2,3,3,6,3,3,8100,1,1,0,3,3,6,3,3,8100,1,1,0,3,3,6,3,3,8100,1,1,0,2025,3,10,1970000,2250000,1,2
202601,6,,여수학동,46130,14,0,200,0,1,0,1,11,04,6,1,없음,305,1,0,0,0,2,2,4,1,10,2,1,1,1,1,8,2,3,2,1,0,999,2,1,2,3,3,4,3,3,4600,1,1,0,3,3,4,3,3,4600,1,1,0,3,3,4,3,3,4600,1,1,0,2025,3,9,1970000,2250000,1,2
202601,6,,여수학동,46130,21,0,120,300,1,0,2,11,03,6,1,없음,235,1,0,0,0,3,2,4,1,10,2,1,1,1,1,8,3,3,1,1,G,463,4,1,4,5,5,7,5,5,8800,1,1,0,5,5,7,5,5,8800,1,1,0,5,5,7,5,5,8800,1,1,0,2025,3,8,2620000,4610000,1,1
202601,6,,여수학동,46130,21,0,120,300,1,0,2,11,03,6,1,없음,235,1,0,0,0,3,2,4,1,10,2,1,1,1,1,8,3,3,1,1,M,713,2,1,2,3,3,7,3,3,10400,1,1,0,3,3,7,3,3,10400,1,1,0,3,3,7,3,3,10400,1,1,0,2024,3,7,2620000,4610000,1,1
202601,6,,여수학동,46130,13,0,0,0,1,0,4,21,04,6,2,없음,140,6,0,1,0,2,2,4,1,10,2,1,2,1,1,8,2,3,1,1,I,561,4,1,4,4,4,5,5,4,7700,1,1,0,4,4,5,5,4,7700,1,1,0,4,4,5,5,4,7700,1,1,0,2025,3,10,2800000,2470000,1,1
202601,6,,여수학동,46130,13,0,0,0,1,0,4,21,04,6,2,없음,140,6,0,1,0,2,2,4,1,10,2,1,2,1,1,8,2,3,2,2,0,999,4,1,4,1,1,1,4,3,4300,1,1,0,1,1,1,4,3,4300,1,1,0,1,1,1,4,3,4300,1,1,0,0,1,1,2800000,2470000,1,1
202601,6,,여수학동,46130,21,0,300,0,1,0,3,21,04,6,1,없음,50,2,0,1,0,3,2,4,2,8,2,1,1,1,1,8,3,3,1,1,I,561,2,1,2,5,4,7,4,4,14700,1,1,0,5,4,7,4,4,14700,1,1,0,5,4,7,4,4,14700,1,1,0,2025,3,10,3350000,6030000,1,1
202601,6,,여수학동,46130,21,0,300,0,1,0,3,21,04,6,1,없음,50,2,0,1,0,3,2,4,2,8,2,1,1,1,1,8,3,3,1,1,I,561,3,1,4,6,5,7,6,5,13700,1,1,0,6,5,7,6,5,13700,1,1,0,6,5,7,6,5,13700,1,1,0,2025,3,10,3350000,6030000,1,1
202601,6,,여수학동,46130,21,0,300,0,1,0,3,21,04,6,1,없음,50,2,0,1,0,3,2,4,2,8,2,1,1,1,1,8,3,3,1,1,I,561,4,1,4,6,5,7,6,5,13600,1,1,0,6,5,7,6,5,13600,1,1,0,6,5,7,6,5,13600,1,1,0,2025,3,7,3350000,6030000,1,1
202601,6,,여수학동,46130,14,0,200,0,1,0,3,21,03,5,1,없음,89,6,0,0,0,2,1,3,1,10,1,1,1,1,1,8,2,3,1,1,M,721,2,1,2,3,3,6,3,3,8300,1,1,0,3,3,6,3,3,8300,1,1,0,3,3,6,3,3,8300,1,1,0,2025,3,9,1730000,4250000,1,2
202601,6,,여수학동,46130,14,0,200,0,1,0,3,21,03,5,1,없음,89,6,0,0,0,2,1,3,1,10,1,1,1,1,1,8,2,3,1,1,I,561,2,1,2,3,3,7,3,3,8700,1,1,0,3,3,7,3,3,8700,1,1,0,3,3,7,3,3,8700,1,1,0,2026,3,10,1730000,4250000,1,2
202601,6,,여수학동,46130,14,0,200,0,1,0,2,11,03,5,1,없음,128,6,0,0,0,2,2,4,1,10,2,1,1,1,1,8,2,3,1,1,F,411,2,1,2,3,3,5,3,3,6700,1,1,0,3,3,5,3,3,6700,1,1,0,3,3,5,3,3,6700,1,1,0,2025,3,8,1450000,1770000,1,1
202601,6,,여수학동,46130,14,0,200,0,1,0,2,11,03,5,1,없음,128,6,0,0,0,2,2,4,1,10,2,1,1,1,1,8,2,3,1,1,G,464,2,1,2,3,3,5,3,3,6700,1,1,0,3,3,5,3,3,6700,1,1,0,3,3,5,3,3,6700,1,1,0,2025,3,8,1450000,1770000,1,1
202601,6,,여수학동,46130,14,0,200,0,1,0,2,11,03,5,1,없음,128,6,0,0,0,2,2,4,1,10,2,1,1,1,1,8,2,3,2,2,0,999,3,1,3,1,1,1,4,3,4500,1,1,0,1,1,1,4,3,4500,1,1,0,1,1,1,4,3,4500,1,1,0,0,1,1,1450000,1770000,1,1
202601,6,,여수학동,46130,14,0,200,0,1,1,3,11,03,6,2,없음,108,6,0,0,0,2,2,4,1,10,2,1,1,1,1,8,2,3,-1,2,0,999,1,1,1,1,1,1,2,2,3800,1,1,0,1,1,1,2,2,3800,1,1,0,1,1,1,2,2,3800,1,1,0,0,1,1,1750000,1560000,1,1
202601,6,,여수학동,46130,14,0,200,0,1,1,3,11,03,6,2,없음,108,6,0,0,0,2,2,4,1,10,2,1,1,1,1,8,2,3,1,1,I,561,2,1,2,3,3,6,3,3,7300,1,1,0,3,3,6,3,3,7300,1,1,0,3,3,6,3,3,7300,1,1,0,2024,3,9,1750000,1560000,1,1
202601,6,,여수학동,46130,14,0,200,0,1,1,3,11,03,6,2,없음,108,6,0,0,0,2,2,4,1,10,2,1,1,1,1,8,2,3,1,1,S,961,2,1,2,3,3,6,3,3,7300,1,1,0,3,3,6,3,3,7300,1,1,0,3,3,6,3,3,7300,1,1,0,2024,3,9,1750000,1560000,1,1
202601,6,,여수학동,46130,14,0,200,0,1,1,3,11,03,6,2,없음,108,6,0,0,0,2,2,4,1,10,2,1,1,1,1,8,2,3,2,1,0,999,4,1,4,3,3,3,3,3,3400,1,1,0,3,3,3,3,3,3400,1,1,0,3,3,3,3,3,3400,1,1,0,2025,3,9,1750000,1560000,1,1
202601,6,,여수학동,46130,14,0,200,0,1,0,3,21,03,6,1,없음,120,7,0,0,0,2,2,4,1,10,1,1,1,1,1,8,2,3,1,1,G,474,2,1,2,3,4,6,3,4,10700,1,1,0,3,4,6,3,4,10700,1,1,0,3,4,6,3,4,10700,1,1,0,2024,3,9,1840000,3080000,1,2
202601,6,,여수학동,46130,14,0,200,0,1,0,3,21,03,6,1,없음,120,7,0,0,0,2,2,4,1,10,1,1,1,1,1,8,2,3,1,2,S,969,2,1,2,1,1,1,3,3,11100,1,1,0,1,1,1,3,3,11100,1,1,0,1,1,1,3,3,11100,1,1,0,0,1,1,1840000,3080000,1,2
202601,6,,여수학동,46130,14,0,200,0,1,0,3,21,03,6,1,없음,120,7,0,0,0,2,2,4,1,10,1,1,1,1,1,8,2,3,1,1,I,562,2,1,2,3,3,7,3,3,10700,1,1,0,3,3,7,3,3,10700,1,1,0,3,3,7,3,3,10700,1,1,0,2025,3,10,1840000,3080000,1,2
202601,6,,여수학동,46130,14,0,200,0,1,0,2,21,04,6,1,없음,164,6,0,0,0,2,2,4,1,10,2,1,1,1,1,8,2,3,1,1,I,562,2,1,2,3,3,6,3,3,8100,1,1,0,3,3,6,3,3,8100,1,1,0,3,3,6,3,3,8100,1,1,0,2024,3,10,1640000,2750000,1,2
202601,6,,여수학동,46130,14,0,200,0,1,0,2,21,04,6,1,없음,164,6,0,0,0,2,2,4,1,10,2,1,1,1,1,8,2,3,1,1,R,912,2,1,2,3,3,6,3,3,8200,1,1,0,3,3,6,3,3,8200,1,1,0,3,3,6,3,3,8200,1,1,0,2025,3,9,1640000,2750000,1,2
202601,6,,여수학동,46130,14,0,200,0,1,0,3,21,03,6,1,없음,100,6,0,0,0,2,2,4,1,9,2,1,1,1,1,8,2,3,1,1,D,353,2,1,2,3,3,5,3,3,6500,1,1,0,3,3,5,3,3,6500,1,1,0,3,3,5,3,3,6500,1,1,0,2024,3,9,1630000,1750000,1,1
202601,6,,여수학동,46130,14,0,200,0,1,0,3,21,03,6,1,없음,100,6,0,0,0,2,2,4,1,9,2,1,1,1,1,8,2,3,1,1,S,951,2,1,2,3,3,5,3,3,6300,1,1,0,3,3,5,3,3,6300,1,1,0,3,3,5,3,3,6300,1,1,0,2025,3,9,1630000,1750000,1,1
202601,6,,여수학동,46130,14,0,200,0,1,0,3,21,03,6,1,없음,100,6,0,0,0,2,2,4,1,9,2,1,1,1,1,8,2,3,2,2,0,999,3,1,3,1,1,1,4,3,4700,1,1,0,1,1,1,4,3,4700,1,1,0,1,1,1,4,3,4700,1,1,0,0,1,1,1630000,1750000,1,1
202601,6,,여수학동,46130,14,0,200,0,1,1,3,21,04,6,2,없음,159,6,0,0,0,2,2,4,1,10,2,1,2,1,1,8,2,3,-1,2,0,999,1,1,1,1,1,1,2,2,2900,1,1,0,1,1,1,2,2,2900,1,1,0,1,1,1,2,2,2900,1,1,0,0,1,1,1980000,1540000,1,2
202601,6,,여수학동,46130,14,0,200,0,1,1,3,21,04,6,2,없음,159,6,0,0,0,2,2,4,1,10,2,1,2,1,1,8,2,3,1,1,I,562,2,1,2,3,3,6,3,3,8500,1,1,0,3,3,6,3,3,8500,1,1,0,3,3,6,3,3,8500,1,1,0,2025,3,10,1980000,1540000,1,2
202601,6,,여수학동,46130,14,0,200,0,1,1,3,21,04,6,2,없음,159,6,0,0,0,2,2,4,1,10,2,1,2,1,1,8,2,3,1,1,I,561,2,1,2,3,3,6,4,3,9200,1,1,0,3,3,6,4,3,9200,1,1,0,3,3,6,4,3,9200,1,1,0,2025,3,8,1980000,1540000,1,2
202601,6,,여수학동,46130,14,0,200,0,1,1,3,21,04,6,2,없음,159,6,0,0,0,2,2,4,1,10,2,1,2,1,1,8,2,3,2,2,0,999,4,1,4,1,1,1,4,3,4200,1,1,0,1,1,1,4,3,4200,1,1,0,1,1,1,4,3,4200,1,1,0,0,1,1,1980000,1540000,1,2
202601,6,,여수학동,46130,14,0,200,0,1,0,3,21,03,1,1,없음,266,6,0,0,0,2,2,4,1,10,2,1,1,1,1,8,2,3,1,1,I,562,2,1,2,3,3,5,3,3,7000,1,1,0,3,3,5,3,3,7000,1,1,0,3,3,5,3,3,7000,1,1,0,2025,3,8,1670000,2900000,1,2
202601,6,,여수학동,46130,14,0,200,0,1,0,3,21,03,1,1,없음,266,6,0,0,0,2,2,4,1,10,2,1,1,1,1,8,2,3,1,1,I,561,2,1,2,3,3,5,3,3,7000,1,1,0,3,3,5,3,3,7000,1,1,0,3,3,5,3,3,7000,1,1,0,2025,3,10,1670000,2900000,1,2
202601,6,,여수학동,46130,16,0,200,0,1,0,2,11,03,6,1,없음,180,6,0,0,0,2,2,4,1,10,2,1,1,1,1,8,2,3,1,1,I,562,2,1,3,4,5,7,4,4,16000,1,1,0,4,5,7,4,4,16000,1,1,0,4,5,7,4,4,16000,1,1,0,2024,3,10,2750000,4890000,1,2
202601,6,,여수학동,46130,16,0,200,0,1,0,2,11,03,6,1,없음,180,6,0,0,0,2,2,4,1,10,2,1,1,1,1,8,2,3,1,1,G,474,2,1,3,6,4,7,5,4,17000,1,1,0,6,4,7,5,4,17000,1,1,0,6,4,7,5,4,17000,1,1,0,2025,3,9,2750000,4890000,1,2
202601,6,,여수학동,46130,14,0,200,0,1,0,3,21,03,1,1,없음,92,6,0,0,0,2,2,4,1,10,2,1,1,1,1,8,2,3,1,1,S,969,2,1,2,3,3,5,3,3,8500,1,1,0,3,3,5,3,3,8500,1,1,0,3,3,5,3,3,8500,1,1,0,2025,3,10,1850000,1800000,1,2
202601,6,,여수학동,46130,14,0,200,0,1,0,3,21,03,1,1,없음,92,6,0,0,0,2,2,4,1,10,2,1,1,1,1,8,2,3,1,1,G,474,2,1,2,3,3,6,3,3,8500,1,1,0,3,3,6,3,3,8500,1,1,0,3,3,6,3,3,8500,1,1,0,2026,2,10,1850000,1800000,1,2
202601,6,,여수학동,46130,14,0,200,0,1,0,3,21,03,1,1,없음,92,6,0,0,0,2,2,4,1,10,2,1,1,1,1,8,2,3,2,1,0,999,3,1,3,3,3,4,3,3,4500,1,1,0,3,3,4,3,3,4500,1,1,0,3,3,4,3,3,4500,1,1,0,2025,3,9,1850000,1800000,1,2
202601,6,,0.비상권,46130,14,0,200,0,1,0,3,21,04,6,2,없음,150,6,0,0,0,2,2,4,1,10,2,1,2,1,1,8,2,3,1,6,0,999,1,1,2,1,1,1,3,3,6500,1,1,1,1,1,1,3,3,6500,1,1,1,1,1,1,3,3,6500,1,1,1,0,1,1,1330000,1170000,1,2
202601,6,,0.비상권,46130,14,0,200,0,1,0,3,21,04,6,2,없음,150,6,0,0,0,2,2,4,1,10,2,1,2,1,1,8,2,3,1,1,G,464,1,1,2,3,3,5,3,3,6500,1,1,0,3,3,5,3,3,6500,1,1,0,3,3,5,3,3,6500,1,1,0,2024,4,8,1330000,1170000,1,2
202601,6,,0.비상권,46130,14,0,200,0,1,0,3,21,04,6,2,없음,150,6,0,0,0,2,2,4,1,10,2,1,2,1,1,8,2,3,1,1,D,353,2,1,3,4,3,5,4,3,6600,1,1,0,4,3,5,4,3,6600,1,1,0,4,3,5,4,3,6600,1,1,0,2026,3,9,1330000,1170000,1,2
202601,6,,0.비상권,46130,14,0,200,0,1,0,3,21,04,6,2,없음,150,6,0,0,0,2,2,4,1,10,2,1,2,1,1,8,2,3,2,2,0,999,4,1,4,1,1,1,3,3,3300,1,1,0,1,1,1,3,3,3300,1,1,0,1,1,1,3,3,3300,1,1,0,0,1,1,1330000,1170000,1,2
202601,6,,0.비상권,46130,22,0,0,0,1,0,8,32,03,8,1,없음,310,4,0,0,0,2,2,4,1,10,1,2,1,1,1,8,2,3,1,1,I,561,3,1,3,6,5,8,6,5,25800,1,1,0,6,5,8,6,5,25800,1,1,0,6,5,8,6,5,25800,1,1,0,2024,3,10,5710000,7170000,1,3
202601,6,,0.비상권,46130,22,0,0,0,1,0,8,32,03,8,1,없음,310,4,0,0,0,2,2,4,1,10,1,2,1,1,1,8,2,3,1,6,0,999,3,1,3,1,1,1,6,6,27000,1,1,1,1,1,1,6,6,27000,1,1,1,1,1,1,6,6,27000,1,1,1,0,1,1,5710000,7170000,1,3
202601,6,,0.비상권,46130,22,0,0,0,1,0,8,32,03,8,1,없음,310,4,0,0,0,2,2,4,1,10,1,2,1,1,1,8,2,3,1,6,0,999,3,1,3,1,1,1,6,5,26900,1,1,1,1,1,1,6,5,26900,1,1,1,1,1,1,6,5,26900,1,1,1,0,1,1,5710000,7170000,1,3
202601,6,,무선지구,46130,14,0,200,0,1,0,3,21,03,6,1,없음,50,7,0,0,0,2,2,4,1,10,2,1,1,1,1,8,2,3,1,1,P,855,3,1,3,6,3,5,6,3,6900,1,1,0,6,3,5,6,3,6900,1,1,0,6,3,5,6,3,6900,1,1,0,2024,3,7,1830000,1880000,1,2
202601,6,,무선지구,46130,14,0,200,0,1,0,3,21,03,6,1,없음,50,7,0,0,0,2,2,4,1,10,2,1,1,1,1,8,2,3,1,1,I,561,2,1,3,4,3,5,4,3,7700,1,1,0,4,3,5,4,3,7700,1,1,0,4,3,5,4,3,7700,1,1,0,2024,3,7,1830000,1880000,1,2
202601,6,,무선지구,46130,14,0,200,0,1,0,3,21,03,6,1,없음,50,7,0,0,0,2,2,4,1,10,2,1,1,1,1,8,2,3,2,2,0,999,3,1,3,1,1,1,4,3,3700,1,1,0,1,1,1,4,3,3700,1,1,0,1,1,1,4,3,3700,1,1,0,0,1,1,1830000,1880000,1,2
202601,6,,무선지구,46130,14,0,200,0,1,0,3,21,04,6,1,없음,200,6,0,0,0,2,2,4,1,10,2,1,1,1,1,8,2,3,1,1,S,949,2,1,2,3,3,4,3,3,5700,1,1,0,3,3,4,3,3,5700,1,1,0,3,3,4,3,3,5700,1,1,0,2024,3,9,1470000,1660000,1,2
202601,6,,무선지구,46130,14,0,200,0,1,0,3,21,04,6,1,없음,200,6,0,0,0,2,2,4,1,10,2,1,1,1,1,8,2,3,1,1,S,969,2,1,2,3,3,5,3,3,5800,1,1,0,3,3,5,3,3,5800,1,1,0,3,3,5,3,3,5800,1,1,0,2025,3,9,1470000,1660000,1,2
202601,6,,무선지구,46130,14,0,200,0,1,0,3,21,04,6,1,없음,200,6,0,0,0,2,2,4,1,10,2,1,1,1,1,8,2,3,2,2,0,999,3,1,3,1,1,1,3,3,4000,1,1,0,1,1,1,3,3,4000,1,1,0,1,1,1,3,3,4000,1,1,0,0,1,1,1470000,1660000,1,2
202601,6,,무선지구,46130,14,0,120,200,1,1,3,21,03,6,2,없음,250,1,0,0,0,2,2,4,1,10,2,1,2,1,1,8,2,3,-1,2,0,999,1,1,1,1,1,1,3,2,4500,1,1,0,1,1,1,3,2,4500,1,1,0,1,1,1,3,2,4500,1,1,0,0,1,1,2700000,2760000,1,1
202601,6,,무선지구,46130,14,0,120,200,1,1,3,21,03,6,2,없음,250,1,0,0,0,2,2,4,1,10,2,1,2,1,1,8,2,3,1,1,J,581,3,1,3,3,3,5,4,3,5700,1,1,0,3,3,5,4,3,5700,1,1,0,3,3,5,4,3,5700,1,1,0,2025,3,7,2700000,2760000,1,1
202601,6,,무선지구,46130,14,0,120,200,1,1,3,21,03,6,2,없음,250,1,0,0,0,2,2,4,1,10,2,1,2,1,1,8,2,3,1,1,L,682,2,1,2,3,3,5,3,3,7400,1,1,0,3,3,5,3,3,7400,1,1,0,3,3,5,3,3,7400,1,1,0,2025,3,10,2700000,2760000,1,1
202601,6,,무선지구,46130,14,0,120,200,1,1,3,21,03,6,2,없음,250,1,0,0,0,2,2,4,1,10,2,1,2,1,1,8,2,3,2,2,0,999,4,1,4,1,1,1,4,3,3500,1,1,0,1,1,1,4,3,3500,1,1,0,1,1,1,4,3,3500,1,1,0,0,1,1,2700000,2760000,1,1
202601,6,,무선지구,46130,14,0,200,0,1,0,5,32,04,6,1,없음,100,1,0,0,0,2,2,4,1,10,2,1,1,1,1,8,2,3,1,1,I,561,3,1,3,4,4,7,4,4,11100,1,1,0,4,4,7,4,4,11100,1,1,0,4,4,7,4,4,11100,1,1,0,2024,3,10,2100000,3900000,1,3
202601,6,,무선지구,46130,14,0,200,0,1,0,5,32,04,6,1,없음,100,1,0,0,0,2,2,4,1,10,2,1,1,1,1,8,2,3,1,1,I,562,3,1,3,4,4,7,4,4,11600,1,1,0,4,4,7,4,4,11600,1,1,0,4,4,7,4,4,11600,1,1,0,2024,3,8,2100000,3900000,1,3
202601,6,,무선지구,46130,14,0,200,0,1,0,6,32,04,6,1,없음,24,5,0,0,0,2,2,4,1,10,2,1,1,1,1,8,2,3,1,2,0,999,2,1,2,1,1,1,3,3,11500,1,1,0,1,1,1,3,3,11500,1,1,0,1,1,1,3,3,11500,1,1,0,0,1,1,2090000,3500000,1,3
202601,6,,무선지구,46130,14,0,200,0,1,0,6,32,04,6,1,없음,24,5,0,0,0,2,2,4,1,10,2,1,1,1,1,8,2,3,1,1,I,561,2,1,2,4,4,7,4,4,10700,1,1,0,4,4,7,4,4,10700,1,1,0,4,4,7,4,4,10700,1,1,0,2024,3,9,2090000,3500000,1,3
202601,6,,무선지구,46130,14,0,200,0,1,0,6,32,04,6,1,없음,24,5,0,0,0,2,2,4,1,10,2,1,1,1,1,8,2,3,1,1,I,561,2,1,2,4,4,7,4,4,10600,1,1,0,4,4,7,4,4,10600,1,1,0,4,4,7,4,4,10600,1,1,0,2025,3,10,2090000,3500000,1,3
202601,6,,무선지구,46130,14,0,200,0,1,0,5,32,03,5,1,없음,150,2,0,0,0,2,1,3,1,10,1,1,1,1,1,8,2,3,1,1,G,471,3,1,3,5,5,7,5,4,11700,1,1,0,5,5,7,5,4,11700,1,1,0,5,5,7,5,4,11700,1,1,0,2026,3,10,2210000,5510000,1,3
202601,6,,무선지구,46130,14,0,200,0,1,0,4,21,03,6,1,없음,10,1,0,0,0,2,2,4,1,10,2,1,1,1,1,8,2,3,1,1,S,969,2,1,3,4,3,6,3,3,7400,1,1,0,4,3,6,3,3,7400,1,1,0,4,3,6,3,3,7400,1,1,0,2026,3,9,1890000,3320000,1,2
202601,6,,무선지구,46130,14,0,200,0,1,0,4,21,03,6,1,없음,10,1,0,0,0,2,2,4,1,10,2,1,1,1,1,8,2,3,1,1,J,639,2,1,3,3,3,6,3,3,7900,1,1,0,3,3,6,3,3,7900,1,1,0,3,3,6,3,3,7900,1,1,0,2024,3,10,1890000,3320000,1,2
202601,6,,무선지구,46130,13,0,0,0,1,0,4,21,03,6,1,없음,45,7,0,1,0,2,2,4,1,10,2,1,2,1,1,8,2,3,1,1,I,561,2,1,2,5,3,7,5,3,9800,1,1,0,5,3,7,5,3,9800,1,1,0,5,3,7,5,3,9800,1,1,0,2025,3,10,1830000,1930000,1,2
202601,6,,무선지구,46130,13,0,0,0,1,0,4,21,03,6,1,없음,45,7,0,1,0,2,2,4,1,10,2,1,2,1,1,8,2,3,1,1,S,969,2,1,2,4,3,6,4,3,9300,1,1,0,4,3,6,4,3,9300,1,1,0,4,3,6,4,3,9300,1,1,0,2025,3,9,1830000,1930000,1,2
202601,6,,무선지구,46130,13,0,0,0,1,0,4,21,03,6,1,없음,45,7,0,1,0,2,2,4,1,10,2,1,2,1,1,8,2,3,2,2,0,999,3,1,4,1,1,1,4,3,4900,1,1,0,1,1,1,4,3,4900,1,1,0,1,1,1,4,3,4900,1,1,0,0,1,1,1830000,1930000,1,2
202601,6,,무선지구,46130,22,0,300,0,1,0,4,32,04,4,1,없음,200,3,0,0,0,3,2,4,1,10,2,1,1,1,1,8,2,3,1,1,I,562,4,1,4,6,6,7,6,6,14500,1,1,0,6,6,7,6,6,14500,1,1,0,6,6,7,6,6,14500,1,1,0,2025,3,5,2720000,4580000,1,2
202601,6,,0.비상권,46130,13,0,0,0,1,0,5,32,04,4,1,없음,100,1,0,0,0,2,1,3,1,10,1,1,1,1,1,8,2,3,1,1,I,561,3,1,3,4,5,7,4,5,13300,1,1,0,4,5,7,4,5,13300,1,1,0,4,5,7,4,5,13300,1,1,0,2025,3,10,1620000,4130000,1,2
202601,6,,무선지구,46130,14,0,200,0,1,0,4,21,04,6,2,없음,183,4,0,1,0,2,2,4,1,10,2,1,1,1,1,8,2,3,1,1,I,561,4,1,4,6,4,5,5,4,6600,1,1,0,6,4,5,5,4,6600,1,1,0,6,4,5,5,4,6600,1,1,0,2024,3,9,1950000,1900000,1,2
202601,6,,무선지구,46130,14,0,200,0,1,0,4,21,04,6,2,없음,183,4,0,1,0,2,2,4,1,10,2,1,1,1,1,8,2,3,2,2,0,999,3,1,3,1,1,1,3,3,4400,1,1,0,1,1,1,3,3,4400,1,1,0,1,1,1,3,3,4400,1,1,0,0,1,1,1950000,1900000,1,2
202601,6,,무선지구,46130,14,0,200,0,1,0,4,21,03,6,1,없음,120,1,0,1,0,2,2,4,1,10,2,1,1,1,1,8,2,3,1,1,M,713,4,1,4,5,4,6,5,4,8300,1,1,0,5,4,6,5,4,8300,1,1,0,5,4,6,5,4,8300,1,1,0,2024,3,7,2340000,2420000,1,2
202601,6,,무선지구,46130,14,0,200,0,1,0,4,21,03,6,1,없음,120,1,0,1,0,2,2,4,1,10,2,1,1,1,1,8,2,3,2,2,0,999,3,1,3,1,1,1,4,3,4700,1,1,0,1,1,1,4,3,4700,1,1,0,1,1,1,4,3,4700,1,1,0,0,1,1,2340000,2420000,1,2
202601,6,,순천원도심,46150,22,0,120,300,1,0,1,11,03,1,1,없음,30,1,0,0,0,1,1,3,1,10,1,1,1,1,1,8,1,3,1,1,G,472,2,1,2,4,4,7,4,4,14000,1,1,0,4,4,7,4,4,14000,1,1,0,4,4,7,4,4,14000,1,1,0,2025,3,8,2370000,1900000,1,3
202601,6,,순천원도심,46150,22,0,120,300,1,0,1,11,03,1,1,없음,30,1,0,0,0,1,1,3,1,10,1,1,1,1,1,8,1,3,2,6,0,999,1,1,1,1,1,1,3,3,9100,1,1,1,1,1,1,3,3,9100,1,1,1,1,1,1,3,3,9100,1,1,1,0,1,1,2370000,1900000,1,3
202601,6,,순천원도심,46150,22,0,120,300,1,0,1,21,03,1,1,없음,150,2,0,0,0,2,2,4,1,10,2,1,1,1,1,8,2,3,1,1,I,561,2,1,2,6,4,8,5,4,15700,1,1,0,6,4,8,5,4,15700,1,1,0,6,4,8,5,4,15700,1,1,0,2026,3,5,1890000,2770000,1,1
202601,6,,순천원도심,46150,22,0,120,300,1,0,1,21,03,1,1,없음,150,2,0,0,0,2,2,4,1,10,2,1,1,1,1,8,2,3,1,1,G,475,2,1,2,6,4,8,5,4,15700,1,1,0,6,4,8,5,4,15700,1,1,0,6,4,8,5,4,15700,1,1,0,2026,3,5,1890000,2770000,1,1
202601,6,,순천원도심,46150,22,0,120,300,1,0,1,21,03,1,1,없음,150,2,0,0,0,2,2,4,1,10,2,1,1,1,1,8,2,3,2,1,0,999,3,1,3,3,3,4,3,3,4300,1,1,0,3,3,4,3,3,4300,1,1,0,3,3,4,3,3,4300,1,1,0,2024,3,5,1890000,2770000,1,1
202601,6,,0.비상권,46150,14,0,0,0,1,0,8,32,03,6,1,없음,350,5,0,0,0,2,1,2,1,10,1,1,1,1,1,1,2,3,1,1,G,475,2,1,2,7,5,9,6,5,29100,1,1,0,7,5,9,6,5,29100,1,1,0,7,5,9,6,5,29100,1,1,0,2025,3,10,1970000,3380000,1,3
202601,6,,0.비상권,46150,14,0,0,0,1,0,6,32,04,6,1,없음,160,7,0,0,0,2,2,4,1,10,2,1,1,1,1,8,2,3,1,1,I,561,4,1,4,6,6,8,6,6,23300,1,1,0,6,6,8,6,6,23300,1,1,0,6,6,8,6,6,23300,1,1,0,2025,3,7,2260000,3800000,1,3
202601,6,,0.비상권,46150,22,0,120,0,1,0,8,32,03,6,1,없음,50,1,0,0,0,1,1,2,1,10,1,1,1,1,1,8,1,3,1,1,I,561,2,1,2,4,4,7,5,4,19300,1,1,0,4,4,7,5,4,19300,1,1,0,4,4,7,5,4,19300,1,1,0,2024,3,10,2660000,4480000,1,3
202601,6,,0.비상권,46150,13,0,0,0,1,0,6,32,03,6,1,없음,50,4,0,0,0,2,2,4,1,10,2,1,1,1,1,8,2,3,1,1,I,561,3,1,3,4,4,6,4,4,8400,1,1,0,4,4,6,4,4,8400,1,1,0,4,4,6,4,4,8400,1,1,0,2025,2,9,1410000,2510000,1,2
202601,6,,0.비상권,46150,13,0,0,0,1,0,6,32,03,6,1,없음,50,4,0,0,0,2,2,4,1,10,2,1,1,1,1,8,2,3,1,1,M,732,3,1,3,4,4,6,4,4,9500,1,1,0,4,4,6,4,4,9500,1,1,0,4,4,6,4,4,9500,1,1,0,2026,3,10,1410000,2510000,1,2
202601,6,,0.비상권,46150,13,0,0,0,1,0,7,32,03,6,1,없음,84,4,0,0,0,1,1,2,1,10,1,1,1,1,1,8,1,3,1,1,G,478,2,1,2,3,3,7,3,3,10200,1,1,0,3,3,7,3,3,10200,1,1,0,3,3,7,3,3,10200,1,1,0,2025,3,10,1460000,2520000,1,2
202601,6,,0.비상권,46150,13,0,0,0,1,0,7,32,03,6,1,없음,84,4,0,0,0,1,1,2,1,10,1,1,1,1,1,8,1,3,1,6,0,999,1,1,1,1,1,1,3,3,10900,1,1,1,1,1,1,3,3,10900,1,1,1,1,1,1,3,3,10900,1,1,1,0,1,1,1460000,2520000,1,2
202601,6,,조례,46150,22,0,300,0,1,0,4,11,04,8,1,없음,50,2,0,1,0,3,2,4,1,10,2,1,1,1,1,8,3,3,1,1,G,474,4,1,4,7,7,8,7,7,20000,1,1,0,7,7,8,7,7,20000,1,1,0,7,7,8,7,7,20000,1,1,0,2025,3,10,4560000,6340000,1,1
202601,6,,조례,46150,22,0,300,0,1,0,4,32,04,8,1,없음,100,8,0,1,0,3,2,4,1,10,2,2,1,1,1,8,3,3,1,1,I,561,4,1,4,5,5,7,5,5,16900,1,1,0,5,5,7,5,5,16900,1,1,0,5,5,7,5,5,16900,1,1,0,2024,3,9,2920000,3850000,1,1
202601,6,,조례,46150,22,0,300,0,1,0,4,32,04,8,1,없음,100,8,0,1,0,3,2,4,1,10,2,2,1,1,1,8,3,3,1,6,0,999,4,1,4,1,1,1,7,5,15700,1,1,1,1,1,1,7,5,15700,1,1,1,1,1,1,7,5,15700,1,1,1,0,1,1,2920000,3850000,1,1
202601,6,,0.비상권,46150,16,0,0,0,1,0,3,19,03,6,1,없음,50,5,0,0,0,2,2,4,1,10,2,1,1,1,1,8,2,3,1,1,I,561,2,1,2,4,4,7,4,4,19400,1,1,0,4,4,7,4,4,19400,1,1,0,4,4,7,4,4,19400,1,1,0,2025,3,9,2090000,3490000,1,1
202601,6,,0.비상권,46150,16,0,0,0,1,0,3,19,03,6,1,없음,50,5,0,0,0,2,2,4,1,10,2,1,1,1,1,8,2,3,1,6,0,999,1,1,1,1,1,1,4,3,18200,1,1,1,1,1,1,4,3,18200,1,1,1,1,1,1,4,3,18200,1,1,1,0,1,1,2090000,3490000,1,1
202601,6,,0.비상권,46150,16,0,0,0,1,0,3,19,03,6,1,없음,50,5,0,0,0,2,2,4,1,10,2,1,1,1,1,8,2,3,1,1,R,912,1,1,1,3,4,8,3,4,23500,1,1,0,3,4,8,3,4,23500,1,1,0,3,4,8,3,4,23500,1,1,0,2025,3,9,2090000,3490000,1,1
202601,6,,0.비상권,46150,16,0,0,0,1,0,3,19,03,6,1,없음,50,5,0,0,0,2,2,4,1,10,2,1,1,1,1,8,2,3,1,1,N,751,1,1,1,4,3,7,4,3,18000,1,1,0,4,3,7,4,3,18000,1,1,0,4,3,7,4,3,18000,1,1,0,2025,3,10,2090000,3490000,1,1
202601,6,,0.비상권,46150,16,0,0,0,1,0,3,19,03,6,1,없음,50,5,0,0,0,2,2,4,1,10,2,1,1,1,1,8,2,3,1,1,I,562,1,1,1,4,3,7,4,3,18000,1,1,0,4,3,7,4,3,18000,1,1,0,4,3,7,4,3,18000,1,1,0,2025,3,9,2090000,3490000,1,1
202601,6,,0.비상권,46150,14,0,0,0,1,0,3,19,04,6,1,없음,15,1,0,0,0,2,1,3,1,10,1,1,1,1,1,8,2,3,1,1,F,424,1,1,2,3,3,6,3,3,9900,1,1,0,3,3,6,3,3,9900,1,1,0,3,3,6,3,3,9900,1,1,0,2026,3,10,1370000,2390000,1,3
202601,6,,0.비상권,46150,14,0,0,0,1,0,3,19,04,6,1,없음,15,1,0,0,0,2,1,3,1,10,1,1,1,1,1,8,2,3,1,1,I,561,1,1,1,1,3,6,3,3,9600,1,1,0,1,3,6,3,3,9600,1,1,0,1,3,6,3,3,9600,1,1,0,2024,3,8,1370000,2390000,1,3
202601,6,,0.비상권,46150,14,0,0,0,1,0,3,19,04,6,1,없음,15,1,0,0,0,2,1,3,1,10,1,1,1,1,1,8,2,3,1,1,I,561,1,1,2,3,3,6,3,3,9900,1,1,0,3,3,6,3,3,9900,1,1,0,3,3,6,3,3,9900,1,1,0,2026,3,10,1370000,2390000,1,3
202601,6,,0.비상권,46150,14,0,0,0,1,0,4,19,03,6,1,없음,50,1,0,0,0,2,1,3,1,10,1,1,1,1,1,8,2,3,1,1,G,468,3,1,3,4,4,5,4,4,7800,1,1,0,4,4,5,4,4,7800,1,1,0,4,4,5,4,4,7800,1,1,0,2024,3,9,1320000,2300000,1,1
202601,6,,0.비상권,46150,14,0,0,0,1,0,7,32,04,6,1,없음,350,1,0,0,0,3,2,4,1,10,2,1,1,1,1,8,3,3,1,1,I,561,3,1,3,4,4,7,3,4,13700,1,1,0,4,4,7,3,4,13700,1,1,0,4,4,7,3,4,13700,1,1,0,2025,2,9,2060000,3500000,1,2
202601,6,,0.비상권,46150,14,0,0,0,1,0,7,32,04,6,1,없음,350,1,0,0,0,3,2,4,1,10,2,1,1,1,1,8,3,3,1,1,I,562,3,1,3,4,4,7,4,4,14500,1,1,0,4,4,7,4,4,14500,1,1,0,4,4,7,4,4,14500,1,1,0,2025,2,10,2060000,3500000,1,2
202601,6,,0.비상권,46150,14,0,0,0,1,0,7,32,04,6,1,없음,350,1,0,0,0,3,2,4,1,10,2,1,1,1,1,8,3,3,1,1,I,561,3,1,3,4,4,7,4,4,14500,1,1,0,4,4,7,4,4,14500,1,1,0,4,4,7,4,4,14500,1,1,0,2025,2,9,2060000,3500000,1,2
202601,6,,0.비상권,46150,14,0,0,0,1,0,3,32,04,6,1,없음,3,1,0,0,0,2,2,4,1,10,2,1,1,1,1,8,2,3,1,1,I,561,4,1,4,4,4,4,4,4,4700,1,1,0,4,4,4,4,4,4700,1,1,0,4,4,4,4,4,4700,1,1,0,2025,2,9,1320000,2380000,1,1
202601,6,,순천원도심,46150,22,0,300,0,1,0,1,21,03,1,1,없음,385,4,0,0,0,1,1,3,1,10,1,1,1,1,1,8,1,3,1,1,G,474,2,1,2,4,3,7,4,3,9900,1,1,0,4,3,7,4,3,9900,1,1,0,4,3,7,4,3,9900,1,1,0,2025,3,9,1560000,1260000,1,2
202601,6,,순천원도심,46150,22,0,300,0,1,0,1,21,03,1,1,없음,385,4,0,0,0,1,1,3,1,10,1,1,1,1,1,8,1,3,2,1,G,474,2,1,2,3,3,3,3,3,3600,1,1,0,3,3,3,3,3,3600,1,1,0,3,3,3,3,3,3600,1,1,0,2025,3,9,1560000,1260000,1,2
202601,6,,순천원도심,46150,22,0,300,0,1,0,1,21,03,1,1,없음,10,4,0,0,0,2,2,4,1,9,1,1,2,1,1,8,2,3,1,6,0,999,1,1,2,1,1,1,3,3,5700,1,1,1,1,1,1,3,3,5700,1,1,1,1,1,1,3,3,5700,1,1,1,0,1,1,2010000,1410000,1,1
202601,6,,순천원도심,46150,22,0,300,0,1,0,1,21,03,1,1,없음,10,4,0,0,0,2,2,4,1,9,1,1,2,1,1,8,2,3,1,2,S,949,2,1,2,1,1,1,3,3,5400,1,1,0,1,1,1,3,3,5400,1,1,0,1,1,1,3,3,5400,1,1,0,0,1,1,2010000,1410000,1,1
202601,6,,순천원도심,46150,22,0,300,0,1,0,1,21,03,1,1,없음,10,4,0,0,0,2,2,4,1,9,1,1,2,1,1,8,2,3,2,2,J,639,2,1,3,1,1,1,3,3,3400,1,1,0,1,1,1,3,3,3400,1,1,0,1,1,1,3,3,3400,1,1,0,0,1,1,2010000,1410000,1,1
202601,6,,순천원도심,46150,22,0,300,0,1,0,1,11,03,1,1,없음,160,4,0,0,0,1,1,2,1,10,1,1,1,1,1,8,1,3,1,1,S,961,2,1,2,1,3,5,3,3,8300,1,1,0,1,3,5,3,3,8300,1,1,0,1,3,5,3,3,8300,1,1,0,2025,3,6,1590000,2070000,1,2
202601,6,,순천원도심,46150,22,0,300,0,1,0,7,32,04,2,1,없음,65,7,0,0,0,3,1,3,1,10,1,1,1,1,1,8,3,3,1,1,S,952,3,1,3,6,4,7,6,4,12600,1,1,0,6,4,7,6,4,12600,1,1,0,6,4,7,6,4,12600,1,1,0,2025,3,8,1090000,7320000,1,2
202601,6,,순천원도심,46150,22,0,300,0,1,0,7,21,04,8,2,없음,50,8,0,1,0,2,2,4,1,10,1,1,1,1,1,8,2,3,1,1,I,561,3,1,3,4,3,4,4,3,5700,1,1,0,4,3,4,4,3,5700,1,1,0,4,3,4,4,3,5700,1,1,0,2024,3,9,1860000,1620000,1,1
202601,6,,순천원도심,46150,22,0,300,0,1,0,7,21,04,8,2,없음,50,8,0,1,0,2,2,4,1,10,1,1,1,1,1,8,2,3,2,2,0,999,2,1,3,1,1,1,3,3,4100,1,1,0,1,1,1,3,3,4100,1,1,0,1,1,1,3,3,4100,1,1,0,0,1,1,1860000,1620000,1,1
202601,6,,순천원도심,46150,22,0,300,0,1,0,3,19,04,8,1,없음,100,7,0,0,0,2,2,4,1,10,2,1,1,1,1,8,2,3,1,1,I,561,4,1,4,6,3,5,6,4,7300,1,1,0,6,3,5,6,4,7300,1,1,0,6,3,5,6,4,7300,1,1,0,2025,3,10,1380000,1890000,1,1
202601,6,,순천원도심,46150,22,0,300,0,1,0,2,11,03,1,1,없음,20,5,0,0,0,3,2,4,1,10,2,1,1,1,1,8,3,3,1,1,J,581,3,1,3,5,4,6,5,4,9600,1,1,0,5,4,6,5,4,9600,1,1,0,5,4,6,5,4,9600,1,1,0,2025,5,9,2390000,3180000,1,1
202601,6,,순천원도심,46150,22,0,300,0,1,0,2,11,03,1,1,없음,20,5,0,0,0,3,2,4,1,10,2,1,1,1,1,8,3,3,1,1,S,969,2,1,2,5,3,6,5,3,9400,1,1,0,5,3,6,5,3,9400,1,1,0,5,3,6,5,3,9400,1,1,0,2024,3,8,2390000,3180000,1,1
202601,6,,순천원도심,46150,22,0,300,0,1,0,2,11,03,1,1,없음,20,5,0,0,0,3,2,4,1,10,2,1,1,1,1,8,3,3,1,1,I,561,2,1,2,5,3,6,5,3,9400,1,1,0,5,3,6,5,3,9400,1,1,0,5,3,6,5,3,9400,1,1,0,2026,3,10,2390000,3180000,1,1
202601,6,,순천원도심,46150,22,0,300,0,1,0,2,11,03,1,1,없음,20,5,0,0,0,3,2,4,1,10,2,1,1,1,1,8,3,3,1,1,L,682,2,1,2,5,3,6,5,3,9400,1,1,0,5,3,6,5,3,9400,1,1,0,5,3,6,5,3,9400,1,1,0,2026,3,7,2390000,3180000,1,1
202601,6,,순천원도심,46150,22,0,300,0,1,0,1,12,03,8,1,없음,180,7,0,0,0,2,2,4,1,10,2,1,1,1,1,8,2,3,1,1,I,561,4,1,4,4,3,4,4,3,4500,1,1,0,4,3,4,4,3,4500,1,1,0,4,3,4,4,3,4500,1,1,0,2025,3,8,1060000,1480000,1,1
202601,6,,순천원도심,46150,22,0,300,0,1,0,1,21,03,1,1,없음,160,5,0,0,0,3,2,4,1,10,2,1,1,1,1,8,3,3,1,1,S,969,1,1,2,3,3,6,3,3,9700,1,1,0,3,3,6,3,3,9700,1,1,0,3,3,6,3,3,9700,1,1,0,2024,3,10,2220000,2890000,1,1
202601,6,,순천원도심,46150,22,0,300,0,1,0,1,21,03,1,1,없음,160,5,0,0,0,3,2,4,1,10,2,1,1,1,1,8,3,3,1,1,S,969,2,1,2,3,3,4,3,3,5500,1,1,0,3,3,4,3,3,5500,1,1,0,3,3,4,3,3,5500,1,1,0,2024,3,9,2220000,2890000,1,1
202601,6,,순천원도심,46150,22,0,300,0,1,0,1,21,03,1,1,없음,160,5,0,0,0,3,2,4,1,10,2,1,1,1,1,8,3,3,1,1,R,901,1,1,2,3,3,6,3,3,9400,1,1,0,3,3,6,3,3,9400,1,1,0,3,3,6,3,3,9400,1,1,0,2026,3,7,2220000,2890000,1,1
202601,6,,순천원도심,46150,22,0,300,0,1,0,1,21,03,1,1,없음,160,5,0,0,0,3,2,4,1,10,2,1,1,1,1,8,3,3,1,1,R,901,1,1,1,3,3,5,3,3,6300,1,1,0,3,3,5,3,3,6300,1,1,0,3,3,5,3,3,6300,1,1,0,2026,3,7,2220000,2890000,1,1
202601,6,,순천원도심,46150,22,0,300,0,1,0,1,21,03,1,1,없음,160,5,0,0,0,3,2,4,1,10,2,1,1,1,1,8,3,3,1,1,R,901,2,1,2,4,3,7,4,3,9900,1,1,0,4,3,7,4,3,9900,1,1,0,4,3,7,4,3,9900,1,1,0,2024,3,9,2220000,2890000,1,1
202601,6,,순천원도심,46150,22,0,300,0,1,0,1,21,03,1,1,없음,160,5,0,0,0,3,2,4,1,10,2,1,1,1,1,8,3,3,2,2,0,999,3,1,3,1,1,1,4,3,4900,1,1,0,1,1,1,4,3,4900,1,1,0,1,1,1,4,3,4900,1,1,0,0,1,1,2220000,2890000,1,1
202601,6,,순천원도심,46150,22,0,120,300,1,0,3,11,03,8,1,없음,20,2,0,0,0,2,2,4,1,10,2,1,1,1,1,8,2,3,1,1,G,476,2,1,2,3,3,6,3,3,9500,1,1,0,3,3,6,3,3,9500,1,1,0,3,3,6,3,3,9500,1,1,0,2024,3,5,2020000,2850000,1,1
202601,6,,순천원도심,46150,22,0,120,300,1,0,3,11,03,8,1,없음,20,2,0,0,0,2,2,4,1,10,2,1,1,1,1,8,2,3,1,1,G,478,2,1,2,3,3,6,3,3,9600,1,1,0,3,3,6,3,3,9600,1,1,0,3,3,6,3,3,9600,1,1,0,2024,3,8,2020000,2850000,1,1
202601,6,,순천원도심,46150,22,0,120,300,1,0,3,11,03,8,1,없음,20,2,0,0,0,2,2,4,1,10,2,1,1,1,1,8,2,3,1,1,G,475,2,1,2,3,3,6,3,3,9500,1,1,0,3,3,6,3,3,9500,1,1,0,3,3,6,3,3,9500,1,1,0,2024,3,6,2020000,2850000,1,1
202601,6,,순천원도심,46150,22,0,120,300,1,0,3,11,03,8,1,없음,20,2,0,0,0,2,2,4,1,10,2,1,1,1,1,8,2,3,1,1,S,961,2,1,2,3,3,6,3,3,9300,1,1,0,3,3,6,3,3,9300,1,1,0,3,3,6,3,3,9300,1,1,0,2024,3,5,2020000,2850000,1,1
202601,6,,순천원도심,46150,22,0,120,300,1,0,3,11,03,8,1,없음,20,2,0,0,0,2,2,4,1,10,2,1,1,1,1,8,2,3,1,1,S,961,2,1,2,3,3,6,3,3,9400,1,1,0,3,3,6,3,3,9400,1,1,0,3,3,6,3,3,9400,1,1,0,2024,3,9,2020000,2850000,1,1
202601,6,,순천원도심,46150,22,0,300,0,1,0,1,11,03,1,1,없음,130,4,0,0,0,1,1,2,1,9,1,1,1,1,1,8,1,3,1,1,G,473,1,1,1,4,3,7,4,3,14400,1,1,0,4,3,7,4,3,14400,1,1,0,4,3,7,4,3,14400,1,1,0,2024,3,7,2160000,1270000,1,2
202601,6,,순천원도심,46150,22,0,300,0,1,0,1,11,03,1,1,없음,130,4,0,0,0,1,1,2,1,9,1,1,1,1,1,8,1,3,2,6,0,999,1,1,1,1,1,1,3,3,5500,1,1,1,1,1,1,3,3,5500,1,1,1,1,1,1,3,3,5500,1,1,1,0,1,1,2160000,1270000,1,2
202601,6,,순천원도심,46150,22,0,300,0,1,0,1,11,04,1,1,없음,140,4,0,0,0,1,1,2,1,9,1,1,1,1,1,8,1,3,1,1,L,682,1,1,1,3,3,7,4,3,13500,1,1,0,3,3,7,4,3,13500,1,1,0,3,3,7,4,3,13500,1,1,0,2024,3,10,2230000,1260000,1,3
202601,6,,순천원도심,46150,22,0,300,0,1,0,1,11,04,1,1,없음,140,4,0,0,0,1,1,2,1,9,1,1,1,1,1,8,1,3,2,1,0,999,1,1,1,3,3,4,3,3,5100,1,1,0,3,3,4,3,3,5100,1,1,0,3,3,4,3,3,5100,1,1,0,2024,3,9,2230000,1260000,1,3
202601,6,,순천원도심,46150,22,0,300,0,1,0,1,51,03,1,1,없음,220,8,0,0,0,1,1,3,1,9,1,1,1,1,1,8,1,3,1,1,G,474,2,1,2,4,4,7,4,4,14200,1,1,0,4,4,7,4,4,14200,1,1,0,4,4,7,4,4,14200,1,1,0,2025,3,8,3450000,1300000,1,3
202601,6,,순천원도심,46150,22,0,300,0,1,0,1,51,03,1,1,없음,220,8,0,0,0,1,1,3,1,9,1,1,1,1,1,8,1,3,2,1,S,961,2,1,2,4,3,5,4,3,6200,1,1,0,4,3,5,4,3,6200,1,1,0,4,3,5,4,3,6200,1,1,0,2025,3,9,3450000,1300000,1,3
202601,6,,순천원도심,46150,22,0,300,0,1,0,1,21,03,1,1,없음,220,8,0,0,0,1,1,3,1,10,1,1,1,1,1,8,1,3,1,1,G,475,2,1,2,6,3,7,6,3,15000,1,1,0,6,3,7,6,3,15000,1,1,0,6,3,7,6,3,15000,1,1,0,2024,3,7,2900000,2000000,1,3
202601,6,,순천원도심,46150,22,0,300,0,1,0,1,21,03,1,1,없음,220,8,0,0,0,1,1,3,1,10,1,1,1,1,1,8,1,3,2,1,G,475,2,1,2,5,3,6,5,3,8500,1,1,0,5,3,6,5,3,8500,1,1,0,5,3,6,5,3,8500,1,1,0,2024,3,7,2900000,2000000,1,3
202601,6,,순천원도심,46150,22,0,300,0,1,0,1,11,03,1,1,없음,141,8,0,0,0,1,1,2,1,10,1,1,1,1,1,8,1,3,1,1,S,961,2,1,2,4,4,7,5,4,15000,1,1,0,4,4,7,5,4,15000,1,1,0,4,4,7,5,4,15000,1,1,0,2024,5,8,2900000,3340000,1,2
202601,6,,순천원도심,46150,22,0,120,300,1,0,1,21,03,1,1,없음,120,1,0,0,0,1,1,3,1,10,1,1,1,1,1,8,1,3,1,1,G,479,2,1,2,5,4,7,4,4,18900,1,1,0,5,4,7,4,4,18900,1,1,0,5,4,7,4,4,18900,1,1,0,2024,3,8,3360000,2110000,1,3
202601,6,,순천원도심,46150,22,0,120,300,1,0,1,21,03,1,1,없음,120,1,0,0,0,1,1,3,1,10,1,1,1,1,1,8,1,3,2,6,0,999,2,1,2,1,1,1,4,3,12700,1,1,1,1,1,1,4,3,12700,1,1,1,1,1,1,4,3,12700,1,1,1,0,1,1,3360000,2110000,1,3
202601,6,,순천원도심,46150,22,0,300,0,1,0,1,51,03,1,1,없음,120,8,0,0,0,1,1,3,1,9,1,1,1,1,1,8,1,3,1,1,I,561,2,1,2,5,5,8,5,4,20200,1,1,0,5,5,8,5,4,20200,1,1,0,5,5,8,5,4,20200,1,1,0,2025,3,10,3270000,3200000,1,3
202601,6,,순천원도심,46150,22,0,300,0,1,0,1,51,03,1,1,없음,120,8,0,0,0,1,1,3,1,9,1,1,1,1,1,8,1,3,2,1,I,561,1,1,2,3,3,7,3,3,10000,1,1,0,3,3,7,3,3,10000,1,1,0,3,3,7,3,3,10000,1,1,0,2025,3,10,3270000,3200000,1,3
202601,6,,순천원도심,46150,22,0,300,0,1,0,1,11,03,1,1,없음,270,5,0,0,0,1,1,2,1,9,1,1,1,1,1,8,1,3,1,1,K,641,1,1,1,5,3,8,5,3,21500,1,1,0,5,3,8,5,3,21500,1,1,0,5,3,8,5,3,21500,1,1,0,2025,3,10,3320000,2350000,1,3
202601,6,,순천원도심,46150,22,0,300,0,1,0,1,11,03,1,1,없음,270,5,0,0,0,1,1,2,1,9,1,1,1,1,1,8,1,3,2,1,K,641,1,1,1,3,3,7,3,3,13000,1,1,0,3,3,7,3,3,13000,1,1,0,3,3,7,3,3,13000,1,1,0,2025,3,10,3320000,2350000,1,3
202601,6,,순천원도심,46150,22,0,300,0,1,0,1,11,03,9,2,없음,270,6,0,0,0,1,2,4,1,10,1,1,1,1,1,8,1,3,1,1,I,561,2,1,2,4,4,7,6,4,17300,1,1,0,4,4,7,6,4,17300,1,1,0,4,4,7,6,4,17300,1,1,0,2025,3,9,3030000,1940000,1,2
202601,6,,순천원도심,46150,22,0,300,0,1,0,1,11,03,9,2,없음,270,6,0,0,0,1,2,4,1,10,1,1,1,1,1,8,1,3,2,6,0,999,2,1,2,1,1,1,4,3,8700,1,1,1,1,1,1,4,3,8700,1,1,1,1,1,1,4,3,8700,1,1,1,0,1,1,3030000,1940000,1,2
202601,6,,순천원도심,46150,22,0,300,0,1,0,1,51,03,9,1,없음,50,8,0,0,0,1,1,1,1,10,1,1,1,1,1,8,1,3,1,1,G,474,1,1,1,3,3,6,4,3,8800,1,1,0,3,3,6,4,3,8800,1,1,0,3,3,6,4,3,8800,1,1,0,2024,3,5,1430000,1600000,1,3
202601,6,,순천원도심,46150,22,0,0,300,1,0,3,11,03,8,1,없음,49,3,0,0,0,2,2,4,1,10,2,1,1,1,1,8,2,3,1,1,S,969,2,1,2,4,3,6,4,3,9400,1,1,0,4,3,6,4,3,9400,1,1,0,4,3,6,4,3,9400,1,1,0,2025,2,6,2340000,2940000,1,1
202601,6,,순천원도심,46150,22,0,0,300,1,0,3,11,03,8,1,없음,49,3,0,0,0,2,2,4,1,10,2,1,1,1,1,8,2,3,1,1,G,474,2,1,2,4,3,6,4,3,9400,1,1,0,4,3,6,4,3,9400,1,1,0,4,3,6,4,3,9400,1,1,0,2025,2,5,2340000,2940000,1,1
202601,6,,순천원도심,46150,22,0,300,0,1,0,1,51,03,8,1,없음,85,7,0,0,0,1,1,1,1,10,1,1,1,1,1,8,1,3,1,1,G,474,1,1,1,4,3,9,4,3,25900,1,1,0,4,3,9,4,3,25900,1,1,0,4,3,9,4,3,25900,1,1,0,2026,3,10,3080000,5190000,1,4
202601,6,,순천원도심,46150,22,0,300,0,1,0,4,21,03,9,2,없음,85,4,0,0,0,2,2,4,1,10,1,1,1,1,1,8,2,3,1,1,G,474,3,1,3,6,5,7,6,5,19700,1,1,0,6,5,7,6,5,19700,1,1,0,6,5,7,6,5,19700,1,1,0,2025,3,9,3570000,2200000,1,2
202601,6,,순천원도심,46150,22,0,300,0,1,0,4,21,03,9,2,없음,85,4,0,0,0,2,2,4,1,10,1,1,1,1,1,8,2,3,2,6,0,999,3,1,3,1,1,1,4,4,6900,1,1,1,1,1,1,4,4,6900,1,1,1,1,1,1,4,4,6900,1,1,1,0,1,1,3570000,2200000,1,2
202601,6,,순천원도심,46150,22,0,300,0,1,0,1,21,03,8,2,없음,85,8,0,0,0,2,2,4,1,10,2,1,1,1,1,8,2,3,1,1,G,474,4,1,4,6,6,8,6,6,20200,1,1,0,6,6,8,6,6,20200,1,1,0,6,6,8,6,6,20200,1,1,0,2025,3,10,2910000,2740000,1,2
202601,6,,순천원도심,46150,22,0,300,0,1,0,1,21,03,8,2,없음,85,8,0,0,0,2,2,4,1,10,2,1,1,1,1,8,2,3,2,6,0,999,3,1,3,1,1,1,4,3,8000,1,1,1,1,1,1,4,3,8000,1,1,1,1,1,1,4,3,8000,1,1,1,0,1,1,2910000,2740000,1,2
202601,6,,순천원도심,46150,22,0,120,300,1,0,4,12,03,9,1,없음,100,4,0,0,0,1,1,2,1,10,1,1,1,1,1,8,1,3,1,1,M,732,2,1,2,3,3,7,5,3,16400,1,1,0,3,3,7,5,3,16400,1,1,0,3,3,7,5,3,16400,1,1,0,2024,3,10,2580000,2910000,1,3
202601,6,,순천원도심,46150,22,0,300,0,1,0,2,11,03,1,1,없음,150,6,0,0,0,2,2,4,1,10,1,1,1,1,1,8,2,3,1,1,S,969,2,1,2,3,3,3,3,3,3800,1,1,0,3,3,3,3,3,3800,1,1,0,3,3,3,3,3,3800,1,1,0,2025,3,9,1140000,1310000,1,1
202601,6,,순천원도심,46150,22,0,300,0,1,0,2,11,03,1,1,없음,150,6,0,0,0,2,2,4,1,10,1,1,1,1,1,8,2,3,1,3,S,969,2,1,2,1,1,1,3,3,4100,1,1,0,1,1,1,3,3,4100,1,1,0,1,1,1,3,3,4100,1,1,0,2024,5,5,1140000,1310000,1,1
202601,6,,순천원도심,46150,22,0,300,0,1,0,2,11,03,1,1,없음,150,6,0,0,0,2,2,4,1,10,1,1,1,1,1,8,2,3,1,1,I,562,2,1,2,3,3,4,3,3,4100,1,1,0,3,3,4,3,3,4100,1,1,0,3,3,4,3,3,4100,1,1,0,2022,5,8,1140000,1310000,1,1
202601,6,,순천원도심,46150,22,0,300,0,1,0,5,11,03,9,1,없음,82,6,0,0,0,1,1,3,1,10,1,1,1,1,1,8,1,3,1,1,S,969,2,1,2,3,3,5,3,3,7200,1,1,0,3,3,5,3,3,7200,1,1,0,3,3,5,3,3,7200,1,1,0,2025,3,8,1380000,1660000,1,1
202601,6,,순천원도심,46150,22,0,300,0,1,0,5,11,03,9,1,없음,82,6,0,0,0,1,1,3,1,10,1,1,1,1,1,8,1,3,1,1,S,969,2,1,2,3,3,5,3,3,7200,1,1,0,3,3,5,3,3,7200,1,1,0,3,3,5,3,3,7200,1,1,0,2025,3,9,1380000,1660000,1,1
202601,6,,순천원도심,46150,22,0,300,0,1,0,4,11,04,9,2,없음,110,6,0,0,0,1,1,2,1,9,1,1,1,1,1,8,1,3,1,1,I,561,1,1,1,3,3,7,3,3,12200,1,1,0,3,3,7,3,3,12200,1,1,0,3,3,7,3,3,12200,1,1,0,2025,2,8,3450000,2140000,1,1
202601,6,,순천원도심,46150,22,0,300,0,1,0,4,11,04,9,2,없음,110,6,0,0,0,1,1,2,1,9,1,1,1,1,1,8,1,3,2,1,0,999,1,1,1,2,2,2,2,2,1400,1,1,0,2,2,2,2,2,1400,1,1,0,2,2,2,2,2,1400,1,1,0,2025,2,8,3450000,2140000,1,1
202601,6,,순천원도심,46150,22,0,300,0,1,0,4,19,03,9,1,없음,150,7,0,0,0,1,1,3,1,10,1,1,1,1,1,8,1,3,1,1,G,473,3,1,3,6,4,7,6,4,13100,1,1,0,6,4,7,6,4,13100,1,1,0,6,4,7,6,4,13100,1,1,0,2024,3,5,2980000,3350000,1,1
202601,6,,순천원도심,46150,22,0,300,0,1,0,8,32,04,8,1,없음,150,4,0,0,0,2,1,3,1,10,1,1,1,1,1,8,2,3,1,1,I,561,3,1,3,5,5,7,5,5,14500,1,1,0,5,5,7,5,5,14500,1,1,0,5,5,7,5,5,14500,1,1,0,2025,3,10,1820000,2450000,1,1
202601,6,,순천법원,46150,16,0,0,0,1,0,7,32,04,6,1,없음,50,6,0,1,0,2,2,4,1,10,2,1,1,1,1,8,2,3,1,1,I,561,4,1,4,6,5,7,6,5,12400,1,1,0,6,5,7,6,5,12400,1,1,0,6,5,7,6,5,12400,1,1,0,2025,3,8,2790000,4770000,1,1
202601,6,,순천법원,46150,13,0,0,0,1,0,7,21,03,6,1,없음,60,6,0,1,0,2,2,4,1,10,1,2,2,1,1,8,2,3,1,6,0,999,4,1,4,1,1,1,5,4,7000,1,1,1,1,1,1,5,4,7000,1,1,1,1,1,1,5,4,7000,1,1,1,0,1,1,2460000,2630000,1,1
202601,6,,순천법원,46150,13,0,0,0,1,0,7,21,03,6,1,없음,60,6,0,1,0,2,2,4,1,10,1,2,2,1,1,8,2,3,2,2,0,999,4,1,4,1,1,1,4,3,4500,1,1,0,1,1,1,4,3,4500,1,1,0,1,1,1,4,3,4500,1,1,0,0,1,1,2460000,2630000,1,1
202601,6,,순천법원,46150,13,0,0,0,1,0,8,21,03,6,2,없음,30,5,0,1,0,2,2,4,1,10,2,1,1,1,1,8,2,3,1,1,P,855,2,1,2,5,4,7,5,4,14500,1,1,0,5,4,7,5,4,14500,1,1,0,5,4,7,5,4,14500,1,1,0,2024,3,10,4380000,4090000,1,3
202601,6,,순천법원,46150,13,0,0,0,1,0,8,21,03,6,2,없음,30,5,0,1,0,2,2,4,1,10,2,1,1,1,1,8,2,3,1,1,I,562,2,1,2,3,4,7,5,4,15200,1,1,0,3,4,7,5,4,15200,1,1,0,3,4,7,5,4,15200,1,1,0,2024,3,9,4380000,4090000,1,3
202601,6,,순천법원,46150,13,0,0,0,1,0,8,21,03,6,2,없음,30,5,0,1,0,2,2,4,1,10,2,1,1,1,1,8,2,3,1,1,I,561,2,1,2,4,4,8,4,4,17000,1,1,0,4,4,8,4,4,17000,1,1,0,4,4,8,4,4,17000,1,1,0,2025,3,10,4380000,4090000,1,3
202601,6,,순천법원,46150,13,0,0,0,1,0,8,21,03,6,2,없음,30,5,0,1,0,2,2,4,1,10,2,1,1,1,1,8,2,3,2,1,P,855,2,1,2,5,3,5,5,3,7700,1,1,0,5,3,5,5,3,7700,1,1,0,5,3,5,5,3,7700,1,1,0,2024,3,9,4380000,4090000,1,3
202601,6,,순천법원,46150,13,0,0,0,1,0,8,21,03,6,2,없음,30,5,0,1,0,2,2,4,1,10,2,1,1,1,1,8,2,3,2,1,S,969,3,1,3,5,4,5,5,4,7600,1,1,0,5,4,5,5,4,7600,1,1,0,5,4,5,5,4,7600,1,1,0,2024,3,9,4380000,4090000,1,3
202601,6,,순천법원,46150,13,0,0,0,1,0,7,21,03,6,1,없음,87,5,0,1,0,3,2,4,1,10,2,1,1,1,1,8,3,3,1,1,G,474,4,1,4,6,5,7,6,4,10400,1,1,0,6,5,7,6,4,10400,1,1,0,6,5,7,6,4,10400,1,1,0,2026,2,8,3710000,4390000,1,2
202601,6,,순천법원,46150,13,0,0,0,1,0,7,21,03,6,1,없음,87,5,0,1,0,3,2,4,1,10,2,1,1,1,1,8,3,3,1,1,M,732,4,1,4,1,1,1,6,4,10700,1,1,1,6,5,7,6,4,10700,1,1,0,6,5,7,6,4,10700,1,1,0,2026,2,10,3710000,4390000,1,2
202601,6,,순천법원,46150,13,0,0,0,1,0,7,21,03,6,1,없음,87,5,0,1,0,3,2,4,1,10,2,1,1,1,1,8,3,3,2,2,0,999,3,1,3,1,1,1,5,3,6800,1,1,0,1,1,1,5,3,6800,1,1,0,1,1,1,5,3,6800,1,1,0,0,1,1,3710000,4390000,1,2
202601,6,,순천법원,46150,13,0,0,0,1,0,8,32,03,6,1,없음,101,5,0,1,0,3,2,4,1,10,2,1,1,1,1,8,3,3,1,1,S,961,3,1,3,5,4,7,5,4,13200,1,1,0,5,4,7,5,4,13200,1,1,0,5,4,7,5,4,13200,1,1,0,2025,3,10,3410000,5710000,1,1
202601,6,,순천법원,46150,13,0,0,0,1,0,8,32,03,6,1,없음,101,5,0,1,0,3,2,4,1,10,2,1,1,1,1,8,3,3,1,1,G,475,4,1,4,5,5,7,5,5,11500,1,1,0,5,5,7,5,5,11500,1,1,0,5,5,7,5,5,11500,1,1,0,2026,3,10,3410000,5710000,1,1
202601,6,,순천법원,46150,13,0,0,0,1,0,8,32,03,6,1,없음,101,5,0,1,0,3,2,4,1,10,2,1,1,1,1,8,3,3,1,1,G,475,3,1,3,5,4,7,5,4,14100,1,1,0,5,4,7,5,4,14100,1,1,0,5,4,7,5,4,14100,1,1,0,2025,3,10,3410000,5710000,1,1
202601,6,,순천법원,46150,16,0,0,0,1,0,7,32,03,7,1,없음,100,4,0,1,0,3,2,4,1,10,2,1,1,1,1,8,3,3,1,1,I,562,3,1,3,5,4,7,5,4,14700,1,1,0,5,4,7,5,4,14700,1,1,0,5,4,7,5,4,14700,1,1,0,2025,3,9,3320000,4860000,1,1
202601,6,,순천법원,46150,16,0,0,0,1,0,7,32,03,7,1,없음,100,4,0,1,0,3,2,4,1,10,2,1,1,1,1,8,3,3,1,1,I,561,4,1,4,5,5,7,5,5,11500,1,1,0,5,5,7,5,5,11500,1,1,0,5,5,7,5,5,11500,1,1,0,2025,3,10,3320000,4860000,1,1
202601,6,,순천법원,46150,16,0,0,0,1,0,7,32,03,7,1,없음,100,4,0,1,0,3,2,4,1,10,2,1,1,1,1,8,3,3,1,1,G,474,3,1,3,6,4,7,5,4,14500,1,1,0,6,4,7,5,4,14500,1,1,0,6,4,7,5,4,14500,1,1,0,2025,3,8,3320000,4860000,1,1
202601,6,,순천법원,46150,16,0,0,0,1,0,7,32,04,6,1,없음,380,4,0,1,0,3,2,4,1,10,2,1,1,1,1,8,3,3,1,1,S,961,3,1,3,5,4,7,5,4,15200,1,1,0,5,4,7,5,4,15200,1,1,0,5,4,7,5,4,15200,1,1,0,2024,3,10,3160000,5420000,1,3
202601,6,,순천법원,46150,16,0,0,0,1,0,7,32,04,6,1,없음,380,4,0,1,0,3,2,4,1,10,2,1,1,1,1,8,3,3,1,1,I,562,4,1,4,6,5,7,6,5,13800,1,1,0,6,5,7,6,5,13800,1,1,0,6,5,7,6,5,13800,1,1,0,2024,3,9,3160000,5420000,1,3
202601,6,,0.비상권,46150,14,0,0,0,1,0,7,21,03,6,1,없음,100,7,1,0,0,2,1,3,1,10,1,1,1,1,1,8,2,3,1,1,S,961,3,1,3,4,4,7,4,4,12400,1,1,0,4,4,7,4,4,12400,1,1,0,4,4,7,4,4,12400,1,1,0,2026,3,10,1860000,3270000,1,2
202601,6,,조례,46150,22,0,300,0,1,0,6,32,03,6,1,없음,100,8,0,0,0,2,2,4,1,10,1,1,1,1,1,8,2,3,1,6,0,999,2,1,2,5,4,7,5,4,18500,1,1,0,5,4,7,5,4,18500,1,1,0,1,1,1,5,4,18500,1,1,1,0,1,1,2110000,4180000,1,1
202601,6,,조례,46150,22,0,300,0,1,0,6,32,03,6,1,없음,100,8,0,0,0,2,2,4,1,10,1,1,1,1,1,8,2,3,1,1,G,475,3,1,3,4,5,7,4,5,18600,1,1,0,4,5,7,4,5,18600,1,1,0,4,5,7,4,5,18600,1,1,0,2024,3,9,2110000,4180000,1,1
202601,6,,조례,46150,14,0,0,0,1,0,4,32,04,6,1,없음,158,7,0,0,0,1,1,2,1,10,1,1,1,1,1,8,1,3,1,1,I,561,2,1,2,4,3,7,4,3,12100,1,1,0,4,3,7,4,3,12100,1,1,0,4,3,7,4,3,12100,1,1,0,2025,3,8,1790000,3410000,1,1
202601,6,,조례,46150,22,0,300,0,1,0,4,32,03,8,1,없음,200,6,0,0,0,2,2,4,1,10,2,1,1,1,1,8,2,3,1,1,I,561,2,1,3,4,4,7,4,4,11400,1,1,0,4,4,7,4,4,11400,1,1,0,4,4,7,4,4,11400,1,1,0,2025,3,9,2130000,2970000,1,1
202601,6,,조례,46150,22,0,300,0,1,0,4,32,03,8,1,없음,200,6,0,0,0,2,2,4,1,10,2,1,1,1,1,8,2,3,1,1,I,561,2,1,3,4,4,7,4,4,11400,1,1,0,4,4,7,4,4,11400,1,1,0,4,4,7,4,4,11400,1,1,0,2024,3,10,2130000,2970000,1,1
202601,6,,조례,46150,22,0,300,0,1,0,4,32,03,8,1,없음,200,6,0,0,0,2,2,4,1,10,2,1,1,1,1,8,2,3,1,1,I,561,2,1,3,4,4,7,4,4,11300,1,1,0,4,4,7,4,4,11300,1,1,0,4,4,7,4,4,11300,1,1,0,2026,3,10,2130000,2970000,1,1
202601,6,,조례,46150,22,0,300,0,1,0,4,12,04,8,1,없음,250,6,0,1,0,3,2,4,1,10,2,1,1,1,1,8,3,3,1,1,I,561,4,1,4,4,5,7,4,5,12700,1,1,0,4,5,7,4,5,12700,1,1,0,4,5,7,4,5,12700,1,1,0,2026,3,7,2300000,3110000,1,1
202601,6,,조례,46150,22,0,300,0,1,0,4,12,04,8,1,없음,250,6,0,1,0,3,2,4,1,10,2,1,1,1,1,8,3,3,1,1,I,562,4,1,4,6,5,7,5,5,12600,1,1,0,6,5,7,5,5,12600,1,1,0,6,5,7,5,5,12600,1,1,0,2026,3,8,2300000,3110000,1,1
202601,6,,조례,46150,22,0,300,0,1,0,4,11,03,7,1,없음,187,6,0,0,0,2,2,4,1,10,2,1,1,1,1,8,2,3,1,1,I,561,3,1,3,1,1,1,4,4,10100,1,1,1,1,1,1,4,4,10100,1,1,1,4,4,7,4,4,10200,1,1,0,2026,3,10,2120000,3380000,1,1
202601,6,,조례,46150,22,0,300,0,1,0,4,11,03,7,1,없음,187,6,0,0,0,2,2,4,1,10,2,1,1,1,1,8,2,3,1,1,R,912,3,1,3,4,4,7,4,4,10700,1,1,0,4,4,7,4,4,10700,1,1,0,4,4,7,4,4,10700,1,1,0,2025,3,10,2120000,3380000,1,1
202601,6,,조례,46150,22,0,300,0,1,0,4,11,03,7,1,없음,187,6,0,0,0,2,2,4,1,10,2,1,1,1,1,8,2,3,1,1,I,561,3,1,3,4,4,7,4,4,10200,1,1,0,4,4,7,4,4,10200,1,1,0,4,4,7,4,4,10200,1,1,0,2025,3,10,2120000,3380000,1,1
202601,6,,조례,46150,22,0,0,0,1,0,4,32,16,6,1,없음,120,5,0,1,0,3,2,4,1,10,2,1,1,1,1,8,3,3,1,1,G,471,4,1,4,5,5,7,5,6,16800,1,1,0,5,5,7,5,6,16800,1,1,0,5,5,7,5,6,16800,1,1,0,2025,3,8,2390000,4090000,1,1
202601,6,,조례,46150,22,0,0,0,1,0,4,32,16,6,1,없음,120,5,0,1,0,3,2,4,1,10,2,1,1,1,1,8,3,3,1,1,R,912,3,1,3,4,5,7,4,5,15000,1,1,0,4,5,7,4,5,15000,1,1,0,4,5,7,4,5,15000,1,1,0,2024,3,7,2390000,4090000,1,1
202601,6,,조례,46150,22,0,0,0,1,0,4,32,03,6,1,없음,230,5,0,0,0,2,2,4,1,10,2,1,1,1,1,8,2,3,1,1,I,562,3,1,3,4,4,7,4,4,15900,1,1,0,4,4,7,4,4,15900,1,1,0,4,4,7,4,4,15900,1,1,0,2025,3,10,2200000,4100000,1,1
202601,6,,조례,46150,22,0,0,0,1,0,4,32,03,6,1,없음,230,5,0,0,0,2,2,4,1,10,2,1,1,1,1,8,2,3,1,1,I,561,3,1,3,4,4,7,4,5,16300,1,1,0,4,4,7,4,5,16300,1,1,0,4,4,7,4,5,16300,1,1,0,2024,3,10,2200000,4100000,1,1
202601,6,,조례,46150,22,0,0,0,1,0,7,21,04,7,1,없음,300,6,0,0,0,2,1,3,1,10,1,1,1,1,1,8,2,3,1,1,I,562,3,1,3,5,4,7,5,4,11100,1,1,0,5,4,7,5,4,11100,1,1,0,5,4,7,5,4,11100,1,1,0,2025,3,10,2300000,3330000,1,1
202601,6,,조례,46150,22,0,0,0,1,0,7,32,03,8,1,없음,26,4,0,1,0,2,2,4,1,10,2,1,1,1,1,8,2,3,1,1,I,561,4,1,4,6,5,7,6,5,17300,1,1,0,6,5,7,6,5,17300,1,1,0,6,5,7,6,5,17300,1,1,0,2025,3,9,3660000,4640000,1,1
202601,6,,조례,46150,22,0,0,0,1,0,7,32,03,8,1,없음,10,4,0,1,0,3,2,4,1,10,2,1,1,1,1,8,3,3,1,1,I,561,3,1,3,5,5,7,5,5,17200,1,1,0,5,5,7,5,5,17200,1,1,0,5,5,7,5,5,17200,1,1,0,2024,3,9,3800000,4800000,1,1
202601,6,,조례,46150,22,0,0,0,1,0,7,32,03,8,1,없음,10,4,0,1,0,3,2,4,1,10,2,1,1,1,1,8,3,3,1,1,I,562,3,1,3,5,5,7,5,5,17100,1,1,0,5,5,7,5,5,17100,1,1,0,5,5,7,5,5,17100,1,1,0,2024,3,10,3800000,4800000,1,1
202601,6,,조례,46150,22,0,0,0,1,0,7,32,03,8,1,없음,10,4,0,1,0,3,2,4,1,10,2,1,1,1,1,8,3,3,1,1,I,561,3,1,3,5,5,7,5,5,17200,1,1,0,5,5,7,5,5,17200,1,1,0,5,5,7,5,5,17200,1,1,0,2025,3,10,3800000,4800000,1,1
202601,6,,조례,46150,22,0,0,0,1,0,4,11,04,6,1,없음,122,6,0,1,0,3,2,4,1,10,2,1,1,1,1,8,3,3,1,1,I,561,4,1,4,7,6,7,6,6,10200,1,1,0,7,6,7,6,6,10200,1,1,0,7,6,7,6,6,10200,1,1,0,2024,3,7,1680000,2840000,1,1
202601,6,,조례,46150,22,0,120,300,1,0,4,32,04,7,1,없음,30,1,0,1,0,3,2,4,1,10,2,1,1,1,1,8,3,3,1,1,M,711,4,1,4,7,6,7,7,6,17700,1,1,0,7,6,7,7,6,17700,1,1,0,7,6,7,7,6,17700,1,1,0,2025,4,10,3730000,5410000,1,1
202601,6,,조례,46150,22,0,120,300,1,0,4,32,04,7,1,없음,30,1,0,1,0,3,2,4,1,10,2,1,1,1,1,8,3,3,1,1,I,561,3,1,3,6,5,8,6,5,18100,1,1,0,6,5,8,6,5,18100,1,1,0,6,5,8,6,5,18100,1,1,0,2025,3,8,3730000,5410000,1,1
202601,6,,0.비상권,46170,15,0,0,0,1,0,7,31,04,5,1,없음,100,4,0,0,0,2,1,3,1,10,1,1,1,1,1,8,2,2,1,1,I,561,3,1,3,5,4,5,5,4,8300,1,1,0,5,4,5,5,4,8300,1,1,0,5,4,5,5,4,8300,1,1,0,2024,3,8,1240000,2590000,1,2
202601,6,,나주구시가지,46170,13,0,510,200,1,0,1,51,04,1,1,없음,200,5,0,0,0,2,1,3,1,10,1,1,1,1,1,8,2,3,1,1,I,561,3,1,3,3,3,3,3,3,4000,1,1,0,3,3,3,3,3,4000,1,1,0,3,3,3,3,3,4000,1,1,0,2025,3,8,1180000,2780000,1,1
202601,6,,나주구시가지,46170,13,0,200,510,1,0,1,11,03,5,1,없음,150,6,0,0,0,1,1,2,1,10,1,1,1,1,1,8,1,3,1,1,I,562,2,1,2,4,3,7,4,3,12400,1,1,0,4,3,7,4,3,12400,1,1,0,4,3,7,4,4,12400,1,1,0,2023,5,10,1000000,1570000,1,1
202601,6,,나주구시가지,46170,13,0,200,510,1,0,5,31,03,6,1,없음,209,6,0,0,0,2,2,4,1,10,2,1,1,1,1,8,2,3,1,1,C,161,3,1,3,4,3,4,5,3,3800,1,1,0,4,3,4,5,3,3800,1,1,0,4,3,4,5,3,3700,1,1,0,2026,2,9,960000,1470000,1,1
202601,6,,나주구시가지,46170,13,0,200,510,1,0,5,31,03,6,1,없음,209,6,0,0,0,2,2,4,1,10,2,1,1,1,1,8,2,3,1,1,I,561,2,1,2,4,3,5,4,3,6600,1,1,0,4,3,5,4,3,6600,1,1,0,4,3,5,4,3,6600,1,1,0,2026,2,9,960000,1470000,1,1
202601,6,,나주구시가지,46170,14,0,0,0,1,0,8,31,04,6,1,없음,140,6,0,0,0,2,1,3,1,10,1,1,1,1,1,8,2,3,1,1,I,562,2,1,2,6,3,6,6,3,9200,1,1,0,6,3,6,6,3,9200,1,1,0,6,3,6,6,3,9200,1,1,0,2024,5,9,1240000,1630000,1,1
202601,6,,나주구시가지,46170,14,0,0,0,1,0,8,31,04,6,1,없음,140,6,0,0,0,2,1,3,1,10,1,1,1,1,1,8,2,3,2,1,I,562,2,1,2,4,3,4,4,3,4600,1,1,0,4,3,4,4,3,4600,1,1,0,4,3,4,4,3,4600,1,1,0,2024,5,9,1240000,1630000,1,1
202601,6,,나주구시가지,46170,14,0,0,0,1,0,8,32,03,6,1,없음,728,4,0,0,0,1,1,2,1,10,1,1,1,1,1,8,1,3,1,1,S,961,2,1,2,3,3,6,3,3,9600,1,1,0,3,3,6,3,3,9600,1,1,0,3,3,6,3,3,9600,1,1,0,2025,3,10,1030000,1800000,1,2
202601,6,,나주구시가지,46170,22,0,0,0,1,0,3,32,03,7,1,없음,580,6,0,1,0,2,2,4,1,10,2,1,1,1,1,8,3,3,1,1,I,561,4,1,4,4,4,3,4,4,3500,1,1,0,4,4,3,4,4,3500,1,1,0,4,4,3,4,4,3500,1,1,0,2025,3,9,1090000,1710000,1,1
202601,6,,나주구시가지,46170,22,0,0,0,1,0,3,32,03,7,1,없음,580,6,0,1,0,2,2,4,1,10,2,1,1,1,1,8,3,3,1,2,G,478,2,1,2,1,1,1,3,3,3700,1,1,0,1,1,1,3,3,3700,1,1,0,1,1,1,3,3,3700,1,1,0,0,1,1,1090000,1710000,1,1
202601,6,,나주구시가지,46170,22,0,0,0,1,0,3,32,04,7,1,없음,80,6,0,0,0,2,2,4,1,10,2,1,1,1,1,8,2,3,1,1,S,969,4,1,4,4,4,3,4,4,4100,1,1,0,4,4,3,4,4,4100,1,1,0,4,4,3,4,4,4100,1,1,0,2025,3,7,1020000,1720000,1,1
202601,6,,나주구시가지,46170,16,0,0,0,1,0,8,32,04,7,1,없음,20,4,0,0,0,2,1,3,1,10,1,1,1,1,1,28,2,3,1,1,G,475,3,1,3,5,4,5,5,4,7100,1,1,0,5,4,5,5,4,7100,1,1,0,5,4,5,5,4,7100,1,1,0,2025,3,10,1350000,2330000,1,1
202601,6,,나주구시가지,46170,14,0,0,0,1,0,1,11,03,7,2,없음,20,6,0,0,0,2,2,4,1,10,1,1,1,1,1,8,2,3,1,1,S,961,1,1,2,4,3,4,4,3,5800,1,1,0,4,3,4,4,3,5800,1,1,0,4,3,4,4,3,5800,1,1,0,2025,3,8,1500000,1150000,1,1
202601,6,,나주구시가지,46170,14,0,0,0,1,0,1,11,03,7,2,없음,20,6,0,0,0,2,2,4,1,10,1,1,1,1,1,8,2,3,1,1,G,475,1,1,2,4,3,4,4,3,6000,1,1,0,4,3,4,4,3,6000,1,1,0,4,3,4,4,3,6000,1,1,0,2024,3,8,1500000,1150000,1,1
202601,6,,나주구시가지,46170,14,0,0,0,1,0,1,11,03,7,2,없음,20,6,0,0,0,2,2,4,1,10,1,1,1,1,1,8,2,3,2,2,0,999,3,1,3,1,1,1,5,3,4300,1,1,0,1,1,1,5,3,4300,1,1,0,1,1,1,5,3,4300,1,1,0,0,1,1,1500000,1150000,1,1
202601,6,,나주구시가지,46170,22,0,0,0,1,0,1,51,03,1,1,없음,50,6,0,0,0,1,1,3,1,10,1,1,1,1,1,8,1,3,1,1,G,474,3,1,3,6,4,7,6,4,17400,1,1,0,6,4,7,6,4,17400,1,1,0,6,4,7,6,4,17400,1,1,0,2026,3,8,2510000,3320000,1,2
202601,6,,나주구시가지,46170,22,0,0,0,1,0,1,51,03,1,1,없음,50,6,0,0,0,1,1,3,1,10,1,1,1,1,1,8,1,3,1,1,G,474,2,1,2,6,4,7,6,4,17600,1,1,0,6,4,7,6,4,17600,1,1,0,6,4,7,6,4,17600,1,1,0,2025,3,8,2590000,2060000,1,3
202601,6,,나주구시가지,46170,22,0,0,0,1,0,1,51,03,1,1,없음,50,6,0,0,0,1,1,3,1,10,1,1,1,1,1,8,1,3,2,6,0,999,1,1,1,1,1,1,3,2,8500,1,1,1,1,1,1,3,2,8500,1,1,1,1,1,1,3,2,8500,1,1,1,0,1,1,2590000,2060000,1,3
202601,6,,나주구시가지,46170,22,0,0,0,1,0,1,51,03,1,1,없음,50,6,0,0,0,1,1,2,1,10,1,1,1,1,1,8,1,3,1,1,G,474,2,1,2,6,4,7,6,4,17500,1,1,0,6,4,7,6,4,17500,1,1,0,6,4,7,6,4,17500,1,1,0,2024,3,8,2530000,3450000,1,1
202601,6,,나주구시가지,46170,22,0,0,0,1,0,1,51,04,1,1,없음,130,6,0,0,0,1,1,2,1,10,1,1,1,1,1,8,1,3,1,1,G,475,2,1,2,4,5,7,4,5,19500,1,1,0,4,5,7,4,5,19500,1,1,0,4,5,7,4,5,19500,1,1,0,2024,3,7,2850000,2860000,1,2
202601,6,,나주구시가지,46170,22,0,0,0,1,0,1,51,03,1,1,없음,100,6,0,0,0,1,1,3,1,9,1,1,1,1,1,8,1,3,1,1,S,961,2,1,2,4,4,7,4,4,19300,1,1,0,4,4,7,4,4,19300,1,1,0,4,4,7,4,4,19300,1,1,0,2024,3,8,2460000,3140000,1,2
202601,6,,나주구시가지,46170,22,0,0,0,1,0,1,51,03,1,1,없음,100,6,0,0,0,1,1,3,1,9,1,1,1,1,1,8,1,3,1,1,G,464,2,1,2,4,4,7,4,4,17000,1,1,0,4,4,7,4,4,17000,1,1,0,4,4,7,4,4,17000,1,1,0,2025,3,10,2460000,3140000,1,2
202601,6,,나주구시가지,46170,22,0,0,0,1,0,1,51,03,9,1,없음,50,8,0,0,0,2,2,4,1,10,2,1,1,1,1,8,2,3,1,1,G,471,2,1,2,3,3,5,3,3,6500,1,1,0,3,3,5,3,3,6500,1,1,0,3,3,5,3,3,6500,1,1,0,2024,3,8,1690000,1600000,1,1
202601,6,,나주구시가지,46170,22,0,0,0,1,0,1,51,03,9,1,없음,50,8,0,0,0,2,2,4,1,10,2,1,1,1,1,8,2,3,1,1,G,471,2,1,2,3,3,5,3,3,6700,1,1,0,3,3,5,3,3,6700,1,1,0,3,3,5,3,3,6700,1,1,0,2026,3,8,1690000,1600000,1,1
202601,6,,나주구시가지,46170,22,0,0,0,1,0,1,51,03,9,1,없음,50,8,0,0,0,2,2,4,1,10,2,1,1,1,1,8,2,3,1,1,0,999,1,1,1,2,2,4,2,2,4800,1,1,0,2,2,4,2,2,4800,1,1,0,2,2,4,2,2,4800,1,1,0,2024,3,8,1690000,1600000,1,1
202601,6,,나주구시가지,46170,22,0,0,0,1,0,1,51,03,9,1,없음,50,8,0,0,0,2,2,4,1,10,2,1,1,1,1,8,2,3,1,1,0,999,1,1,1,2,2,4,2,2,5300,1,1,0,2,2,4,2,2,5300,1,1,0,2,2,4,2,2,5300,1,1,0,2026,3,8,1690000,1600000,1,1
202601,6,,0.비상권,46170,16,0,0,0,1,0,7,31,04,5,1,없음,260,6,0,1,0,2,2,4,1,10,2,1,1,1,1,8,2,2,1,1,I,561,4,1,4,6,5,6,6,5,10300,1,1,0,6,5,6,6,5,10300,1,1,0,6,5,6,6,5,10300,1,1,0,2025,3,9,1670000,2400000,1,1
202601,6,,0.비상권,46170,16,0,0,0,1,0,7,31,04,5,1,없음,260,6,0,1,0,2,2,4,1,10,2,1,1,1,1,8,2,2,2,1,0,999,3,1,3,3,3,4,3,3,5200,1,1,0,3,3,4,3,3,5200,1,1,0,3,3,4,3,3,5200,1,1,0,2025,3,10,1670000,2400000,1,1
202601,6,,광양중동,46230,14,0,0,0,1,0,2,21,03,6,2,없음,300,6,0,0,0,2,2,4,1,10,2,1,1,1,1,8,2,3,1,1,S,969,2,1,2,3,4,7,3,4,12200,1,1,0,3,4,7,3,4,12200,1,1,0,3,4,7,3,4,12200,1,1,0,2025,3,6,1580000,1410000,1,1
202601,6,,광양중동,46230,14,0,0,0,1,0,2,21,03,6,2,없음,300,6,0,0,0,2,2,4,1,10,2,1,1,1,1,8,2,3,1,1,S,961,2,1,2,3,4,7,3,4,11100,1,1,0,3,4,7,3,4,11100,1,1,0,3,4,7,3,4,11100,1,1,0,2025,3,8,1580000,1410000,1,1
202601,6,,광양중동,46230,14,0,0,0,1,0,2,21,03,6,2,없음,300,6,0,0,0,2,2,4,1,10,2,1,1,1,1,8,2,3,2,6,0,999,3,1,3,1,1,1,3,3,3800,1,1,1,1,1,1,3,3,3800,1,1,1,1,1,1,3,3,3800,1,1,1,0,1,1,1580000,1410000,1,1
202601,6,,광양중동,46230,21,0,0,0,1,0,3,19,04,7,1,없음,230,6,0,0,0,2,2,4,1,10,2,1,1,1,1,8,2,3,1,1,I,562,2,1,2,3,3,5,3,3,6600,1,1,0,3,3,5,3,3,6600,1,1,0,3,3,5,3,3,6600,1,1,0,2025,3,8,1690000,2440000,1,1
202601,6,,광양중동,46230,21,0,0,0,1,0,3,19,04,7,1,없음,230,6,0,0,0,2,2,4,1,10,2,1,1,1,1,8,2,3,1,1,I,561,3,1,3,4,4,5,4,4,6600,1,1,0,4,4,5,4,4,6600,1,1,0,4,4,5,4,4,6600,1,1,0,2025,3,8,1690000,2440000,1,1
202601,6,,광양중동,46230,21,0,0,0,1,0,6,32,04,6,1,없음,150,6,0,0,0,2,1,3,1,10,1,1,1,1,1,8,2,3,1,1,I,561,3,1,3,3,3,4,3,3,5300,1,1,0,3,3,4,3,3,5300,1,1,0,3,3,4,3,3,5300,1,1,0,2026,3,7,1530000,2560000,1,1
202601,6,,광양중동,46230,14,0,0,0,1,0,6,32,04,4,1,없음,154,5,0,0,0,2,1,3,1,10,1,1,1,1,1,8,2,3,1,1,L,682,2,1,2,2,3,5,2,3,6200,1,1,0,2,3,5,2,3,6200,1,1,0,2,3,5,2,3,6200,1,1,0,2025,3,9,1150000,3000000,1,1
202601,6,,광양중동,46230,14,0,0,0,1,0,6,32,04,4,1,없음,154,5,0,0,0,2,1,3,1,10,1,1,1,1,1,8,2,3,1,1,S,969,2,1,2,2,3,5,2,3,6200,1,1,0,2,3,5,2,3,6200,1,1,0,2,3,5,2,3,6200,1,1,0,2025,3,9,1150000,3000000,1,1
202601,6,,광양중동,46230,14,0,0,0,1,0,5,32,04,6,1,없음,25,5,0,1,0,3,2,4,1,10,2,1,1,1,1,8,3,3,1,1,I,562,3,1,3,5,4,5,5,3,6000,1,1,0,5,4,5,5,3,6000,1,1,0,5,4,5,5,3,6000,1,1,0,2024,3,10,1950000,3270000,1,1
202601,6,,광양중동,46230,14,0,0,0,1,0,5,32,04,6,1,없음,25,5,0,1,0,3,2,4,1,10,2,1,1,1,1,8,3,3,1,1,I,561,3,1,3,5,3,5,5,3,6000,1,1,0,5,3,5,5,3,6000,1,1,0,5,3,5,5,3,6000,1,1,0,2025,4,9,1950000,3270000,1,1
202601,6,,광양중동,46230,14,0,0,0,1,0,5,32,04,6,1,없음,25,5,0,1,0,3,2,4,1,10,2,1,1,1,1,8,3,3,1,1,C,107,3,1,3,5,3,5,5,3,6000,1,1,0,5,3,5,5,3,6000,1,1,0,5,3,5,5,3,6000,1,1,0,2024,3,9,1950000,3270000,1,1
202601,6,,광양중동,46230,14,0,0,0,1,0,4,21,03,6,2,없음,10,5,0,1,0,2,2,4,1,10,2,1,1,1,1,8,2,3,1,1,G,478,2,1,2,6,4,8,6,4,26900,1,1,0,6,4,8,6,4,26900,1,1,0,6,4,8,6,4,26900,1,1,0,2025,3,9,6640000,5620000,1,3
202601,6,,광양중동,46230,14,0,0,0,1,0,4,21,03,6,2,없음,10,5,0,1,0,2,2,4,1,10,2,1,1,1,1,8,2,3,1,1,G,473,3,1,3,7,5,8,7,5,25100,1,1,0,7,5,8,7,5,25100,1,1,0,7,5,8,7,5,25100,1,1,0,2024,3,9,6640000,5620000,1,3
202601,6,,광양중동,46230,14,0,0,0,1,0,4,21,03,6,2,없음,10,5,0,1,0,2,2,4,1,10,2,1,1,1,1,8,2,3,2,1,Q,862,4,1,4,6,5,7,6,5,12600,1,1,0,6,5,7,6,5,12600,1,1,0,6,5,7,6,5,12600,1,1,0,2025,4,7,6640000,5620000,1,3
202601,6,,광양중동,46230,14,0,0,0,1,0,5,32,04,6,1,없음,40,2,0,0,0,2,2,4,1,10,1,2,1,1,1,8,2,3,1,6,0,999,3,1,3,1,1,1,5,3,8100,1,1,1,1,1,1,5,3,8100,1,1,1,1,1,1,5,3,8100,1,1,1,0,1,1,1320000,2390000,1,1
202601,6,,광양중동,46230,14,0,0,0,1,0,5,32,04,6,1,없음,40,2,0,0,0,2,2,4,1,10,1,2,1,1,1,8,2,3,1,6,0,999,3,1,3,1,1,1,5,3,8000,1,1,1,1,1,1,5,3,8000,1,1,1,1,1,1,5,3,8000,1,1,1,0,1,1,1320000,2390000,1,1
202601,6,,광양중동,46230,14,0,0,0,1,0,5,12,04,6,1,없음,200,6,0,0,0,2,2,4,1,10,2,1,1,1,1,8,2,3,1,1,I,561,3,1,3,6,4,6,5,4,8900,1,1,0,6,4,6,5,4,8900,1,1,0,6,4,6,5,4,8900,1,1,0,2024,3,7,1440000,2460000,1,2
202601,6,,광양중동,46230,14,0,0,0,1,0,5,12,04,6,1,없음,200,6,0,0,0,2,2,4,1,10,2,1,1,1,1,8,2,3,1,1,I,561,3,1,3,6,4,6,5,4,8800,1,1,0,6,4,6,5,4,8800,1,1,0,6,4,6,5,4,8800,1,1,0,2025,3,10,1440000,2460000,1,2
202601,6,,광양중동,46230,14,0,0,0,1,0,5,32,03,6,1,없음,10,1,0,0,0,2,1,3,1,10,1,1,1,1,1,8,2,3,1,1,I,562,3,1,3,6,5,7,6,5,18700,1,1,0,6,5,7,6,5,18700,1,1,0,6,5,7,6,5,18700,1,1,0,2025,3,7,4100000,6860000,1,3
202601,6,,광양중동,46230,13,0,0,0,1,0,5,32,04,6,1,없음,250,6,0,0,0,3,2,4,1,10,2,1,1,1,1,8,3,3,1,1,I,561,3,1,3,4,3,4,5,4,7500,1,1,0,4,3,4,5,4,7500,1,1,0,4,3,4,5,4,7500,1,1,0,2025,3,10,1900000,3520000,1,2
202601,6,,광양중동,46230,13,0,0,0,1,0,5,32,04,6,1,없음,250,6,0,0,0,3,2,4,1,10,2,1,1,1,1,8,3,3,1,1,I,561,3,1,3,5,4,5,5,4,7900,1,1,0,5,4,5,5,4,7900,1,1,0,5,4,5,5,4,7900,1,1,0,2024,3,7,1900000,3520000,1,2
202601,6,,광양중동,46230,13,0,0,0,1,0,7,32,04,5,1,없음,115,4,0,0,0,2,2,4,1,10,2,1,1,1,1,8,2,3,1,1,I,561,4,1,4,4,5,6,5,5,10200,1,1,0,4,5,6,5,5,10200,1,1,0,4,5,6,5,5,10200,1,1,0,2025,4,10,1840000,4510000,1,2
202601,6,,0.비상권,46230,14,0,0,0,1,0,3,21,03,6,2,없음,40,4,0,0,0,2,2,4,2,8,1,1,2,1,1,8,2,3,1,2,S,961,3,1,3,1,1,1,5,3,5700,1,1,0,1,1,1,5,3,5700,1,1,0,1,1,1,5,3,5700,1,1,0,0,1,1,1080000,920000,1,1
202601,6,,0.비상권,46230,14,0,0,0,1,0,3,21,03,6,2,없음,40,4,0,0,0,2,2,4,2,8,1,1,2,1,1,8,2,3,1,1,C,134,2,1,2,5,3,5,5,3,6400,1,1,0,5,3,5,5,3,6400,1,1,0,5,3,5,5,3,6400,1,1,0,2024,3,6,1080000,920000,1,1
202601,6,,0.비상권,46230,14,0,0,0,1,0,3,21,03,6,2,없음,40,4,0,0,0,2,2,4,2,8,1,1,2,1,1,8,2,3,2,3,G,463,4,1,4,1,1,1,3,3,2600,1,1,0,1,1,1,3,3,2600,1,1,0,1,1,1,3,3,2600,1,1,0,2024,3,9,1080000,920000,1,1
202601,6,,광양읍,46230,13,0,0,0,1,0,5,32,03,6,1,없음,100,7,0,0,0,2,2,4,1,10,1,2,1,1,1,8,2,3,1,6,0,999,2,1,2,1,1,1,4,3,7700,1,1,1,1,1,1,4,3,7700,1,1,1,1,1,1,4,3,7700,1,1,1,0,1,1,1140000,1930000,1,2
202601,6,,광양읍,46230,13,0,0,0,1,0,5,32,03,6,1,없음,100,7,0,0,0,2,2,4,1,10,1,2,1,1,1,8,2,3,1,1,G,463,2,1,2,3,3,6,4,3,9100,1,1,0,3,3,6,4,3,9100,1,1,0,3,3,6,4,3,9100,1,1,0,2025,3,10,1140000,1930000,1,2
202601,6,,광양읍,46230,13,0,0,0,1,0,5,32,03,6,1,없음,100,7,0,0,0,2,2,4,1,10,1,2,1,1,1,8,2,3,1,6,0,999,3,1,3,1,1,1,4,4,7200,1,1,1,1,1,1,4,4,7200,1,1,1,1,1,1,4,4,7200,1,1,1,0,1,1,1140000,1930000,1,2
202601,6,,광양읍,46230,14,0,0,0,1,0,6,32,04,6,1,없음,31,2,0,1,0,3,2,4,1,10,2,1,1,1,1,8,3,3,1,1,S,953,2,1,2,4,3,6,4,3,9900,1,1,0,4,3,6,4,3,9900,1,1,0,4,3,6,4,3,9900,1,1,0,2025,3,10,1470000,2530000,1,1
202601,6,,광양읍,46230,14,0,0,0,1,0,6,32,04,6,1,없음,31,2,0,1,0,3,2,4,1,10,2,1,1,1,1,8,3,3,1,1,I,561,2,1,2,4,3,6,4,3,9900,1,1,0,4,3,6,4,3,9900,1,1,0,4,3,6,4,3,9900,1,1,0,2024,3,9,1470000,2530000,1,1
202601,6,,광양읍,46230,14,0,0,0,1,0,6,32,04,6,1,없음,31,2,0,1,0,3,2,4,1,10,2,1,1,1,1,8,3,3,1,1,G,463,4,1,4,5,4,5,5,4,7100,1,1,0,5,4,5,5,4,7100,1,1,0,5,4,5,5,4,7100,1,1,0,2024,3,9,1470000,2530000,1,1
202601,6,,광양읍,46230,14,0,0,0,1,0,6,32,04,6,1,없음,31,2,0,1,0,3,2,4,1,10,2,1,1,1,1,8,3,3,1,6,0,999,2,1,2,1,1,1,4,3,9900,1,1,1,1,1,1,4,3,9900,1,1,1,1,1,1,4,3,9900,1,1,1,0,1,1,1470000,2530000,1,1
202601,6,,광양읍,46230,14,0,0,0,1,0,8,32,03,4,1,없음,231,6,0,0,0,3,2,4,1,10,2,1,1,1,1,8,3,3,1,1,G,472,2,1,2,4,3,4,4,3,5300,1,1,0,4,3,4,4,3,5300,1,1,0,4,3,4,4,3,5300,1,1,0,2026,3,9,1020000,2570000,1,1
202601,6,,광양읍,46230,14,0,0,0,1,0,8,32,03,4,1,없음,231,6,0,0,0,3,2,4,1,10,2,1,1,1,1,8,3,3,1,1,Q,862,2,1,2,4,3,5,4,3,5300,1,1,0,4,3,5,4,3,5300,1,1,0,4,3,5,4,3,5300,1,1,0,2025,3,10,1020000,2570000,1,1
202601,6,,광양읍,46230,14,0,0,0,1,0,8,32,03,4,1,없음,231,6,0,0,0,3,2,4,1,10,2,1,1,1,1,8,3,3,1,1,F,412,2,1,2,4,3,5,4,3,5300,1,1,0,4,3,5,4,3,5300,1,1,0,4,3,5,4,3,5300,1,1,0,2025,3,10,1020000,2570000,1,1
202601,6,,광양읍,46230,14,0,0,0,1,0,7,32,04,5,1,없음,15,1,0,0,0,2,2,4,1,10,2,1,1,1,1,8,2,3,1,1,I,561,4,1,4,5,4,5,5,4,6700,1,1,0,5,4,5,5,4,6700,1,1,0,5,4,5,5,4,6700,1,1,0,2025,3,9,1240000,3090000,1,2
202601,6,,광양읍,46230,14,0,0,0,1,0,9,32,03,6,1,없음,295,4,0,0,0,2,2,4,1,10,2,1,1,1,1,8,2,3,1,1,I,561,4,1,4,5,4,5,5,4,6500,1,1,0,5,4,5,5,4,6500,1,1,0,5,4,5,5,4,6500,1,1,0,2025,3,10,1680000,2820000,1,1
202601,6,,광양읍,46230,14,0,0,0,1,0,8,32,03,6,1,없음,271,6,0,0,0,2,2,4,1,10,2,1,1,1,1,8,2,3,1,1,P,852,2,1,2,4,4,7,4,3,9100,1,1,0,4,4,7,4,3,9100,1,1,0,4,4,7,4,3,9100,1,1,0,2026,3,9,1430000,2420000,1,2
202601,6,,광양읍,46230,14,0,0,0,1,0,8,32,03,6,1,없음,271,6,0,0,0,2,2,4,1,10,2,1,1,1,1,8,2,3,1,1,I,561,2,1,2,4,3,6,4,3,9600,1,1,0,4,3,6,4,3,9600,1,1,0,4,3,6,4,3,9600,1,1,0,2025,3,10,1430000,2420000,1,2
202601,6,,광양읍,46230,14,0,0,0,1,0,6,32,04,6,1,없음,200,6,0,0,0,2,2,4,1,10,2,1,1,1,1,8,2,3,1,1,I,561,4,1,4,6,4,4,6,4,4700,1,1,0,6,4,4,6,4,4700,1,1,0,6,4,4,6,4,4700,1,1,0,2025,2,9,1370000,2310000,1,1
202601,6,,광양읍,46230,14,0,0,0,1,0,7,32,04,6,1,없음,170,6,0,0,0,2,2,4,1,10,2,1,1,1,1,8,2,3,1,1,I,561,4,1,4,4,3,4,4,3,4800,1,1,0,4,3,4,4,3,4800,1,1,0,4,3,4,4,3,4800,1,1,0,2025,3,10,1260000,2240000,1,1
202601,6,,광양읍,46230,14,0,0,0,1,0,8,32,03,6,1,없음,97,5,0,1,0,3,2,4,1,10,2,1,1,1,1,8,3,3,1,1,G,475,2,1,3,4,3,5,4,4,8300,1,1,0,4,3,5,4,4,8300,1,1,0,4,3,5,4,4,8300,1,1,0,2025,3,10,1770000,3110000,1,1
202601,6,,광양읍,46230,14,0,0,0,1,0,8,32,03,6,1,없음,97,5,0,1,0,3,2,4,1,10,2,1,1,1,1,8,3,3,1,1,S,961,2,1,3,4,4,6,4,4,8400,1,1,0,4,4,6,4,4,8400,1,1,0,4,4,6,4,4,8400,1,1,0,2024,3,10,1770000,3110000,1,1
202601,6,,광양읍,46230,14,0,0,0,1,0,8,32,03,6,1,없음,97,5,0,1,0,3,2,4,1,10,2,1,1,1,1,8,3,3,1,1,L,682,2,1,3,4,3,5,4,4,8500,1,1,0,4,3,5,4,4,8500,1,1,0,4,3,5,4,4,8500,1,1,0,2025,3,9,1770000,3110000,1,1
202601,6,,광양읍,46230,14,0,0,0,1,0,6,32,04,5,1,없음,116,1,0,0,0,2,2,4,1,10,2,1,1,1,1,8,2,3,1,1,I,561,4,1,4,5,4,4,5,4,6600,1,1,0,5,4,4,5,4,6600,1,1,0,5,4,4,5,4,6600,1,1,0,2024,3,8,1630000,3790000,1,1
202601,6,,광양읍,46230,22,0,0,0,1,0,6,32,03,7,1,없음,10,4,0,0,0,2,1,3,1,10,1,1,1,1,1,8,2,3,1,1,G,473,3,1,3,6,4,6,6,4,9700,1,1,0,6,4,6,6,4,9700,1,1,0,6,4,6,6,4,9700,1,1,0,2025,3,8,1880000,2940000,1,2
202601,6,,광양읍,46230,14,0,0,0,1,0,8,32,03,6,1,없음,242,4,0,0,0,2,1,2,1,10,1,1,1,1,1,8,2,3,1,1,L,681,1,1,2,3,3,7,3,3,10700,1,1,0,3,3,7,3,3,10700,1,1,0,3,3,7,3,3,10700,1,1,0,2025,3,9,1290000,2190000,1,3
202601,6,,광양읍,46230,14,0,0,0,1,0,8,32,03,6,1,없음,242,4,0,0,0,2,1,2,1,10,1,1,1,1,1,8,2,3,1,1,S,961,1,1,2,3,3,7,3,3,10700,1,1,0,3,3,7,3,3,10700,1,1,0,3,3,7,3,3,10700,1,1,0,2025,3,9,1290000,2190000,1,3
202601,6,,광양읍,46230,22,0,0,0,1,0,5,12,03,8,1,없음,150,6,0,0,0,1,1,2,1,10,1,1,1,1,1,8,1,3,1,6,0,999,1,1,1,1,1,1,3,2,6600,1,1,1,1,1,1,3,2,6600,1,1,1,1,1,1,3,2,6600,1,1,1,0,1,1,1330000,1800000,1,1
202601,6,,광양읍,46230,22,0,0,0,1,0,5,12,03,8,1,없음,150,6,0,0,0,1,1,2,1,10,1,1,1,1,1,8,1,3,1,1,G,478,1,1,1,3,2,6,3,3,9300,1,1,0,3,2,6,3,3,9300,1,1,0,3,2,6,3,3,9300,1,1,0,2022,5,7,1330000,1800000,1,1
202601,6,,광양읍,46230,22,0,0,0,1,0,5,12,03,8,1,없음,150,6,0,0,0,1,1,2,1,10,1,1,1,1,1,8,1,3,1,6,0,999,1,1,1,1,1,1,3,2,6500,1,1,1,1,1,1,3,2,6500,1,1,1,1,1,1,3,2,6500,1,1,1,0,1,1,1330000,1800000,1,1
202601,6,,0.비상권,46230,13,0,0,0,1,0,7,32,03,6,1,없음,200,5,0,0,0,2,2,4,1,10,2,1,1,1,1,8,2,3,1,1,I,561,3,1,3,5,4,7,5,4,11100,1,1,0,5,4,7,5,4,11100,1,1,0,5,4,7,5,4,11100,1,1,0,2025,4,9,1540000,2580000,1,1
202601,6,,0.비상권,46230,13,0,0,0,1,0,7,32,03,6,1,없음,200,5,0,0,0,2,2,4,1,10,2,1,1,1,1,8,2,3,1,1,G,478,3,1,3,5,4,7,5,4,10900,1,1,0,5,4,7,5,4,10900,1,1,0,5,4,7,5,4,10900,1,1,0,2026,3,10,1540000,2580000,1,1
202601,6,,광양읍,46230,22,0,0,0,1,0,7,21,03,7,1,없음,40,4,0,0,0,1,1,2,1,9,1,1,1,1,1,8,1,3,1,1,S,961,2,1,2,5,3,6,5,3,9500,1,1,0,5,3,6,5,3,9500,1,1,0,5,3,6,5,3,9500,1,1,0,2026,3,8,1990000,2950000,1,2
202601,6,,0.비상권,46710,22,0,0,0,1,0,1,21,03,1,1,없음,258,4,0,0,0,1,2,3,1,9,1,1,1,1,1,8,1,3,1,1,G,474,2,1,2,3,4,7,4,4,10800,1,1,0,3,4,7,4,4,10800,1,1,0,3,4,7,4,4,10800,1,1,0,2024,3,8,2650000,1550000,1,1
202601,6,,0.비상권,46710,22,0,0,0,1,0,1,21,03,1,1,없음,258,4,0,0,0,1,2,3,1,9,1,1,1,1,1,8,1,3,2,2,0,999,2,1,2,1,1,1,3,3,6000,1,1,0,1,1,1,3,3,6000,1,1,0,1,1,1,3,3,6000,1,1,0,0,1,1,2650000,1550000,1,1
202601,6,,0.비상권,46710,22,0,0,0,1,0,1,51,04,8,1,없음,275,5,0,0,0,2,2,3,1,9,2,1,1,1,1,8,2,3,1,1,I,561,2,1,2,4,4,7,4,4,12900,1,1,0,4,4,7,4,4,12900,1,1,0,4,4,7,4,4,12900,1,1,0,2026,3,10,2630000,3310000,1,3
202601,6,,0.비상권,46710,22,0,0,0,1,0,1,51,04,8,1,없음,275,5,0,0,0,2,2,3,1,9,2,1,1,1,1,8,2,3,1,1,I,561,2,1,2,4,4,7,4,4,13000,1,1,0,4,4,7,4,4,13000,1,1,0,4,4,7,4,4,13000,1,1,0,2026,3,10,2630000,3310000,1,3
202601,6,,0.비상권,46710,22,0,0,0,1,0,5,32,03,6,1,없음,289,4,0,0,0,2,1,3,1,10,1,1,1,1,1,8,2,3,1,1,I,562,2,1,2,4,4,7,4,4,13000,1,1,0,4,4,7,4,4,13000,1,1,0,4,4,7,4,4,13000,1,1,0,2025,3,9,2530000,5500000,1,3
202601,6,,0.비상권,46710,22,0,0,0,1,0,5,32,03,6,1,없음,289,4,0,0,0,2,1,3,1,10,1,1,1,1,1,8,2,3,1,1,S,961,2,1,2,4,4,7,4,4,12800,1,1,0,4,4,7,4,4,12800,1,1,0,4,4,7,4,4,12800,1,1,0,2024,3,7,2530000,5500000,1,3
202601,6,,0.비상권,46710,22,0,0,0,1,0,7,31,03,7,1,없음,271,4,0,1,0,2,2,4,1,9,2,1,1,1,1,8,2,3,1,1,G,478,4,1,4,5,5,7,5,5,11500,1,1,0,5,5,7,5,5,11500,1,1,0,5,5,7,5,5,11500,1,1,0,2025,3,9,2770000,4320000,1,1
202601,6,,0.비상권,46710,22,0,0,0,1,0,1,11,04,6,2,없음,236,5,0,0,0,2,2,4,1,10,2,1,1,1,1,8,2,3,1,1,Q,862,4,1,4,4,5,7,4,5,10600,1,1,0,4,5,7,4,5,10600,1,1,0,4,5,7,4,5,10600,1,1,0,2024,3,9,2560000,2270000,1,1
202601,6,,0.비상권,46710,22,0,0,0,1,0,1,11,04,6,2,없음,236,5,0,0,0,2,2,4,1,10,2,1,1,1,1,8,2,3,2,1,P,855,4,1,4,3,4,5,3,4,6200,1,1,0,3,4,5,3,4,6200,1,1,0,3,4,5,3,4,6200,1,1,0,2024,3,9,2560000,2270000,1,1
202601,6,,0.비상권,46710,16,0,0,0,1,0,4,31,04,7,2,없음,128,5,0,0,0,1,2,4,1,9,1,1,1,1,1,8,1,3,1,1,G,473,2,1,2,4,3,5,4,3,7600,1,1,0,4,3,5,4,3,7600,1,1,0,4,3,5,4,3,7600,1,1,0,2024,3,7,1920000,1420000,1,1
202601,6,,0.비상권,46710,16,0,0,0,1,0,4,31,04,7,2,없음,128,5,0,0,0,1,2,4,1,9,1,1,1,1,1,8,1,3,2,2,0,999,2,1,2,1,1,1,3,3,4800,1,1,0,1,1,1,3,3,4800,1,1,0,1,1,1,3,3,4800,1,1,0,0,1,1,1920000,1420000,1,1
202601,6,,0.비상권,46710,14,22,0,0,1,0,1,12,03,5,1,없음,246,6,0,0,0,2,2,4,1,10,1,1,1,1,1,8,2,3,1,1,S,969,1,1,1,3,3,7,3,3,10500,1,1,0,3,3,7,3,3,10500,1,1,0,3,3,7,3,3,10500,1,1,0,2024,3,10,1140000,2300000,1,3
202601,6,,0.비상권,46710,14,22,0,0,1,0,1,12,03,5,1,없음,246,6,0,0,0,2,2,4,1,10,1,1,1,1,1,8,2,3,1,2,S,969,1,1,1,1,1,1,3,3,9900,1,1,0,1,1,1,3,3,9900,1,1,0,1,1,1,3,3,9900,1,1,0,0,1,1,1140000,2300000,1,3
202601,6,,0.비상권,46710,14,22,0,0,1,0,1,12,03,5,1,없음,246,6,0,0,0,2,2,4,1,10,1,1,1,1,1,8,2,3,1,1,I,562,2,1,2,3,3,4,3,3,5600,1,1,0,3,3,4,3,3,5600,1,1,0,3,3,4,3,3,5600,1,1,0,2024,3,8,1140000,2300000,1,3
202601,6,,0.비상권,46710,22,0,0,0,1,0,1,11,04,9,2,없음,281,4,0,0,0,1,2,3,1,10,1,1,1,1,1,8,1,3,1,1,G,472,2,1,2,4,3,6,4,3,8200,1,1,0,4,3,6,4,3,8200,1,1,0,4,3,6,4,3,8200,1,1,0,2026,2,10,2500000,1740000,1,1
202601,6,,0.비상권,46710,22,0,0,0,1,0,1,11,04,9,2,없음,281,4,0,0,0,1,2,3,1,10,1,1,1,1,1,8,1,3,2,2,0,999,2,1,2,1,1,1,3,3,5000,1,1,0,1,1,1,3,3,5000,1,1,0,1,1,1,3,3,5000,1,1,0,0,1,1,2500000,1740000,1,1
202601,6,,0.비상권,46720,22,0,0,0,1,0,4,21,03,8,1,없음,200,6,0,0,0,1,1,3,1,10,1,1,1,1,1,8,1,3,1,6,0,999,2,1,2,1,1,1,3,3,9900,1,1,1,1,1,1,3,3,9900,1,1,1,1,1,1,3,3,9900,1,1,1,0,1,1,1790000,2360000,1,1
202601,6,,0.비상권,46720,22,0,0,0,1,0,4,21,03,8,1,없음,200,6,0,0,0,1,1,3,1,10,1,1,1,1,1,8,1,3,1,6,0,999,2,1,2,1,1,1,3,3,9500,1,1,1,1,1,1,3,3,9500,1,1,1,1,1,1,3,3,9500,1,1,1,0,1,1,1790000,2360000,1,1
202601,6,,0.비상권,46720,22,0,0,0,1,0,1,21,03,6,1,없음,96,5,0,0,0,2,1,3,1,10,1,1,1,1,1,8,2,3,1,1,S,961,1,1,1,3,3,7,3,3,12300,1,1,0,3,3,7,3,3,12300,1,1,0,3,3,7,3,3,12300,1,1,0,2024,3,10,1760000,3210000,1,2
202601,6,,0.비상권,46720,22,0,0,0,1,0,1,21,03,6,1,없음,96,5,0,0,0,2,1,3,1,10,1,1,1,1,1,8,2,3,1,1,L,682,1,1,1,1,3,6,3,3,12300,1,1,0,1,3,6,3,3,12300,1,1,0,1,3,6,3,3,12300,1,1,0,2025,3,4,1760000,3210000,1,2
202601,6,,0.비상권,46720,22,0,0,0,1,0,1,21,03,6,1,없음,96,5,0,0,0,2,1,3,1,10,1,1,1,1,1,8,2,3,1,1,G,478,2,1,2,3,4,7,3,4,11900,1,1,0,3,4,7,3,4,11900,1,1,0,3,4,7,3,4,11900,1,1,0,2026,3,10,1760000,3210000,1,2
202601,6,,0.비상권,46730,14,22,0,0,1,0,8,31,03,6,1,없음,100,6,0,0,0,2,2,4,1,10,1,1,1,1,1,8,2,3,1,1,I,562,2,1,2,4,4,7,4,4,10600,1,1,0,4,4,7,4,4,10600,1,1,0,4,4,7,4,4,10600,1,1,0,2025,3,10,1590000,1950000,1,1
202601,6,,0.비상권,46730,14,22,0,0,1,0,8,31,03,6,1,없음,100,6,0,0,0,2,2,4,1,10,1,1,1,1,1,8,2,3,2,2,0,999,2,1,2,1,1,1,3,3,8500,1,1,0,1,1,1,3,3,8500,1,1,0,1,1,1,3,3,8500,1,1,0,0,1,1,1590000,1950000,1,1
202601,6,,0.비상권,46770,13,0,0,0,1,0,2,21,03,9,2,없음,400,6,0,0,0,2,2,4,1,10,1,1,1,1,1,8,2,3,1,1,G,475,3,1,3,3,4,4,3,4,5700,1,1,0,3,4,4,3,4,5700,1,1,0,3,4,4,3,4,5700,1,1,0,2025,3,10,1620000,1040000,1,2
202601,6,,0.비상권,46770,13,0,0,0,1,0,2,21,03,9,2,없음,400,6,0,0,0,2,2,4,1,10,1,1,1,1,1,8,2,3,2,2,0,999,3,1,3,1,1,1,3,3,3500,1,1,0,1,1,1,3,3,3500,1,1,0,1,1,1,3,3,3500,1,1,0,0,1,1,1620000,1040000,1,2
202601,6,,0.비상권,46770,22,0,0,0,1,0,1,11,03,4,1,없음,330,6,0,0,0,2,1,2,1,10,1,1,1,1,1,8,2,3,1,1,S,961,2,1,3,3,3,4,3,3,4600,1,1,0,3,3,4,3,3,4600,1,1,0,3,3,4,3,3,4600,1,1,0,2025,3,7,310000,920000,1,1
202601,6,,0.비상권,46780,22,0,0,0,1,0,4,21,04,8,2,없음,100,4,0,0,0,2,2,4,1,10,1,1,1,1,1,8,2,3,1,1,I,561,3,1,3,5,4,5,5,4,8000,1,1,0,5,4,5,5,4,8000,1,1,0,5,4,5,5,4,8000,1,1,0,2025,3,5,1590000,1980000,1,1
202601,6,,0.비상권,46780,22,0,0,0,1,0,4,21,04,8,2,없음,100,4,0,0,0,2,2,4,1,10,1,1,1,1,1,8,2,3,2,2,0,999,3,1,3,1,1,1,4,3,5500,1,1,0,1,1,1,4,3,5500,1,1,0,1,1,1,4,3,5500,1,1,0,0,1,1,1590000,1980000,1,1
202601,6,,0.비상권,46780,22,0,0,0,1,0,1,51,03,10,1,없음,100,6,0,0,0,1,1,3,1,10,1,1,1,1,1,8,1,3,1,1,I,561,3,1,3,5,3,5,5,3,6500,1,1,0,5,3,5,5,3,6500,1,1,0,5,3,5,5,3,6500,1,1,0,2025,3,7,1320000,1360000,1,1
202601,6,,0.비상권,46780,22,0,0,0,1,0,8,32,03,8,1,없음,100,4,0,0,0,2,1,3,1,10,1,1,1,1,1,8,2,3,1,1,I,561,3,1,3,4,4,6,4,4,9500,1,1,0,4,4,6,4,4,9500,1,1,0,4,4,6,4,4,9500,1,1,0,2025,3,9,2260000,3140000,1,2
202601,6,,0.비상권,46780,22,0,0,0,1,0,3,32,04,4,1,없음,100,6,0,0,0,2,2,4,1,10,1,1,1,1,1,8,2,3,1,1,I,561,3,1,3,4,4,5,4,4,7000,1,1,0,4,4,5,4,4,7000,1,1,0,4,4,5,4,4,7000,1,1,0,2025,3,10,1300000,1770000,1,1
202601,6,,0.비상권,46780,22,0,0,0,1,0,3,32,04,4,1,없음,100,6,0,0,0,2,2,4,1,10,1,1,1,1,1,8,2,3,2,6,0,999,3,1,3,1,1,1,3,3,3300,1,1,1,1,1,1,3,3,3300,1,1,1,1,1,1,3,3,3300,1,1,1,0,1,1,1300000,1770000,1,1
202601,6,,0.비상권,46780,22,0,0,0,1,0,1,51,03,10,1,없음,100,4,0,0,0,1,1,2,1,10,1,1,1,1,1,8,1,3,1,1,S,953,2,1,2,3,3,6,3,3,8100,1,1,0,3,3,6,3,3,8100,1,1,0,3,3,6,3,3,8100,1,1,0,2025,3,10,1680000,1690000,1,1
202601,6,,0.비상권,46780,22,13,0,0,1,0,6,21,04,8,2,없음,100,6,0,0,0,1,1,3,1,10,1,1,1,1,1,8,1,3,1,1,S,961,2,1,2,4,4,7,4,4,18900,1,1,0,4,4,7,4,4,18900,1,1,0,4,4,7,4,4,18900,1,1,0,2025,3,10,3090000,2150000,1,3
202601,6,,0.비상권,46780,22,13,0,0,1,0,6,21,04,8,2,없음,100,6,0,0,0,1,1,3,1,10,1,1,1,1,1,8,1,3,2,1,S,961,2,1,2,3,3,6,3,3,8200,1,1,0,3,3,6,3,3,8200,1,1,0,3,3,6,3,3,8200,1,1,0,2025,3,10,3090000,2150000,1,3
202601,6,,0.비상권,46780,14,0,0,0,1,0,8,21,04,6,2,없음,100,4,0,1,0,2,2,4,1,10,2,1,1,1,1,8,2,3,1,1,M,721,1,1,1,3,3,6,3,3,8200,1,1,0,3,3,6,3,3,8200,1,1,0,3,3,6,3,3,8200,1,1,0,2025,3,10,1930000,1750000,1,1
202601,6,,0.비상권,46780,14,0,0,0,1,0,8,21,04,6,2,없음,100,4,0,1,0,2,2,4,1,10,2,1,1,1,1,8,2,3,1,1,I,562,4,1,4,6,4,6,6,4,9700,1,1,0,6,4,6,6,4,9700,1,1,0,6,4,6,6,4,9700,1,1,0,2024,3,9,1930000,1750000,1,1
202601,6,,0.비상권,46780,14,0,0,0,1,0,8,21,04,6,2,없음,100,4,0,1,0,2,2,4,1,10,2,1,1,1,1,8,2,3,2,1,F,423,2,1,2,4,3,5,4,3,7600,1,1,0,4,3,5,4,3,7600,1,1,0,4,3,5,4,3,7600,1,1,0,2025,3,10,1930000,1750000,1,1
202601,6,,0.비상권,46780,14,0,0,0,1,0,8,21,04,6,2,없음,100,4,0,1,0,2,2,4,1,10,2,1,1,1,1,8,2,3,2,6,0,999,2,1,2,1,1,1,4,3,7500,1,1,1,1,1,1,4,3,7500,1,1,1,1,1,1,4,3,7500,1,1,1,0,1,1,1930000,1750000,1,1
202601,6,,0.비상권,46790,14,0,0,0,1,0,3,11,04,6,1,없음,50,4,0,0,0,2,1,3,1,10,1,1,1,1,1,8,2,3,1,6,0,999,2,1,3,1,1,1,4,4,14500,1,1,1,1,1,1,4,4,14500,1,1,1,1,1,1,4,4,14500,1,1,1,0,1,1,1600000,3080000,1,1
202601,6,,0.비상권,46790,14,0,0,0,1,0,3,11,04,6,1,없음,50,4,0,0,0,2,1,3,1,10,1,1,1,1,1,8,2,3,1,1,S,969,1,1,1,3,4,8,3,3,19900,1,1,0,3,4,8,3,3,19900,1,1,0,3,4,8,3,3,19900,1,1,0,2025,3,7,1600000,3080000,1,1
202601,6,,0.비상권,46790,14,0,0,0,1,0,1,51,03,1,1,없음,50,6,0,0,0,1,1,1,1,10,1,1,1,1,1,8,1,3,1,6,0,999,1,1,1,1,1,1,3,3,11700,1,1,1,1,1,1,3,3,11700,1,1,1,1,1,1,3,3,11700,1,1,1,0,1,1,1430000,2010000,1,3
202601,6,,0.비상권,46790,14,0,0,0,1,0,1,12,03,1,1,없음,50,6,0,0,0,1,1,2,1,10,1,1,1,1,1,8,1,3,1,6,0,999,2,1,2,1,1,1,4,4,11700,1,1,1,1,1,1,4,4,11700,1,1,1,1,1,1,4,4,11700,1,1,1,0,1,1,1460000,1460000,1,3
202601,6,,0.비상권,46790,22,0,0,0,1,0,1,51,04,10,1,없음,15,6,0,0,0,1,1,2,1,9,1,1,1,1,1,8,1,3,1,1,G,478,2,1,2,4,4,7,5,3,14800,1,1,0,4,4,7,5,3,14800,1,1,0,4,4,7,5,3,14800,1,1,0,2024,3,8,3660000,3690000,1,3
202601,6,,0.비상권,46790,22,0,0,0,1,0,1,11,03,1,1,없음,20,6,0,0,0,1,1,3,1,9,1,1,1,1,1,8,1,3,1,1,G,478,2,1,2,4,3,7,4,3,10900,1,1,0,4,3,7,4,3,10900,1,1,0,4,3,7,4,3,10900,1,1,0,2024,3,6,3220000,2160000,1,2
202601,6,,0.비상권,46790,22,0,0,0,1,0,1,11,03,1,1,없음,20,6,0,0,0,1,1,3,1,9,1,1,1,1,1,8,1,3,2,1,G,478,2,1,2,2,2,3,3,3,3000,1,1,0,2,2,3,3,3,3000,1,1,0,2,2,3,3,3,3000,1,1,0,2024,3,6,3220000,2160000,1,2
202601,6,,0.비상권,46790,22,0,0,0,1,0,1,51,03,1,1,없음,5,4,0,0,0,1,1,2,1,9,1,1,1,1,1,8,1,3,1,1,S,961,2,1,2,5,3,7,6,3,12700,1,1,0,5,3,7,6,3,12700,1,1,0,5,3,7,6,3,12700,1,1,0,2026,3,9,3600000,4640000,1,2
202601,6,,0.비상권,46790,22,0,0,0,1,0,6,32,04,7,1,없음,100,4,0,0,0,2,1,3,1,10,1,1,1,1,1,8,2,3,1,1,I,561,3,1,3,5,4,6,6,4,11600,1,1,0,5,4,6,6,4,11600,1,1,0,5,4,6,6,4,11600,1,1,0,2024,3,9,2030000,3550000,1,2
202601,6,,0.비상권,46790,22,0,0,0,1,0,8,32,04,8,1,없음,100,4,0,0,0,2,1,3,1,10,1,1,1,1,1,8,2,3,1,6,0,999,2,1,2,1,1,1,4,4,12600,1,1,1,1,1,1,4,4,12600,1,1,1,1,1,1,4,4,12600,1,1,1,0,1,1,2390000,3900000,1,2
202601,6,,0.비상권,46790,22,0,0,0,1,0,8,32,04,8,1,없음,100,4,0,0,0,2,1,3,1,10,1,1,1,1,1,8,2,3,1,1,M,721,1,1,1,3,3,7,3,3,12500,1,1,0,3,3,7,3,3,12500,1,1,0,3,3,7,3,3,12500,1,1,0,2024,3,9,2390000,3900000,1,2
202601,6,,0.비상권,46800,22,0,0,0,1,0,1,51,03,1,1,없음,221,6,0,0,0,1,1,2,1,10,1,1,1,1,1,8,1,3,1,1,O,844,2,1,3,3,3,5,3,3,5700,1,1,0,3,3,5,3,3,5700,1,1,0,3,3,5,3,3,5700,1,1,0,2022,5,9,450000,560000,1,3
202601,6,,0.비상권,46800,22,0,0,0,1,0,8,31,04,5,1,없음,200,6,0,0,0,2,2,4,1,10,2,1,1,1,1,8,2,3,1,1,S,952,4,1,4,5,4,5,5,4,6200,1,1,0,5,4,5,5,4,6200,1,1,0,5,4,5,5,4,6200,1,1,0,2026,3,9,820000,1890000,1,2
202601,6,,0.비상권,46800,22,0,0,0,1,0,1,51,03,10,1,없음,52,6,0,0,0,1,1,2,1,10,1,1,1,1,1,8,1,3,1,1,I,561,2,1,2,3,3,6,3,3,7900,1,1,0,3,3,6,3,3,7900,1,1,0,3,3,6,3,3,7900,1,1,0,2025,4,2,1100000,1100000,1,3
202601,6,,0.비상권,46800,22,0,0,0,1,0,1,51,03,1,1,없음,76,6,0,0,0,2,2,4,1,10,2,1,1,1,1,8,2,3,1,1,G,463,4,1,4,3,4,4,3,4,5800,1,1,0,3,4,4,3,4,5800,1,1,0,3,4,4,3,4,5800,1,1,0,2025,5,7,1000000,1000000,1,2
202601,6,,0.비상권,46800,22,0,0,0,1,0,1,12,04,6,1,없음,16,6,0,0,0,1,1,2,1,10,1,1,1,1,1,28,1,3,1,1,G,463,2,1,2,4,3,6,4,3,8200,1,1,0,4,3,6,4,3,8200,1,1,0,4,3,6,4,3,8200,1,1,0,2025,3,7,930000,1800000,1,1
202601,6,,0.비상권,46800,22,0,0,0,1,0,1,51,03,1,1,없음,98,7,0,0,0,2,2,4,1,10,2,1,1,1,1,8,2,3,1,1,N,751,4,1,4,3,3,3,4,3,4600,1,1,0,3,3,3,4,3,4600,1,1,0,3,3,3,4,3,4600,1,1,0,2025,3,8,870000,960000,1,1
202601,6,,0.비상권,46800,22,0,0,0,1,0,1,51,03,1,1,없음,98,7,0,0,0,2,2,4,1,10,2,1,1,1,1,8,2,3,1,1,G,463,3,1,3,4,3,4,4,3,5700,1,1,0,4,3,4,4,3,5700,1,1,0,4,3,4,4,3,5700,1,1,0,2026,4,10,870000,960000,1,1
202601,6,,0.비상권,46800,22,0,0,0,1,0,3,32,03,5,1,없음,400,6,0,0,0,1,1,2,1,10,1,1,1,1,1,8,2,3,1,1,I,561,2,1,2,3,3,5,3,3,7800,1,1,0,3,3,5,3,3,7800,1,1,0,3,3,5,3,3,7800,1,1,0,2024,3,7,910000,3500000,1,1
202601,6,,0.비상권,46800,22,0,0,0,1,0,1,21,03,1,1,없음,600,6,0,0,0,1,2,4,1,9,2,1,1,1,1,8,1,3,1,1,G,472,2,1,3,5,4,7,5,4,13300,1,1,0,5,4,7,5,4,13300,1,1,0,5,4,7,5,4,13300,1,1,0,2025,4,4,2380000,1970000,1,2
202601,6,,0.비상권,46800,22,0,0,0,1,0,1,21,03,1,1,없음,600,6,0,0,0,1,2,4,1,9,2,1,1,1,1,8,1,3,2,1,S,961,2,1,2,2,3,4,2,3,3900,1,1,0,2,3,4,2,3,3900,1,1,0,2,3,4,2,3,3900,1,1,0,2024,3,9,2380000,1970000,1,2
202601,6,,0.비상권,46800,22,0,0,0,1,0,1,11,03,1,1,없음,600,6,0,0,0,2,2,4,1,9,2,1,2,1,1,8,2,3,1,1,G,474,3,1,4,5,5,7,5,5,14800,1,1,0,5,5,7,5,5,14800,1,1,0,5,5,7,5,5,14800,1,1,0,2025,3,9,2170000,2030000,1,1
202601,6,,0.비상권,46800,22,0,0,0,1,0,1,11,03,1,1,없음,600,6,0,0,0,2,2,4,1,9,2,1,2,1,1,8,2,3,2,2,0,999,3,1,4,1,1,1,4,3,4500,1,1,0,1,1,1,4,3,4500,1,1,0,1,1,1,4,3,4500,1,1,0,0,1,1,2170000,2030000,1,1
202601,6,,0.비상권,46810,22,0,0,0,1,0,1,51,04,7,1,없음,300,6,0,0,0,1,1,2,1,10,1,1,1,1,1,8,1,3,1,1,S,961,2,1,2,3,3,7,3,3,9800,1,1,0,3,3,7,3,3,9800,1,1,0,3,3,7,3,3,9800,1,1,0,2024,4,9,2280000,3510000,1,2
202601,6,,0.비상권,46810,22,0,0,0,1,0,1,51,04,6,1,없음,300,6,0,0,0,1,1,2,1,10,1,1,1,1,1,8,1,3,1,1,I,561,2,1,2,4,3,7,4,3,10700,1,1,0,4,3,7,4,3,10700,1,1,0,4,3,7,4,3,10700,1,1,0,2026,3,10,2300000,3840000,1,3
202601,6,,0.비상권,46810,22,0,0,0,1,0,1,51,04,6,1,없음,270,6,0,0,0,1,1,1,1,8,1,1,1,1,1,8,1,3,1,1,I,561,1,1,2,4,3,7,3,3,10100,1,1,0,4,3,7,3,3,10100,1,1,0,4,3,7,3,3,10100,1,1,0,2026,3,7,2290000,3830000,1,2
202601,6,,0.비상권,46810,22,0,0,0,1,0,1,51,03,7,1,없음,285,6,0,0,0,1,1,2,1,9,1,1,1,1,1,8,1,3,1,1,I,561,2,1,2,4,3,7,4,3,9900,1,1,0,4,3,7,4,3,9900,1,1,0,4,3,7,4,3,9900,1,1,0,2025,3,10,2300000,3530000,1,2
202601,6,,0.비상권,46810,22,0,0,0,1,0,1,51,03,1,1,없음,300,7,0,0,0,1,1,2,1,10,1,1,1,1,1,8,1,3,1,1,O,844,2,1,2,3,3,7,3,3,10400,1,1,0,3,3,7,3,3,10400,1,1,0,3,3,7,3,3,10400,1,1,0,2025,5,8,2000000,1310000,1,3
202601,6,,0.비상권,46810,22,0,0,0,1,0,6,32,03,7,1,없음,300,6,0,0,0,2,1,3,1,10,1,1,1,1,1,8,2,3,1,1,G,474,3,1,3,5,4,6,5,4,8900,1,1,0,5,4,6,5,4,8900,1,1,0,5,4,6,5,4,8900,1,1,0,2022,5,8,2290000,3960000,1,1
202601,6,,0.비상권,46810,22,0,0,0,1,0,1,51,03,6,1,없음,280,6,0,0,0,2,1,2,1,9,1,1,1,1,1,8,2,3,1,1,G,474,1,1,2,4,3,7,3,3,11500,1,1,0,4,3,7,3,3,11500,1,1,0,4,3,7,3,3,11500,1,1,0,2025,3,10,2290000,4430000,1,2
202601,6,,0.비상권,46810,22,0,0,0,1,0,1,51,03,6,1,없음,280,6,0,0,0,2,1,2,1,9,1,1,1,1,1,8,2,3,1,1,G,475,1,1,2,3,3,7,5,3,11600,1,1,0,3,3,7,5,3,11600,1,1,0,3,3,7,5,3,11600,1,1,0,2024,4,5,2290000,4430000,1,2
202601,6,,0.비상권,46820,22,14,0,0,1,0,3,11,04,3,1,없음,400,4,0,0,0,3,2,4,1,10,2,1,1,1,1,8,3,3,1,1,C,105,3,1,3,3,4,5,3,4,8600,1,1,0,3,4,5,3,4,8600,1,1,0,3,4,5,3,4,8600,1,1,0,2025,3,9,1000000,2960000,1,1
202601,6,,0.비상권,46820,22,14,0,0,1,0,3,11,04,3,1,없음,400,4,0,0,0,3,2,4,1,10,2,1,1,1,1,8,3,3,1,1,C,105,2,1,2,3,3,5,3,3,8800,1,1,0,3,3,5,3,3,8800,1,1,0,3,3,5,3,3,8800,1,1,0,2025,3,9,1000000,2960000,1,1
202601,6,,0.비상권,46820,16,0,0,0,1,0,1,12,04,5,1,없음,900,4,0,0,0,2,2,4,1,10,2,1,1,1,1,8,2,3,1,1,G,472,2,1,2,4,4,7,4,4,15900,1,1,0,4,4,7,4,4,15900,1,1,0,4,4,7,4,4,15900,1,1,0,2025,2,10,1970000,3970000,1,2
202601,6,,0.비상권,46820,16,0,0,0,1,0,1,12,04,5,1,없음,900,4,0,0,0,2,2,4,1,10,2,1,1,1,1,8,2,3,1,1,M,711,2,1,2,4,4,7,5,3,15300,1,1,0,4,4,7,5,3,15300,1,1,0,4,4,7,5,3,15300,1,1,0,2025,3,10,1970000,3970000,1,2
202601,6,,0.비상권,46820,16,0,0,0,1,0,1,12,04,5,1,없음,900,4,0,0,0,2,2,4,1,10,2,1,1,1,1,8,2,3,1,1,N,752,2,1,2,5,3,7,5,4,16100,1,1,0,5,3,7,5,4,16100,1,1,0,5,3,7,5,4,16100,1,1,0,2024,3,9,1970000,3970000,1,2
202601,6,,0.비상권,46820,14,0,0,0,1,0,4,32,04,3,1,없음,390,4,0,0,0,5,2,4,1,10,2,1,1,1,1,8,5,3,1,1,I,561,4,1,4,6,5,6,6,5,8500,1,1,0,6,5,6,6,5,8500,1,1,0,6,5,6,6,5,8500,1,1,0,2024,3,10,600000,2820000,1,3
202601,6,,0.비상권,46840,22,0,300,0,1,0,1,11,03,10,2,없음,58,6,0,0,0,1,1,3,1,10,1,1,1,1,1,8,1,3,1,1,G,473,2,1,2,5,4,7,5,4,14000,1,1,0,5,4,7,5,4,14000,1,1,0,5,4,7,5,4,14000,1,1,0,2024,3,9,2780000,1400000,1,1
202601,6,,0.비상권,46840,22,0,300,0,1,0,1,11,03,10,2,없음,58,6,0,0,0,1,1,3,1,10,1,1,1,1,1,8,1,3,2,2,0,999,2,1,2,1,1,1,3,3,6500,1,1,0,1,1,1,3,3,6500,1,1,0,1,1,1,3,3,6500,1,1,0,0,1,1,2780000,1400000,1,1
202601,6,,0.비상권,46840,22,0,300,0,1,0,1,21,03,10,2,없음,114,6,0,0,0,2,2,4,1,10,2,1,1,1,1,8,2,3,1,1,G,474,2,1,2,4,4,7,4,4,14100,1,1,0,4,4,7,4,4,14100,1,1,0,4,4,7,4,4,14100,1,1,0,2025,2,9,2850000,1580000,1,1
202601,6,,0.비상권,46840,22,0,300,0,1,0,1,21,03,10,2,없음,114,6,0,0,0,2,2,4,1,10,2,1,1,1,1,8,2,3,1,1,I,561,2,1,2,4,4,7,5,4,14400,1,1,0,4,4,7,5,4,14400,1,1,0,4,4,7,5,4,14400,1,1,0,2026,2,10,2850000,1580000,1,1
202601,6,,0.비상권,46840,22,0,300,0,1,0,1,21,03,10,2,없음,114,6,0,0,0,2,2,4,1,10,2,1,1,1,1,8,2,3,2,1,S,961,3,1,3,5,3,4,5,3,5500,1,1,0,5,3,4,5,3,5500,1,1,0,5,3,4,5,3,5500,1,1,0,2025,2,9,2850000,1580000,1,1
202601,6,,0.비상권,46840,22,0,300,0,1,0,7,21,03,8,1,없음,46,6,0,0,0,2,2,4,1,10,2,1,1,1,1,8,2,3,1,1,S,961,4,1,4,6,5,7,6,5,13400,1,1,0,6,5,7,6,5,13400,1,1,0,6,5,7,6,5,13400,1,1,0,2025,3,10,2450000,3270000,1,2
202601,6,,0.비상권,46840,22,0,300,0,1,0,7,21,03,8,1,없음,46,6,0,0,0,2,2,4,1,10,2,1,1,1,1,8,2,3,1,1,G,472,2,1,2,4,4,7,5,4,13900,1,1,0,4,4,7,5,4,13900,1,1,0,4,4,7,5,4,13900,1,1,0,2025,2,8,2450000,3270000,1,2
202601,6,,0.비상권,46840,16,0,0,0,1,0,7,32,04,7,1,없음,52,8,0,0,0,1,1,2,1,10,1,1,1,1,1,8,1,3,1,1,G,474,2,1,2,4,3,6,4,3,8700,1,1,0,4,3,6,4,3,8700,1,1,0,4,3,6,4,3,8700,1,1,0,2025,2,10,840000,1390000,1,2
202601,6,,0.비상권,46840,22,0,300,0,1,0,4,12,04,7,1,없음,30,5,0,0,0,2,1,3,1,10,1,1,1,1,1,8,2,3,1,1,I,562,3,1,3,6,5,7,6,5,19700,1,1,0,6,5,7,6,5,19700,1,1,0,6,5,7,6,5,19700,1,1,0,2025,3,9,1360000,2260000,1,1
202601,6,,0.비상권,46840,16,0,0,0,1,0,5,32,04,5,1,없음,89,7,0,1,0,3,2,4,1,10,1,1,2,1,1,8,3,3,1,2,I,561,4,1,4,1,1,1,6,5,10100,1,1,0,1,1,1,6,5,10100,1,1,0,1,1,1,6,5,10100,1,1,0,0,1,1,1090000,2560000,1,1
202601,6,,0.비상권,46840,16,0,0,0,1,0,5,32,04,5,1,없음,89,7,0,1,0,3,2,4,1,10,1,1,2,1,1,8,3,3,1,1,I,561,3,1,3,6,4,7,6,4,10000,1,1,0,6,4,7,6,4,10000,1,1,0,6,4,7,6,4,10000,1,1,0,2024,3,8,1090000,2560000,1,1
202601,6,,0.비상권,46840,16,0,0,0,1,0,2,21,03,6,2,없음,10,5,0,0,0,2,2,4,1,10,1,1,1,1,1,8,2,3,1,1,I,562,2,1,2,5,4,7,5,4,15200,1,1,0,5,4,7,5,4,15200,1,1,0,5,4,7,5,4,15200,1,1,0,2025,3,10,1070000,1010000,1,1
202601,6,,0.비상권,46840,16,0,0,0,1,0,2,21,03,6,2,없음,10,5,0,0,0,2,2,4,1,10,1,1,1,1,1,8,2,3,2,6,0,999,2,1,2,1,1,1,3,3,4100,1,1,1,1,1,1,3,3,4100,1,1,1,1,1,1,3,3,4100,1,1,1,0,1,1,1070000,1010000,1,1
202601,6,,0.비상권,46840,14,0,0,0,1,0,4,21,04,6,2,없음,180,5,0,1,0,2,2,4,1,10,1,2,1,1,1,8,2,3,1,1,S,969,2,1,2,4,3,4,3,3,4900,1,1,0,4,3,4,3,3,4900,1,1,0,4,3,4,3,3,4900,1,1,0,2025,2,8,1040000,1030000,1,1
202601,6,,0.비상권,46840,14,0,0,0,1,0,4,21,04,6,2,없음,180,5,0,1,0,2,2,4,1,10,1,2,1,1,1,8,2,3,1,2,S,969,2,1,3,1,1,1,3,3,4800,1,1,0,1,1,1,3,3,4800,1,1,0,1,1,1,3,3,4800,1,1,0,0,1,1,1040000,1030000,1,1
202601,6,,0.비상권,46840,14,0,0,0,1,0,4,21,04,6,2,없음,180,5,0,1,0,2,2,4,1,10,1,2,1,1,1,8,2,3,2,6,0,999,4,1,4,1,1,1,3,3,2700,1,1,1,1,1,1,3,3,2700,1,1,1,1,1,1,3,3,2700,1,1,1,0,1,1,1040000,1030000,1,1
202601,6,,0.비상권,46840,22,0,300,0,1,0,5,31,03,8,1,없음,113,6,0,0,0,2,2,4,1,10,2,1,1,1,1,28,2,3,1,1,I,561,3,1,3,5,5,7,5,5,12700,1,1,0,5,5,7,5,5,12700,1,1,0,5,5,7,5,5,12700,1,1,0,2025,2,9,1420000,1800000,1,1
202601,6,,0.비상권,46840,22,0,300,0,1,0,5,31,03,8,1,없음,113,6,0,0,0,2,2,4,1,10,2,1,1,1,1,28,2,3,1,1,I,561,3,1,3,5,5,7,5,5,12900,1,1,0,5,5,7,5,5,12900,1,1,0,5,5,7,5,5,12900,1,1,0,2025,2,10,1420000,1800000,1,1
202601,6,,0.비상권,46840,13,43,0,0,1,0,6,31,04,6,1,없음,300,8,0,0,0,2,2,4,1,10,1,1,1,1,1,8,2,3,1,1,S,961,2,1,2,4,3,6,4,3,8700,1,1,0,4,3,6,4,3,8700,1,1,0,4,3,6,4,3,8700,1,1,0,2025,2,9,1320000,1590000,1,2
202601,6,,0.비상권,46840,13,43,0,0,1,0,6,31,04,6,1,없음,300,8,0,0,0,2,2,4,1,10,1,1,1,1,1,8,2,3,1,1,I,561,2,1,2,5,3,6,5,3,9300,1,1,0,5,3,6,5,3,9300,1,1,0,5,3,6,5,3,9300,1,1,0,2024,3,9,1320000,1590000,1,2
202601,6,,0.비상권,46840,13,43,0,0,1,0,6,31,04,6,1,없음,300,8,0,0,0,2,2,4,1,10,1,1,1,1,1,8,2,3,2,2,0,999,2,1,2,1,1,1,4,3,5800,1,1,0,1,1,1,4,3,5800,1,1,0,1,1,1,4,3,5800,1,1,0,0,1,1,1320000,1590000,1,2
202601,6,,0.비상권,46860,16,0,0,0,1,0,5,31,04,4,1,없음,56,4,0,0,0,2,1,3,1,10,1,1,1,1,1,8,2,3,1,1,M,721,3,1,3,3,4,5,3,4,7400,1,2,0,3,4,5,3,4,7400,1,2,0,3,4,5,3,4,7400,1,2,0,2024,3,9,1220000,1770000,1,3
202601,6,,0.비상권,46860,16,0,0,0,1,0,8,32,04,5,1,없음,85,4,0,0,0,2,1,2,1,10,1,1,1,1,1,8,2,3,1,1,M,721,2,1,3,2,3,5,2,3,7400,1,2,0,2,3,5,2,3,7400,1,2,0,2,3,5,2,3,7400,1,2,0,2025,3,9,1080000,2450000,1,3
202601,6,,0.비상권,46860,16,0,0,0,1,0,7,32,03,7,1,없음,103,4,0,0,0,2,2,4,1,10,2,1,1,1,1,8,2,3,1,1,G,473,2,1,2,3,3,5,3,3,7400,1,1,0,3,3,5,3,3,7400,1,1,0,3,3,5,3,3,7400,1,1,0,2025,3,8,1350000,1790000,1,3
202601,6,,0.비상권,46860,16,0,0,0,1,0,7,32,03,7,1,없음,103,4,0,0,0,2,2,4,1,10,2,1,1,1,1,8,2,3,1,2,M,721,2,1,2,1,1,1,3,3,7200,1,2,0,1,1,1,3,3,7200,1,2,0,1,1,1,3,3,7200,1,2,0,0,1,1,1350000,1790000,1,3
202601,6,,0.비상권,46860,16,0,0,0,1,0,7,32,03,7,1,없음,103,4,0,0,0,2,2,4,1,10,2,1,1,1,1,8,2,3,1,1,F,424,2,1,2,3,3,5,3,3,7200,1,1,0,3,3,5,3,3,7200,1,1,0,3,3,5,3,3,7200,1,1,0,2025,3,10,1350000,1790000,1,3
202601,6,,0.비상권,46860,16,0,0,0,1,0,7,32,03,7,1,없음,103,4,0,0,0,2,2,4,1,10,2,1,1,1,1,8,2,3,2,2,M,721,1,1,1,1,1,1,2,2,3600,1,1,0,1,1,1,2,2,3600,1,1,0,1,1,1,2,2,3600,1,1,0,0,1,1,1350000,1790000,1,3
202601,6,,0.비상권,46860,22,0,0,0,1,0,4,32,04,8,1,없음,65,7,0,0,0,2,2,4,1,10,2,1,1,1,1,8,2,3,1,1,I,561,4,1,4,3,4,5,3,4,6800,1,2,0,3,4,5,3,4,6800,1,2,0,3,4,5,3,4,6800,1,2,0,2025,3,9,1140000,1210000,1,3
202601,6,,0.비상권,46860,22,0,0,0,1,0,4,32,04,8,1,없음,65,7,0,0,0,2,2,4,1,10,2,1,1,1,1,8,2,3,2,1,I,561,1,1,1,2,2,3,2,2,3700,1,1,0,2,2,3,2,2,3700,1,1,0,2,2,3,2,2,3700,1,1,0,2025,3,9,1140000,1210000,1,3
202601,6,,0.비상권,46860,22,0,0,0,1,0,8,31,04,8,1,없음,75,8,0,1,0,2,2,4,1,10,2,1,1,1,1,8,2,3,1,1,R,911,4,1,4,4,4,4,4,4,4300,1,2,0,4,4,4,4,4,4300,1,2,0,4,4,4,4,4,4300,1,2,0,2025,3,9,1240000,1770000,1,2
202601,6,,0.비상권,46860,14,0,0,0,1,0,6,31,04,4,1,없음,450,7,0,0,0,2,2,4,1,10,1,1,1,1,1,8,2,3,1,1,I,561,3,1,3,4,4,5,4,4,6200,1,1,0,4,4,5,4,4,6200,1,1,0,4,4,5,4,4,6200,1,1,0,2024,3,9,1080000,1550000,1,2
202601,6,,0.비상권,46860,14,0,0,0,1,0,6,31,04,4,1,없음,450,7,0,0,0,2,2,4,1,10,1,1,1,1,1,8,2,3,2,2,0,999,3,1,3,1,1,1,3,3,3200,1,1,0,1,1,1,3,3,3200,1,1,0,1,1,1,3,3,3200,1,1,0,0,1,1,1080000,1550000,1,2
202601,6,,0.비상권,46860,14,0,0,0,1,0,5,32,04,6,1,없음,100,6,0,0,0,2,1,3,1,10,1,1,1,1,1,8,2,3,1,1,I,561,3,1,3,3,3,4,3,3,5900,1,2,0,3,3,4,3,3,5900,1,2,0,3,3,4,3,3,5900,1,2,0,2025,2,9,700000,1320000,1,3
202601,6,,0.비상권,46860,14,0,0,0,1,0,8,21,03,6,1,없음,100,7,0,1,0,2,2,4,1,10,2,1,1,1,1,8,2,3,1,1,I,562,4,1,4,4,4,5,4,4,6400,1,2,0,4,4,5,4,4,6400,1,2,0,4,4,5,4,4,6400,1,2,0,2024,3,9,1840000,1840000,1,2
202601,6,,0.비상권,46860,14,0,0,0,1,0,8,21,03,6,1,없음,100,7,0,1,0,2,2,4,1,10,2,1,1,1,1,8,2,3,2,1,I,562,3,1,3,3,3,3,3,3,3400,1,2,0,3,3,3,3,3,3400,1,2,0,3,3,3,3,3,3400,1,2,0,2024,3,9,1840000,1840000,1,2
202601,6,,포항원도심,47111,14,0,0,0,1,0,7,32,04,2,1,없음,1,2,0,1,0,3,1,3,1,10,1,1,1,1,1,8,2,3,1,1,G,463,3,1,3,6,5,7,6,5,14800,1,1,0,6,5,7,6,5,14800,1,1,0,6,5,7,6,5,14800,1,1,0,2025,3,8,2280000,3980000,1,1
202601,6,,포항원도심,47111,14,0,0,0,1,0,2,32,04,1,1,없음,120,7,0,0,0,2,2,3,1,9,2,1,1,1,1,8,2,3,1,1,I,561,3,1,4,4,3,4,4,4,6100,1,1,0,4,3,4,4,4,6100,1,1,0,4,3,4,4,4,6100,1,1,0,2025,3,10,1140000,2640000,1,2
202601,6,,포항원도심,47111,22,0,0,0,1,0,2,21,04,1,1,없음,200,1,0,0,0,3,2,4,1,10,2,1,1,1,1,8,3,3,1,1,I,561,4,1,4,6,6,8,6,6,20400,1,4,0,6,6,8,6,6,20400,1,4,0,6,6,8,6,6,20400,1,4,0,2026,3,8,1760000,6710000,1,2
202601,6,,0.비상권,47111,14,0,0,0,1,0,8,32,04,3,1,없음,130,4,0,1,0,3,1,3,1,10,1,1,1,1,1,8,3,3,1,1,I,561,3,1,3,5,5,7,5,5,16500,1,1,0,5,5,7,5,5,16500,1,1,0,5,5,7,5,5,16500,1,1,0,2024,3,9,2420000,8350000,1,2
202601,6,,포항원도심,47111,14,0,0,0,1,0,2,11,03,1,1,없음,350,6,0,0,0,2,2,4,1,10,1,1,2,1,1,8,2,3,1,2,Q,869,2,1,2,1,1,1,3,3,7900,1,1,0,1,1,1,3,3,7900,1,1,0,1,1,1,3,3,7900,1,1,0,0,1,1,1640000,1680000,1,1
202601,6,,포항원도심,47111,14,0,0,0,1,0,2,11,03,1,1,없음,350,6,0,0,0,2,2,4,1,10,1,1,2,1,1,8,2,3,1,1,S,949,2,1,2,3,3,5,3,3,7500,1,1,0,3,3,5,3,3,7500,1,1,0,3,3,5,3,3,7500,1,1,0,2025,2,9,1640000,1680000,1,1
202601,6,,포항원도심,47111,14,0,0,0,1,0,2,11,03,1,1,없음,350,6,0,0,0,2,2,4,1,10,1,1,2,1,1,8,2,3,2,2,0,999,3,1,3,1,1,1,3,3,5600,1,1,0,1,1,1,3,3,5600,1,1,0,1,1,1,3,3,5600,1,1,0,0,1,1,1640000,1680000,1,1
202601,6,,포항원도심,47111,16,0,0,0,1,0,1,11,03,1,1,없음,10,1,0,0,0,2,2,4,1,10,2,1,1,1,1,8,2,3,1,1,S,961,2,1,2,4,3,6,3,3,8000,1,1,0,4,3,6,3,3,8000,1,1,0,4,3,6,3,3,8000,1,1,0,2026,3,10,1740000,1620000,1,2
202601,6,,포항원도심,47111,16,0,0,0,1,0,1,11,03,1,1,없음,10,1,0,0,0,2,2,4,1,10,2,1,1,1,1,8,2,3,1,1,S,961,2,1,2,3,3,5,3,3,7900,1,1,0,3,3,5,3,3,7900,1,1,0,3,3,5,3,3,7900,1,1,0,2025,3,10,1740000,1620000,1,2
202601,6,,포항원도심,47111,16,0,0,0,1,0,1,11,03,1,1,없음,10,1,0,0,0,2,2,4,1,10,2,1,1,1,1,8,2,3,2,2,0,999,3,1,3,1,1,1,4,3,5000,1,1,0,1,1,1,4,3,5000,1,1,0,1,1,1,4,3,5000,1,1,0,0,1,1,1740000,1620000,1,2
202601,6,,포항원도심,47111,16,0,0,0,1,0,1,11,03,1,1,없음,30,1,0,0,0,2,2,4,1,10,2,1,1,1,1,8,2,3,1,1,I,561,3,1,3,5,4,6,5,4,9400,1,1,0,5,4,6,5,4,9400,1,1,0,5,4,6,5,4,9400,1,1,0,2024,3,10,2150000,2280000,1,1
202601,6,,포항원도심,47111,16,0,0,0,1,0,1,11,03,1,1,없음,30,1,0,0,0,2,2,4,1,10,2,1,1,1,1,8,2,3,1,1,I,561,2,1,2,4,4,7,4,4,17300,1,1,0,4,4,7,4,4,17300,1,1,0,4,4,7,4,4,17300,1,1,0,2025,3,10,2150000,2280000,1,1
202601,6,,포항원도심,47111,16,0,0,0,1,0,1,11,03,1,1,없음,30,1,0,0,0,2,2,4,1,10,2,1,1,1,1,8,2,3,2,1,0,999,3,1,3,3,3,4,3,3,4200,1,1,0,3,3,4,3,3,4200,1,1,0,3,3,4,3,3,4200,1,1,0,2025,3,9,2150000,2280000,1,1
202601,6,,포항원도심,47111,22,0,0,0,1,0,4,32,04,5,1,없음,1,3,0,1,0,3,2,4,1,9,2,1,1,1,1,8,3,3,1,1,I,561,4,1,4,6,6,7,6,6,15600,1,1,0,6,6,7,6,6,15600,1,1,0,6,6,7,6,6,15600,1,1,0,2024,3,8,2360000,5210000,1,1
202601,6,,포항원도심,47111,14,0,0,0,1,0,4,21,04,6,2,없음,150,6,0,1,0,2,2,4,1,10,1,2,1,1,1,8,2,3,1,6,0,999,4,1,4,1,1,1,3,3,4100,1,1,1,1,1,1,3,3,4100,1,1,1,1,1,1,3,3,4100,1,1,1,0,1,1,1590000,1410000,1,1
202601,6,,포항원도심,47111,14,0,0,0,1,0,4,21,04,6,2,없음,150,6,0,1,0,2,2,4,1,10,1,2,1,1,1,8,2,3,2,2,0,999,3,1,3,1,1,1,3,3,2900,1,1,0,1,1,1,3,3,2900,1,1,0,1,1,1,3,3,2900,1,1,0,0,1,1,1590000,1410000,1,1
202601,6,,포항원도심,47111,14,0,0,0,1,0,2,11,03,1,1,없음,700,7,0,0,0,2,2,4,1,10,1,1,1,1,1,8,2,3,1,1,I,561,3,1,3,3,3,4,3,3,5800,1,1,0,3,3,4,3,3,5800,1,1,0,3,3,4,3,3,5800,1,1,0,2024,3,10,1150000,1030000,1,1
202601,6,,포항원도심,47111,14,0,0,0,1,0,2,11,03,1,1,없음,700,7,0,0,0,2,2,4,1,10,1,1,1,1,1,8,2,3,2,2,0,999,3,1,3,1,1,1,3,3,2900,1,1,0,1,1,1,3,3,2900,1,1,0,1,1,1,3,3,2900,1,1,0,0,1,1,1150000,1030000,1,1
202601,6,,포항중앙,47111,16,0,0,0,1,0,1,11,03,1,1,없음,200,4,0,0,0,2,2,4,1,10,2,2,1,1,1,8,2,3,1,1,I,561,3,1,4,4,4,5,4,4,6300,1,2,0,4,4,5,4,4,6300,1,2,0,4,4,5,4,4,6300,1,2,0,2025,3,9,1980000,1930000,1,1
202601,6,,포항중앙,47111,16,0,0,0,1,0,1,11,03,1,1,없음,200,4,0,0,0,2,2,4,1,10,2,2,1,1,1,8,2,3,2,6,0,999,3,1,4,1,1,1,3,3,2200,1,1,1,1,1,1,3,3,2200,1,1,1,1,1,1,3,3,2200,1,1,1,0,1,1,1980000,1930000,1,1
202601,6,,포항원도심,47111,14,0,0,0,1,0,1,21,04,5,1,없음,160,1,0,0,0,2,2,4,1,10,2,1,2,1,1,8,2,3,1,1,I,561,3,1,4,6,5,7,6,5,12700,1,1,0,6,5,7,6,5,12700,1,1,0,6,5,7,6,5,12700,1,1,0,2024,3,10,1890000,2280000,1,1
202601,6,,포항원도심,47111,14,0,0,0,1,0,1,21,04,5,1,없음,160,1,0,0,0,2,2,4,1,10,2,1,2,1,1,8,2,3,2,2,0,999,4,1,4,1,1,1,4,3,3500,1,1,0,1,1,1,4,3,3500,1,1,0,1,1,1,4,3,3500,1,1,0,0,1,1,1890000,2280000,1,1
202601,6,,포항원도심,47111,14,0,0,0,1,0,2,11,03,1,1,없음,50,5,0,0,0,2,2,4,1,10,1,1,2,1,1,8,2,3,1,2,I,561,2,1,2,1,1,1,3,3,6500,1,1,0,1,1,1,3,3,6500,1,1,0,1,1,1,3,3,6500,1,1,0,0,1,1,1760000,1740000,1,1
202601,6,,포항원도심,47111,14,0,0,0,1,0,2,11,03,1,1,없음,50,5,0,0,0,2,2,4,1,10,1,1,2,1,1,8,2,3,1,1,L,682,2,1,2,3,3,5,3,3,6000,1,1,0,3,3,5,3,3,6000,1,1,0,3,3,5,3,3,6000,1,1,0,2024,3,8,1760000,1740000,1,1
202601,6,,포항원도심,47111,14,0,0,0,1,0,2,11,03,1,1,없음,50,5,0,0,0,2,2,4,1,10,1,1,2,1,1,8,2,3,2,2,0,999,3,1,3,1,1,1,3,3,2900,1,1,0,1,1,1,3,3,2900,1,1,0,1,1,1,3,3,2900,1,1,0,0,1,1,1760000,1740000,1,1
202601,6,,포항원도심,47111,14,0,0,0,1,0,2,11,03,6,1,없음,140,7,0,0,0,2,2,4,1,10,1,1,1,1,1,8,2,2,1,1,S,961,2,1,2,3,3,5,3,3,6600,1,1,0,3,3,5,3,3,6600,1,1,0,3,3,5,3,3,6600,1,1,0,2025,4,8,1160000,1190000,1,1
202601,6,,포항원도심,47111,14,0,0,0,1,0,2,11,03,6,1,없음,140,7,0,0,0,2,2,4,1,10,1,1,1,1,1,8,2,2,1,1,F,424,2,1,2,3,3,5,3,3,6400,1,1,0,3,3,5,3,3,6400,1,1,0,3,3,5,3,3,6400,1,1,0,2023,5,3,1160000,1190000,1,1
202601,6,,포항원도심,47111,14,0,0,0,1,0,2,11,03,6,1,없음,140,7,0,0,0,2,2,4,1,10,1,1,1,1,1,8,2,2,2,2,0,999,2,1,3,1,1,1,3,3,3200,1,1,0,1,1,1,3,3,3200,1,1,0,1,1,1,3,3,3200,1,1,0,0,1,1,1160000,1190000,1,1
202601,6,,포항원도심,47111,22,0,0,0,1,0,1,11,04,6,1,없음,110,5,0,0,0,2,2,4,1,10,2,1,1,1,1,8,2,3,1,1,I,561,2,1,2,3,3,5,3,3,6500,1,1,0,3,3,5,3,3,6500,1,1,0,3,3,5,3,3,6500,1,1,0,2026,3,10,1660000,1950000,1,1
202601,6,,포항원도심,47111,22,0,0,0,1,0,1,11,04,6,1,없음,110,5,0,0,0,2,2,4,1,10,2,1,1,1,1,8,2,3,1,1,G,478,2,1,2,3,3,6,3,3,6600,1,1,0,3,3,6,3,3,6600,1,1,0,3,3,6,3,3,6600,1,1,0,2022,5,9,1660000,1950000,1,1
202601,6,,포항원도심,47111,22,0,0,0,1,0,1,11,04,6,1,없음,110,5,0,0,0,2,2,4,1,10,2,1,1,1,1,8,2,3,1,1,I,561,2,1,2,3,3,5,3,3,6600,1,1,0,3,3,5,3,3,6600,1,1,0,3,3,5,3,3,6600,1,1,0,2025,3,8,1660000,1950000,1,1
202601,6,,포항원도심,47111,22,0,0,0,1,0,1,11,04,6,1,없음,110,5,0,0,0,2,2,4,1,10,2,1,1,1,1,8,2,3,2,2,0,999,3,1,3,1,1,1,3,3,4100,1,1,0,1,1,1,3,3,4100,1,1,0,1,1,1,3,3,4100,1,1,0,0,1,1,1660000,1950000,1,1
202601,6,,포항원도심,47111,14,0,0,0,1,0,3,11,03,6,2,없음,200,7,0,0,0,2,2,4,1,10,2,1,2,1,1,8,2,3,1,1,G,472,2,1,3,3,3,3,4,3,4100,1,1,0,3,3,3,4,3,4100,1,1,0,3,3,3,4,3,4100,1,1,0,2024,4,7,1500000,1300000,1,1
202601,6,,포항원도심,47111,14,0,0,0,1,0,3,11,03,6,2,없음,200,7,0,0,0,2,2,4,1,10,2,1,2,1,1,8,2,3,1,1,S,969,2,1,2,3,3,3,4,3,4100,1,1,0,3,3,3,4,3,4100,1,1,0,3,3,3,4,3,4100,1,1,0,2023,4,8,1500000,1300000,1,1
202601,6,,포항원도심,47111,14,0,0,0,1,0,3,11,03,6,2,없음,200,7,0,0,0,2,2,4,1,10,2,1,2,1,1,8,2,3,2,2,0,999,3,1,4,1,1,1,4,3,3500,1,1,0,1,1,1,4,3,3500,1,1,0,1,1,1,4,3,3500,1,1,0,0,1,1,1500000,1300000,1,1
202601,6,,포항원도심,47111,22,16,120,0,1,0,5,32,04,2,1,없음,10,1,0,1,0,4,1,3,1,10,1,1,1,1,1,8,4,3,1,1,S,952,3,1,3,6,5,8,6,5,20900,1,1,0,6,5,8,6,5,20900,1,1,0,6,5,8,6,5,20900,1,1,0,2021,5,9,1700000,11840000,1,2
202601,6,,0.비상권,47111,14,0,0,0,1,0,7,32,04,5,1,없음,70,5,0,0,0,3,2,4,1,10,2,1,1,1,1,8,3,3,1,1,I,561,4,1,4,4,5,7,5,5,8500,1,1,0,4,5,7,5,5,8500,1,1,0,4,5,7,5,5,8500,1,1,0,2026,4,9,1520000,3760000,1,1
202601,6,,0.비상권,47111,22,14,120,0,1,0,6,32,03,1,1,없음,50,1,0,1,0,3,2,4,1,10,2,1,1,1,1,8,3,3,1,1,G,478,4,1,4,6,6,7,6,6,19600,1,1,0,6,6,7,6,6,19600,1,1,0,6,6,7,6,6,19600,1,1,0,2025,3,10,2070000,4050000,1,2
202601,6,,포항중앙,47111,22,0,120,0,1,0,1,21,03,1,1,없음,40,1,0,0,0,1,2,4,1,9,1,1,1,1,1,8,1,3,1,1,I,561,2,1,2,3,3,4,3,3,6600,1,1,0,3,3,4,3,3,6600,1,1,0,3,3,4,3,3,6600,1,1,0,2025,3,10,2350000,1540000,1,1
202601,6,,포항중앙,47111,22,0,120,0,1,0,1,21,03,1,1,없음,40,1,0,0,0,1,2,4,1,9,1,1,1,1,1,8,1,3,2,2,0,999,2,1,2,1,1,1,3,3,5000,1,1,0,1,1,1,3,3,5000,1,1,0,1,1,1,3,3,5000,1,1,0,0,1,1,2350000,1540000,1,1
202601,6,,포항효자동,47111,14,0,0,0,1,0,2,11,04,6,2,없음,40,4,0,0,0,2,2,4,1,10,1,1,1,1,1,8,2,2,1,1,S,949,3,1,3,3,4,5,3,4,6200,1,1,0,3,4,5,3,4,6200,1,1,0,3,4,5,3,4,6200,1,1,0,2024,3,9,1640000,1530000,1,1
202601,6,,포항효자동,47111,14,0,0,0,1,0,2,11,04,6,2,없음,40,4,0,0,0,2,2,4,1,10,1,1,1,1,1,8,2,2,2,2,0,999,3,1,3,1,1,1,3,3,4700,1,1,0,1,1,1,3,3,4700,1,1,0,1,1,1,3,3,4700,1,1,0,0,1,1,1640000,1530000,1,1
202601,6,,포항효자동,47111,13,0,0,0,1,0,4,32,03,5,1,없음,395,8,0,0,0,1,1,1,1,10,1,1,1,1,1,8,1,3,1,1,I,561,1,1,1,4,3,8,4,3,28600,1,1,0,4,3,8,4,3,28600,1,1,0,4,3,8,4,3,28600,1,1,0,2025,3,10,1780000,3680000,1,3
202601,6,,포항효자동,47111,14,0,0,0,1,0,7,21,04,6,2,없음,163,6,0,1,0,2,2,4,1,10,2,1,1,1,1,8,2,3,1,1,I,561,4,1,4,4,4,6,4,4,8600,1,1,0,4,4,6,4,4,8600,1,1,0,4,4,6,4,4,8600,1,1,0,2026,3,10,3380000,3080000,1,1
202601,6,,포항효자동,47111,14,0,0,0,1,0,7,21,04,6,2,없음,163,6,0,1,0,2,2,4,1,10,2,1,1,1,1,8,2,3,2,1,0,999,3,1,3,5,4,6,5,4,8000,1,1,0,5,4,6,5,4,8000,1,1,0,5,4,6,5,4,8000,1,1,0,2025,3,10,3380000,3080000,1,1
202601,6,,포항효자동,47111,14,0,0,0,1,0,7,32,03,6,1,없음,280,5,0,1,0,3,2,4,1,10,2,1,1,1,1,8,3,2,1,1,S,961,1,1,1,4,3,8,4,3,26200,1,1,0,4,3,8,4,3,26200,1,1,0,4,3,8,4,3,26200,1,1,0,2026,3,9,3510000,5940000,1,2
202601,6,,포항효자동,47111,14,0,0,0,1,0,7,32,03,6,1,없음,280,5,0,1,0,3,2,4,1,10,2,1,1,1,1,8,3,2,1,1,I,562,2,1,2,5,5,8,5,5,24800,1,1,0,5,5,8,5,5,24800,1,1,0,5,5,8,5,5,24800,1,1,0,2024,3,10,3510000,5940000,1,2
202601,6,,포항효자동,47111,14,0,0,0,1,0,7,32,03,6,1,없음,280,5,0,1,0,3,2,4,1,10,2,1,1,1,1,8,3,2,1,1,J,612,2,1,2,5,5,8,5,5,26700,1,1,0,5,5,8,5,5,26700,1,1,0,5,5,8,5,5,26700,1,1,0,2025,3,10,3510000,5940000,1,2
202601,6,,포항효자동,47111,14,0,0,0,1,0,7,32,03,6,1,없음,280,5,0,1,0,3,2,4,1,10,2,1,1,1,1,8,3,2,1,1,G,472,2,1,2,5,5,8,5,5,24700,1,1,0,5,5,8,5,5,24700,1,1,0,5,5,8,5,5,24700,1,1,0,2025,3,10,3510000,5940000,1,2
202601,6,,포항효자동,47111,14,0,0,0,1,0,7,32,03,6,1,없음,280,5,0,1,0,3,2,4,1,10,2,1,1,1,1,8,3,2,1,1,I,562,2,1,2,6,4,7,6,4,18000,1,1,0,6,4,7,6,4,18000,1,1,0,6,4,7,6,4,18000,1,1,0,2024,3,9,3510000,5940000,1,2
202601,6,,포항효자동,47111,14,0,0,0,1,0,7,32,03,6,1,없음,280,5,0,1,0,3,2,4,1,10,2,1,1,1,1,8,3,2,1,1,G,472,2,1,2,5,5,8,5,5,24800,1,1,0,5,5,8,5,5,24800,1,1,0,5,5,8,5,5,24800,1,1,0,2025,3,8,3510000,5940000,1,2
202601,6,,포항효자동,47111,14,0,0,0,1,0,7,32,04,6,1,없음,220,6,0,0,0,2,1,3,1,10,1,1,1,1,1,8,2,3,1,1,I,561,3,1,3,5,5,7,5,5,13800,1,1,0,5,5,7,5,5,13800,1,1,0,5,5,7,5,5,13800,1,1,0,2024,3,10,2480000,4160000,1,1
202601,6,,포항효자동,47111,14,0,0,0,1,0,7,32,03,6,1,없음,250,4,0,0,0,2,2,4,1,10,2,1,1,1,1,8,2,3,1,1,S,961,2,1,2,5,4,7,5,4,19200,1,1,0,5,4,7,5,4,19200,1,1,0,5,4,7,5,4,19200,1,1,0,2025,3,8,3200000,5360000,1,1
202601,6,,포항효자동,47111,14,0,0,0,1,0,7,32,03,6,1,없음,250,4,0,0,0,2,2,4,1,10,2,1,1,1,1,8,2,3,1,1,L,682,2,1,2,5,4,7,5,4,18000,1,1,0,5,4,7,5,4,18000,1,1,0,5,4,7,5,4,18000,1,1,0,2024,3,9,3200000,5360000,1,1
202601,6,,포항효자동,47111,14,0,0,0,1,0,7,32,03,6,1,없음,250,4,0,0,0,2,2,4,1,10,2,1,1,1,1,8,2,3,1,1,I,561,2,1,2,5,4,7,5,4,18000,1,1,0,5,4,7,5,4,18000,1,1,0,5,4,7,5,4,18000,1,1,0,2025,3,10,3200000,5360000,1,1
202601,6,,포항효자동,47111,14,0,0,0,1,0,7,32,04,5,1,없음,337,4,0,0,0,2,1,3,1,10,1,1,1,1,1,8,2,3,1,1,I,561,3,1,3,5,5,7,5,5,14500,1,1,0,5,5,7,5,5,14500,1,1,0,5,5,7,5,5,14500,1,1,0,2024,4,10,3400000,7950000,1,1
202601,6,,포항효자동,47111,14,0,0,0,1,0,6,32,04,6,1,없음,367,5,0,0,0,2,2,4,1,10,2,1,1,1,1,8,2,3,1,1,G,472,4,1,4,6,5,7,6,5,14600,1,1,0,6,5,7,6,5,14600,1,1,0,6,5,7,6,5,14600,1,1,0,2024,5,9,3580000,6030000,1,1
202601,6,,포항효자동,47111,14,0,0,0,1,0,7,32,03,6,1,없음,200,4,0,0,0,2,1,3,1,10,1,1,1,1,1,8,2,3,1,1,S,961,2,1,2,5,4,8,5,4,25700,1,1,0,5,4,8,5,4,25700,1,1,0,5,4,8,5,4,25700,1,1,0,2024,3,9,3220000,5430000,1,3
202601,6,,포항효자동,47111,14,0,0,0,1,0,7,32,03,6,1,없음,200,4,0,0,0,2,1,3,1,10,1,1,1,1,1,8,2,3,1,1,S,961,2,1,2,5,4,8,5,4,25500,1,1,0,5,4,8,5,4,25500,1,1,0,5,4,8,5,4,25500,1,1,0,2025,3,10,3220000,5430000,1,3
202601,6,,포항효자동,47111,14,0,0,0,1,0,7,31,04,6,1,없음,386,5,0,0,0,2,2,4,1,10,2,1,1,1,1,8,2,3,1,1,I,561,4,1,4,6,6,7,6,6,15000,1,1,0,6,6,7,6,6,15000,1,1,0,6,6,7,6,6,15000,1,1,0,2025,4,10,3670000,6150000,1,1
202601,6,,포항효자동,47111,14,0,0,0,1,0,7,32,04,3,1,없음,350,5,0,0,0,3,2,4,1,10,2,1,1,1,1,8,3,3,1,1,I,561,4,1,4,5,6,8,5,6,22300,1,1,0,5,6,8,5,6,22300,1,1,0,5,6,8,5,6,22300,1,1,0,2023,5,10,2850000,10380000,1,2
202601,6,,0.비상권,47111,16,0,0,0,1,0,5,32,04,6,1,없음,100,6,0,0,0,3,2,4,1,10,2,1,1,1,1,8,3,3,1,1,I,561,4,1,4,6,5,6,6,5,8300,1,1,0,6,5,6,6,5,8300,1,1,0,6,5,6,6,5,8300,1,1,0,2024,3,9,2460000,4110000,1,1
202601,6,,0.비상권,47111,13,0,0,0,1,0,7,32,04,6,1,없음,150,6,0,0,0,2,2,4,1,10,2,1,1,1,1,8,2,3,1,1,I,561,4,1,4,5,5,6,5,5,9100,1,1,0,5,5,6,5,5,9100,1,1,0,5,5,6,5,5,9100,1,1,0,2026,4,10,2120000,3600000,1,1
202601,6,,0.비상권,47111,13,0,200,0,1,0,6,32,04,4,1,없음,100,2,0,1,0,4,2,4,1,10,2,1,1,1,1,8,4,3,1,1,I,561,4,1,4,6,6,6,6,6,9600,1,1,0,6,6,6,6,6,9600,1,1,0,6,6,6,6,6,9600,1,1,0,2026,3,9,2050000,6120000,1,1
202601,6,,0.비상권,47111,15,0,0,0,1,0,8,32,03,5,1,없음,50,6,0,0,0,3,2,4,1,10,1,2,1,1,1,8,3,3,1,6,0,999,4,1,4,1,1,1,6,6,17800,1,1,1,1,1,1,6,6,17800,1,1,1,1,1,1,6,6,17800,1,1,1,0,1,1,2480000,4950000,1,2
202601,6,,0.비상권,47111,15,0,0,0,1,0,8,32,03,5,1,없음,50,6,0,0,0,3,2,4,1,10,1,2,1,1,1,8,3,3,1,6,0,999,1,1,1,1,1,1,4,3,17600,1,1,1,1,1,1,4,3,17600,1,1,1,1,1,1,4,3,17600,1,1,1,0,1,1,2480000,4950000,1,2
202601,6,,0.비상권,47111,14,0,200,0,1,0,8,32,04,6,1,없음,140,4,0,0,0,2,2,4,1,10,2,1,1,1,1,8,2,3,1,1,I,561,4,1,4,5,4,6,5,4,8300,1,1,0,5,4,6,5,4,8300,1,1,0,5,4,6,5,4,8300,1,1,0,2024,3,10,1710000,2870000,1,1
202601,6,,0.비상권,47111,13,0,200,0,1,0,7,32,04,6,1,없음,40,2,0,1,0,3,2,4,1,10,2,1,1,1,1,8,3,3,1,1,G,478,4,1,4,6,5,7,6,6,11600,1,1,0,6,5,7,6,6,11600,1,1,0,6,5,7,6,6,11600,1,1,0,2025,5,9,1970000,3300000,1,1
202601,6,,0.비상권,47111,13,0,0,0,1,0,6,32,04,3,1,없음,50,3,0,1,0,4,2,4,1,10,2,1,1,1,1,8,4,3,1,1,I,561,4,1,4,5,5,5,5,5,6100,1,1,0,5,5,5,5,5,6100,1,1,0,5,5,5,5,5,6100,1,1,0,2024,3,10,1480000,5100000,1,1
202601,6,,0.비상권,47111,16,0,0,0,1,0,9,21,03,6,1,없음,190,5,0,0,0,2,1,3,1,10,1,1,1,1,1,8,2,3,1,1,I,562,2,1,2,3,4,7,3,4,14900,1,1,0,3,4,7,3,4,14900,1,1,0,3,4,7,3,4,14900,1,1,0,2026,3,10,2490000,4180000,1,3
202601,6,,0.비상권,47111,16,0,0,0,1,0,9,21,03,6,1,없음,190,5,0,0,0,2,1,3,1,10,1,1,1,1,1,8,2,3,1,2,0,999,2,1,2,1,1,1,5,4,15300,1,1,0,1,1,1,5,4,15300,1,1,0,1,1,1,5,4,15300,1,1,0,0,1,1,2490000,4180000,1,3
202601,6,,0.비상권,47111,64,0,0,0,1,0,3,11,04,6,1,없음,50,6,0,0,0,1,1,2,1,9,1,1,1,1,1,8,1,2,1,1,I,561,1,1,2,3,3,6,3,3,8300,1,1,0,3,3,6,3,3,8300,1,1,0,3,3,6,3,3,8300,1,1,0,2024,3,10,1040000,1050000,1,1
202601,6,,0.비상권,47111,64,0,0,0,1,0,3,11,04,6,1,없음,50,6,0,0,0,1,1,2,1,9,1,1,1,1,1,8,1,2,2,2,0,999,1,1,2,1,1,1,2,2,3200,1,1,0,1,1,1,2,2,3200,1,1,0,1,1,1,2,2,3200,1,1,0,0,1,1,1040000,1050000,1,1
202601,6,,포항중앙,47113,22,0,0,0,1,0,1,51,03,7,1,없음,150,10,0,0,0,2,1,3,1,10,1,1,1,1,1,8,2,3,1,1,G,472,3,1,3,5,4,6,6,5,12500,1,1,0,5,4,6,6,5,12500,1,1,0,5,4,6,6,5,12500,1,1,0,2025,3,10,3150000,4650000,1,1
202601,6,,포항중앙,47113,22,0,0,0,1,0,1,12,03,10,1,없음,200,8,0,0,0,1,1,2,1,10,1,1,1,1,1,8,1,2,1,1,S,961,2,1,2,4,4,7,4,4,19100,1,1,0,4,4,7,4,4,19100,1,1,0,4,4,7,4,4,19100,1,1,0,2024,3,9,6580000,7950000,1,1
202601,6,,포항중앙,47113,22,0,0,0,1,0,1,21,04,1,1,없음,100,8,0,0,0,2,2,4,1,10,2,1,1,1,1,8,2,3,1,1,I,561,4,1,4,5,5,5,5,5,8900,1,1,0,5,5,5,5,5,8900,1,1,0,5,5,5,5,5,8900,1,1,0,2024,4,10,6120000,7470000,1,1
202601,6,,포항중앙,47113,22,0,0,0,1,0,1,11,03,9,2,없음,100,5,0,0,0,1,2,4,1,10,1,2,1,1,1,8,1,3,1,6,0,999,2,1,2,1,1,1,5,5,21500,1,1,1,1,1,1,5,5,21500,1,1,1,1,1,1,5,5,21500,1,1,1,0,1,1,8580000,4270000,1,1
202601,6,,포항중앙,47113,22,0,0,0,1,0,1,11,03,9,2,없음,100,5,0,0,0,1,2,4,1,10,1,2,1,1,1,8,1,3,2,6,0,999,2,1,2,1,1,1,4,4,14600,1,1,1,1,1,1,4,4,14600,1,1,1,1,1,1,4,4,14600,1,1,1,0,1,1,8580000,4270000,1,1
202601,6,,포항중앙,47113,22,0,0,0,1,0,1,21,03,8,2,없음,120,6,0,0,0,1,1,2,1,10,1,1,1,1,1,8,1,2,1,6,0,999,1,1,1,1,1,1,4,3,27900,1,1,1,1,1,1,4,3,27900,1,1,1,1,1,1,4,3,27900,1,1,1,0,1,1,2730000,1940000,1,1
202601,6,,포항중앙,47113,22,0,0,0,1,0,1,21,03,8,2,없음,120,6,0,0,0,1,1,2,1,10,1,1,1,1,1,8,1,2,1,6,0,999,1,1,1,1,1,1,4,3,21000,1,1,1,1,1,1,4,3,21000,1,1,1,1,1,1,4,3,21000,1,1,1,0,1,1,2730000,1940000,1,1
202601,6,,포항중앙,47113,22,0,0,0,1,0,1,21,03,8,2,없음,120,6,0,0,0,1,1,2,1,10,1,1,1,1,1,8,1,2,2,6,0,999,1,1,1,1,1,1,3,3,9700,1,1,1,1,1,1,3,3,9700,1,1,1,1,1,1,3,3,9700,1,1,1,0,1,1,2730000,1940000,1,1
202601,6,,포항중앙,47113,22,0,0,0,1,0,1,11,03,7,1,없음,200,4,0,0,0,1,1,2,1,10,1,1,1,1,1,8,1,3,1,1,L,682,2,1,2,5,4,8,5,4,24700,1,1,0,5,4,8,5,4,24700,1,1,0,5,4,8,5,4,24700,1,1,0,2025,3,10,4130000,6260000,1,1
202601,6,,포항중앙,47113,22,0,0,0,1,0,3,21,03,9,2,없음,44,5,0,0,0,1,2,4,1,9,2,1,1,1,1,8,1,3,1,1,G,474,2,1,3,3,3,4,3,3,5700,1,1,0,3,3,4,3,3,5700,1,1,0,3,3,4,3,3,5700,1,1,0,2026,3,8,2280000,1270000,1,1
202601,6,,포항중앙,47113,22,0,0,0,1,0,3,21,03,9,2,없음,44,5,0,0,0,1,2,4,1,9,2,1,1,1,1,8,1,3,2,1,S,969,2,1,3,3,3,3,3,3,3700,1,1,0,3,3,3,3,3,3700,1,1,0,3,3,3,3,3,3700,1,1,0,2025,3,9,2280000,1270000,1,1
202601,6,,포항중앙,47113,22,0,0,0,1,0,1,51,04,1,1,없음,60,8,0,0,0,1,1,1,1,10,1,1,1,1,1,8,1,3,1,1,S,969,1,1,1,3,3,7,3,3,11900,1,1,0,3,3,7,3,3,11900,1,1,0,3,3,7,3,3,11900,1,1,0,2025,3,8,1980000,2320000,1,1
202601,6,,포항중앙,47113,22,0,0,0,1,0,1,51,04,1,1,없음,60,8,0,0,0,1,1,1,1,10,1,1,1,1,1,8,1,3,1,1,L,682,1,1,1,3,3,7,3,3,10100,1,1,0,3,3,7,3,3,10100,1,1,0,3,3,7,3,3,10100,1,1,0,2025,3,9,1980000,2320000,1,1
202601,6,,포항중앙,47113,22,0,0,0,1,0,1,51,03,1,1,없음,100,4,0,0,0,1,1,2,1,9,1,1,1,1,1,8,1,3,1,1,S,961,2,1,2,6,5,8,6,5,21200,1,1,0,6,5,8,6,5,21200,1,1,0,6,5,8,6,5,21200,1,1,0,2025,3,9,3540000,4580000,1,1
202601,6,,포항중앙,47113,22,0,0,0,1,0,1,51,03,1,1,없음,100,4,0,0,0,1,1,2,1,9,1,1,1,1,1,8,1,3,2,1,S,961,1,1,1,3,3,7,3,3,15100,1,1,0,3,3,7,3,3,15100,1,1,0,3,3,7,3,3,15100,1,1,0,2025,3,9,3540000,4580000,1,1
202601,6,,포항중앙,47113,22,0,0,0,1,0,1,51,03,1,1,없음,100,4,0,0,0,1,1,2,1,9,1,1,1,1,1,8,1,3,1,1,G,474,2,1,2,5,3,7,5,4,20100,1,1,0,5,3,7,5,4,20100,1,1,0,5,3,7,5,4,20100,1,1,0,2025,3,9,3810000,2810000,1,1
202601,6,,포항중앙,47113,22,0,0,0,1,0,1,51,03,1,1,없음,100,4,0,0,0,1,1,2,1,9,1,1,1,1,1,8,1,3,2,1,G,474,1,1,1,2,2,3,2,2,6600,1,1,0,2,2,3,2,2,6600,1,1,0,2,2,3,2,2,6600,1,1,0,2025,3,9,3810000,2810000,1,1
202601,6,,포항중앙,47113,22,0,0,0,1,0,1,51,03,6,2,없음,100,4,0,0,0,1,1,1,1,10,1,1,1,1,1,8,1,3,1,1,G,478,1,1,1,4,3,8,4,3,21100,1,1,0,4,3,8,4,3,21100,1,1,0,4,3,8,4,3,21100,1,1,0,2025,3,8,3770000,3590000,1,1
202601,6,,포항중앙,47113,22,0,0,0,1,0,1,51,03,6,2,없음,100,4,0,0,0,1,1,1,1,10,1,1,1,1,1,8,1,3,2,1,G,478,1,1,1,2,3,7,2,3,13000,1,1,0,2,3,7,2,3,13000,1,1,0,2,3,7,2,3,13000,1,1,0,2025,3,8,3770000,3590000,1,1
202601,6,,포항중앙,47113,22,0,0,0,1,0,3,21,03,8,2,없음,120,8,0,0,0,2,2,4,1,9,2,1,1,1,1,8,2,3,1,1,I,561,2,1,3,5,4,7,5,4,12400,1,1,0,5,4,7,5,4,12400,1,1,0,5,4,7,5,4,12400,1,1,0,2024,3,8,2400000,1730000,1,1
202601,6,,포항중앙,47113,22,0,0,0,1,0,3,21,03,8,2,없음,120,8,0,0,0,2,2,4,1,9,2,1,1,1,1,8,2,3,2,1,S,961,2,1,3,4,3,5,4,3,6200,1,1,0,4,3,5,4,3,6200,1,1,0,4,3,5,4,3,6200,1,1,0,2024,3,9,2400000,1730000,1,1
202601,6,,포항중앙,47113,22,0,0,0,1,0,4,21,03,8,2,없음,230,6,0,0,0,1,2,4,1,9,1,1,1,1,1,8,1,3,1,1,G,466,3,1,3,4,3,5,4,3,7400,1,1,0,4,3,5,4,3,7400,1,1,0,4,3,5,4,3,7400,1,1,0,2025,3,7,2120000,1360000,1,1
202601,6,,포항중앙,47113,22,0,0,0,1,0,4,21,03,8,2,없음,230,6,0,0,0,1,2,4,1,9,1,1,1,1,1,8,1,3,2,2,0,999,2,1,3,1,1,1,3,3,3000,1,1,0,1,1,1,3,3,3000,1,1,0,1,1,1,3,3,3000,1,1,0,0,1,1,2120000,1360000,1,1
202601,6,,포항중앙,47113,22,0,0,0,1,0,6,32,04,8,1,없음,75,9,0,0,0,2,2,4,1,10,2,1,1,1,1,8,2,3,1,1,I,562,4,1,4,4,4,5,4,4,6700,1,1,0,4,4,5,4,4,6700,1,1,0,4,4,5,4,4,6700,1,1,0,2024,3,10,2120000,3020000,1,1
202601,6,,포항중앙,47113,22,0,0,0,1,0,1,21,03,1,1,없음,120,6,0,0,0,1,2,4,1,10,1,2,1,1,1,8,1,3,1,6,0,999,2,1,3,1,1,1,4,4,9000,1,1,1,1,1,1,4,4,9000,1,1,1,1,1,1,4,4,9000,1,1,1,0,1,1,1630000,1010000,1,1
202601,6,,포항중앙,47113,22,0,0,0,1,0,1,21,03,1,1,없음,120,6,0,0,0,1,2,4,1,10,1,2,1,1,1,8,1,3,2,6,0,999,2,1,3,1,1,1,3,3,3200,1,1,1,1,1,1,3,3,3200,1,1,1,1,1,1,3,3,3200,1,1,1,0,1,1,1630000,1010000,1,1
202601,6,,포항중앙,47113,22,0,0,0,1,0,1,51,03,8,2,없음,50,2,0,0,0,1,1,1,1,10,1,1,1,1,1,8,1,3,1,1,I,561,1,1,1,4,3,9,4,3,36500,1,1,0,4,3,9,4,3,36500,1,1,0,4,3,9,4,3,36500,1,1,0,2025,3,9,4710000,3050000,1,2
202601,6,,포항중앙,47113,22,0,0,0,1,0,1,51,03,8,2,없음,50,2,0,0,0,1,1,1,1,10,1,1,1,1,1,8,1,3,2,1,I,561,1,1,1,2,2,3,2,2,3800,1,1,0,2,2,3,2,2,3800,1,1,0,2,2,3,2,2,3800,1,1,0,2025,3,9,4710000,3050000,1,2
202601,6,,포항중앙,47113,22,0,0,0,1,0,1,21,04,7,1,없음,40,6,0,0,0,2,2,4,1,10,2,1,1,1,1,8,2,3,1,1,G,472,4,1,4,5,5,5,5,5,7300,1,1,0,5,5,5,5,5,7300,1,1,0,5,5,5,5,5,7300,1,1,0,2025,3,8,1370000,1480000,1,1
202601,6,,포항중앙,47113,22,0,0,0,1,0,1,21,04,7,1,없음,40,6,0,0,0,2,2,4,1,10,2,1,1,1,1,8,2,3,2,6,0,999,3,1,3,1,1,1,4,3,5000,1,1,1,1,1,1,4,3,5000,1,1,1,1,1,1,4,3,5000,1,1,1,0,1,1,1370000,1480000,1,1
202601,6,,포항중앙,47113,22,0,0,0,1,0,1,51,03,6,1,없음,70,1,0,0,0,1,1,1,1,10,1,1,1,1,1,8,1,3,1,1,S,961,1,1,1,3,3,7,3,3,10600,1,1,0,3,3,7,3,3,10600,1,1,0,3,3,7,3,3,10600,1,1,0,2025,3,10,1860000,3250000,1,1
202601,6,,0.비상권,47113,14,0,0,0,1,0,5,32,04,6,1,없음,30,5,0,0,0,2,1,2,1,10,1,1,1,1,1,8,2,3,1,1,G,453,2,1,2,4,4,7,4,4,10100,1,1,0,4,4,7,4,4,10100,1,1,0,4,4,7,4,4,10100,1,1,0,2026,3,10,1490000,2800000,1,1
202601,6,,영일대해수욕장,47113,15,0,0,0,1,0,6,32,04,5,1,없음,125,4,0,0,0,1,1,2,1,10,1,1,1,1,1,8,1,3,1,1,C,339,2,1,2,4,3,7,4,3,12600,1,1,0,4,3,7,4,3,12600,1,1,0,4,3,7,4,3,12600,1,1,0,2024,3,10,1480000,3010000,1,1
202601,6,,영일대해수욕장,47113,15,0,0,0,1,0,5,31,04,6,2,없음,131,4,0,0,0,1,1,3,1,9,1,1,1,1,1,8,1,3,1,1,P,856,1,1,1,3,3,6,3,3,13000,1,1,0,3,3,6,3,3,13000,1,1,0,3,3,6,3,3,13000,1,1,0,2024,3,7,2040000,1710000,1,1
202601,6,,영일대해수욕장,47113,15,0,0,0,1,0,5,31,04,6,2,없음,131,4,0,0,0,1,1,3,1,9,1,1,1,1,1,8,1,3,1,1,L,682,1,1,1,3,3,7,3,3,13200,1,1,0,3,3,7,3,3,13200,1,1,0,3,3,7,3,3,13200,1,1,0,2025,3,9,2040000,1710000,1,1
202601,6,,영일대해수욕장,47113,15,0,0,0,1,0,5,31,04,6,2,없음,131,4,0,0,0,1,1,3,1,9,1,1,1,1,1,8,1,3,2,1,P,856,2,1,2,3,3,5,3,3,6100,1,1,0,3,3,5,3,3,6100,1,1,0,3,3,5,3,3,6100,1,1,0,2024,3,8,2040000,1710000,1,1
202601,6,,영일대해수욕장,47113,22,0,120,0,1,0,7,31,03,8,2,없음,100,3,0,0,0,2,2,4,1,9,2,1,1,1,1,8,2,3,1,1,G,467,3,1,3,7,5,8,7,6,30100,1,1,0,7,5,8,7,6,30100,1,1,0,7,5,8,7,6,30100,1,1,0,2025,4,8,7440000,5200000,1,1
202601,6,,영일대해수욕장,47113,22,0,120,0,1,0,7,31,03,8,2,없음,100,3,0,0,0,2,2,4,1,9,2,1,1,1,1,8,2,3,2,1,G,467,3,1,3,6,4,7,6,5,16600,1,1,0,6,4,7,6,5,16600,1,1,0,6,4,7,6,5,16600,1,1,0,2023,4,8,7440000,5200000,1,1
202601,6,,영일대해수욕장,47113,22,0,120,0,1,0,3,10,04,5,1,없음,190,1,0,1,0,3,2,4,2,9,2,1,1,1,1,8,3,3,1,1,I,562,4,1,4,7,6,8,7,6,29900,1,1,0,7,6,8,7,6,29900,1,1,0,7,6,8,7,6,29900,1,1,0,2025,3,10,5970000,8810000,1,1
202601,6,,영일대해수욕장,47113,22,0,120,0,1,0,3,10,04,5,1,없음,190,1,0,1,0,3,2,4,2,9,2,1,1,1,1,8,3,3,2,1,I,562,3,1,3,4,3,3,4,3,6000,1,1,0,4,3,3,4,3,6000,1,1,0,4,3,3,4,3,6000,1,1,0,2023,5,10,5970000,8810000,1,1
202601,6,,영일대해수욕장,47113,22,0,120,0,1,0,4,32,04,2,1,없음,150,2,0,0,0,3,1,3,1,10,1,1,1,1,1,8,3,3,1,1,R,902,3,1,3,4,5,7,6,5,20900,1,1,0,4,5,7,6,5,20900,1,1,0,4,5,7,6,5,20900,1,1,0,2025,3,10,2920000,17290000,1,1
202601,6,,영일대해수욕장,47113,15,0,0,0,1,0,6,32,03,5,1,없음,109,4,0,0,0,1,1,2,1,10,1,1,1,1,1,8,1,3,1,1,L,682,2,1,2,4,3,7,5,3,12300,1,1,0,4,3,7,5,3,12300,1,1,0,4,3,7,5,3,12300,1,1,0,2024,3,10,1290000,2740000,1,3
202601,6,,영일대해수욕장,47113,22,0,120,0,1,0,3,33,03,6,1,없음,74,2,0,0,0,3,2,4,1,10,2,1,1,1,1,8,3,3,1,1,G,474,4,1,4,6,6,8,6,6,20900,1,1,0,6,6,8,6,6,20900,1,1,0,6,6,8,6,6,20900,1,1,0,2026,3,6,2390000,7190000,1,1
202601,6,,영일대해수욕장,47113,15,0,0,0,1,0,6,32,03,5,1,없음,380,5,0,1,0,3,2,4,1,10,2,1,1,1,1,8,3,3,1,1,G,463,4,1,4,6,6,7,6,6,10900,1,1,0,6,6,7,6,6,10900,1,1,0,6,6,7,6,6,10900,1,1,0,2026,3,9,1520000,3100000,1,1
202601,6,,영일대해수욕장,47113,15,0,0,0,1,0,3,11,04,6,2,없음,142,8,0,0,0,2,2,4,1,10,1,1,1,1,1,8,2,3,1,1,F,424,3,1,3,3,3,4,3,3,4800,1,1,0,3,3,4,3,3,4800,1,1,0,3,3,4,3,3,4800,1,1,0,2025,3,9,1160000,1030000,1,1
202601,6,,영일대해수욕장,47113,15,0,0,0,1,0,3,11,04,6,2,없음,142,8,0,0,0,2,2,4,1,10,1,1,1,1,1,8,2,3,2,2,0,999,2,1,2,1,1,1,3,3,3300,1,1,0,1,1,1,3,3,3300,1,1,0,1,1,1,3,3,3300,1,1,0,0,1,1,1160000,1030000,1,1
202601,6,,포항중앙,47113,22,0,300,0,1,0,1,21,03,1,1,없음,380,8,0,0,0,1,1,1,1,9,1,1,1,1,1,8,1,3,1,1,G,463,1,1,1,4,4,9,4,4,37400,1,1,0,4,4,9,4,4,37400,1,1,0,4,4,9,4,4,37400,1,1,0,2025,3,9,5770000,2910000,1,3
202601,6,,포항중앙,47113,22,0,300,0,1,0,1,21,03,1,1,없음,380,8,0,0,0,1,1,1,1,9,1,1,1,1,1,8,1,3,2,1,G,463,1,1,1,3,2,5,3,3,9800,1,1,0,3,2,5,3,3,9800,1,1,0,3,2,5,3,3,9800,1,1,0,2025,3,9,5770000,2910000,1,3
202601,6,,포항중앙,47113,22,0,300,0,1,0,1,12,03,1,1,없음,90,7,0,0,0,1,1,2,1,10,1,1,1,1,1,8,1,3,1,1,G,474,1,1,1,4,4,8,4,4,23300,1,1,0,4,4,8,4,4,23300,1,1,0,4,4,8,4,4,23300,1,1,0,2025,3,10,8820000,5310000,1,1
202601,6,,포항중앙,47113,22,0,300,0,1,0,1,12,03,1,1,없음,90,7,0,0,0,1,1,2,1,10,1,1,1,1,1,8,1,3,2,1,G,474,1,1,1,3,3,5,3,3,6800,1,1,0,3,3,5,3,3,6800,1,1,0,3,3,5,3,3,6800,1,1,0,2025,3,10,8820000,5310000,1,1
202601,6,,포항중앙,47113,22,0,0,0,1,0,1,12,03,1,1,없음,70,8,0,0,0,1,1,1,1,10,1,1,1,1,1,8,1,2,1,1,G,463,1,1,1,3,3,7,3,3,15800,1,1,0,3,3,7,3,3,15800,1,1,0,3,3,7,3,3,15800,1,1,0,2025,3,10,2350000,2740000,1,2
202601,6,,포항중앙,47113,22,0,0,0,1,0,1,12,03,1,1,없음,70,8,0,0,0,1,1,1,1,10,1,1,1,1,1,8,1,2,1,1,G,463,1,1,1,3,3,7,3,3,15800,1,1,0,3,3,7,3,3,15800,1,1,0,3,3,7,3,3,15800,1,1,0,2024,3,8,2350000,2740000,1,2
202601,6,,포항중앙,47113,22,0,0,0,1,0,7,32,03,4,1,없음,100,10,0,0,0,2,1,3,1,10,1,1,1,1,1,8,4,2,1,1,G,472,1,1,1,4,3,7,4,3,13800,1,1,0,4,3,7,4,3,13800,1,1,0,4,3,7,4,3,13800,1,1,0,2025,3,9,2010000,14500000,1,1
202601,6,,포항중앙,47113,22,0,0,0,1,0,7,32,03,4,1,없음,100,10,0,0,0,2,1,3,1,10,1,1,1,1,1,8,4,2,1,1,G,463,1,1,1,4,3,7,4,3,13800,1,1,0,4,3,7,4,3,13800,1,1,0,4,3,7,4,3,13800,1,1,0,2025,3,9,2010000,14500000,1,1
202601,6,,포항중앙,47113,22,0,0,0,1,0,7,32,03,4,1,없음,100,10,0,0,0,2,1,3,1,10,1,1,1,1,1,8,4,2,1,6,0,999,1,1,1,1,1,1,4,3,13800,1,1,1,1,1,1,4,3,13800,1,1,1,1,1,1,4,3,13800,1,1,1,0,1,1,2010000,14500000,1,1
202601,6,,포항중앙,47113,22,0,120,0,1,0,5,31,03,7,2,없음,50,3,0,0,0,1,1,3,1,10,1,1,1,1,1,8,1,2,1,6,0,999,2,1,2,1,1,1,4,4,16000,1,1,1,1,1,1,4,4,16000,1,1,1,1,1,1,4,4,16000,1,1,1,0,1,1,2890000,2620000,1,1
202601,6,,포항중앙,47113,22,0,120,0,1,0,5,31,03,7,2,없음,50,3,0,0,0,1,1,3,1,10,1,1,1,1,1,8,1,2,2,1,R,912,2,1,2,3,3,4,3,3,5600,1,1,0,3,3,4,3,3,5600,1,1,0,3,3,4,3,3,5600,1,1,0,2025,3,9,2890000,2620000,1,1
202601,6,,포항중앙,47113,14,0,0,0,1,0,1,21,03,6,1,없음,80,6,0,0,0,2,2,4,1,10,2,1,1,1,1,8,2,2,1,1,S,961,2,1,2,3,3,5,3,3,6900,1,1,0,3,3,5,3,3,6900,1,1,0,3,3,5,3,3,6900,1,1,0,2024,3,6,1150000,1380000,1,2
202601,6,,포항중앙,47113,14,0,0,0,1,0,1,21,03,6,1,없음,80,6,0,0,0,2,2,4,1,10,2,1,1,1,1,8,2,2,1,1,G,472,2,1,2,3,3,6,3,3,8100,1,1,0,3,3,6,3,3,8100,1,1,0,3,3,6,3,3,8100,1,1,0,2025,3,10,1150000,1380000,1,2
202601,6,,포항중앙,47113,14,0,0,0,1,0,1,21,03,6,1,없음,80,6,0,0,0,2,2,4,1,10,2,1,1,1,1,8,2,2,2,1,0,999,2,1,2,3,3,3,3,3,3500,1,1,0,3,3,3,3,3,3500,1,1,0,3,3,3,3,3,3500,1,1,0,2024,3,6,1150000,1380000,1,2
202601,6,,포항중앙,47113,14,0,0,0,1,0,1,32,04,6,1,없음,134,8,0,0,0,2,2,4,1,10,2,1,1,1,1,8,2,2,1,1,I,561,4,1,4,4,4,4,4,4,5800,1,1,0,4,4,4,4,4,5800,1,1,0,4,4,4,4,4,5800,1,1,0,2024,3,10,1100000,1330000,1,2
202601,6,,포항중앙,47113,14,0,0,0,1,0,1,32,04,6,1,없음,134,8,0,0,0,2,2,4,1,10,2,1,1,1,1,8,2,2,2,2,0,999,2,1,2,1,1,1,3,3,5100,1,1,0,1,1,1,3,3,5100,1,1,0,1,1,1,3,3,5100,1,1,0,0,1,1,1100000,1330000,1,2
202601,6,,포항중앙,47113,14,0,0,0,1,1,2,11,03,1,1,없음,125,7,0,0,0,3,2,4,1,10,2,1,1,1,1,8,3,2,-1,5,0,999,1,1,1,1,1,1,1,1,0,1,1,0,1,1,1,1,1,0,1,1,0,1,1,1,1,1,0,1,1,0,0,1,1,1500000,2440000,1,1
202601,6,,포항중앙,47113,14,0,0,0,1,1,2,11,03,1,1,없음,125,7,0,0,0,3,2,4,1,10,2,1,1,1,1,8,3,2,1,1,I,561,2,1,2,3,3,6,3,3,10100,1,1,0,3,3,6,3,3,10100,1,1,0,3,3,6,3,3,10100,1,1,0,2025,3,9,1500000,2440000,1,1
202601,6,,포항중앙,47113,14,0,0,0,1,1,2,11,03,1,1,없음,125,7,0,0,0,3,2,4,1,10,2,1,1,1,1,8,3,2,1,1,I,561,2,1,2,3,3,6,3,3,9200,1,1,0,3,3,6,3,3,9200,1,1,0,3,3,6,3,3,9200,1,1,0,2025,3,10,1500000,2440000,1,1
202601,6,,포항중앙,47113,14,0,0,0,1,1,2,11,03,1,1,없음,125,7,0,0,0,3,2,4,1,10,2,1,1,1,1,8,3,2,1,1,I,561,3,1,3,5,4,5,5,4,7800,1,1,0,5,4,5,5,4,7800,1,1,0,5,4,5,5,4,7800,1,1,0,2025,3,4,1500000,2440000,1,1
202601,6,,포항중앙,47113,14,0,0,0,1,1,2,11,03,1,1,없음,125,7,0,0,0,3,2,4,1,10,2,1,1,1,1,8,3,2,1,1,R,912,2,1,2,3,3,6,3,3,9300,1,1,0,3,3,6,3,3,9300,1,1,0,3,3,6,3,3,9300,1,1,0,2025,4,9,1500000,2440000,1,1
202601,6,,포항중앙,47113,14,0,0,0,1,1,2,11,03,1,1,없음,125,7,0,0,0,3,2,4,1,10,2,1,1,1,1,8,3,2,1,1,I,562,2,1,2,3,3,6,3,3,9300,1,1,0,3,3,6,3,3,9300,1,1,0,3,3,6,3,3,9300,1,1,0,2024,3,9,1500000,2440000,1,1
202601,6,,포항중앙,47113,14,0,0,0,1,0,3,21,03,6,2,없음,100,6,0,0,0,2,2,4,1,10,1,1,1,1,1,8,2,2,1,1,S,969,3,1,3,2,3,4,2,3,4000,1,1,0,2,3,4,2,3,4000,1,1,0,2,3,4,2,3,4000,1,1,0,2024,3,8,1510000,1420000,1,1
202601,6,,포항중앙,47113,14,0,0,0,1,0,3,21,03,6,2,없음,100,6,0,0,0,2,2,4,1,10,1,1,1,1,1,8,2,2,2,2,0,999,2,1,2,1,1,1,2,3,3300,1,1,0,1,1,1,2,3,3300,1,1,0,1,1,1,2,3,3300,1,1,0,0,1,1,1510000,1420000,1,1
202601,6,,포항중앙,47113,22,0,0,0,1,0,8,21,04,4,1,없음,100,4,0,0,0,3,2,4,1,9,2,1,1,1,1,8,3,2,1,1,I,562,3,1,3,5,5,7,4,5,12300,1,2,0,5,5,7,4,5,12300,1,2,0,5,5,7,4,5,12300,1,2,0,2025,3,10,2450000,7690000,1,1
202601,6,,포항중앙,47113,22,0,0,0,1,0,8,21,04,4,1,없음,100,4,0,0,0,3,2,4,1,9,2,1,1,1,1,8,3,2,2,1,I,562,1,1,2,3,3,6,3,3,6100,1,2,0,3,3,6,3,3,6100,1,2,0,3,3,6,3,3,6100,1,2,0,2025,3,10,2450000,7690000,1,1
202601,6,,포항중앙,47113,22,0,0,0,1,0,6,11,03,8,1,없음,20,1,0,0,0,2,1,3,1,10,1,1,1,1,1,8,2,3,1,1,G,474,3,1,3,6,6,8,6,6,26200,1,2,0,6,6,8,6,6,26200,1,2,0,6,6,8,6,6,26200,1,2,0,2025,3,10,7780000,11350000,1,1
202601,6,,포항중앙,47113,22,0,300,0,1,0,5,21,04,8,2,없음,350,4,0,0,0,2,2,4,1,10,2,1,1,1,1,8,2,3,1,1,G,463,4,1,4,5,6,8,5,6,23000,1,1,0,5,6,8,5,6,23000,1,1,0,5,6,8,5,6,23000,1,1,0,2025,3,9,7630000,5190000,1,1
202601,6,,포항중앙,47113,22,0,300,0,1,0,5,21,04,8,2,없음,350,4,0,0,0,2,2,4,1,10,2,1,1,1,1,8,2,3,2,1,G,463,4,1,4,3,3,4,3,4,6200,1,1,0,3,3,4,3,4,6200,1,1,0,3,3,4,3,4,6200,1,1,0,2025,3,9,7630000,5190000,1,1
202601,6,,포항중앙,47113,22,0,300,0,1,0,1,11,03,10,2,없음,100,9,0,0,0,1,2,4,1,10,1,1,1,1,1,8,1,3,1,1,G,474,3,1,3,4,4,6,4,3,7400,1,1,0,4,4,6,4,3,7400,1,1,0,4,4,6,4,3,7400,1,1,0,2025,3,6,3260000,1740000,1,1
202601,6,,포항중앙,47113,22,0,300,0,1,0,1,11,03,10,2,없음,100,9,0,0,0,1,2,4,1,10,1,1,1,1,1,8,1,3,2,6,0,999,2,1,3,1,1,1,2,2,1400,1,1,1,1,1,1,2,2,1400,1,1,1,1,1,1,2,2,1400,1,1,1,0,1,1,3260000,1740000,1,1
202601,6,,포항원도심,47113,22,0,120,0,1,0,1,11,03,5,1,없음,30,2,0,0,0,2,2,4,1,10,2,1,1,1,1,8,2,3,1,1,G,473,2,1,2,4,4,7,4,4,13800,1,1,0,4,4,7,4,4,13800,1,1,0,4,4,7,4,4,13800,1,1,0,2025,4,7,2560000,2830000,1,2
202601,6,,포항원도심,47113,22,0,120,0,1,0,1,11,03,5,1,없음,30,2,0,0,0,2,2,4,1,10,2,1,1,1,1,8,2,3,1,1,S,969,2,1,2,4,4,7,4,4,13100,1,1,0,4,4,7,4,4,13100,1,1,0,4,4,7,4,4,13100,1,1,0,2026,4,10,2560000,2830000,1,2
202601,6,,포항원도심,47113,22,0,120,0,1,0,1,11,03,5,1,없음,30,2,0,0,0,2,2,4,1,10,2,1,1,1,1,8,2,3,2,2,0,999,3,1,3,1,1,1,5,3,6300,1,1,0,1,1,1,5,3,6300,1,1,0,1,1,1,5,3,6300,1,1,0,0,1,1,2560000,2830000,1,2
202601,6,,포항원도심,47113,22,0,0,0,1,0,6,32,04,1,1,없음,20,1,0,0,0,3,2,4,1,10,2,1,1,1,1,8,3,3,1,1,I,562,4,1,4,6,5,7,6,5,15000,1,1,0,6,5,7,6,5,15000,1,1,0,6,5,7,6,5,15000,1,1,0,2024,3,8,2610000,5930000,1,1
202601,6,,포항원도심,47113,22,0,0,0,1,0,6,32,04,1,1,없음,20,1,0,0,0,3,2,4,1,10,2,1,1,1,1,8,3,3,1,3,I,562,1,1,1,1,1,1,1,2,3600,1,1,0,1,1,1,1,2,3600,1,1,0,1,1,1,1,2,3600,1,1,0,2025,2,10,2610000,5930000,1,1
202601,6,,포항원도심,47113,14,0,120,0,1,0,1,21,03,9,2,없음,10,5,0,0,0,1,1,3,1,10,1,1,1,1,1,8,1,3,1,1,D,351,2,1,2,2,3,6,3,3,8700,1,1,0,2,3,6,3,3,8700,1,1,0,2,3,6,3,3,8700,1,1,0,2024,3,7,1820000,1040000,1,1
202601,6,,포항원도심,47113,14,0,120,0,1,0,1,21,03,9,2,없음,10,5,0,0,0,1,1,3,1,10,1,1,1,1,1,8,1,3,2,2,0,999,2,1,2,1,1,1,2,3,3600,1,1,0,1,1,1,2,3,3600,1,1,0,1,1,1,2,3,3600,1,1,0,0,1,1,1820000,1040000,1,1
202601,6,,영일대해수욕장,47113,16,0,0,0,1,0,7,31,03,7,2,없음,440,4,0,1,0,2,2,4,1,10,2,1,1,1,1,8,2,3,1,1,I,561,4,1,4,5,5,6,5,5,11800,1,1,0,5,5,6,5,5,11800,1,1,0,5,5,6,5,5,11800,1,1,0,2023,4,9,4350000,3510000,1,1
202601,6,,영일대해수욕장,47113,16,0,0,0,1,0,7,31,03,7,2,없음,440,4,0,1,0,2,2,4,1,10,2,1,1,1,1,8,2,3,2,1,I,562,4,1,4,4,4,5,4,4,6900,1,1,0,4,4,5,4,4,6900,1,1,0,4,4,5,4,4,6900,1,1,0,2024,4,8,4350000,3510000,1,1
202601,6,,영일대해수욕장,47113,22,0,120,0,1,0,5,21,04,8,2,없음,114,1,0,0,0,2,2,4,1,9,2,1,1,1,1,8,2,3,1,1,I,561,3,1,3,6,6,8,6,6,28200,1,1,0,6,6,8,6,6,28200,1,1,0,6,6,8,6,6,28200,1,1,0,2025,3,9,4670000,3280000,1,1
202601,6,,영일대해수욕장,47113,22,0,120,0,1,0,5,21,04,8,2,없음,114,1,0,0,0,2,2,4,1,9,2,1,1,1,1,8,2,3,2,1,I,561,3,1,3,5,5,7,5,5,13000,1,1,0,5,5,7,5,5,13000,1,1,0,5,5,7,5,5,13000,1,1,0,2024,4,8,4670000,3280000,1,1
202601,6,,영일대해수욕장,47113,15,0,0,0,1,0,2,11,03,5,1,없음,179,5,0,0,0,2,2,4,1,10,2,1,1,1,1,8,2,3,1,1,I,561,4,1,4,5,5,7,5,5,12100,1,1,0,5,5,7,5,5,12100,1,1,0,5,5,7,5,5,12100,1,1,0,2025,3,8,1770000,1970000,1,1
202601,6,,영일대해수욕장,47113,15,0,0,0,1,0,2,11,03,5,1,없음,179,5,0,0,0,2,2,4,1,10,2,1,1,1,1,8,2,3,2,2,0,999,3,1,3,1,1,1,4,3,4100,1,1,0,1,1,1,4,3,4100,1,1,0,1,1,1,4,3,4100,1,1,0,0,1,1,1770000,1970000,1,1
202601,6,,영일대해수욕장,47113,16,0,0,0,1,0,8,32,03,7,1,없음,290,4,0,0,0,2,1,3,1,10,1,1,1,1,1,8,2,3,1,1,I,561,3,1,3,6,5,8,6,6,28600,1,3,0,6,5,8,6,6,28600,1,3,0,6,5,8,6,6,28600,1,3,0,2023,5,9,6160000,8980000,1,2
202601,6,,영일대해수욕장,47113,15,0,0,0,1,0,8,32,04,5,1,없음,126,6,0,0,0,2,2,3,1,8,1,1,2,1,1,8,2,3,1,2,F,424,2,1,2,1,1,1,4,4,9800,1,1,0,1,1,1,4,4,9800,1,1,0,1,1,1,4,4,9800,1,1,0,0,1,1,1580000,3190000,1,1
202601,6,,영일대해수욕장,47113,15,0,0,0,1,0,8,32,04,5,1,없음,126,6,0,0,0,2,2,3,1,8,1,1,2,1,1,8,2,3,1,3,I,561,2,1,2,1,1,1,4,4,9800,1,1,0,1,1,1,4,4,9800,1,1,0,1,1,1,4,4,9800,1,1,0,2025,3,10,1580000,3190000,1,1
202601,6,,0.비상권,47113,13,0,0,0,1,0,5,31,04,6,1,없음,160,6,0,1,0,2,2,4,1,10,2,1,2,1,1,8,2,3,1,1,I,561,3,1,3,6,4,7,6,4,12900,1,1,0,6,4,7,6,4,12900,1,1,0,6,4,7,6,4,12900,1,1,0,2024,3,9,2440000,2490000,1,2
202601,6,,0.비상권,47113,13,0,0,0,1,0,5,31,04,6,1,없음,160,6,0,1,0,2,2,4,1,10,2,1,2,1,1,8,2,3,1,1,I,561,2,1,2,5,4,7,5,4,13200,1,1,0,5,4,7,5,4,13200,1,1,0,5,4,7,5,4,13200,1,1,0,2024,3,8,2440000,2490000,1,2
202601,6,,0.비상권,47113,13,0,0,0,1,0,5,31,04,6,1,없음,160,6,0,1,0,2,2,4,1,10,2,1,2,1,1,8,2,3,2,2,0,999,4,1,4,1,1,1,4,3,4700,1,1,0,1,1,1,4,3,4700,1,1,0,1,1,1,4,3,4700,1,1,0,0,1,1,2440000,2490000,1,2
202601,6,,양덕동,47113,14,0,0,0,1,0,7,32,03,6,1,없음,60,5,0,1,0,3,2,4,2,9,2,1,1,1,1,8,3,3,1,1,G,463,4,2,4,5,5,5,5,5,6800,1,1,0,5,5,5,5,5,6800,1,1,0,5,5,5,5,5,6800,1,1,0,2024,3,9,2400000,4010000,1,1
202601,6,,양덕동,47113,22,0,0,0,1,0,7,31,04,6,1,없음,161,1,0,1,0,3,2,4,1,10,1,2,1,1,1,8,3,3,1,6,0,999,4,1,4,1,1,1,6,5,8200,1,1,1,1,1,1,6,5,8200,1,1,1,1,1,1,6,5,8200,1,1,1,0,1,1,2340000,4410000,1,1
202601,6,,양덕동,47113,13,0,0,0,1,0,7,32,03,4,1,없음,165,4,0,0,0,2,1,3,1,10,1,1,1,1,1,8,2,3,1,1,S,952,3,1,3,5,5,7,4,4,10500,1,1,0,5,5,7,4,4,10500,1,1,0,5,5,7,4,4,10500,1,1,0,2025,3,8,1410000,4460000,1,2
202601,6,,양덕동,47113,13,0,0,0,1,0,5,32,04,4,1,없음,173,5,0,1,0,4,2,4,1,10,2,1,1,1,1,8,4,3,1,1,I,561,4,1,4,4,4,3,5,5,6600,1,1,0,4,4,3,5,5,6600,1,1,0,4,4,3,5,5,6600,1,1,0,2024,3,10,1360000,3800000,1,1
202601,6,,0.비상권,47113,13,0,0,0,1,0,6,32,04,6,1,없음,400,7,0,0,0,2,2,4,1,10,2,1,1,1,1,8,2,3,1,1,I,561,3,1,3,5,4,7,5,4,12100,1,1,0,5,4,7,5,4,12100,1,1,0,5,4,7,5,4,12100,1,1,0,2023,5,8,1590000,2670000,1,1
202601,6,,0.비상권,47113,13,0,0,0,1,0,6,32,04,6,1,없음,400,7,0,0,0,2,2,4,1,10,2,1,1,1,1,8,2,3,1,1,I,561,3,1,3,5,4,6,5,4,9000,1,1,0,5,4,6,5,4,9000,1,1,0,5,4,6,5,4,9000,1,1,0,2024,5,9,1590000,2670000,1,1
202601,6,,0.비상권,47113,13,0,0,0,1,0,8,21,03,6,2,없음,200,6,0,0,0,2,2,4,1,10,2,1,1,1,1,8,2,3,1,1,I,561,3,1,3,4,4,7,5,4,13600,1,1,0,4,4,7,5,4,13600,1,1,0,4,4,7,5,4,13600,1,1,0,2025,3,10,2760000,2320000,1,1
202601,6,,0.비상권,47113,13,0,0,0,1,0,8,21,03,6,2,없음,200,6,0,0,0,2,2,4,1,10,2,1,1,1,1,8,2,3,2,1,J,603,3,1,3,3,3,4,4,4,7400,1,1,0,3,3,4,4,4,7400,1,1,0,3,3,4,4,4,7400,1,1,0,2025,3,10,2760000,2320000,1,1
202601,6,,양덕동,47113,14,0,200,0,1,0,7,31,04,6,1,없음,39,1,0,0,0,2,1,3,1,10,1,1,1,1,1,8,2,3,1,1,I,561,3,1,3,4,4,6,4,4,9000,1,1,0,4,4,6,4,4,9000,1,1,0,4,4,6,4,4,9000,1,1,0,2025,3,10,2140000,3590000,1,2
202601,6,,양덕동,47113,14,0,200,0,1,0,6,32,04,5,1,없음,15,1,0,0,0,2,2,4,1,10,2,1,1,1,1,8,2,3,1,1,G,475,4,1,4,6,5,6,5,5,8400,1,1,0,6,5,6,5,5,8400,1,1,0,6,5,6,5,5,8400,1,1,0,2025,3,10,2430000,5080000,1,1
202601,6,,양덕동,47113,14,0,200,0,1,0,7,31,04,6,2,없음,200,6,0,1,0,2,2,4,1,10,2,1,1,1,1,8,2,3,1,1,R,911,4,1,4,5,6,7,5,5,11700,1,2,0,5,6,7,5,5,11700,1,2,0,5,6,7,5,5,11700,1,2,0,2023,4,10,1550000,1380000,1,2
202601,6,,양덕동,47113,14,0,200,0,1,0,7,31,04,6,2,없음,200,6,0,1,0,2,2,4,1,10,2,1,1,1,1,8,2,3,2,1,R,911,4,1,4,4,4,4,4,4,4600,1,2,0,4,4,4,4,4,4600,1,2,0,4,4,4,4,4,4600,1,2,0,2023,4,10,1550000,1380000,1,2
202601,6,,양덕동,47113,14,0,200,0,1,0,7,31,03,6,1,없음,187,2,0,1,0,3,2,4,1,10,2,1,1,1,1,8,3,3,1,1,I,562,3,1,3,6,5,7,6,5,14900,1,1,0,6,5,7,6,5,14900,1,1,0,6,5,7,6,5,14900,1,1,0,2025,3,10,2800000,4850000,1,2
202601,6,,양덕동,47113,14,0,200,0,1,0,7,31,03,6,1,없음,187,2,0,1,0,3,2,4,1,10,2,1,1,1,1,8,3,3,1,1,G,474,3,1,3,6,5,7,6,5,14900,1,1,0,6,5,7,6,5,14900,1,1,0,6,5,7,6,5,14900,1,1,0,2025,3,9,2800000,4850000,1,2
202601,6,,양덕동,47113,14,0,200,0,1,0,7,31,03,6,1,없음,187,2,0,1,0,3,2,4,1,10,2,1,1,1,1,8,3,3,1,1,I,561,3,1,3,6,5,7,6,5,14900,1,1,0,6,5,7,6,5,14900,1,1,0,6,5,7,6,5,14900,1,1,0,2026,3,10,2800000,4850000,1,2
202601,6,,양덕동,47113,14,0,200,0,1,0,7,32,04,6,1,없음,105,2,0,0,0,3,2,4,1,10,2,1,1,1,1,8,3,3,1,1,I,561,4,1,4,5,5,7,5,5,12400,1,1,0,5,5,7,5,5,12400,1,1,0,5,5,7,5,5,12400,1,1,0,2026,3,10,2780000,4660000,1,2
202601,6,,양덕동,47113,14,0,200,0,1,0,7,32,04,6,1,없음,105,2,0,0,0,3,2,4,1,10,2,1,1,1,1,8,3,3,1,1,I,561,4,1,4,5,6,8,5,6,22800,1,1,0,5,6,8,5,6,22800,1,1,0,5,6,8,5,6,22800,1,1,0,2025,3,9,2780000,4660000,1,2
202601,6,,양덕동,47113,14,0,200,0,1,0,7,31,03,6,1,없음,48,4,0,1,0,3,2,4,1,10,2,1,1,1,1,8,3,3,1,1,I,562,4,1,4,6,5,7,6,5,11800,1,1,0,6,5,7,6,5,11800,1,1,0,6,5,7,6,5,11800,1,1,0,2025,3,10,2550000,4290000,1,1
202601,6,,양덕동,47113,14,0,200,0,1,0,7,31,03,6,1,없음,48,4,0,1,0,3,2,4,1,10,2,1,1,1,1,8,3,3,1,1,M,733,4,1,4,6,5,7,6,5,11800,1,1,0,6,5,7,6,5,11800,1,1,0,6,5,7,6,5,11800,1,1,0,2024,3,10,2550000,4290000,1,1
202601,6,,양덕동,47113,22,0,0,0,1,0,8,32,04,8,1,없음,10,1,0,0,0,2,2,4,1,10,2,2,1,1,1,8,2,3,1,1,G,474,4,1,4,6,5,7,5,5,11300,1,2,0,6,5,7,5,5,11300,1,2,0,6,5,7,5,5,11300,1,2,0,2026,3,9,3240000,4330000,1,1
202601,6,,양덕동,47113,22,0,0,0,1,0,8,32,04,8,1,없음,10,1,0,0,0,2,2,4,1,10,2,2,1,1,1,8,2,3,1,6,0,999,4,1,4,1,1,1,5,5,11300,1,1,1,1,1,1,5,5,11300,1,1,1,1,1,1,5,5,11300,1,1,1,0,1,1,3240000,4330000,1,1
202601,6,,양덕동,47113,14,0,200,0,1,0,8,32,04,5,1,없음,196,4,0,1,0,3,2,4,1,10,2,1,1,1,1,8,3,3,1,1,I,561,4,1,4,4,5,6,4,5,9600,1,1,0,4,5,6,4,5,9600,1,1,0,4,5,6,4,5,9600,1,1,0,2024,3,10,1830000,4400000,1,1
202601,6,,양덕동,47113,14,0,200,0,1,0,8,32,04,6,1,없음,303,6,0,0,0,2,2,4,1,10,2,1,1,1,1,8,2,3,1,1,P,856,3,1,3,4,3,4,4,3,5300,1,1,0,4,3,4,4,3,5300,1,1,0,4,3,4,4,3,5300,1,1,0,2024,3,9,1800000,3130000,1,1
202601,6,,양덕동,47113,14,0,200,0,1,0,8,32,04,6,1,없음,303,6,0,0,0,2,2,4,1,10,2,1,1,1,1,8,2,3,1,1,I,561,3,1,3,4,3,4,4,3,5300,1,1,0,4,3,4,4,3,5300,1,1,0,4,3,4,4,3,5300,1,1,0,2024,3,9,1800000,3130000,1,1
202601,6,,양덕동,47113,14,0,200,0,1,0,7,32,03,5,1,없음,325,4,0,1,0,3,2,4,1,10,1,1,1,1,1,8,3,3,1,6,0,999,3,1,3,1,1,1,4,4,8500,1,1,1,1,1,1,4,4,8500,1,1,1,1,1,1,4,4,8500,1,1,1,0,1,1,1830000,3770000,1,2
202601,6,,양덕동,47113,14,0,200,0,1,0,7,32,03,5,1,없음,325,4,0,1,0,3,2,4,1,10,1,1,1,1,1,8,3,3,1,1,G,472,3,1,3,4,4,5,4,4,8100,1,1,0,4,4,5,4,4,8100,1,1,0,4,4,5,4,4,8100,1,1,0,2026,3,10,1830000,3770000,1,2
202601,6,,양덕동,47113,14,0,200,0,1,0,7,32,04,4,1,없음,166,5,0,0,0,3,2,4,1,9,2,1,1,1,1,8,3,3,1,1,I,561,4,1,4,4,5,5,6,5,7400,1,1,0,4,5,5,6,5,7400,1,1,0,4,5,5,6,5,7400,1,1,0,2024,3,9,1890000,5620000,1,2
202601,6,,양덕동,47113,14,0,200,0,1,0,7,32,04,6,1,없음,345,5,0,1,0,3,2,4,1,10,2,1,1,1,1,8,3,3,1,1,I,561,4,1,4,6,5,7,6,5,10600,1,1,0,6,5,7,6,5,10600,1,1,0,6,5,7,6,5,10600,1,1,0,2025,3,10,1900000,3780000,1,1
202601,6,,양덕동,47113,14,0,200,0,1,0,7,32,04,6,1,없음,345,5,0,1,0,3,2,4,1,10,2,1,1,1,1,8,3,3,1,1,I,561,2,1,2,3,3,5,3,3,6500,1,1,0,3,3,5,3,3,6500,1,1,0,3,3,5,3,3,6500,1,1,0,2025,3,10,1900000,3780000,1,1
202601,6,,양덕동,47113,14,0,200,0,1,0,7,31,04,6,1,없음,114,4,0,1,0,3,2,4,1,10,2,1,2,1,1,8,3,3,1,1,P,856,4,1,4,5,4,5,5,4,9400,1,1,0,5,4,5,5,4,9400,1,1,0,5,4,5,5,4,9400,1,1,0,2025,3,10,2210000,3810000,1,1
202601,6,,양덕동,47113,14,0,200,0,1,0,7,31,04,6,1,없음,114,4,0,1,0,3,2,4,1,10,2,1,2,1,1,8,3,3,1,2,L,682,4,1,4,1,1,1,5,4,9500,1,1,0,1,1,1,5,4,9500,1,1,0,1,1,1,5,4,9500,1,1,0,0,1,1,2210000,3810000,1,1
202601,6,,양덕동,47113,14,0,200,0,1,0,7,32,03,6,1,없음,41,1,0,1,0,3,2,4,1,10,2,1,1,1,1,8,3,3,1,1,I,561,4,1,4,6,5,5,6,5,6300,1,1,0,6,5,5,6,5,6300,1,1,0,6,5,5,6,5,6300,1,1,0,2025,3,9,2090000,3580000,1,1
202601,6,,양덕동,47113,14,0,200,0,1,0,7,31,03,6,1,없음,65,6,0,0,0,3,2,4,1,10,2,1,1,1,1,8,3,3,1,1,S,969,4,1,4,4,4,4,4,5,5900,1,1,0,4,4,4,4,5,5900,1,1,0,4,4,4,4,5,5900,1,1,0,2025,2,9,1790000,3020000,1,1
202601,6,,0.비상권,47130,14,22,120,200,1,0,1,51,04,6,1,없음,25,1,0,0,0,2,1,3,1,10,1,1,1,1,1,8,2,3,1,6,0,999,1,1,2,1,1,1,3,3,7900,1,1,1,1,1,1,3,3,7900,1,1,1,1,1,1,3,3,7900,1,1,1,0,1,1,2100000,3520000,1,1
202601,6,,0.비상권,47130,14,22,120,200,1,0,1,51,04,6,1,없음,25,1,0,0,0,2,1,3,1,10,1,1,1,1,1,8,2,3,1,6,0,999,2,1,2,1,1,1,5,3,7200,1,1,1,1,1,1,5,3,7200,1,1,1,1,1,1,5,3,7200,1,1,1,0,1,1,2100000,3520000,1,1
202601,6,,0.비상권,47130,22,43,120,200,1,0,1,51,03,4,1,없음,150,1,0,0,0,2,1,2,1,10,1,1,1,1,1,8,2,3,1,1,I,561,2,1,2,6,4,8,6,4,20900,1,1,0,6,4,8,6,4,20900,1,1,0,6,4,8,6,4,20900,1,1,0,2025,3,8,4290000,13710000,1,1
202601,6,,경주도심,47130,22,0,200,300,1,0,1,21,03,10,2,없음,70,7,0,0,0,2,2,4,1,10,2,2,1,1,1,8,2,3,1,1,G,473,2,1,2,5,4,7,5,4,13300,1,1,0,5,4,7,5,4,13300,1,1,0,5,4,7,5,4,13300,1,1,0,2024,3,10,5050000,3880000,1,1
202601,6,,경주도심,47130,22,0,200,300,1,0,1,21,03,10,2,없음,70,7,0,0,0,2,2,4,1,10,2,2,1,1,1,8,2,3,1,1,N,752,3,1,3,6,4,7,6,4,13300,1,1,0,6,4,7,6,4,13300,1,1,0,6,4,7,6,4,13300,1,1,0,2024,3,8,5050000,3880000,1,1
202601,6,,경주도심,47130,22,0,200,300,1,0,1,21,03,10,2,없음,70,7,0,0,0,2,2,4,1,10,2,2,1,1,1,8,2,3,2,6,0,999,4,1,4,1,1,1,4,3,3600,1,1,1,1,1,1,4,3,3600,1,1,1,1,1,1,4,3,3600,1,1,1,0,1,1,5050000,3880000,1,1
202601,6,,경주도심,47130,22,0,200,300,1,0,1,51,03,7,1,없음,280,6,0,0,0,1,1,1,1,10,1,1,1,1,1,8,1,3,1,1,G,474,1,1,1,6,4,9,5,4,33800,1,2,0,6,4,9,5,4,33800,1,2,0,6,4,9,5,4,33800,1,2,0,2025,5,9,5850000,9340000,1,2
202601,6,,경주도심,47130,22,0,0,0,1,0,1,11,03,6,1,없음,200,6,0,0,0,1,1,1,1,10,1,1,1,1,1,8,1,2,1,1,S,961,1,1,1,3,3,7,3,3,16600,1,1,0,3,3,7,3,3,16600,1,1,0,3,3,7,3,3,16600,1,1,0,2025,3,9,4000000,7140000,1,1
202601,6,,경주도심,47130,22,0,200,300,1,0,1,11,03,7,1,없음,170,6,0,0,0,1,1,2,1,10,1,1,1,1,1,8,1,3,1,1,I,561,2,1,2,3,3,6,3,3,10300,1,1,0,3,3,6,3,3,10300,1,1,0,3,3,6,3,3,10300,1,1,0,2025,3,10,3930000,6030000,1,2
202601,6,,경주도심,47130,22,0,200,300,1,0,1,51,03,7,1,없음,240,6,0,0,0,1,1,1,1,10,1,1,1,1,1,8,1,3,1,1,S,961,1,1,1,3,3,7,3,3,14800,1,1,0,3,3,7,3,3,14800,1,1,0,3,3,7,3,3,14800,1,1,0,2026,3,9,3590000,5470000,1,2
202601,6,,경주도심,47130,22,0,200,300,1,0,1,51,16,8,1,없음,130,6,0,0,0,1,1,2,1,10,1,1,1,1,1,8,1,3,1,1,I,562,2,1,2,4,4,7,3,4,14800,1,1,0,4,4,7,3,4,14800,1,1,0,4,4,7,3,4,14800,1,1,0,2024,3,6,3600000,5880000,1,2
202601,6,,경주도심,47130,22,0,200,300,1,0,3,11,03,7,1,없음,200,6,0,0,0,1,1,1,1,10,1,1,1,1,1,8,1,3,1,1,G,478,1,1,1,2,3,7,2,3,14100,1,1,0,2,3,7,2,3,14100,1,1,0,2,3,7,2,3,14100,1,1,0,2025,3,8,3790000,6180000,1,2
202601,6,,경주도심,47130,22,0,200,120,1,0,3,21,04,8,2,없음,58,6,0,0,0,2,2,4,1,10,1,1,1,1,1,8,2,3,1,1,I,561,2,1,2,4,4,7,4,4,13800,1,1,0,4,4,7,4,4,13800,1,1,0,4,4,7,4,4,13800,1,1,0,2026,3,9,2560000,1650000,1,2
202601,6,,경주도심,47130,22,0,200,120,1,0,3,21,04,8,2,없음,58,6,0,0,0,2,2,4,1,10,1,1,1,1,1,8,2,3,1,1,I,561,2,1,2,5,4,7,6,4,13300,1,1,0,5,4,7,6,4,13300,1,1,0,5,4,7,6,4,13300,1,1,0,2025,3,10,2560000,1650000,1,2
202601,6,,경주도심,47130,22,0,200,120,1,0,3,21,04,8,2,없음,58,6,0,0,0,2,2,4,1,10,1,1,1,1,1,8,2,3,2,2,0,999,3,1,3,1,1,1,4,3,5500,1,1,0,1,1,1,4,3,5500,1,1,0,1,1,1,4,3,5500,1,1,0,0,1,1,2560000,1650000,1,2
202601,6,,경주도심,47130,22,0,200,300,1,0,1,12,03,8,1,없음,150,6,0,0,0,2,1,3,1,10,1,1,1,1,1,8,2,3,1,1,I,561,2,1,2,5,4,8,5,5,27100,1,1,0,5,4,8,5,5,27100,1,1,0,5,4,8,5,5,27100,1,1,0,2023,5,8,5130000,6960000,1,2
202601,6,,경주도심,47130,22,0,200,300,1,0,1,12,03,8,1,없음,150,6,0,0,0,2,1,3,1,10,1,1,1,1,1,8,2,3,1,6,0,999,2,1,2,1,1,1,5,5,27100,1,1,1,1,1,1,5,5,27100,1,1,1,1,1,1,5,5,27100,1,1,1,0,1,1,5130000,6960000,1,2
202601,6,,경주도심,47130,22,0,200,300,1,0,1,51,03,9,1,없음,111,6,0,0,0,1,1,1,1,9,1,1,1,1,1,8,1,3,1,1,I,561,1,1,1,5,4,9,5,4,29600,1,1,0,5,4,9,5,4,29600,1,1,0,5,4,9,5,4,29600,1,1,0,2024,4,9,3730000,4150000,1,3
202601,6,,경주도심,47130,22,0,200,300,1,0,5,21,03,9,1,없음,300,5,0,0,0,2,2,4,1,9,2,1,1,1,1,8,2,3,1,1,G,471,4,1,4,6,6,9,6,6,30700,1,1,0,6,6,9,6,6,30700,1,1,0,6,6,9,6,6,30700,1,1,0,2025,4,8,7670000,9300000,1,1
202601,6,,경주도심,47130,22,0,200,300,1,0,5,21,03,9,1,없음,300,5,0,0,0,2,2,4,1,9,2,1,1,1,1,8,2,3,1,1,G,474,2,1,2,5,5,9,5,5,29400,1,1,0,5,5,9,5,5,29400,1,1,0,5,5,9,5,5,29400,1,1,0,2026,3,8,7670000,9300000,1,1
202601,6,,경주도심,47130,22,0,200,300,1,0,1,51,03,9,1,없음,250,6,0,0,0,1,1,2,1,10,1,1,1,1,1,8,1,2,1,1,G,474,2,1,2,1,5,9,6,5,38200,1,1,0,1,5,9,6,5,38200,1,1,0,1,5,9,6,5,38200,1,1,0,2025,3,8,4990000,6080000,1,3
202601,6,,경주도심,47130,22,0,200,300,1,0,5,31,04,7,1,없음,380,10,0,0,0,2,2,4,1,10,2,1,1,1,1,8,2,3,1,1,I,561,4,1,4,4,4,5,4,4,6600,1,3,0,4,4,5,4,4,6600,1,3,0,4,4,5,4,4,6600,1,3,0,2026,3,10,1680000,2450000,1,1
202601,6,,경주도심,47130,22,0,200,300,1,0,1,51,03,7,1,없음,320,7,0,0,0,1,1,2,1,10,1,1,1,1,1,8,1,3,1,1,S,961,2,1,2,4,4,7,4,4,17400,1,1,0,4,4,7,4,4,17400,1,1,0,4,4,7,4,4,17400,1,1,0,2026,3,10,5240000,7810000,1,3
202601,6,,경주도심,47130,22,0,200,300,1,0,1,51,03,5,1,없음,220,8,0,0,0,1,1,2,1,10,1,1,1,1,1,8,1,3,1,1,I,562,2,1,2,4,4,8,4,4,22100,1,1,0,4,4,8,4,4,22100,1,1,0,4,4,8,4,4,22100,1,1,0,2023,5,10,3690000,9000000,1,3
202601,6,,경주도심,47130,22,0,200,300,1,0,8,31,03,8,2,없음,220,8,0,0,0,1,1,3,1,10,1,1,1,1,1,8,1,2,1,1,I,562,2,1,2,3,3,7,3,3,12800,1,1,0,3,3,7,3,3,12800,1,1,0,3,3,7,3,3,12800,1,1,0,2024,4,10,5230000,3400000,1,1
202601,6,,경주도심,47130,22,0,200,300,1,0,8,31,03,8,2,없음,220,8,0,0,0,1,1,3,1,10,1,1,1,1,1,8,1,2,2,1,I,562,2,1,2,3,3,5,3,3,6800,1,1,0,3,3,5,3,3,6800,1,1,0,3,3,5,3,3,6800,1,1,0,2024,4,10,5230000,3400000,1,1
202601,6,,경주도심,47130,22,0,200,300,1,0,1,21,03,1,1,없음,280,5,0,0,0,1,2,4,1,9,1,1,1,1,1,8,1,3,1,1,G,474,3,1,3,6,4,7,6,4,13900,1,2,0,6,4,7,6,4,13900,1,2,0,6,4,7,6,4,13900,1,2,0,2026,3,9,6440000,3620000,1,1
202601,6,,경주도심,47130,22,0,200,300,1,0,1,21,03,1,1,없음,280,5,0,0,0,1,2,4,1,9,1,1,1,1,1,8,1,3,2,6,0,999,3,1,3,1,1,1,4,3,4300,1,1,1,1,1,1,4,3,4300,1,1,1,1,1,1,4,3,4300,1,1,1,0,1,1,6440000,3620000,1,1
202601,6,,경주도심,47130,22,0,200,300,1,0,1,21,03,8,1,없음,160,6,0,0,0,1,1,2,1,10,1,1,1,1,1,8,1,2,1,1,G,474,2,1,2,6,5,9,6,5,48000,1,1,0,6,5,9,6,5,48000,1,1,0,6,5,9,6,5,48000,1,1,0,2025,3,8,7280000,9190000,1,3
202601,6,,경주도심,47130,22,0,200,300,1,0,7,21,03,8,2,없음,270,10,0,0,0,1,1,2,1,9,1,1,1,1,1,8,1,3,1,1,I,561,1,1,2,4,3,7,4,3,12900,1,1,0,4,3,7,4,3,12900,1,1,0,4,3,7,4,3,12900,1,1,0,2023,4,9,3320000,2300000,1,2
202601,6,,경주도심,47130,22,0,200,300,1,0,7,21,03,8,2,없음,270,10,0,0,0,1,1,2,1,9,1,1,1,1,1,8,1,3,2,1,0,999,1,1,2,3,3,4,3,3,5900,1,1,0,3,3,4,3,3,5900,1,1,0,3,3,4,3,3,5900,1,1,0,2025,3,9,3320000,2300000,1,2
202601,6,,경주도심,47130,22,0,200,300,1,0,1,51,03,5,1,없음,178,10,0,0,0,1,1,1,1,9,1,1,1,1,1,8,1,2,1,1,S,961,1,1,1,3,3,8,3,3,20800,1,1,0,3,3,8,3,3,20800,1,1,0,3,3,8,3,3,20800,1,1,0,2025,3,10,1740000,3710000,1,2
202601,6,,경주도심,47130,22,0,200,300,1,0,1,51,03,5,1,없음,178,10,0,0,0,1,1,1,1,9,1,1,1,1,1,8,1,2,1,1,G,474,1,1,1,3,3,8,3,3,22400,1,1,0,3,3,8,3,3,22400,1,1,0,3,3,8,3,3,22400,1,1,0,2024,4,9,1740000,3710000,1,2
202601,6,,경주도심,47130,22,0,200,300,1,0,7,31,03,9,2,없음,200,6,0,0,0,1,1,3,1,9,1,1,1,1,1,8,1,2,1,6,0,999,2,1,2,1,1,1,5,5,32100,1,1,1,1,1,1,5,5,32100,1,1,1,1,1,1,5,5,32100,1,1,1,0,1,1,8370000,4710000,1,1
202601,6,,경주도심,47130,22,0,200,300,1,0,7,31,03,9,2,없음,200,6,0,0,0,1,1,3,1,9,1,1,1,1,1,8,1,2,2,6,0,999,2,1,2,1,1,1,4,3,11000,1,1,1,1,1,1,4,3,11000,1,1,1,1,1,1,4,3,11000,1,1,1,0,1,1,8370000,4710000,1,1
202601,6,,경주도심,47130,22,0,200,300,1,0,1,51,03,10,1,없음,121,7,0,0,0,1,1,2,1,10,1,1,1,1,1,8,1,2,1,1,G,478,2,1,2,5,5,10,5,5,49400,1,1,0,5,5,10,5,5,49400,1,1,0,5,5,10,5,5,49400,1,1,0,2024,4,9,6430000,6430000,1,3
202601,6,,경주도심,47130,22,0,200,300,1,0,1,51,03,9,1,없음,235,6,0,0,0,1,1,2,1,10,1,1,1,1,1,8,1,3,1,1,G,474,2,1,2,4,3,7,4,3,13400,1,1,0,4,3,7,4,3,13400,1,1,0,4,3,7,4,3,13400,1,1,0,2024,3,5,3500000,3920000,1,2
202601,6,,0.비상권,47130,14,0,200,0,1,0,6,31,03,6,1,없음,300,7,0,0,0,2,2,4,1,10,2,1,1,1,1,8,2,3,1,1,G,471,4,1,4,6,5,7,6,5,12400,1,1,0,6,5,7,6,5,12400,1,1,0,6,5,7,6,5,12400,1,1,0,2024,3,9,1880000,3330000,1,2
202601,6,,황리단길,47130,13,0,130,200,1,0,1,51,04,4,1,없음,110,8,0,0,0,2,2,3,1,9,2,1,1,1,1,8,2,3,1,1,I,561,3,1,4,6,6,9,6,6,49800,1,1,0,6,6,9,6,6,49800,1,1,0,6,6,9,6,6,49800,1,1,0,2025,3,9,3070000,8630000,1,1
202601,6,,0.비상권,47130,13,0,130,200,1,0,1,11,04,4,1,없음,270,10,0,0,0,2,1,3,1,10,1,1,1,1,1,8,2,2,1,1,I,561,3,1,3,6,6,9,6,6,38400,1,1,0,6,6,9,6,6,38400,1,1,0,6,6,9,6,6,38400,1,1,0,2025,3,10,1500000,3920000,1,4
202601,6,,0.비상권,47130,13,0,130,0,1,0,1,21,03,7,1,없음,70,1,0,0,0,1,1,2,1,10,1,1,1,1,1,8,1,3,1,1,G,471,1,1,1,3,3,7,3,3,15600,1,1,0,3,3,7,3,3,15600,1,1,0,3,3,7,3,3,15600,1,1,0,2025,3,9,2530000,4050000,1,3
202601,6,,0.비상권,47130,13,0,130,0,1,0,1,21,03,7,1,없음,70,1,0,0,0,1,1,2,1,10,1,1,1,1,1,8,1,3,1,2,G,473,1,1,1,1,1,1,3,3,19600,1,1,0,1,1,1,3,3,19600,1,1,0,1,1,1,3,3,19600,1,1,0,0,1,1,2530000,4050000,1,3
202601,6,,0.비상권,47130,13,0,130,200,1,0,7,21,04,4,1,없음,124,7,0,0,0,2,2,4,1,10,2,1,1,1,1,8,2,2,1,1,I,561,4,1,4,6,6,8,6,6,24300,1,1,0,6,6,8,6,6,24300,1,1,0,6,6,8,6,6,24300,1,1,0,2025,4,10,3430000,8740000,1,1
202601,6,,0.비상권,47130,13,0,130,200,1,0,1,12,04,5,1,없음,200,6,0,0,0,2,1,2,1,10,1,1,1,1,1,8,2,3,1,1,I,562,2,1,2,6,5,9,6,5,35700,1,1,0,6,5,9,6,5,35700,1,1,0,6,5,9,6,5,35700,1,1,0,2024,4,10,1960000,4810000,1,3
202601,6,,0.비상권,47130,13,0,0,0,1,0,1,12,04,5,1,없음,120,10,0,0,0,2,1,2,1,10,1,1,1,1,1,8,2,2,1,1,I,562,2,1,2,5,4,7,5,5,18600,1,1,0,5,4,7,5,5,18600,1,1,0,5,4,7,5,5,18600,1,1,0,2026,3,10,2050000,4460000,1,1
202601,6,,황리단길,47130,13,0,130,200,1,0,1,51,04,4,1,없음,350,10,0,0,0,2,1,2,1,9,1,1,1,1,1,8,2,3,1,1,I,561,2,1,3,6,5,8,6,6,34400,1,1,0,6,5,8,6,6,34400,1,1,0,6,5,8,6,6,34400,1,1,0,2024,3,9,2590000,7260000,1,1
202601,6,,황리단길,47130,13,0,130,200,1,0,2,11,04,5,1,없음,120,4,0,0,0,2,2,4,1,10,2,1,1,1,1,8,2,3,1,1,I,561,4,1,4,6,6,9,6,6,37400,1,1,0,6,6,9,6,6,37400,1,1,0,6,6,9,6,6,37400,1,1,0,2025,3,10,4770000,10790000,1,1
202601,6,,황리단길,47130,13,0,130,200,1,0,1,51,04,5,1,없음,220,6,0,0,0,2,1,3,1,10,1,1,1,1,1,8,2,3,1,1,I,562,3,1,3,5,5,8,5,5,23900,1,1,0,5,5,8,5,5,23900,1,1,0,5,5,8,5,5,23900,1,1,0,2024,3,9,2420000,5730000,1,1
202601,6,,황리단길,47130,13,0,130,200,1,0,1,21,03,6,1,없음,100,5,0,0,0,2,2,4,1,9,2,1,1,1,1,8,2,3,1,1,G,463,2,1,2,6,5,8,6,5,30100,1,1,0,6,5,8,6,5,30100,1,1,0,6,5,8,6,5,30100,1,1,0,2024,3,8,4190000,7810000,1,1
202601,6,,황리단길,47130,13,0,130,200,1,0,1,21,03,6,1,없음,100,5,0,0,0,2,2,4,1,9,2,1,1,1,1,8,2,3,1,1,G,453,1,1,1,3,3,7,6,4,36500,1,1,0,3,3,7,6,4,36500,1,1,0,3,3,7,6,4,36500,1,1,0,2024,3,8,4190000,7810000,1,1
202601,6,,황리단길,47130,13,0,130,200,1,0,1,21,03,6,1,없음,100,5,0,0,0,2,2,4,1,9,2,1,1,1,1,8,2,3,1,1,I,562,2,1,2,5,5,8,6,5,31300,1,1,0,5,5,8,6,5,31300,1,1,0,5,5,8,6,5,31300,1,1,0,2025,3,9,4190000,7810000,1,1
202601,6,,황리단길,47130,13,0,130,200,1,0,1,51,04,6,1,없음,310,10,0,0,0,2,1,2,1,10,1,1,1,1,1,8,2,3,1,1,I,561,2,1,2,5,5,8,5,5,26800,1,1,0,5,5,8,5,5,26800,1,1,0,5,5,8,5,5,26800,1,1,0,2025,3,10,2610000,5180000,1,3
202601,6,,황리단길,47130,13,0,130,200,1,0,1,12,04,3,1,없음,180,6,0,0,0,2,1,2,1,10,1,1,1,1,1,8,2,3,1,1,I,561,2,1,2,4,5,8,4,5,24500,1,1,0,4,5,8,4,5,24500,1,1,0,4,5,8,4,5,24500,1,1,0,2024,3,10,3580000,15060000,1,1
202601,6,,황리단길,47130,13,0,130,200,1,0,1,11,03,9,1,없음,30,4,0,0,0,2,2,4,1,9,2,1,1,1,1,8,2,3,1,1,G,471,4,1,4,6,6,8,6,7,36900,1,1,0,6,6,8,6,7,36900,1,1,0,6,6,8,6,7,36900,1,1,0,2023,5,9,5700000,8670000,1,1
202601,6,,황리단길,47130,13,0,130,200,1,0,1,12,04,5,1,없음,60,9,0,0,0,2,1,2,1,10,1,1,1,1,1,8,2,3,1,1,I,562,2,1,2,5,6,9,6,6,50900,1,1,0,5,6,9,6,6,50900,1,1,0,5,6,9,6,6,50900,1,1,0,2024,3,10,3760000,8290000,1,1
202601,6,,황리단길,47130,13,0,130,200,1,0,1,51,04,5,1,없음,130,8,0,0,0,2,1,3,1,10,1,1,1,1,1,8,2,3,1,1,I,561,3,1,3,6,6,9,6,6,47600,1,1,0,6,6,9,6,6,47600,1,1,0,6,6,9,6,6,47600,1,1,0,2024,3,9,3520000,8340000,1,1
202601,6,,황리단길,47130,13,0,130,200,1,0,1,11,04,6,1,없음,160,4,0,0,0,2,1,2,1,10,1,1,1,1,1,8,2,3,1,1,I,561,2,1,2,6,6,10,6,6,64800,1,1,0,6,6,10,6,6,64800,1,1,0,6,6,10,6,6,64800,1,1,0,2025,3,9,7980000,15550000,1,1
202601,6,,황리단길,47130,13,0,130,200,1,0,1,21,03,7,2,없음,100,5,0,0,0,1,1,3,1,10,1,1,1,1,1,8,1,3,1,1,G,475,2,1,2,5,6,10,6,6,57000,1,1,0,5,6,10,6,6,57000,1,1,0,5,6,10,6,6,57000,1,1,0,2024,6,10,8850000,6540000,1,1
202601,6,,황리단길,47130,13,0,130,200,1,0,1,21,03,7,2,없음,100,5,0,0,0,1,1,3,1,10,1,1,1,1,1,8,1,3,2,1,I,562,2,1,2,4,5,8,5,5,27800,1,1,0,4,5,8,5,5,27800,1,1,0,4,5,8,5,5,27800,1,1,0,2023,5,9,8850000,6540000,1,1
202601,6,,0.비상권,47130,41,0,0,0,1,0,1,12,03,4,1,없음,120,8,0,0,0,2,1,3,1,10,1,1,1,1,1,8,2,2,1,1,I,561,3,1,3,5,5,9,5,5,31300,1,1,0,5,5,9,5,5,31300,1,1,0,5,5,9,5,5,31300,1,1,0,2024,4,10,2380000,6360000,1,3
202601,6,,0.비상권,47130,14,0,0,0,1,0,5,32,04,4,1,없음,300,6,0,1,0,4,2,4,1,10,2,1,1,1,1,8,4,3,1,1,I,561,4,1,4,6,6,7,6,6,10100,1,1,0,6,6,7,6,6,10100,1,1,0,6,6,7,6,6,10100,1,1,0,2024,3,8,1540000,4300000,1,1
202601,6,,0.비상권,47130,14,0,0,0,1,0,5,21,04,6,1,없음,310,7,0,1,0,2,2,4,1,10,2,1,1,1,1,8,2,3,1,1,P,851,1,1,1,3,3,7,3,3,14700,1,1,0,3,3,7,3,3,14700,1,1,0,3,3,7,3,3,14700,1,1,0,2026,2,10,2160000,2520000,1,1
202601,6,,0.비상권,47130,14,0,0,0,1,0,5,21,04,6,1,없음,310,7,0,1,0,2,2,4,1,10,2,1,1,1,1,8,2,3,1,1,G,471,4,1,4,6,5,7,6,5,10400,1,1,0,6,5,7,6,5,10400,1,1,0,6,5,7,6,5,10400,1,1,0,2024,3,9,2160000,2520000,1,1
202601,6,,0.비상권,47130,14,0,0,0,1,0,5,21,04,6,1,없음,310,7,0,1,0,2,2,4,1,10,2,1,1,1,1,8,2,3,2,2,0,999,3,1,3,1,1,1,3,3,4600,1,1,0,1,1,1,3,3,4600,1,1,0,1,1,1,3,3,4600,1,1,0,0,1,1,2160000,2520000,1,1
202601,6,,0.비상권,47130,14,0,0,0,1,0,5,21,04,6,1,없음,310,7,0,1,0,2,2,4,1,10,2,1,1,1,1,8,2,3,2,1,0,999,2,1,2,3,3,4,3,3,4200,1,1,0,3,3,4,3,3,4200,1,1,0,3,3,4,3,3,4200,1,1,0,2024,3,9,2160000,2520000,1,1
202601,6,,0.비상권,47130,14,0,0,0,1,0,1,21,03,1,1,없음,150,3,0,0,0,2,1,3,1,10,1,1,1,1,1,8,2,3,1,1,G,473,2,1,2,3,3,6,3,3,8400,1,1,0,3,3,6,3,3,8400,1,1,0,3,3,6,3,3,8400,1,1,0,2025,3,6,2310000,2700000,1,2
202601,6,,0.비상권,47130,14,0,0,0,1,0,1,21,03,1,1,없음,150,3,0,0,0,2,1,3,1,10,1,1,1,1,1,8,2,3,1,1,I,562,2,1,2,3,3,6,3,3,9500,1,1,0,3,3,6,3,3,9500,1,1,0,3,3,6,3,3,9500,1,1,0,2024,3,9,2310000,2700000,1,2
202601,6,,0.비상권,47130,14,0,0,0,1,0,9,31,04,6,1,없음,120,7,0,1,0,3,2,4,1,10,2,1,1,1,1,8,3,3,1,1,I,561,4,1,4,7,6,7,7,6,11200,1,1,0,7,6,7,7,6,11200,1,1,0,7,6,7,7,6,11200,1,1,0,2021,5,10,2460000,4880000,1,1
202601,6,,0.비상권,47130,14,0,0,0,1,0,8,32,04,6,1,없음,100,7,0,0,0,2,2,4,1,10,2,1,1,1,1,8,2,3,1,1,I,561,4,1,4,5,5,7,5,5,13200,1,1,0,5,5,7,5,5,13200,1,1,0,5,5,7,5,5,13200,1,1,0,2025,3,10,3300000,5540000,1,2
202601,6,,0.비상권,47130,14,0,0,0,1,0,7,32,04,7,1,없음,50,5,0,0,0,2,2,4,1,10,2,1,1,1,1,8,2,3,1,1,I,561,4,1,4,6,6,7,7,6,15900,1,1,0,6,6,7,7,6,15900,1,1,0,6,6,7,7,6,15900,1,1,0,2024,3,10,4330000,7220000,1,2
202601,6,,0.비상권,47130,14,0,0,0,1,0,8,32,03,6,1,없음,170,6,0,0,0,2,1,3,1,10,1,1,1,1,1,8,2,3,1,1,I,561,3,1,3,5,5,7,5,5,15300,1,1,0,5,5,7,5,5,15300,1,1,0,5,5,7,5,5,15300,1,1,0,2023,4,10,2890000,5250000,1,2
202601,6,,0.비상권,47130,14,0,0,0,1,0,8,32,04,6,1,없음,140,6,0,0,0,2,1,3,1,10,1,1,1,1,1,8,2,3,1,1,I,561,3,1,3,5,5,7,5,5,15200,1,1,0,5,5,7,5,5,15200,1,1,0,5,5,7,5,5,15200,1,1,0,2024,3,9,2680000,4870000,1,1
202601,6,,0.비상권,47130,14,0,0,0,1,0,8,31,03,6,1,없음,180,7,0,1,0,3,2,4,1,10,2,1,1,1,1,8,3,3,1,1,I,561,3,1,3,5,5,7,5,5,16100,1,1,0,5,5,7,5,5,16100,1,1,0,5,5,7,5,5,16100,1,1,0,2024,4,10,3280000,5510000,1,1
202601,6,,0.비상권,47130,14,0,0,0,1,0,8,31,03,6,1,없음,180,7,0,1,0,3,2,4,1,10,2,1,1,1,1,8,3,3,1,1,S,961,2,1,2,5,4,7,5,4,16200,1,1,0,5,4,7,5,4,16200,1,1,0,5,4,7,5,4,16200,1,1,0,2025,3,9,3280000,5510000,1,1
202601,6,,0.비상권,47130,14,0,0,0,1,0,8,31,03,6,1,없음,180,7,0,1,0,3,2,4,1,10,2,1,1,1,1,8,3,3,1,1,I,561,2,1,2,5,4,7,5,4,16200,1,1,0,5,4,7,5,4,16200,1,1,0,5,4,7,5,4,16200,1,1,0,2023,4,10,3280000,5510000,1,1
202601,6,,0.비상권,47130,14,0,0,0,1,0,8,31,03,6,1,없음,180,7,0,1,0,3,2,4,1,10,2,1,1,1,1,8,3,3,1,6,0,999,3,1,3,1,1,1,5,5,16000,1,1,1,1,1,1,5,5,16000,1,1,1,1,1,1,5,5,16000,1,1,1,0,1,1,3280000,5510000,1,1
202601,6,,0.비상권,47130,14,0,0,0,1,0,9,32,03,6,1,없음,100,6,0,1,0,2,2,4,1,10,2,1,1,1,1,8,2,3,1,1,I,561,4,1,4,6,6,7,6,6,19100,1,1,0,6,6,7,6,6,19100,1,1,0,6,6,7,6,6,19100,1,1,0,2025,3,10,3160000,5780000,1,2
202601,6,,0.비상권,47130,14,0,0,0,1,0,9,32,03,6,1,없음,220,7,0,0,0,2,2,4,1,10,2,1,1,1,1,8,2,3,1,1,R,901,3,1,3,6,4,7,6,4,11800,1,1,0,6,4,7,6,4,11800,1,1,0,6,4,7,6,4,11800,1,1,0,2021,5,10,2760000,4610000,1,1
202601,6,,0.비상권,47130,14,0,0,0,1,0,9,32,03,6,1,없음,220,7,0,0,0,2,2,4,1,10,2,1,1,1,1,8,2,3,1,1,H,493,2,1,2,3,3,6,4,3,11500,1,1,0,3,3,6,4,3,11500,1,1,0,3,3,6,4,3,11500,1,1,0,2025,3,10,2760000,4610000,1,1
202601,6,,0.비상권,47130,14,0,0,0,1,0,7,32,03,6,1,없음,150,4,0,0,0,2,1,3,1,10,1,1,1,1,1,8,2,3,1,1,S,969,2,1,2,4,4,7,4,4,13600,1,1,0,4,4,7,4,4,13600,1,1,0,4,4,7,4,4,13600,1,1,0,2026,2,10,2120000,3580000,1,2
202601,6,,0.비상권,47130,14,0,0,0,1,0,7,32,03,6,1,없음,150,4,0,0,0,2,1,3,1,10,1,1,1,1,1,8,2,3,1,1,S,953,2,1,2,4,4,7,4,4,13600,1,1,0,4,4,7,4,4,13600,1,1,0,4,4,7,4,4,13600,1,1,0,2024,3,10,2120000,3580000,1,2
202601,6,,0.비상권,47150,22,0,0,0,1,0,1,51,03,8,2,없음,30,4,0,0,0,2,2,4,1,10,2,1,1,1,1,8,2,2,1,1,G,475,4,1,4,5,3,4,5,3,4800,1,1,0,5,3,4,5,3,4800,1,1,0,5,3,4,5,3,4800,1,1,0,2025,2,10,2030000,1900000,1,1
202601,6,,0.비상권,47150,22,0,0,0,1,0,1,51,03,8,2,없음,30,4,0,0,0,2,2,4,1,10,2,1,1,1,1,8,2,2,2,1,G,475,2,1,2,3,3,3,3,3,2900,1,1,0,3,3,3,3,3,2900,1,1,0,3,3,3,3,3,2900,1,1,0,2025,2,10,2030000,1900000,1,1
202601,6,,0.비상권,47150,22,14,0,0,1,0,5,21,03,8,2,없음,31,4,0,0,0,2,2,4,1,10,2,1,1,1,1,8,2,2,1,1,S,961,3,1,3,4,3,4,4,3,5500,1,1,0,4,3,4,4,3,5500,1,1,0,4,3,4,4,3,5500,1,1,0,2024,3,7,2760000,1970000,1,1
202601,6,,0.비상권,47150,22,14,0,0,1,0,5,21,03,8,2,없음,31,4,0,0,0,2,2,4,1,10,2,1,1,1,1,8,2,2,2,1,Q,869,3,1,3,3,3,3,3,3,3300,1,1,0,3,3,3,3,3,3300,1,1,0,3,3,3,3,3,3300,1,1,0,2025,3,8,2760000,1970000,1,1
202601,6,,0.비상권,47150,22,0,0,0,1,0,1,51,03,1,1,없음,46,4,0,0,0,1,1,2,1,10,1,1,1,1,1,8,1,2,1,1,G,474,2,1,2,4,3,7,4,3,10800,1,1,0,4,3,7,4,3,10800,1,1,0,4,3,7,4,3,10800,1,1,0,2025,3,8,2750000,2970000,1,1
202601,6,,0.비상권,47150,22,0,0,0,1,0,1,51,03,1,1,없음,46,4,0,0,0,1,1,2,1,10,1,1,1,1,1,8,1,2,2,1,G,474,1,1,1,1,2,3,3,2,4300,1,1,0,1,2,3,3,2,4300,1,1,0,1,2,3,3,2,4300,1,1,0,2025,3,8,2750000,2970000,1,1
202601,6,,0.비상권,47150,22,0,0,0,1,0,1,11,03,1,1,없음,52,5,0,0,0,1,1,3,1,10,1,1,1,1,1,8,1,2,1,1,G,474,2,1,2,4,3,7,4,3,11900,1,1,0,4,3,7,4,3,11900,1,1,0,4,3,7,4,3,11900,1,1,0,2025,3,9,3000000,2230000,1,1
202601,6,,0.비상권,47150,22,0,0,0,1,0,1,11,03,1,1,없음,52,5,0,0,0,1,1,3,1,10,1,1,1,1,1,8,1,2,2,1,G,474,1,1,1,3,3,4,3,3,6100,1,1,0,3,3,4,3,3,6100,1,1,0,3,3,4,3,3,6100,1,1,0,2025,3,9,3000000,2230000,1,1
202601,6,,0.비상권,47150,22,0,0,0,1,0,1,51,03,1,1,없음,37,4,0,0,0,1,1,3,1,10,1,1,1,1,1,8,1,2,1,6,0,999,1,1,1,1,1,1,5,3,10500,1,1,1,1,1,1,5,3,10500,1,1,1,1,1,1,5,3,10500,1,1,1,0,1,1,2760000,2750000,1,1
202601,6,,0.비상권,47150,22,0,0,0,1,0,1,51,03,1,1,없음,37,4,0,0,0,1,1,3,1,10,1,1,1,1,1,8,1,2,1,6,0,999,1,1,1,1,1,1,5,3,10500,1,1,1,1,1,1,5,3,10500,1,1,1,1,1,1,5,3,10500,1,1,1,0,1,1,2760000,2750000,1,1
202601,6,,0.비상권,47150,22,0,0,0,1,0,1,51,03,1,1,없음,37,4,0,0,0,1,1,3,1,10,1,1,1,1,1,8,1,2,2,6,0,999,1,1,1,1,1,1,3,2,4100,1,1,1,1,1,1,3,2,4100,1,1,1,1,1,1,3,2,4100,1,1,1,0,1,1,2760000,2750000,1,1
202601,6,,0.비상권,47150,22,0,0,0,1,0,1,51,03,1,1,없음,75,7,0,0,0,1,1,2,1,10,1,1,1,1,1,8,1,2,1,1,I,561,2,1,2,3,3,5,3,3,6200,1,1,0,3,3,5,3,3,6200,1,1,0,3,3,5,3,3,6200,1,1,0,2025,3,9,1750000,1750000,1,1
202601,6,,0.비상권,47150,43,0,0,0,1,0,1,51,03,1,1,없음,98,5,0,0,0,2,1,3,1,10,1,1,1,1,1,8,2,2,1,1,G,472,3,1,3,8,1,5,4,3,6000,1,1,0,8,1,5,4,3,6000,1,1,0,8,1,5,4,3,6000,1,1,0,2025,3,5,710000,800000,1,1
202601,6,,안동구도심,47170,14,0,0,0,1,0,1,21,03,1,1,없음,10,5,0,0,0,1,1,3,1,10,1,1,1,1,1,8,1,3,1,1,G,474,2,1,2,5,5,9,6,4,30400,1,1,0,5,5,9,6,4,30400,1,1,0,5,5,9,6,4,30400,1,1,0,2025,3,10,3750000,2930000,1,3
202601,6,,안동구도심,47170,14,0,0,0,1,0,1,21,03,1,1,없음,10,5,0,0,0,1,1,3,1,10,1,1,1,1,1,8,1,3,2,2,0,999,2,1,2,1,1,1,4,3,11900,1,1,0,1,1,1,4,3,11900,1,1,0,1,1,1,4,3,11900,1,1,0,0,1,1,3750000,2930000,1,3
202601,6,,안동구도심,47170,22,0,0,0,1,0,1,51,03,9,1,없음,85,8,0,0,0,1,1,2,1,10,1,1,1,1,1,8,1,2,1,1,I,561,2,1,2,4,4,7,4,4,11500,1,1,0,4,4,7,4,4,11500,1,1,0,4,4,7,4,4,11500,1,1,0,2025,3,9,2260000,2650000,1,1
202601,6,,안동구도심,47170,14,0,0,0,1,0,7,31,03,6,2,없음,20,4,0,0,0,1,1,3,1,10,1,1,1,1,1,8,1,3,1,1,I,561,2,1,2,3,4,7,3,4,16800,1,1,0,3,4,7,3,4,16800,1,1,0,3,4,7,3,4,16800,1,1,0,2025,3,10,3070000,2580000,1,2
202601,6,,안동구도심,47170,14,0,0,0,1,0,7,31,03,6,2,없음,20,4,0,0,0,1,1,3,1,10,1,1,1,1,1,8,1,3,2,1,S,969,2,1,2,3,3,6,3,3,8100,1,1,0,3,3,6,3,3,8100,1,1,0,3,3,6,3,3,8100,1,1,0,2025,3,9,3070000,2580000,1,2
202601,6,,안동구도심,47170,14,0,0,0,1,0,5,32,03,6,1,없음,50,4,0,0,0,1,1,2,1,10,1,1,1,1,1,8,1,3,1,6,0,999,1,1,1,1,1,1,3,3,12700,1,1,1,1,1,1,3,3,12700,1,1,1,1,1,1,3,3,12700,1,1,1,0,1,1,2320000,3880000,1,1
202601,6,,안동구도심,47170,14,0,0,0,1,0,5,32,03,6,1,없음,50,4,0,0,0,1,1,2,1,10,1,1,1,1,1,8,1,3,1,1,L,682,1,1,1,3,3,7,3,3,13600,1,1,0,3,3,7,3,3,13600,1,1,0,3,3,7,3,3,13600,1,1,0,2025,3,8,2320000,3880000,1,1
202601,6,,안동구도심,47170,14,0,0,0,1,0,5,32,03,6,1,없음,50,4,0,0,0,1,1,2,1,10,1,1,1,1,1,8,1,3,1,1,S,953,1,1,1,3,3,7,3,3,11600,1,1,0,3,3,7,3,3,11600,1,1,0,3,3,7,3,3,11600,1,1,0,2026,3,8,2320000,3880000,1,1
202601,6,,0.비상권,47170,14,0,0,0,1,0,8,21,04,6,2,없음,150,6,0,1,0,2,2,4,1,10,2,1,1,1,1,8,2,3,1,1,I,562,3,1,4,4,4,5,4,4,6500,1,1,0,4,4,5,4,4,6500,1,1,0,4,4,5,4,4,6500,1,1,0,2025,3,10,1810000,1760000,1,1
202601,6,,0.비상권,47170,14,0,0,0,1,0,8,21,04,6,2,없음,150,6,0,1,0,2,2,4,1,10,2,1,1,1,1,8,2,3,2,2,0,999,3,1,3,1,1,1,4,3,5500,1,1,0,1,1,1,4,3,5500,1,1,0,1,1,1,4,3,5500,1,1,0,0,1,1,1810000,1760000,1,1
202601,6,,0.비상권,47170,22,0,0,0,1,0,4,21,03,7,2,없음,80,7,1,0,0,2,2,4,1,10,2,1,2,1,1,8,2,3,1,1,I,561,4,1,4,4,4,4,4,4,5700,1,1,0,4,4,4,4,4,5700,1,1,0,4,4,4,4,4,5700,1,1,0,2025,4,9,1680000,1350000,1,1
202601,6,,0.비상권,47170,22,0,0,0,1,0,4,21,03,7,2,없음,80,7,1,0,0,2,2,4,1,10,2,1,2,1,1,8,2,3,2,2,0,999,3,1,4,1,1,1,4,3,4400,1,1,0,1,1,1,4,3,4400,1,1,0,1,1,1,4,3,4400,1,1,0,0,1,1,1680000,1350000,1,1
202601,6,,안동구도심,47170,22,0,0,0,1,0,1,21,03,10,2,없음,100,8,0,0,0,2,2,4,1,10,2,2,1,1,1,8,2,3,1,1,I,561,4,1,4,4,4,4,4,4,6100,1,1,0,4,4,4,4,4,6100,1,1,0,4,4,4,4,4,6100,1,1,0,2024,3,8,2360000,1240000,1,1
202601,6,,안동구도심,47170,22,0,0,0,1,0,1,21,03,10,2,없음,100,8,0,0,0,2,2,4,1,10,2,2,1,1,1,8,2,3,2,6,0,999,4,1,4,1,1,1,3,3,2300,1,1,1,1,1,1,3,3,2300,1,1,1,1,1,1,3,3,2300,1,1,1,0,1,1,2360000,1240000,1,1
202601,6,,안동구도심,47170,22,0,0,0,1,0,8,32,03,4,1,없음,85,1,0,1,0,4,2,4,1,10,2,1,1,1,1,8,4,3,1,1,G,478,4,1,4,6,7,8,6,7,22600,1,1,0,6,7,8,6,7,22600,1,1,0,6,7,8,6,7,22600,1,1,0,2021,5,9,2680000,7410000,1,1
202601,6,,안동구도심,47170,22,0,0,0,1,0,1,21,04,10,2,없음,50,6,0,0,0,1,1,2,1,10,1,1,1,1,1,8,1,3,1,1,G,474,2,1,2,5,4,7,5,4,26700,1,1,0,5,4,7,5,4,26700,1,1,0,5,4,7,5,4,26700,1,1,0,2025,3,8,3910000,3330000,1,1
202601,6,,안동구도심,47170,22,0,0,0,1,0,1,21,04,10,2,없음,50,6,0,0,0,1,1,2,1,10,1,1,1,1,1,8,1,3,2,1,G,474,1,1,1,4,3,7,4,3,14100,1,1,0,4,3,7,4,3,14100,1,1,0,4,3,7,4,3,14100,1,1,0,2025,3,8,3910000,3330000,1,1
202601,6,,안동구도심,47170,22,0,0,0,1,0,5,21,03,6,1,없음,50,6,0,0,0,2,2,4,1,10,2,1,1,1,1,8,2,3,1,1,I,561,3,1,3,5,6,9,4,6,31700,1,1,0,5,6,9,4,6,31700,1,1,0,5,6,9,4,6,31700,1,1,0,2025,3,7,4690000,6210000,1,2
202601,6,,안동구도심,47170,22,0,0,0,1,0,5,21,03,6,1,없음,50,6,0,0,0,2,2,4,1,10,2,1,1,1,1,8,2,3,1,1,I,561,2,1,2,5,5,9,4,5,37000,1,1,0,5,5,9,4,5,37000,1,1,0,5,5,9,4,5,37000,1,1,0,2025,3,7,4690000,6210000,1,2
202601,6,,안동구도심,47170,22,0,0,0,1,0,5,21,03,6,1,없음,50,6,0,0,0,2,2,4,1,10,2,1,1,1,1,8,2,3,2,6,0,999,2,1,2,1,1,1,4,5,19700,1,1,1,1,1,1,4,5,19700,1,1,1,1,1,1,4,5,19700,1,1,1,0,1,1,4690000,6210000,1,2
202601,6,,안동구도심,47170,22,0,0,0,1,0,1,21,04,1,1,없음,51,4,0,0,0,2,2,4,1,10,2,1,1,1,1,8,2,3,1,1,G,473,1,1,2,3,3,5,3,3,7400,1,1,0,3,3,5,3,3,7400,1,1,0,3,3,5,3,3,7400,1,1,0,2025,2,10,1900000,1240000,1,1
202601,6,,안동구도심,47170,22,0,0,0,1,0,1,21,04,1,1,없음,51,4,0,0,0,2,2,4,1,10,2,1,1,1,1,8,2,3,1,1,I,561,2,1,2,3,3,4,3,3,5100,1,1,0,3,3,4,3,3,5100,1,1,0,3,3,4,3,3,5100,1,1,0,2025,3,9,1900000,1240000,1,1
202601,6,,안동구도심,47170,22,0,0,0,1,0,1,21,04,1,1,없음,51,4,0,0,0,2,2,4,1,10,2,1,1,1,1,8,2,3,1,1,G,478,2,1,2,3,3,6,3,3,8100,1,1,0,3,3,6,3,3,8100,1,1,0,3,3,6,3,3,8100,1,1,0,2024,3,9,1900000,1240000,1,1
202601,6,,안동구도심,47170,22,0,0,0,1,0,1,21,04,1,1,없음,51,4,0,0,0,2,2,4,1,10,2,1,1,1,1,8,2,3,1,1,G,474,2,1,2,3,3,6,3,3,8100,1,1,0,3,3,6,3,3,8100,1,1,0,3,3,6,3,3,8100,1,1,0,2025,3,10,1900000,1240000,1,1
202601,6,,안동구도심,47170,22,0,0,0,1,0,1,21,04,1,1,없음,51,4,0,0,0,2,2,4,1,10,2,1,1,1,1,8,2,3,2,1,R,901,4,1,4,3,3,3,3,3,2300,1,1,0,3,3,3,3,3,2300,1,1,0,3,3,3,3,3,2300,1,1,0,2024,3,8,1900000,1240000,1,1
202601,6,,안동구도심,47170,22,0,0,0,1,0,5,11,04,8,1,없음,98,5,0,0,0,1,1,2,1,10,1,1,1,1,1,8,1,3,1,1,G,472,2,1,2,3,3,6,3,3,9900,1,1,0,3,3,6,3,3,9900,1,1,0,3,3,6,3,3,9900,1,1,0,2024,3,7,2440000,3600000,1,1
202601,6,,안동구도심,47170,22,0,0,0,1,0,4,32,03,8,1,없음,100,8,0,0,0,1,1,2,1,10,1,1,1,1,1,8,1,3,1,1,G,478,2,1,2,4,3,4,4,3,5400,1,1,0,4,3,4,4,3,5400,1,1,0,4,3,4,4,3,5400,1,1,0,2023,4,8,1100000,1470000,1,1
202601,6,,안동구도심,47170,22,0,0,0,1,0,1,21,03,1,1,없음,90,8,0,0,0,1,1,1,1,10,1,1,1,1,1,8,1,3,1,1,G,463,1,1,1,3,3,6,3,3,9600,1,1,0,3,3,6,3,3,9600,1,1,0,3,3,6,3,3,9600,1,1,0,2024,3,7,2150000,1300000,1,2
202601,6,,안동구도심,47170,22,0,0,0,1,0,1,21,03,10,1,없음,170,6,0,0,0,1,1,1,1,10,1,1,1,1,1,8,1,3,1,1,G,472,1,1,1,1,2,7,2,2,10300,1,1,0,1,2,7,2,2,10300,1,1,0,1,2,7,2,2,10300,1,1,0,2025,4,9,1900000,1910000,1,2
202601,6,,안동구도심,47170,22,0,0,0,1,0,1,21,03,10,1,없음,170,6,0,0,0,1,1,1,1,10,1,1,1,1,1,8,1,3,1,1,G,474,1,1,1,2,3,7,2,3,10000,1,1,0,2,3,7,2,3,10000,1,1,0,2,3,7,2,3,10000,1,1,0,2025,3,9,1810000,1820000,1,1
202601,6,,안동구도심,47170,22,0,0,0,1,0,1,21,03,9,1,없음,260,8,0,0,0,1,1,1,1,10,1,1,1,1,1,8,1,3,1,1,G,472,1,1,1,2,3,7,2,3,10000,1,1,0,2,3,7,2,3,10000,1,1,0,2,3,7,2,3,10000,1,1,0,2024,3,10,1620000,1960000,1,1
202601,6,,안동구도심,47170,22,0,0,0,1,0,4,21,03,8,1,없음,155,7,0,0,0,1,1,1,1,10,1,1,1,1,1,8,1,3,1,1,G,472,1,1,1,5,4,9,5,4,38300,1,1,0,5,4,9,5,4,38300,1,1,0,5,4,9,5,4,38300,1,1,0,2026,3,6,4410000,5660000,1,3
202601,6,,안동구도심,47170,22,0,0,0,1,0,7,32,03,8,1,없음,64,1,0,0,0,2,2,4,1,10,2,1,1,1,1,8,2,3,1,1,I,561,2,1,2,4,3,7,4,3,11600,1,1,0,4,3,7,4,3,11600,1,1,0,4,3,7,4,3,11600,1,1,0,2024,3,10,3030000,3960000,1,1
202601,6,,안동구도심,47170,22,0,0,0,1,0,7,32,03,8,1,없음,64,1,0,0,0,2,2,4,1,10,2,1,1,1,1,8,2,3,1,1,I,561,2,1,2,4,4,7,4,4,12100,1,1,0,4,4,7,4,4,12100,1,1,0,4,4,7,4,4,12100,1,1,0,2024,3,9,3030000,3960000,1,1
202601,6,,안동구도심,47170,22,0,0,0,1,0,7,32,03,8,1,없음,64,1,0,0,0,2,2,4,1,10,2,1,1,1,1,8,2,3,1,1,I,561,2,1,2,4,4,7,4,4,11200,1,1,0,4,4,7,4,4,11200,1,1,0,4,4,7,4,4,11200,1,1,0,2025,3,9,3030000,3960000,1,1
202601,6,,안동구도심,47170,22,0,0,0,1,0,1,21,03,8,2,없음,90,5,0,0,0,1,2,4,1,10,2,1,1,1,1,8,1,3,1,1,G,472,2,1,2,3,3,6,3,3,8900,1,1,0,3,3,6,3,3,8900,1,1,0,3,3,6,3,3,8900,1,1,0,2026,3,10,2280000,1440000,1,1
202601,6,,안동구도심,47170,22,0,0,0,1,0,1,21,03,8,2,없음,90,5,0,0,0,1,2,4,1,10,2,1,1,1,1,8,1,3,2,1,S,969,2,1,2,3,3,4,3,3,4300,1,1,0,3,3,4,3,3,4300,1,1,0,3,3,4,3,3,4300,1,1,0,2024,3,9,2280000,1440000,1,1
202601,6,,안동구도심,47170,22,0,0,0,1,0,5,11,03,8,1,없음,300,8,0,0,0,1,1,1,1,10,1,1,1,1,1,8,1,3,1,1,S,961,1,1,1,3,3,5,3,3,7100,1,1,0,3,3,5,3,3,7100,1,1,0,3,3,5,3,3,7100,1,1,0,2024,3,7,1020000,1290000,1,1
202601,6,,안동구도심,47170,22,0,0,0,1,0,1,51,04,9,1,없음,120,5,0,0,0,1,1,2,1,10,1,1,1,1,1,8,1,3,1,1,G,474,2,1,2,6,3,7,5,3,16800,1,1,0,6,3,7,5,3,16800,1,1,0,6,3,7,5,3,16800,1,1,0,2024,3,8,1920000,2300000,1,2
202601,6,,안동구도심,47170,22,0,0,0,1,0,4,21,03,8,2,없음,170,6,0,0,0,2,2,4,1,10,2,1,1,1,1,8,2,3,1,1,G,472,2,1,2,4,3,5,4,3,6300,1,1,0,4,3,5,4,3,6300,1,1,0,4,3,5,4,3,6300,1,1,0,2025,3,10,2260000,1770000,1,1
202601,6,,안동구도심,47170,22,0,0,0,1,0,4,21,03,8,2,없음,170,6,0,0,0,2,2,4,1,10,2,1,1,1,1,8,2,3,1,1,G,478,2,1,2,5,4,7,4,4,12200,1,1,0,5,4,7,4,4,12200,1,1,0,5,4,7,4,4,12200,1,1,0,2025,3,7,2260000,1770000,1,1
202601,6,,안동구도심,47170,22,0,0,0,1,0,4,21,03,8,2,없음,170,6,0,0,0,2,2,4,1,10,2,1,1,1,1,8,2,3,2,2,0,999,3,1,3,1,1,1,4,3,4100,1,1,0,1,1,1,4,3,4100,1,1,0,1,1,1,4,3,4100,1,1,0,0,1,1,2260000,1770000,1,1
202601,6,,안동구도심,47170,22,0,0,0,1,0,5,12,03,8,1,없음,280,4,0,0,0,1,1,2,1,10,1,1,1,1,1,8,1,3,1,1,G,478,2,1,2,3,3,6,4,3,9400,1,1,0,3,3,6,4,3,9400,1,1,0,3,3,6,4,3,9400,1,1,0,2026,3,6,2480000,3120000,1,1
202601,6,,안동구도심,47170,22,0,0,0,1,0,1,13,04,8,2,없음,230,4,0,0,0,1,1,3,1,10,1,1,1,1,1,8,1,3,1,1,G,478,2,1,2,4,3,6,4,3,8500,1,1,0,4,3,6,4,3,8500,1,1,0,4,3,6,4,3,8500,1,1,0,2026,3,7,2300000,1660000,1,1
202601,6,,안동구도심,47170,22,0,0,0,1,0,1,13,04,8,2,없음,230,4,0,0,0,1,1,3,1,10,1,1,1,1,1,8,1,3,2,1,G,478,1,1,1,1,2,3,3,2,3000,1,1,0,1,2,3,3,2,3000,1,1,0,1,2,3,3,2,3000,1,1,0,2026,3,7,2300000,1660000,1,1
202601,6,,안동구도심,47170,22,0,0,0,1,0,5,32,03,8,1,없음,96,4,0,0,0,2,2,4,1,10,2,1,1,1,1,8,2,2,1,1,I,561,4,1,4,4,4,5,4,4,5900,1,1,0,4,4,5,4,4,5900,1,1,0,4,4,5,4,4,5900,1,1,0,2025,3,10,1420000,1800000,1,1
202601,6,,안동구도심,47170,22,0,0,0,1,0,1,21,03,6,2,없음,40,5,0,0,0,2,2,4,1,10,1,1,1,1,1,8,2,2,1,1,F,424,3,1,3,3,4,6,3,4,8300,1,1,0,3,4,6,3,4,8300,1,1,0,3,4,6,3,4,8300,1,1,0,2024,3,9,1520000,1290000,1,1
202601,6,,안동구도심,47170,22,0,0,0,1,0,1,21,03,6,2,없음,40,5,0,0,0,2,2,4,1,10,1,1,1,1,1,8,2,2,2,2,0,999,3,1,3,1,1,1,3,3,4500,1,1,0,1,1,1,3,3,4500,1,1,0,1,1,1,3,3,4500,1,1,0,0,1,1,1520000,1290000,1,1
202601,6,,안동구도심,47170,22,0,0,0,1,0,8,21,03,6,2,없음,150,1,1,1,0,2,2,4,2,9,2,1,1,1,1,8,2,2,1,1,I,561,4,1,4,6,5,7,6,5,11800,1,1,0,6,5,7,6,5,11800,1,1,0,6,5,7,6,5,11800,1,1,0,2024,3,9,2270000,2050000,1,2
202601,6,,안동구도심,47170,22,0,0,0,1,0,8,21,03,6,2,없음,150,1,1,1,0,2,2,4,2,9,2,1,1,1,1,8,2,2,2,1,N,751,4,1,4,4,4,4,4,4,4300,1,1,0,4,4,4,4,4,4300,1,1,0,4,4,4,4,4,4300,1,1,0,2025,3,10,2270000,2050000,1,2
202601,6,,0.비상권,47170,14,0,0,0,1,0,7,32,03,6,1,없음,100,1,0,0,0,1,1,2,1,10,1,1,1,1,1,8,1,2,1,1,G,466,2,1,2,5,4,7,5,4,16800,1,1,0,5,4,7,5,4,16800,1,1,0,5,4,7,5,4,16800,1,1,0,2026,3,8,1940000,3230000,1,1
202601,6,,0.비상권,47170,14,0,0,0,1,0,7,32,03,6,1,없음,100,1,0,0,0,1,1,2,1,10,1,1,1,1,1,8,1,2,1,2,G,466,1,1,1,1,1,1,3,3,17500,1,1,0,1,1,1,3,3,17500,1,1,0,1,1,1,3,3,17500,1,1,0,0,1,1,1940000,3230000,1,1
202601,6,,안동구도심,47170,14,0,0,0,1,0,7,31,03,6,2,없음,140,6,0,1,0,2,2,4,1,10,2,1,1,1,1,8,2,2,1,1,R,902,4,1,4,5,4,5,5,4,7800,1,1,0,5,4,5,5,4,7800,1,1,0,5,4,5,5,4,7800,1,1,0,2017,6,9,1600000,1330000,1,1
202601,6,,안동구도심,47170,14,0,0,0,1,0,7,31,03,6,2,없음,140,6,0,1,0,2,2,4,1,10,2,1,1,1,1,8,2,2,2,1,R,902,4,1,4,4,3,3,4,3,3900,1,1,0,4,3,3,4,3,3900,1,1,0,4,3,3,4,3,3900,1,1,0,2017,6,9,1600000,1330000,1,1
202601,6,,안동구도심,47170,14,0,0,0,1,0,1,21,03,1,1,없음,40,4,0,0,0,2,2,4,1,10,1,1,1,1,1,8,2,3,1,1,I,561,2,1,2,3,3,5,3,3,6100,1,1,0,3,3,5,3,3,6100,1,1,0,3,3,5,3,3,6100,1,1,0,2025,5,9,1610000,1420000,1,1
202601,6,,안동구도심,47170,14,0,0,0,1,0,1,21,03,1,1,없음,40,4,0,0,0,2,2,4,1,10,1,1,1,1,1,8,2,3,2,2,0,999,2,1,2,1,1,1,3,3,3900,1,1,0,1,1,1,3,3,3900,1,1,0,1,1,1,3,3,3900,1,1,0,0,1,1,1610000,1420000,1,1
202601,6,,안동구도심,47170,14,0,0,0,1,0,2,12,03,4,1,없음,80,6,0,0,0,2,1,3,1,10,1,1,1,1,1,8,2,2,1,6,0,999,2,1,2,1,1,1,3,3,8500,1,1,1,1,1,1,3,3,8500,1,1,1,1,1,1,3,3,8500,1,1,1,0,1,1,730000,2020000,1,2
202601,6,,안동구도심,47170,14,0,0,0,1,0,2,12,03,4,1,없음,80,6,0,0,0,2,1,3,1,10,1,1,1,1,1,8,2,2,1,1,I,561,2,1,2,3,3,6,3,3,8500,1,1,0,3,3,6,3,3,8500,1,1,0,3,3,6,3,3,8500,1,1,0,2025,3,7,730000,2020000,1,2
202601,6,,안동구도심,47170,14,0,0,0,1,0,1,12,04,1,1,없음,10,4,0,0,0,2,1,3,1,10,1,1,1,1,1,8,2,3,1,1,I,561,3,1,3,4,3,5,4,3,6500,1,1,0,4,3,5,4,3,6500,1,1,0,4,3,5,4,3,6500,1,1,0,2025,3,10,1410000,2390000,1,1
202601,6,,안동구도심,47170,14,0,0,0,1,0,1,21,03,1,1,없음,100,4,0,0,0,2,2,4,1,10,1,1,1,1,1,8,2,3,1,1,S,961,2,1,2,3,3,5,3,3,6600,1,1,0,3,3,5,3,3,6600,1,1,0,3,3,5,3,3,6600,1,1,0,2025,3,4,1430000,1350000,1,1
202601,6,,안동구도심,47170,14,0,0,0,1,0,1,21,03,1,1,없음,100,4,0,0,0,2,2,4,1,10,1,1,1,1,1,8,2,3,1,1,G,478,2,1,2,3,3,5,3,3,6600,1,1,0,3,3,5,3,3,6600,1,1,0,3,3,5,3,3,6600,1,1,0,2025,3,9,1430000,1350000,1,1
202601,6,,안동구도심,47170,14,0,0,0,1,0,1,21,03,1,1,없음,100,4,0,0,0,2,2,4,1,10,1,1,1,1,1,8,2,3,2,2,0,999,3,1,3,1,1,1,3,3,4100,1,1,0,1,1,1,3,3,4100,1,1,0,1,1,1,3,3,4100,1,1,0,0,1,1,1430000,1350000,1,1
202601,6,,안동구도심,47170,14,0,0,0,1,0,1,21,03,6,2,없음,40,4,0,0,0,2,2,4,1,10,2,1,1,1,1,8,2,2,1,1,I,561,2,1,3,4,3,5,4,3,7100,1,1,0,4,3,5,4,3,7100,1,1,0,4,3,5,4,3,7100,1,1,0,2026,4,10,1680000,1550000,1,2
202601,6,,안동구도심,47170,14,0,0,0,1,0,1,21,03,6,2,없음,40,4,0,0,0,2,2,4,1,10,2,1,1,1,1,8,2,2,2,1,F,411,2,1,3,3,3,3,3,3,3300,1,1,0,3,3,3,3,3,3300,1,1,0,3,3,3,3,3,3300,1,1,0,2025,3,10,1680000,1550000,1,2
202601,6,,안동구도심,47170,22,0,0,0,1,0,4,32,03,8,1,없음,93,2,0,0,0,2,2,4,1,10,2,1,1,1,1,8,2,2,1,1,F,424,1,1,2,3,3,7,3,3,12400,1,1,0,3,3,7,3,3,12400,1,1,0,3,3,7,3,3,12400,1,1,0,2024,3,8,2110000,2690000,1,1
202601,6,,안동구도심,47170,22,0,0,0,1,0,4,32,03,8,1,없음,93,2,0,0,0,2,2,4,1,10,2,1,1,1,1,8,2,2,1,2,C,108,1,1,1,1,1,1,3,3,12600,1,1,0,1,1,1,3,3,12600,1,1,0,1,1,1,3,3,12600,1,1,0,0,1,1,2110000,2690000,1,1
202601,6,,안동구도심,47170,22,0,0,0,1,0,4,32,03,8,1,없음,93,2,0,0,0,2,2,4,1,10,2,1,1,1,1,8,2,2,1,1,C,339,2,1,3,6,4,7,6,4,12200,1,1,0,6,4,7,6,4,12200,1,1,0,6,4,7,6,4,12200,1,1,0,2024,3,7,2110000,2690000,1,1
202601,6,,0.비상권,47170,14,0,0,0,1,0,7,32,03,6,1,없음,230,5,0,0,0,2,2,4,1,10,2,1,1,1,1,1,2,3,1,1,L,682,2,1,2,4,4,7,4,4,16300,1,1,0,4,4,7,4,4,16300,1,1,0,4,4,7,4,4,16300,1,1,0,2025,3,10,1500000,2500000,1,1
202601,6,,0.비상권,47170,14,0,0,0,1,0,7,32,03,6,1,없음,230,5,0,0,0,2,2,4,1,10,2,1,1,1,1,1,2,3,1,1,G,472,3,1,3,5,4,7,5,4,11700,1,1,0,5,4,7,5,4,11700,1,1,0,5,4,7,5,4,11700,1,1,0,2025,3,10,1500000,2500000,1,1
202601,6,,옥동사거리,47170,22,0,0,0,1,0,5,32,03,8,1,없음,115,6,0,0,0,2,2,4,1,10,2,1,1,1,1,8,2,3,1,1,I,561,4,1,4,4,4,4,4,5,5800,1,1,0,4,4,4,4,5,5800,1,1,0,4,4,4,4,5,5800,1,1,0,2024,3,9,1670000,2330000,1,1
202601,6,,옥동사거리,47170,14,0,0,0,1,0,6,32,04,6,2,없음,149,5,0,1,0,2,2,4,1,10,2,1,1,1,1,8,2,3,1,1,I,561,4,1,4,5,5,7,5,5,11800,1,1,0,5,5,7,5,5,11800,1,1,0,5,5,7,5,5,11800,1,1,0,2024,4,10,2610000,2380000,1,1
202601,6,,옥동사거리,47170,14,0,0,0,1,0,6,32,04,6,2,없음,149,5,0,1,0,2,2,4,1,10,2,1,1,1,1,8,2,3,2,1,P,857,4,1,4,4,4,4,4,4,5900,1,1,0,4,4,4,4,4,5900,1,1,0,4,4,4,4,4,5900,1,1,0,2025,3,9,2610000,2380000,1,1
202601,6,,옥동사거리,47170,14,0,0,0,1,0,5,32,04,3,1,없음,200,5,0,0,0,4,2,4,1,10,2,1,1,1,1,8,3,3,1,1,I,562,4,1,4,6,6,7,6,6,13700,1,1,0,6,6,7,6,6,13700,1,1,0,6,6,7,6,6,13700,1,1,0,2024,3,8,3290000,6360000,1,1
202601,6,,옥동사거리,47170,14,0,0,0,1,0,6,21,04,6,2,없음,38,2,0,1,0,2,2,4,1,10,2,1,1,1,1,8,2,3,1,1,I,562,4,1,4,4,5,7,5,5,12300,1,1,0,4,5,7,5,5,12300,1,1,0,4,5,7,5,5,12300,1,1,0,2024,3,9,3720000,3280000,1,1
202601,6,,옥동사거리,47170,14,0,0,0,1,0,6,21,04,6,2,없음,38,2,0,1,0,2,2,4,1,10,2,1,1,1,1,8,2,3,2,1,I,561,4,1,4,5,4,6,4,4,7400,1,1,0,5,4,6,4,4,7400,1,1,0,5,4,6,4,4,7400,1,1,0,2024,3,10,3720000,3280000,1,1
202601,6,,옥동사거리,47170,14,0,0,0,1,0,5,32,03,6,1,없음,130,7,0,0,0,2,2,4,1,10,2,1,1,1,1,8,2,3,1,1,I,561,4,1,4,6,5,7,6,5,13600,1,1,0,6,5,7,6,5,13600,1,1,0,6,5,7,6,5,13600,1,1,0,2024,3,10,1940000,3260000,1,1
202601,6,,옥동사거리,47170,14,0,0,0,1,0,5,31,04,6,1,없음,119,7,0,1,0,3,2,4,1,10,2,1,1,1,1,8,3,3,1,1,I,561,4,1,4,6,6,7,6,6,13500,1,1,0,6,6,7,6,6,13500,1,1,0,6,6,7,6,6,13500,1,1,0,2025,3,10,1780000,3050000,1,1
202601,6,,옥동사거리,47170,14,0,0,0,1,0,5,32,04,6,1,없음,85,7,0,0,0,2,2,4,1,10,2,1,1,1,1,8,2,3,1,1,I,561,4,1,4,6,5,7,6,5,13300,1,1,0,6,5,7,6,5,13300,1,1,0,6,5,7,6,5,13300,1,1,0,2025,3,10,1650000,2890000,1,2
202601,6,,옥동사거리,47170,14,0,0,0,1,0,3,32,03,6,1,없음,15,1,0,0,0,2,2,4,1,10,1,1,1,1,1,8,2,2,1,2,I,561,2,1,2,1,1,1,3,3,7000,1,1,0,1,1,1,3,3,7000,1,1,0,1,1,1,3,3,7000,1,1,0,0,1,1,2220000,4070000,1,2
202601,6,,옥동사거리,47170,14,0,0,0,1,0,3,32,03,6,1,없음,15,1,0,0,0,2,2,4,1,10,1,1,1,1,1,8,2,2,1,2,I,561,2,1,2,1,1,1,3,3,7600,1,1,0,1,1,1,3,3,7600,1,1,0,1,1,1,3,3,7600,1,1,0,0,1,1,2220000,4070000,1,2
202601,6,,옥동사거리,47170,14,0,0,0,1,0,3,32,03,6,1,없음,15,1,0,0,0,2,2,4,1,10,1,1,1,1,1,8,2,2,1,1,I,561,2,1,2,3,3,5,3,3,7000,1,1,0,3,3,5,3,3,7000,1,1,0,3,3,5,3,3,7100,1,1,0,2024,3,9,2220000,4070000,1,2
202601,6,,옥동사거리,47170,14,0,0,0,1,0,4,32,03,6,1,없음,70,1,0,0,0,2,2,4,1,10,2,1,1,1,1,8,2,2,1,1,Q,869,2,1,2,3,3,6,3,3,9000,1,1,0,3,3,6,3,3,9000,1,1,0,3,3,6,3,3,9000,1,1,0,2025,3,10,2260000,3890000,1,2
202601,6,,옥동사거리,47170,14,0,0,0,1,0,4,32,03,6,1,없음,70,1,0,0,0,2,2,4,1,10,2,1,1,1,1,8,2,2,1,1,I,561,2,1,2,3,3,6,3,3,9000,1,1,0,3,3,6,3,3,9000,1,1,0,3,3,6,3,3,9000,1,1,0,2025,3,10,2260000,3890000,1,2
202601,6,,옥동사거리,47170,14,0,0,0,1,0,4,32,03,6,1,없음,70,1,0,0,0,2,2,4,1,10,2,1,1,1,1,8,2,2,1,1,Q,869,2,1,2,3,3,6,3,3,8800,1,1,0,3,3,6,3,3,8800,1,1,0,3,3,6,3,3,8800,1,1,0,2025,3,10,2260000,3890000,1,2
202601,6,,옥동사거리,47170,14,0,0,0,1,0,8,32,04,6,1,없음,3,1,0,0,0,2,1,2,1,10,1,1,1,1,1,8,2,3,1,1,P,852,1,1,1,4,3,7,4,3,15200,1,1,0,4,3,7,4,3,15200,1,1,0,4,3,7,4,3,15200,1,1,0,2024,3,9,2300000,4050000,1,1
202601,6,,옥동사거리,47170,14,0,0,0,1,0,8,32,04,6,1,없음,3,1,0,0,0,2,1,2,1,10,1,1,1,1,1,8,2,3,1,1,S,961,1,1,1,4,3,7,4,3,15600,1,1,0,4,3,7,4,3,15600,1,1,0,4,3,7,4,3,15600,1,1,0,2024,5,9,2300000,4050000,1,1
202601,6,,옥동사거리,47170,14,0,0,0,1,0,3,32,04,6,1,없음,34,1,0,0,0,2,1,3,1,10,1,1,1,1,1,8,2,2,1,1,F,424,3,1,3,4,4,5,4,4,7400,1,1,0,4,4,5,4,4,7400,1,1,0,4,4,5,4,4,7400,1,1,0,2025,3,10,2210000,3730000,1,1
202601,6,,0.비상권,47170,14,0,0,0,1,0,6,32,04,6,1,없음,400,6,0,0,0,2,2,4,1,9,2,1,1,1,1,8,2,2,1,1,I,561,2,1,2,3,3,5,3,3,7800,1,1,0,3,3,5,3,3,7800,1,1,0,3,3,5,3,3,7800,1,1,0,2025,3,10,1130000,1980000,1,1
202601,6,,0.비상권,47170,14,0,0,0,1,0,6,32,04,6,1,없음,400,6,0,0,0,2,2,4,1,9,2,1,1,1,1,8,2,2,1,1,I,562,1,1,2,3,3,5,3,3,7600,1,1,0,3,3,5,3,3,7600,1,1,0,3,3,5,3,3,7600,1,1,0,2025,3,10,1130000,1980000,1,1
202601,6,,0.비상권,47170,14,0,0,0,1,0,6,32,04,6,1,없음,400,6,0,0,0,2,2,4,1,9,2,1,1,1,1,8,2,2,1,1,I,561,2,1,2,4,3,5,4,3,7600,1,1,0,4,3,5,4,3,7600,1,1,0,4,3,5,4,3,7600,1,1,0,2025,3,8,1130000,1980000,1,1
202601,6,,0.비상권,47170,14,0,0,0,1,0,6,32,04,6,1,없음,400,6,0,0,0,2,2,4,1,9,2,1,1,1,1,8,2,2,1,1,S,969,2,1,2,3,3,5,3,3,7400,1,1,0,3,3,5,3,3,7400,1,1,0,3,3,5,3,3,7400,1,1,0,2024,3,10,1130000,1980000,1,1
202601,6,,0.비상권,47170,14,0,0,0,1,0,7,21,04,6,1,없음,800,8,0,1,0,2,2,4,1,10,2,2,1,1,1,8,2,3,1,6,0,999,4,1,4,1,1,1,6,5,13000,1,1,1,1,1,1,6,5,13000,1,1,1,1,1,1,6,5,13000,1,1,1,0,1,1,1750000,1800000,1,1
202601,6,,0.비상권,47170,14,0,0,0,1,0,7,21,04,6,1,없음,800,8,0,1,0,2,2,4,1,10,2,2,1,1,1,8,2,3,2,1,S,961,4,1,4,6,4,6,6,4,8200,1,1,0,6,4,6,6,4,8200,1,1,0,6,4,6,6,4,8200,1,1,0,2025,3,9,1750000,1800000,1,1
202601,6,,구미역,47190,22,0,0,0,1,0,3,21,04,7,2,없음,100,4,0,0,0,2,2,4,1,9,1,1,1,1,1,8,2,2,1,1,I,561,3,1,3,5,3,4,5,4,6700,1,1,0,5,3,4,5,4,6700,1,1,0,5,3,4,5,4,6700,1,1,0,2025,3,8,2190000,1640000,1,1
202601,6,,구미역,47190,22,0,0,0,1,0,3,21,04,7,2,없음,100,4,0,0,0,2,2,4,1,9,1,1,1,1,1,8,2,2,2,6,0,999,3,1,3,1,1,1,4,3,4600,1,1,1,1,1,1,4,3,4600,1,1,1,1,1,1,4,3,4600,1,1,1,0,1,1,2190000,1640000,1,1
202601,6,,구미역,47190,14,0,0,0,1,0,2,21,03,6,2,없음,500,4,0,0,0,2,2,4,1,10,2,1,1,1,1,8,2,2,1,1,I,561,2,1,2,4,4,7,4,4,12500,1,1,0,4,4,7,4,4,12500,1,1,0,4,4,7,4,4,12500,1,1,0,2025,3,9,1690000,1510000,1,1
202601,6,,구미역,47190,14,0,0,0,1,0,2,21,03,6,2,없음,500,4,0,0,0,2,2,4,1,10,2,1,1,1,1,8,2,2,1,1,G,476,2,1,2,4,4,7,4,4,12500,1,1,0,4,4,7,4,4,12500,1,1,0,4,4,7,4,4,12500,1,1,0,2025,3,9,1690000,1510000,1,1
202601,6,,구미역,47190,14,0,0,0,1,0,2,21,03,6,2,없음,500,4,0,0,0,2,2,4,1,10,2,1,1,1,1,8,2,2,2,1,0,999,3,1,3,4,3,3,4,3,3800,1,1,0,4,3,3,4,3,3800,1,1,0,4,3,3,4,3,3800,1,1,0,2024,3,8,1690000,1510000,1,1
202601,6,,구미역,47190,16,0,0,0,1,0,6,32,03,7,1,없음,200,4,0,0,0,2,1,3,1,10,1,1,1,1,1,8,2,2,1,1,I,551,2,1,2,4,4,7,4,4,18500,1,1,0,4,4,7,4,4,18500,1,1,0,4,4,7,4,4,18500,1,1,0,2025,3,10,2440000,3370000,1,2
202601,6,,구미역,47190,16,0,0,0,1,0,6,32,03,7,1,없음,200,4,0,0,0,2,1,3,1,10,1,1,1,1,1,8,2,2,1,1,I,562,2,1,2,4,4,7,4,4,17000,1,1,0,4,4,7,4,4,17000,1,1,0,4,4,7,4,4,17000,1,1,0,2025,3,10,2440000,3370000,1,2
202601,6,,구미역,47190,16,0,0,0,1,0,3,12,04,7,1,없음,200,4,0,0,0,1,1,2,1,10,1,1,1,1,1,8,1,2,1,1,S,969,2,1,2,4,4,7,4,4,15300,1,1,0,4,4,7,4,4,15300,1,1,0,4,4,7,4,4,15300,1,1,0,2025,3,9,2180000,3130000,1,2
202601,6,,구미역,47190,22,0,0,0,1,0,6,32,03,6,1,없음,3,4,0,0,0,3,2,4,1,10,2,1,1,1,1,8,3,2,1,1,I,561,2,1,2,4,4,7,4,4,15500,1,1,0,4,4,7,4,4,15500,1,1,0,4,4,7,4,4,15500,1,1,0,2025,3,7,4870000,9190000,1,1
202601,6,,구미역,47190,22,0,0,0,1,0,6,32,03,6,1,없음,3,4,0,0,0,3,2,4,1,10,2,1,1,1,1,8,3,2,1,1,G,478,4,1,4,6,5,7,6,5,16600,1,1,0,6,5,7,6,5,16600,1,1,0,6,5,7,6,5,16600,1,1,0,2025,3,7,4870000,9190000,1,1
202601,6,,구미역,47190,22,0,0,0,1,0,1,21,03,6,1,없음,100,6,0,0,0,2,2,4,1,10,1,1,1,1,1,8,2,2,1,1,S,961,2,1,2,4,3,7,4,3,10700,1,1,0,4,3,7,4,3,10700,1,1,0,4,3,7,4,3,10700,1,1,0,2025,3,9,1450000,1480000,1,1
202601,6,,구미역,47190,22,0,0,0,1,0,1,21,03,6,1,없음,100,6,0,0,0,2,2,4,1,10,1,1,1,1,1,8,2,2,1,1,I,562,2,1,2,3,3,6,3,3,9700,1,1,0,3,3,6,3,3,9700,1,1,0,3,3,6,3,3,9700,1,1,0,2024,3,9,1450000,1480000,1,1
202601,6,,구미역,47190,22,0,0,0,1,0,1,21,03,6,1,없음,100,6,0,0,0,2,2,4,1,10,1,1,1,1,1,8,2,2,2,6,0,999,3,1,3,1,1,1,3,3,4600,1,1,1,1,1,1,3,3,4600,1,1,1,1,1,1,3,3,4600,1,1,1,0,1,1,1450000,1480000,1,1
202601,6,,구미역,47190,22,0,0,0,1,0,1,21,03,6,1,없음,170,6,0,0,0,2,2,4,1,10,2,1,1,1,1,8,2,2,1,1,S,961,1,1,1,3,3,7,3,3,12600,1,1,0,3,3,7,3,3,12600,1,1,0,3,3,7,3,3,12600,1,1,0,2025,3,8,2710000,1960000,1,1
202601,6,,구미역,47190,22,0,0,0,1,0,1,21,03,6,1,없음,170,6,0,0,0,2,2,4,1,10,2,1,1,1,1,8,2,2,1,1,G,478,3,1,3,4,4,6,4,4,8800,1,1,0,4,4,6,4,4,8800,1,1,0,4,4,6,4,4,8800,1,1,0,2024,3,8,2710000,1960000,1,1
202601,6,,구미역,47190,22,0,0,0,1,0,1,21,03,6,1,없음,170,6,0,0,0,2,2,4,1,10,2,1,1,1,1,8,2,2,2,1,0,999,3,1,4,4,3,3,4,3,3900,1,1,0,4,3,3,4,3,3900,1,1,0,4,3,3,4,3,3900,1,1,0,2025,3,8,2710000,1960000,1,1
202601,6,,구미역,47190,22,0,0,0,1,0,1,51,03,1,1,없음,80,4,0,0,0,2,1,2,1,10,1,1,1,1,1,8,2,2,1,1,G,478,2,1,2,6,6,9,6,6,43600,1,1,0,6,6,9,6,6,43600,1,1,0,6,6,9,6,6,43600,1,1,0,2025,3,8,10430000,23090000,1,1
202601,6,,구미역,47190,22,0,0,0,1,0,4,21,03,9,2,없음,230,4,0,0,0,2,2,4,1,9,2,1,1,1,1,8,2,2,1,1,G,478,3,1,3,6,5,8,6,5,22800,1,1,0,6,5,8,6,5,22800,1,1,0,6,5,8,6,5,22800,1,1,0,2023,5,8,6610000,4140000,1,1
202601,6,,구미역,47190,22,0,0,0,1,0,4,21,03,9,2,없음,230,4,0,0,0,2,2,4,1,9,2,1,1,1,1,8,2,2,2,1,G,478,3,1,3,3,4,5,3,4,7800,1,1,0,3,4,5,3,4,7800,1,1,0,3,4,5,3,4,7800,1,1,0,2023,5,8,6610000,4140000,1,1
202601,6,,구미역,47190,22,0,0,0,1,0,2,21,03,7,1,없음,50,4,0,0,0,2,1,3,1,10,1,1,1,1,1,8,2,2,1,1,G,473,3,1,3,7,6,9,7,6,43600,1,1,0,7,6,9,7,6,43600,1,1,0,7,6,9,7,6,43600,1,1,0,2024,3,9,9970000,14320000,1,1
202601,6,,구미역,47190,22,0,0,0,1,0,4,21,03,8,1,없음,100,6,0,0,0,2,2,4,1,10,2,1,1,1,1,8,2,2,1,1,G,474,4,1,4,7,7,9,7,7,30400,1,1,0,7,7,9,7,7,30400,1,1,0,7,7,9,7,7,30400,1,1,0,2025,3,10,11320000,14290000,1,1
202601,6,,구미역,47190,22,0,0,0,1,0,1,21,03,8,1,없음,198,7,0,0,0,2,2,4,1,10,2,1,1,1,1,8,2,2,1,1,S,961,2,1,2,4,4,7,4,4,12300,1,1,0,4,4,7,4,4,12300,1,1,0,4,4,7,4,4,12300,1,1,0,2024,3,10,2290000,3010000,1,1
202601,6,,구미역,47190,22,0,0,0,1,0,1,21,03,8,1,없음,198,7,0,0,0,2,2,4,1,10,2,1,1,1,1,8,2,2,1,1,L,682,3,1,3,4,4,6,4,4,9400,1,1,0,4,4,6,4,4,9400,1,1,0,4,4,6,4,4,9400,1,1,0,2024,3,9,2290000,3010000,1,1
202601,6,,구미역,47190,16,0,0,0,1,0,4,11,04,5,1,없음,250,6,0,0,0,3,2,4,1,10,2,1,1,1,1,8,3,2,1,1,G,475,4,1,4,6,5,6,6,5,8200,1,1,0,6,5,6,6,5,8200,1,1,0,6,5,6,6,5,8200,1,1,0,2024,5,9,1370000,2820000,1,1
202601,6,,구미역,47190,16,0,0,0,1,0,5,32,04,4,1,없음,300,1,0,0,0,2,1,3,1,10,1,1,1,1,1,8,2,2,1,1,S,952,3,1,3,5,4,7,5,4,11900,1,1,0,5,4,7,5,4,11900,1,1,0,5,4,7,5,4,11900,1,1,0,2024,3,8,1460000,3660000,1,1
202601,6,,구미역,47190,22,0,0,0,1,0,7,31,03,10,2,없음,150,8,0,0,0,2,2,4,1,10,2,1,1,1,1,8,2,2,1,6,0,999,3,1,3,1,1,1,4,4,9700,1,1,1,1,1,1,4,4,9700,1,1,1,1,1,1,4,4,9700,1,1,1,0,1,1,4870000,2800000,1,1
202601,6,,구미역,47190,22,0,0,0,1,0,7,31,03,10,2,없음,150,8,0,0,0,2,2,4,1,10,2,1,1,1,1,8,2,2,2,1,S,961,4,1,4,4,3,4,4,3,5000,1,1,0,4,3,4,4,3,5000,1,1,0,4,3,4,4,3,5000,1,1,0,2025,3,10,4870000,2800000,1,1
202601,6,,구미역,47190,22,43,0,0,1,0,7,31,03,8,2,없음,60,4,0,0,0,2,2,4,1,10,2,1,1,1,1,8,2,2,1,1,G,474,4,1,4,8,6,8,8,6,27200,1,1,0,8,6,8,8,6,27200,1,1,0,8,6,8,8,6,27200,1,1,0,2025,3,10,7710000,6080000,1,1
202601,6,,구미역,47190,22,43,0,0,1,0,7,31,03,8,2,없음,60,4,0,0,0,2,2,4,1,10,2,1,1,1,1,8,2,2,2,1,G,474,4,1,4,4,4,5,4,4,7700,1,1,0,4,4,5,4,4,7700,1,1,0,4,4,5,4,4,7700,1,1,0,2025,3,10,7710000,6080000,1,1
202601,6,,구미역,47190,22,0,0,0,1,0,7,31,03,8,2,없음,100,4,0,0,0,1,1,3,1,10,1,1,1,1,1,8,1,2,1,6,0,999,2,1,2,1,1,1,6,5,36000,1,1,1,1,1,1,6,5,36000,1,1,1,1,1,1,6,5,36000,1,1,1,0,1,1,8270000,5210000,1,1
202601,6,,구미역,47190,22,0,0,0,1,0,7,31,03,8,2,없음,100,4,0,0,0,1,1,3,1,10,1,1,1,1,1,8,1,2,2,6,0,999,2,1,2,1,1,1,4,4,16400,1,1,1,1,1,1,4,4,16400,1,1,1,1,1,1,4,4,16400,1,1,1,0,1,1,8270000,5210000,1,1
202601,6,,구미역,47190,16,0,0,0,1,0,5,32,03,7,2,없음,200,5,0,0,0,1,1,3,1,10,1,1,1,1,1,8,1,2,1,1,I,561,2,1,2,4,4,7,4,4,13800,1,1,0,4,4,7,4,4,13800,1,1,0,4,4,7,4,4,13800,1,1,0,2026,3,10,2840000,2170000,1,1
202601,6,,구미역,47190,16,0,0,0,1,0,5,32,03,7,2,없음,200,5,0,0,0,1,1,3,1,10,1,1,1,1,1,8,1,2,2,1,I,561,2,1,2,3,3,4,3,3,5800,1,1,0,3,3,4,3,3,5800,1,1,0,3,3,4,3,3,5800,1,1,0,2026,3,10,2840000,2170000,1,1
202601,6,,구미역,47190,16,0,0,0,1,0,2,11,04,6,1,없음,150,5,0,0,0,2,2,4,1,10,2,1,1,1,1,8,2,2,1,1,G,474,3,1,3,1,1,1,4,4,11000,1,1,1,1,1,1,4,4,11000,1,1,1,4,4,7,4,4,11000,1,1,0,2026,3,10,1750000,2090000,1,3
202601,6,,구미역,47190,16,0,0,0,1,0,2,11,04,6,1,없음,150,5,0,0,0,2,2,4,1,10,2,1,1,1,1,8,2,2,2,1,0,999,2,1,2,3,3,5,3,3,7200,1,1,0,3,3,5,3,3,7200,1,1,0,3,3,5,3,3,7200,1,1,0,2026,3,10,1750000,2090000,1,3
202601,6,,구미역,47190,16,0,0,0,1,0,6,31,03,7,2,없음,250,4,0,0,0,2,2,4,1,9,2,1,1,1,1,8,2,2,1,1,I,561,2,1,2,4,4,7,4,4,16500,1,1,0,4,4,7,4,4,16500,1,1,0,4,4,7,4,4,16500,1,1,0,2024,3,10,2600000,2000000,1,2
202601,6,,구미역,47190,16,0,0,0,1,0,6,31,03,7,2,없음,250,4,0,0,0,2,2,4,1,9,2,1,1,1,1,8,2,2,1,1,I,561,2,1,2,4,4,7,4,4,16600,1,1,0,4,4,7,4,4,16600,1,1,0,4,4,7,4,4,16600,1,1,0,2024,3,10,2600000,2000000,1,2
202601,6,,구미역,47190,16,0,0,0,1,0,6,31,03,7,2,없음,250,4,0,0,0,2,2,4,1,9,2,1,1,1,1,8,2,2,2,1,S,961,3,1,3,4,3,5,4,3,6100,1,1,0,4,3,5,4,3,6100,1,1,0,4,3,5,4,3,6100,1,1,0,2024,3,10,2600000,2000000,1,2
202601,6,,구미역,47190,22,0,0,0,1,0,4,32,04,8,1,없음,250,7,0,0,0,2,1,3,1,10,1,1,1,1,1,8,2,2,1,1,R,912,3,1,3,3,3,3,3,3,4300,1,1,0,3,3,3,3,3,4300,1,1,0,3,3,3,3,3,4300,1,1,0,2025,3,10,1330000,1690000,1,1
202601,6,,구미역,47190,22,0,0,0,1,0,4,21,03,8,2,없음,150,8,0,0,0,2,2,4,1,10,2,1,1,1,1,8,2,2,1,1,G,474,3,1,4,4,3,4,4,4,6300,1,1,0,4,3,4,4,4,6300,1,1,0,4,3,4,4,4,6300,1,1,0,2024,3,9,1670000,1190000,1,1
202601,6,,구미역,47190,22,0,0,0,1,0,4,21,03,8,2,없음,150,8,0,0,0,2,2,4,1,10,2,1,1,1,1,8,2,2,2,6,0,999,3,1,3,1,1,1,3,3,2300,1,1,1,1,1,1,3,3,2300,1,1,1,1,1,1,3,3,2300,1,1,1,0,1,1,1670000,1190000,1,1
202601,6,,구미역,47190,22,0,0,0,1,0,1,21,03,7,1,없음,200,1,0,0,0,2,2,4,1,10,2,1,1,1,1,8,2,2,1,1,R,911,4,1,4,5,5,6,5,5,9600,1,1,0,5,5,6,5,5,9600,1,1,0,5,5,6,5,5,9600,1,1,0,2024,3,10,2780000,4120000,1,1
202601,6,,구미역,47190,22,0,0,0,1,0,1,12,04,1,1,없음,160,4,0,0,0,1,2,4,1,10,1,1,1,1,1,8,1,2,1,1,I,562,3,1,3,8,5,9,8,5,41900,1,1,0,8,5,9,8,5,41900,1,1,0,8,5,9,8,5,41900,1,1,0,2024,3,9,8550000,4880000,1,1
202601,6,,구미역,47190,22,0,0,0,1,0,1,12,04,1,1,없음,160,4,0,0,0,1,2,4,1,10,1,1,1,1,1,8,1,2,2,2,R,912,3,1,3,1,1,1,6,3,7700,1,1,0,1,1,1,6,3,7700,1,1,0,1,1,1,6,3,7700,1,1,0,0,1,1,8550000,4880000,1,1
202601,6,,구미역,47190,22,0,120,0,1,0,4,32,04,4,1,없음,100,6,1,0,0,2,1,3,1,10,1,1,1,1,1,8,2,2,1,1,I,561,3,1,3,4,4,5,4,4,7600,1,1,0,4,4,5,4,4,7600,1,1,0,4,4,5,4,4,7600,1,1,0,2024,3,10,1140000,3040000,1,1
202601,6,,구미역,47190,22,0,120,0,1,0,4,32,04,7,1,없음,50,8,0,1,0,3,2,4,1,10,2,1,1,1,1,8,3,2,1,1,I,561,4,1,4,6,5,6,5,5,8600,1,1,0,6,5,6,5,5,8600,1,1,0,6,5,6,5,5,8600,1,1,0,2024,3,6,1640000,2450000,1,1
202601,6,,구미역,47190,22,0,120,0,1,0,4,32,04,7,1,없음,50,8,0,1,0,3,2,4,1,10,2,1,1,1,1,8,3,2,1,1,R,912,4,1,4,6,5,6,5,5,8600,1,1,0,6,5,6,5,5,8600,1,1,0,6,5,6,5,5,8600,1,1,0,2025,3,10,1640000,2450000,1,1
202601,6,,구미역,47190,22,0,120,0,1,0,4,32,04,8,1,없음,100,8,0,1,0,3,2,4,1,10,2,1,1,1,1,8,3,2,1,1,I,561,4,1,4,5,5,6,5,5,8500,1,1,0,5,5,6,5,5,8500,1,1,0,5,5,6,5,5,8500,1,1,0,2025,3,9,1850000,2480000,1,1
202601,6,,구미역,47190,22,0,120,0,1,0,4,32,04,8,1,없음,100,8,0,1,0,3,2,4,1,10,2,1,1,1,1,8,3,2,1,1,I,561,3,1,3,5,4,6,5,4,8300,1,1,0,5,4,6,5,4,8300,1,1,0,5,4,6,5,4,8300,1,1,0,2024,3,10,1850000,2480000,1,1
202601,6,,구미역,47190,22,0,120,0,1,0,4,32,04,8,1,없음,100,8,0,1,0,3,2,4,1,10,2,1,1,1,1,8,3,2,1,1,I,561,3,1,3,4,4,6,4,4,8700,1,1,0,4,4,6,4,4,8700,1,1,0,4,4,6,4,4,8700,1,1,0,2024,3,10,1850000,2480000,1,1
202601,6,,구미역,47190,22,0,120,0,1,0,4,32,04,8,1,없음,160,7,0,1,0,3,2,4,1,10,2,1,1,1,1,8,3,2,1,1,I,561,4,1,4,5,6,6,5,6,8700,1,1,0,5,6,6,5,6,8700,1,1,0,5,6,6,5,6,8700,1,1,0,2024,3,8,2010000,2840000,1,1
202601,6,,구미역,47190,22,0,120,0,1,0,4,21,04,6,1,없음,100,7,0,1,0,3,2,4,1,10,2,1,1,1,1,8,3,2,1,1,I,561,4,1,4,6,5,5,6,5,6300,1,1,0,6,5,5,6,5,6300,1,1,0,6,5,5,6,5,6300,1,1,0,2025,3,8,1460000,2880000,1,1
202601,6,,구미선주원남동,47190,14,0,0,0,1,0,7,32,04,6,1,없음,200,1,0,0,0,2,2,4,1,10,2,1,1,1,1,8,2,2,1,1,S,961,3,1,3,4,4,7,4,4,9800,1,1,0,4,4,7,4,4,9800,1,1,0,4,4,7,4,4,9800,1,1,0,2023,4,9,1900000,3190000,1,1
202601,6,,구미선주원남동,47190,14,0,0,0,1,0,7,32,04,6,1,없음,200,1,0,0,0,2,2,4,1,10,2,1,1,1,1,8,2,2,1,1,S,961,2,1,2,4,4,7,4,4,12800,1,1,0,4,4,7,4,4,12800,1,1,0,4,4,7,4,4,12800,1,1,0,2024,4,9,1900000,3190000,1,1
202601,6,,구미선주원남동,47190,14,0,0,0,1,0,8,32,03,6,1,없음,2,5,0,1,0,3,2,4,1,10,2,1,1,1,1,8,3,2,1,1,I,561,4,1,4,6,6,6,6,6,9400,1,1,0,6,6,6,6,6,9400,1,1,0,6,6,6,6,6,9400,1,1,0,2023,4,9,1890000,3170000,1,1
202601,6,,구미선주원남동,47190,14,0,0,0,1,0,5,21,04,6,2,없음,100,7,0,1,0,2,2,4,1,10,2,1,2,1,1,8,2,2,1,1,S,961,4,1,4,4,5,7,4,5,10700,1,1,0,4,5,7,4,5,10700,1,1,0,4,5,7,4,5,10700,1,1,0,2025,3,9,1870000,1740000,1,1
202601,6,,구미선주원남동,47190,14,0,0,0,1,0,5,21,04,6,2,없음,100,7,0,1,0,2,2,4,1,10,2,1,2,1,1,8,2,2,2,2,0,999,4,1,4,1,1,1,5,3,5000,1,1,0,1,1,1,5,3,5000,1,1,0,1,1,1,5,3,5000,1,1,0,0,1,1,1870000,1740000,1,1
202601,6,,구미선주원남동,47190,14,0,0,0,1,0,6,32,04,6,1,없음,200,6,0,0,0,2,1,3,1,10,1,1,1,1,1,8,2,2,1,1,S,961,3,1,3,3,4,5,3,4,6600,1,1,0,3,4,5,3,4,6600,1,1,0,3,4,5,3,4,6600,1,1,0,2025,3,9,1150000,2140000,1,1
202601,6,,구미선주원남동,47190,14,0,0,0,1,0,7,31,03,6,1,없음,180,2,0,1,0,3,2,4,1,10,2,1,1,1,1,8,3,2,1,1,G,474,3,1,3,5,4,7,5,4,10500,1,1,0,5,4,7,5,4,10500,1,1,0,5,4,7,5,4,10500,1,1,0,2026,3,9,2380000,4030000,1,1
202601,6,,구미선주원남동,47190,14,0,0,0,1,0,7,31,03,6,1,없음,180,2,0,1,0,3,2,4,1,10,2,1,1,1,1,8,3,2,1,1,G,478,4,1,4,4,5,7,4,5,9000,1,1,0,4,5,7,4,5,9000,1,1,0,4,5,7,4,5,9000,1,1,0,2025,3,8,2380000,4030000,1,1
202601,6,,구미선주원남동,47190,14,0,0,0,1,0,7,32,04,5,1,없음,170,2,0,1,0,3,2,4,1,10,2,1,1,1,1,8,3,2,1,1,S,952,4,1,4,1,6,8,4,5,14300,1,1,0,1,6,8,4,5,14300,1,1,0,1,6,8,4,5,14300,1,1,0,2025,5,8,1780000,3610000,1,2
202601,6,,구미선주원남동,47190,14,0,0,0,1,0,7,32,04,5,1,없음,170,2,0,1,0,3,2,4,1,10,2,1,1,1,1,8,3,2,1,1,S,969,3,1,3,4,4,7,4,4,11100,1,1,0,4,4,7,4,4,11100,1,1,0,4,4,7,4,4,11100,1,1,0,2025,3,10,1780000,3610000,1,2
202601,6,,구미선주원남동,47190,14,0,0,0,1,0,7,32,04,5,1,없음,170,2,0,1,0,3,2,4,1,10,2,1,1,1,1,8,3,2,1,1,I,562,2,1,2,4,4,7,4,4,14600,1,1,0,4,4,7,4,4,14600,1,1,0,4,4,7,4,4,14600,1,1,0,2026,3,10,1780000,3610000,1,2
202601,6,,구미선주원남동,47190,14,0,0,0,1,0,7,32,04,6,1,없음,227,2,0,0,0,2,2,4,1,10,2,1,1,1,1,8,2,2,1,1,I,561,4,1,4,6,5,7,5,5,12200,1,1,0,6,5,7,5,5,12200,1,1,0,6,5,7,5,5,12200,1,1,0,2024,3,10,2720000,4560000,1,2
202601,6,,구미선주원남동,47190,14,0,0,0,1,0,5,32,04,6,1,없음,240,2,0,0,0,2,2,4,1,10,2,1,1,1,1,8,2,2,1,1,I,561,4,1,4,6,5,7,6,5,12900,1,1,0,6,5,7,6,5,12900,1,1,0,6,5,7,6,5,12900,1,1,0,2026,3,10,2610000,4460000,1,3
202601,6,,구미선주원남동,47190,14,0,0,0,1,0,5,32,04,6,1,없음,209,2,0,1,0,3,2,4,1,10,2,1,1,1,1,8,3,2,1,1,I,561,4,1,4,6,6,7,6,6,14700,1,1,0,6,6,7,6,6,14700,1,1,0,6,6,7,6,6,14700,1,1,0,2025,3,9,2580000,4320000,1,1
202601,6,,구미선주원남동,47190,14,0,0,0,1,0,5,32,04,6,1,없음,209,2,0,1,0,3,2,4,1,10,2,1,1,1,1,8,3,2,1,1,I,561,4,1,4,5,5,7,6,5,15200,1,1,0,5,5,7,6,5,15200,1,1,0,5,5,7,6,5,15200,1,1,0,2025,3,10,2580000,4320000,1,1
202601,6,,구미선주원남동,47190,14,0,0,0,1,0,6,32,03,6,1,없음,225,2,0,1,0,3,2,4,1,10,2,1,1,1,1,8,3,2,1,1,I,561,3,1,3,4,5,7,4,5,13100,1,1,0,4,5,7,4,5,13100,1,1,0,4,5,7,4,5,13100,1,1,0,2024,3,9,2680000,4470000,1,2
202601,6,,구미선주원남동,47190,14,0,0,0,1,0,6,32,03,6,1,없음,225,2,0,1,0,3,2,4,1,10,2,1,1,1,1,8,3,2,1,1,I,561,3,1,3,5,5,7,4,5,13000,1,1,0,5,5,7,4,5,13000,1,1,0,5,5,7,4,5,13000,1,1,0,2024,3,9,2680000,4470000,1,2
202601,6,,구미선주원남동,47190,14,0,0,0,1,0,6,32,03,6,1,없음,225,2,0,1,0,3,2,4,1,10,2,1,1,1,1,8,3,2,1,1,I,561,3,1,3,5,5,7,5,5,13400,1,1,0,5,5,7,5,5,13400,1,1,0,5,5,7,5,5,13400,1,1,0,2024,3,10,2680000,4470000,1,2
202601,6,,구미선주원남동,47190,14,0,0,0,1,0,4,32,04,2,1,없음,130,2,0,0,0,3,1,3,1,10,1,1,1,1,1,8,3,2,1,1,S,952,3,1,3,4,5,7,4,5,13500,1,1,0,4,5,7,4,5,13500,1,1,0,4,5,7,4,5,13500,1,1,0,2025,3,6,2020000,12180000,1,2
202601,6,,구미역,47190,14,0,120,0,1,0,7,32,04,6,1,없음,100,7,0,1,0,3,2,4,1,10,2,1,1,1,1,8,3,2,1,1,S,952,4,1,4,5,5,7,5,5,10200,1,1,0,5,5,7,5,5,10200,1,1,0,5,5,7,5,5,10200,1,1,0,2025,3,8,1660000,3340000,1,1
202601,6,,구미역,47190,22,0,120,0,1,0,7,31,03,7,1,없음,49,1,0,1,0,2,2,4,1,10,2,1,1,1,1,8,2,2,1,1,I,562,4,1,4,6,6,8,6,6,21000,1,1,0,6,6,8,6,6,21000,1,1,0,6,6,8,6,6,21000,1,1,0,2025,3,9,4300000,4680000,1,1
202601,6,,구미역,47190,22,0,120,0,1,0,7,31,03,7,1,없음,49,1,0,1,0,2,2,4,1,10,2,1,1,1,1,8,2,2,2,1,I,562,3,1,3,4,4,6,4,4,9700,1,1,0,4,4,6,4,4,9700,1,1,0,4,4,6,4,4,9700,1,1,0,2025,3,9,4300000,4680000,1,1
202601,6,,구미산업단지,47190,13,0,0,0,1,0,5,32,04,6,1,없음,60,7,0,0,0,2,2,4,1,10,2,1,1,1,1,8,2,2,1,1,G,471,4,1,4,6,4,6,6,4,9300,1,1,0,6,4,6,6,4,9300,1,1,0,6,4,6,6,4,9300,1,1,0,2024,3,9,1580000,2630000,1,1
202601,6,,구미산업단지,47190,14,0,0,0,1,0,3,32,03,6,1,없음,10,4,0,0,0,2,2,4,1,10,2,1,1,1,1,8,2,2,1,1,G,471,4,1,4,6,6,8,6,5,18600,1,1,0,6,6,8,6,5,18600,1,1,0,6,6,8,6,5,18600,1,1,0,2021,5,8,1740000,2940000,1,2
202601,6,,구미산업단지,47190,14,0,0,0,1,0,3,32,03,6,1,없음,10,4,0,0,0,2,2,4,1,10,2,1,1,1,1,8,2,2,1,1,I,561,2,1,2,3,4,7,3,4,9500,1,1,0,3,4,7,3,4,9500,1,1,0,3,4,7,3,4,9500,1,1,0,2025,3,9,1740000,2940000,1,2
202601,6,,구미산업단지,47190,22,0,0,0,1,0,7,32,03,8,1,없음,40,6,0,1,0,3,2,4,1,10,1,2,1,1,1,8,3,2,1,6,0,999,1,1,1,1,1,1,4,4,28200,1,1,1,1,1,1,4,4,28200,1,1,1,1,1,1,4,4,28200,1,1,1,0,1,1,3430000,4690000,1,2
202601,6,,구미산업단지,47190,22,0,0,0,1,0,7,32,03,8,1,없음,40,6,0,1,0,3,2,4,1,10,1,2,1,1,1,8,3,2,1,6,0,999,2,1,2,1,1,1,5,5,21000,1,1,1,1,1,1,5,5,21000,1,1,1,1,1,1,5,5,21000,1,1,1,0,1,1,3430000,4690000,1,2
202601,6,,구미산업단지,47190,22,0,0,0,1,0,7,32,03,8,1,없음,40,6,0,1,0,3,2,4,1,10,1,2,1,1,1,8,3,2,1,6,0,999,2,1,2,1,1,1,6,5,18600,1,1,1,1,1,1,6,5,18600,1,1,1,1,1,1,6,5,18600,1,1,1,0,1,1,3430000,4690000,1,2
202601,6,,구미산업단지,47190,22,0,0,0,1,0,7,32,03,8,1,없음,40,6,0,1,0,3,2,4,1,10,1,2,1,1,1,8,3,2,1,6,0,999,2,1,2,1,1,1,6,5,23000,1,1,1,1,1,1,6,5,23000,1,1,1,1,1,1,6,5,23000,1,1,1,0,1,1,3430000,4690000,1,2
202601,6,,구미산업단지,47190,22,0,0,0,1,0,7,32,03,8,1,없음,40,6,0,1,0,3,2,4,1,10,1,2,1,1,1,8,3,2,1,6,0,999,2,1,2,1,1,1,5,5,21000,1,1,1,1,1,1,5,5,21000,1,1,1,1,1,1,5,5,21000,1,1,1,0,1,1,3430000,4690000,1,2
202601,6,,구미산업단지,47190,22,0,0,0,1,0,3,32,04,8,1,없음,67,4,0,0,1,2,2,4,1,10,2,1,1,1,1,8,2,3,1,1,I,561,4,1,4,6,6,7,6,6,13000,1,1,0,6,6,7,6,6,13000,1,1,0,6,6,7,6,6,13000,1,1,0,2025,3,10,2850000,3930000,1,1
202601,6,,구미산업단지,47190,14,0,0,0,1,0,6,32,04,6,1,없음,49,5,0,0,0,1,1,2,1,10,1,1,1,1,1,8,1,2,1,1,R,912,2,1,2,5,3,6,5,3,8000,1,1,0,5,3,6,5,3,8000,1,1,0,5,3,6,5,3,8000,1,1,0,2024,3,10,1130000,1890000,1,1
202601,6,,구미산업단지,47190,14,0,0,0,1,0,6,32,04,6,1,없음,230,5,0,0,0,2,1,3,1,9,1,1,1,1,1,8,2,2,1,6,0,999,1,1,1,1,1,1,5,3,12900,1,1,1,1,1,1,5,3,12900,1,1,1,1,1,1,5,3,12900,1,1,1,0,1,1,2170000,3640000,1,2
202601,6,,구미산업단지,47190,14,0,0,0,1,0,6,32,04,6,1,없음,230,5,0,0,0,2,1,3,1,9,1,1,1,1,1,8,2,2,1,6,0,999,2,1,2,1,1,1,4,3,9000,1,1,1,1,1,1,4,3,9000,1,1,1,1,1,1,4,3,9000,1,1,1,0,1,1,2170000,3640000,1,2
202601,6,,구미산업단지,47190,14,0,0,0,1,0,6,32,04,6,1,없음,230,5,0,0,0,2,1,3,1,9,1,1,1,1,1,8,2,2,1,6,0,999,1,1,1,1,1,1,3,3,11600,1,1,1,1,1,1,3,3,11600,1,1,1,1,1,1,3,3,11600,1,1,1,0,1,1,2170000,3640000,1,2
202601,6,,구미산업단지,47190,23,0,0,0,1,0,5,32,03,7,1,없음,30,4,0,1,0,3,2,4,1,10,2,1,1,1,1,8,3,2,1,1,I,561,3,1,4,6,5,7,6,5,13700,1,1,0,6,5,7,6,5,13700,1,1,0,6,5,7,6,5,13700,1,1,0,2024,3,8,5160000,8340000,1,2
202601,6,,구미산업단지,47190,23,0,0,0,1,0,5,32,03,7,1,없음,30,4,0,1,0,3,2,4,1,10,2,1,1,1,1,8,3,2,1,1,I,562,3,1,3,6,5,7,6,5,14500,1,1,0,6,5,7,6,5,14500,1,1,0,6,5,7,6,5,14500,1,1,0,2026,3,10,5160000,8340000,1,2
202601,6,,구미산업단지,47190,23,0,0,0,1,0,5,32,03,7,1,없음,30,4,0,1,0,3,2,4,1,10,2,1,1,1,1,8,3,2,1,1,I,561,3,1,3,6,5,7,6,5,14500,1,1,0,6,5,7,6,5,14500,1,1,0,6,5,7,6,5,14500,1,1,0,2024,3,8,5160000,8340000,1,2
202601,6,,구미산업단지,47190,13,0,0,0,1,0,6,32,04,6,1,없음,113,5,0,0,0,2,2,4,1,9,2,1,1,1,1,8,2,2,1,1,L,682,2,1,2,5,4,8,5,4,18300,1,1,0,5,4,8,5,4,18300,1,1,0,5,4,8,5,4,18300,1,1,0,2024,3,7,4950000,8270000,1,2
202601,6,,구미산업단지,47190,13,0,0,0,1,0,6,32,04,6,1,없음,113,5,0,0,0,2,2,4,1,9,2,1,1,1,1,8,2,2,1,1,L,682,2,1,2,5,4,8,5,4,18300,1,1,0,5,4,8,5,4,18300,1,1,0,5,4,8,5,4,18300,1,1,0,2024,3,9,4950000,8270000,1,2
202601,6,,구미산업단지,47190,13,0,0,0,1,0,6,32,04,6,1,없음,113,5,0,0,0,2,2,4,1,9,2,1,1,1,1,8,2,2,1,1,G,476,2,1,2,5,4,8,5,4,18300,1,1,0,5,4,8,5,4,18300,1,1,0,5,4,8,5,4,18300,1,1,0,2025,2,9,4950000,8270000,1,2
202601,6,,구미산업단지,47190,13,0,0,0,1,0,6,32,04,6,1,없음,113,5,0,0,0,2,2,4,1,9,2,1,1,1,1,8,2,2,1,1,G,473,1,1,2,5,4,8,5,4,20900,1,1,0,5,4,8,5,4,20900,1,1,0,5,4,8,5,4,20900,1,1,0,2024,3,7,4950000,8270000,1,2
202601,6,,구미산업단지,47190,13,0,0,0,1,0,6,32,03,6,1,없음,100,5,0,0,0,2,2,4,1,10,2,1,1,1,1,8,2,2,1,1,S,961,2,1,2,4,3,7,4,3,11200,1,1,0,4,3,7,4,3,11200,1,1,0,4,3,7,4,3,11200,1,1,0,2025,3,10,3330000,5670000,1,1
202601,6,,구미산업단지,47190,13,0,0,0,1,0,6,32,03,6,1,없음,100,5,0,0,0,2,2,4,1,10,2,1,1,1,1,8,2,2,1,1,I,561,2,1,2,5,4,7,5,4,13400,1,1,0,5,4,7,5,4,13400,1,1,0,5,4,7,5,4,13400,1,1,0,2025,3,9,3330000,5670000,1,1
202601,6,,구미산업단지,47190,13,0,0,0,1,0,6,32,03,6,1,없음,100,5,0,0,0,2,2,4,1,10,2,1,1,1,1,8,2,2,1,1,I,561,3,1,3,4,4,7,4,5,15300,1,1,0,4,4,7,4,5,15300,1,1,0,4,4,7,4,5,15300,1,1,0,2024,3,10,3330000,5670000,1,1
202601,6,,구미산업단지,47190,22,0,0,0,1,0,7,31,04,6,1,없음,220,7,0,1,0,3,2,4,1,10,2,1,1,1,1,8,3,2,1,1,I,561,4,1,4,6,6,7,6,6,18900,1,1,0,6,6,7,6,6,18900,1,1,0,6,6,7,6,6,18900,1,1,0,2025,3,10,3110000,5600000,1,3
202601,6,,구미산업단지,47190,22,0,0,0,1,0,7,31,04,6,1,없음,220,7,0,1,0,3,2,4,1,10,2,1,1,1,1,8,3,2,1,1,I,561,4,1,4,6,6,7,6,6,17200,1,1,0,6,6,7,6,6,17200,1,1,0,6,6,7,6,6,17200,1,1,0,2025,3,10,3110000,5600000,1,3
202601,6,,구미산업단지,47190,13,0,0,0,1,0,6,32,04,6,1,없음,141,5,0,1,0,2,2,4,1,9,2,1,1,1,1,8,2,2,1,1,I,561,3,1,3,6,5,7,6,5,20200,1,1,0,6,5,7,6,5,20200,1,1,0,6,5,7,6,5,20200,1,1,0,2024,4,10,4310000,7240000,1,3
202601,6,,구미산업단지,47190,13,0,0,0,1,0,6,32,04,6,1,없음,141,5,0,1,0,2,2,4,1,9,2,1,1,1,1,8,2,2,1,1,G,472,2,1,2,6,5,8,6,5,22400,1,1,0,6,5,8,6,5,22400,1,1,0,6,5,8,6,5,22400,1,1,0,2025,5,8,4310000,7240000,1,3
202601,6,,영주중앙,47210,22,0,0,0,1,0,1,51,03,1,1,없음,45,4,0,0,0,1,1,2,1,10,1,1,1,1,1,8,1,3,1,1,G,478,2,1,2,5,4,7,5,4,17000,1,1,0,5,4,7,5,4,17000,1,1,0,5,4,7,5,4,17000,1,1,0,2025,3,9,1510000,2470000,1,2
202601,6,,영주중앙,47210,22,0,0,0,1,0,1,12,03,1,1,없음,260,6,0,0,0,1,1,2,1,10,1,1,1,1,1,8,1,3,1,1,S,961,2,1,2,4,4,7,4,4,15300,1,1,0,4,4,7,4,4,15300,1,1,0,4,4,7,4,4,15300,1,1,0,2025,2,7,2150000,2990000,1,1
202601,6,,영주중앙,47210,22,0,0,0,1,0,1,51,04,4,1,없음,185,4,0,0,0,1,1,2,1,8,1,1,1,1,1,8,1,3,1,1,J,601,1,1,2,1,3,4,4,3,6800,1,1,0,1,3,4,4,3,6800,1,1,0,1,3,4,4,3,6800,1,1,0,2024,3,9,1850000,1570000,1,1
202601,6,,영주중앙,47210,22,0,0,0,1,0,1,51,04,4,1,없음,185,4,0,0,0,1,1,2,1,8,1,1,1,1,1,8,1,3,2,1,J,601,1,1,1,1,2,3,3,2,3300,1,1,0,1,2,3,3,2,3300,1,1,0,1,2,3,3,2,3300,1,1,0,2024,3,9,1850000,1570000,1,1
202601,6,,영주중앙,47210,22,0,0,0,1,0,1,51,03,1,1,없음,200,8,0,0,0,1,1,2,1,10,1,1,1,1,1,8,1,3,1,1,G,474,2,1,2,4,3,7,4,3,13600,1,1,0,4,3,7,4,3,13600,1,1,0,4,3,7,4,3,13600,1,1,0,2026,2,5,3000000,5460000,1,1
202601,6,,0.비상권,47210,13,0,0,0,1,0,1,11,04,1,1,없음,20,4,0,0,0,2,1,3,1,10,1,1,1,1,1,8,2,3,1,1,S,961,1,1,1,3,3,7,3,3,12600,1,1,0,3,3,7,3,3,12600,1,1,0,3,3,7,3,3,12600,1,1,0,2025,3,8,1180000,1610000,1,1
202601,6,,0.비상권,47210,13,0,0,0,1,0,1,11,04,1,1,없음,20,4,0,0,0,2,1,3,1,10,1,1,1,1,1,8,2,3,1,2,E,360,1,1,1,1,1,1,3,3,11700,1,1,0,1,1,1,3,3,11700,1,1,0,1,1,1,3,3,11700,1,1,0,0,1,1,1180000,1610000,1,1
202601,6,,0.비상권,47210,13,0,0,0,1,0,1,11,04,1,1,없음,20,4,0,0,0,2,1,3,1,10,1,1,1,1,1,8,2,3,2,2,0,999,2,1,2,1,1,1,2,3,4300,1,1,0,1,1,1,2,3,4300,1,1,0,1,1,1,2,3,4300,1,1,0,0,1,1,1180000,1610000,1,1
202601,6,,영주중앙,47210,22,0,0,0,1,0,1,21,03,1,1,없음,40,4,0,0,0,2,2,4,1,10,2,2,1,1,1,8,2,3,1,1,I,561,2,1,2,3,3,5,3,3,10100,1,1,0,3,3,5,3,3,10100,1,1,0,3,3,5,3,3,10100,1,1,0,2026,2,10,2080000,1360000,1,1
202601,6,,영주중앙,47210,22,0,0,0,1,0,1,21,03,1,1,없음,40,4,0,0,0,2,2,4,1,10,2,2,1,1,1,8,2,3,1,2,S,961,1,1,2,1,1,1,3,3,10800,1,1,0,1,1,1,3,3,10800,1,1,0,1,1,1,3,3,10800,1,1,0,0,1,1,2080000,1360000,1,1
202601,6,,영주중앙,47210,22,0,0,0,1,0,1,21,03,1,1,없음,40,4,0,0,0,2,2,4,1,10,2,2,1,1,1,8,2,3,1,1,I,561,2,1,2,1,3,5,3,3,10100,1,1,0,1,3,5,3,3,10100,1,1,0,1,3,5,3,3,10100,1,1,0,2024,3,10,2080000,1360000,1,1
202601,6,,영주중앙,47210,22,0,0,0,1,0,1,21,03,1,1,없음,40,4,0,0,0,2,2,4,1,10,2,2,1,1,1,8,2,3,2,6,0,999,4,1,4,1,1,1,3,3,3700,1,1,1,1,1,1,3,3,3700,1,1,1,1,1,1,3,3,3700,1,1,1,0,1,1,2080000,1360000,1,1
202601,6,,영주중앙,47210,13,0,0,0,1,0,2,21,03,1,1,없음,180,5,0,0,0,2,2,4,1,10,1,1,2,1,1,8,2,3,1,1,S,961,2,1,2,4,3,5,4,3,8000,1,1,0,4,3,5,4,3,8000,1,1,0,4,3,5,4,3,8000,1,1,0,2025,3,8,1000000,920000,1,1
202601,6,,영주중앙,47210,13,0,0,0,1,0,2,21,03,1,1,없음,180,5,0,0,0,2,2,4,1,10,1,1,2,1,1,8,2,3,1,2,G,466,2,1,2,1,1,1,4,3,7300,1,1,0,1,1,1,4,3,7300,1,1,0,1,1,1,4,3,7300,1,1,0,0,1,1,1000000,920000,1,1
202601,6,,영주중앙,47210,13,0,0,0,1,0,2,21,03,1,1,없음,180,5,0,0,0,2,2,4,1,10,1,1,2,1,1,8,2,3,2,2,0,999,3,1,4,1,1,1,2,3,2000,1,1,0,1,1,1,2,3,2000,1,1,0,1,1,1,2,3,2000,1,1,0,0,1,1,1000000,920000,1,1
202601,6,,영주중앙,47210,22,0,0,0,1,0,6,11,04,8,1,없음,130,4,0,0,0,1,1,3,1,10,1,1,1,1,1,8,1,3,1,1,S,949,3,1,3,3,3,5,4,3,6700,1,1,0,3,3,5,4,3,6700,1,1,0,3,3,5,4,3,6700,1,1,0,2026,2,9,1420000,1930000,1,1
202601,6,,영주중앙,47210,22,0,0,0,1,0,1,51,04,1,1,없음,100,6,0,0,0,1,1,2,1,10,1,1,1,1,1,8,1,3,1,1,I,561,2,1,2,3,3,6,3,3,9000,1,1,0,3,3,6,3,3,9000,1,1,0,3,3,6,3,3,9000,1,1,0,2024,3,7,940000,2110000,1,1
202601,6,,영주중앙,47210,22,0,0,0,1,0,5,32,04,8,1,없음,75,6,0,0,0,2,1,3,1,10,1,1,1,1,1,8,2,3,1,1,R,902,3,1,3,3,3,3,3,3,5700,1,1,0,3,3,3,3,3,5700,1,1,0,3,3,3,3,3,5700,1,1,0,2025,2,10,1470000,1930000,1,2
202601,6,,영주중앙,47210,22,0,0,0,1,0,1,51,04,1,1,없음,70,6,0,0,0,1,1,1,1,10,1,1,1,1,1,8,1,3,1,1,G,478,1,1,1,4,3,7,4,3,15900,1,1,0,4,3,7,4,3,15900,1,1,0,4,3,7,4,3,15900,1,1,0,2025,2,9,1070000,1830000,1,3
202601,6,,영주중앙,47210,22,0,0,0,1,0,1,11,04,1,1,없음,200,6,0,0,0,2,2,4,1,10,1,2,1,1,1,8,2,3,1,1,0,999,2,1,2,1,3,4,3,3,7700,1,1,0,1,3,4,3,3,7700,1,1,0,1,3,4,3,3,7700,1,1,0,2024,3,10,1020000,1000000,1,1
202601,6,,영주중앙,47210,22,0,0,0,1,0,1,11,04,1,1,없음,200,6,0,0,0,2,2,4,1,10,1,2,1,1,1,8,2,3,1,6,0,999,2,1,2,1,1,1,3,3,7700,1,1,1,1,1,1,3,3,7700,1,1,1,1,1,1,3,3,7700,1,1,1,0,1,1,1020000,1000000,1,1
202601,6,,영주중앙,47210,22,0,0,0,1,0,1,11,04,1,1,없음,200,6,0,0,0,2,2,4,1,10,1,2,1,1,1,8,2,3,1,1,S,953,2,1,2,1,3,4,3,3,7700,1,1,0,1,3,4,3,3,7700,1,1,0,1,3,4,3,3,7700,1,1,0,2024,3,6,1020000,1000000,1,1
202601,6,,영주중앙,47210,22,0,0,0,1,0,1,11,04,1,1,없음,200,6,0,0,0,2,2,4,1,10,1,2,1,1,1,8,2,3,2,6,0,999,3,1,4,1,1,1,3,3,2600,1,1,1,1,1,1,3,3,2600,1,1,1,1,1,1,3,3,2600,1,1,1,0,1,1,1020000,1000000,1,1
202601,6,,영주중앙,47210,22,0,0,0,1,0,5,32,04,4,1,없음,300,6,0,0,0,2,1,3,1,10,1,1,1,1,1,8,2,3,1,1,I,561,3,1,3,4,4,6,4,4,9300,1,1,0,4,4,6,4,4,9300,1,1,0,4,4,6,4,4,9300,1,1,0,2025,3,9,960000,3260000,1,1
202601,6,,영주중앙,47210,22,0,0,0,1,0,6,32,04,8,1,없음,300,7,0,0,0,1,1,3,1,10,1,1,1,1,1,8,1,3,1,1,G,462,3,1,3,5,3,4,5,3,5100,1,1,0,5,3,4,5,3,5100,1,1,0,5,3,4,5,3,5100,1,1,0,2024,3,9,1130000,1500000,1,1
202601,6,,영주중앙,47210,22,0,0,0,1,0,4,32,04,6,1,없음,279,9,0,0,0,2,2,4,1,10,2,1,1,1,1,8,2,3,1,1,I,561,4,1,4,3,3,3,3,3,3200,1,1,0,3,3,3,3,3,3200,1,1,0,3,3,3,3,3,3200,1,1,0,2024,3,7,1760000,2790000,1,1
202601,6,,0.비상권,47210,14,0,0,0,1,0,4,32,04,5,1,없음,10,4,0,0,0,2,1,3,1,10,1,1,1,1,1,8,2,3,1,1,G,466,3,1,3,3,3,5,3,3,7500,1,1,0,3,3,5,3,3,7500,1,1,0,3,3,5,3,3,7500,1,1,0,2024,5,10,760000,1780000,1,1
202601,6,,0.비상권,47210,14,0,0,0,1,0,4,32,04,5,1,없음,10,4,0,0,0,2,1,3,1,10,1,1,1,1,1,8,2,3,1,1,G,472,1,1,1,2,3,5,2,3,7800,1,1,0,2,3,5,2,3,7800,1,1,0,2,3,5,2,3,7800,1,1,0,2026,2,7,760000,1780000,1,1
202601,6,,0.비상권,47210,14,0,0,0,1,0,8,32,04,6,1,없음,120,4,0,0,0,2,1,3,1,10,1,1,1,1,1,8,2,3,1,1,M,711,3,1,3,1,4,6,5,4,9000,1,1,0,1,4,6,5,4,9000,1,1,0,1,4,6,5,4,9000,1,1,0,2026,3,9,1570000,2620000,1,1
202601,6,,0.비상권,47210,14,0,0,0,1,0,6,32,04,6,1,없음,1,4,0,0,0,2,2,4,1,10,2,1,1,1,1,8,2,3,1,1,I,561,4,1,4,5,4,6,5,4,8300,1,1,0,5,4,6,5,4,8300,1,1,0,5,4,6,5,4,8300,1,1,0,2025,3,10,1350000,2280000,1,1
202601,6,,0.비상권,47210,14,0,0,0,1,0,7,32,04,6,1,없음,129,4,0,0,0,2,1,2,1,10,1,1,1,1,1,8,2,3,1,1,S,961,2,1,2,4,3,6,4,3,8800,1,1,0,4,3,6,4,3,8800,1,1,0,4,3,6,4,3,8800,1,1,0,2024,3,10,1420000,2400000,1,2
202601,6,,0.비상권,47210,14,0,0,0,1,0,3,33,04,6,1,없음,99,4,0,0,0,2,2,4,1,10,2,1,1,1,1,8,2,3,1,1,R,912,2,1,2,3,3,7,3,3,12400,1,1,0,3,3,7,3,3,12400,1,1,0,3,3,7,3,3,12400,1,1,0,2024,3,5,1160000,1950000,1,1
202601,6,,0.비상권,47210,14,0,0,0,1,0,3,33,04,6,1,없음,99,4,0,0,0,2,2,4,1,10,2,1,1,1,1,8,2,3,1,1,I,561,2,1,2,3,3,7,3,3,12400,1,1,0,3,3,7,3,3,12400,1,1,0,3,3,7,3,3,12400,1,1,0,2024,3,5,1160000,1950000,1,1
202601,6,,0.비상권,47210,14,0,0,0,1,0,3,33,04,6,1,없음,99,4,0,0,0,2,2,4,1,10,2,1,1,1,1,8,2,3,1,1,S,961,2,1,2,3,3,7,3,3,12400,1,1,0,3,3,7,3,3,12400,1,1,0,3,3,7,3,3,12400,1,1,0,2025,3,10,1160000,1950000,1,1
202601,6,,0.비상권,47210,14,0,0,0,1,0,1,32,04,6,1,없음,45,1,0,0,0,2,2,4,1,10,2,1,1,1,1,8,2,3,1,1,I,561,3,1,3,4,4,7,4,4,10800,1,1,0,4,4,7,4,4,10800,1,1,0,4,4,7,4,4,10800,1,1,0,2025,3,10,1390000,2420000,1,1
202601,6,,0.비상권,47210,14,0,0,0,1,0,1,32,04,6,1,없음,45,1,0,0,0,2,2,4,1,10,2,1,1,1,1,8,2,3,1,1,S,961,3,1,3,4,4,7,4,4,11200,1,1,0,4,4,7,4,4,11200,1,1,0,4,4,7,4,4,11200,1,1,0,2024,3,8,1390000,2420000,1,1
202601,6,,0.비상권,47210,13,0,0,0,1,0,8,32,04,6,1,없음,115,4,0,0,0,2,1,3,1,10,1,1,1,1,1,8,2,3,1,1,I,561,3,1,3,5,4,6,5,4,9800,1,1,0,5,4,6,5,4,9800,1,1,0,5,4,6,5,4,9800,1,1,0,2025,3,9,1270000,2270000,1,1
202601,6,,0.비상권,47210,13,0,0,0,1,0,5,21,04,6,2,없음,120,8,0,0,0,2,2,4,1,10,2,1,1,1,1,8,2,2,1,1,F,424,3,1,3,4,3,5,4,3,6300,1,1,0,4,3,5,4,3,6300,1,1,0,4,3,5,4,3,6300,1,1,0,2025,3,10,1300000,1090000,1,1
202601,6,,0.비상권,47210,13,0,0,0,1,0,5,21,04,6,2,없음,120,8,0,0,0,2,2,4,1,10,2,1,1,1,1,8,2,2,2,1,P,855,3,1,3,3,3,3,3,3,3600,1,1,0,3,3,3,3,3,3600,1,1,0,3,3,3,3,3,3600,1,1,0,2025,3,8,1300000,1090000,1,1
202601,6,,가흥택지개발지구,47210,13,0,0,0,1,0,7,33,03,6,1,없음,300,4,0,1,0,2,2,4,1,10,2,1,1,1,1,8,2,3,1,1,I,561,4,1,4,5,5,5,5,5,7300,1,1,0,5,5,5,5,5,7300,1,1,0,5,5,5,5,5,7300,1,1,0,2025,3,9,1580000,2640000,1,1
202601,6,,가흥택지개발지구,47210,13,0,0,0,1,0,7,33,03,6,1,없음,126,7,0,1,0,3,2,4,1,10,2,1,1,1,1,8,3,3,1,1,I,561,4,1,4,6,4,6,5,5,8900,1,1,0,6,4,6,5,5,8900,1,1,0,6,4,6,5,5,8900,1,1,0,2025,3,9,1650000,2820000,1,1
202601,6,,가흥택지개발지구,47210,13,0,0,0,1,0,7,33,03,6,1,없음,126,7,0,1,0,3,2,4,1,10,2,1,1,1,1,8,3,3,1,1,I,561,4,1,4,6,4,7,6,5,11400,1,1,0,6,4,7,6,5,11400,1,1,0,6,4,7,6,5,11400,1,1,0,2025,3,8,1650000,2820000,1,1
202601,6,,가흥택지개발지구,47210,13,0,0,0,1,0,7,33,03,6,1,없음,126,7,0,1,0,3,2,4,1,10,2,1,1,1,1,8,3,3,1,1,I,561,2,1,2,4,3,7,4,4,13500,1,1,0,4,3,7,4,4,13500,1,1,0,4,3,7,4,4,13500,1,1,0,2025,3,10,1650000,2820000,1,1
202601,6,,가흥택지개발지구,47210,13,0,0,0,1,0,7,33,03,6,1,없음,100,6,0,1,0,3,2,4,1,10,2,1,1,1,1,8,3,3,1,1,I,561,2,1,2,4,3,6,4,3,8700,1,1,0,4,3,6,4,3,8700,1,1,0,4,3,6,4,3,8700,1,1,0,2025,3,10,1590000,2710000,1,1
202601,6,,가흥택지개발지구,47210,13,0,0,0,1,0,7,33,03,6,1,없음,100,6,0,1,0,3,2,4,1,10,2,1,1,1,1,8,3,3,1,1,I,561,3,1,3,4,4,5,4,4,8600,1,1,0,4,4,5,4,4,8600,1,1,0,4,4,5,4,4,8600,1,1,0,2025,3,10,1590000,2710000,1,1
202601,6,,가흥택지개발지구,47210,13,0,0,0,1,0,7,33,03,6,1,없음,100,6,0,1,0,3,2,4,1,10,2,1,1,1,1,8,3,3,1,1,I,561,2,1,2,4,3,6,4,3,8700,1,1,0,4,3,6,4,3,8700,1,1,0,4,3,6,4,3,8700,1,1,0,2025,3,10,1590000,2710000,1,1
202601,6,,가흥택지개발지구,47210,13,0,0,0,1,0,7,33,03,6,1,없음,100,6,0,1,0,3,2,4,1,10,2,1,1,1,1,8,3,3,1,1,I,561,3,1,3,4,4,6,4,4,8500,1,1,0,4,4,6,4,4,8500,1,1,0,4,4,6,4,4,8500,1,1,0,2024,3,8,1590000,2710000,1,1
202601,6,,가흥택지개발지구,47210,22,0,0,0,1,0,7,31,03,7,1,없음,100,7,0,1,0,2,2,4,1,10,2,1,1,1,1,8,2,3,1,1,I,561,3,1,3,5,5,7,5,5,14500,1,1,0,5,5,7,5,5,14500,1,1,0,5,5,7,5,5,14500,1,1,0,2024,3,9,2730000,4050000,1,1
202601,6,,가흥택지개발지구,47210,22,0,0,0,1,0,7,31,03,7,1,없음,100,7,0,1,0,2,2,4,1,10,2,1,1,1,1,8,2,3,1,1,I,561,4,1,4,5,5,7,5,5,16100,1,1,0,5,5,7,5,5,16100,1,1,0,5,5,7,5,5,16100,1,1,0,2025,3,10,2730000,4050000,1,1
202601,6,,가흥택지개발지구,47210,13,0,0,0,1,0,7,32,03,6,1,없음,97,2,0,1,0,3,2,4,1,10,2,1,1,1,1,8,3,3,1,1,G,472,3,1,3,5,5,8,5,5,20500,1,1,0,5,5,8,5,5,20500,1,1,0,5,5,8,5,5,20500,1,1,0,2025,3,10,2700000,4660000,1,2
202601,6,,가흥택지개발지구,47210,13,0,0,0,1,0,7,32,03,6,1,없음,97,2,0,1,0,3,2,4,1,10,2,1,1,1,1,8,3,3,1,1,L,682,3,1,3,5,5,8,5,5,21200,1,1,0,5,5,8,5,5,21200,1,1,0,5,5,8,5,5,21200,1,1,0,2025,3,10,2700000,4660000,1,2
202601,6,,가흥택지개발지구,47210,13,0,0,0,1,0,7,32,03,6,1,없음,97,2,0,1,0,3,2,4,1,10,2,1,1,1,1,8,3,3,1,1,M,733,2,1,2,5,4,8,5,4,21400,1,1,0,5,4,8,5,4,21400,1,1,0,5,4,8,5,4,21400,1,1,0,2024,3,10,2700000,4660000,1,2
202601,6,,가흥택지개발지구,47210,13,0,0,0,1,0,7,32,03,6,1,없음,97,2,0,1,0,3,2,4,1,10,2,1,1,1,1,8,3,3,1,1,I,562,3,1,3,5,5,8,5,5,21100,1,1,0,5,5,8,5,5,21100,1,1,0,5,5,8,5,5,21100,1,1,0,2024,3,8,2700000,4660000,1,2
202601,6,,가흥택지개발지구,47210,13,0,0,0,1,0,8,32,04,6,1,없음,70,6,0,0,0,2,2,4,1,10,2,1,1,1,1,8,2,3,1,1,I,561,4,1,4,6,6,7,6,6,19200,1,1,0,6,6,7,6,6,19200,1,1,0,6,6,7,6,6,19200,1,1,0,2026,3,10,2330000,4290000,1,2
202601,6,,가흥택지개발지구,47210,13,0,0,0,1,0,7,32,03,2,1,없음,200,6,0,0,0,3,1,3,1,10,1,1,1,1,1,8,3,3,1,1,N,742,3,1,3,4,4,6,4,4,8200,1,1,0,4,4,6,4,4,8200,1,1,0,4,4,6,4,4,8200,1,1,0,2024,3,9,1070000,5460000,1,1
202601,6,,가흥택지개발지구,47210,13,0,0,0,1,0,7,33,03,6,1,없음,90,7,0,0,0,2,2,4,1,10,2,1,1,1,1,8,2,3,1,1,S,961,2,1,2,4,3,7,4,3,10700,1,1,0,4,3,7,4,3,10700,1,1,0,4,3,7,4,3,10700,1,1,0,2025,3,10,1720000,2940000,1,2
202601,6,,가흥택지개발지구,47210,13,0,0,0,1,0,7,33,03,6,1,없음,90,7,0,0,0,2,2,4,1,10,2,1,1,1,1,8,2,3,1,1,I,561,3,1,3,4,4,6,4,4,9000,1,1,0,4,4,6,4,4,9000,1,1,0,4,4,6,4,4,9000,1,1,0,2024,3,10,1720000,2940000,1,2
202601,6,,가흥택지개발지구,47210,13,0,0,0,1,0,8,31,03,6,1,없음,50,5,0,1,0,2,2,4,1,10,2,1,1,1,1,8,2,3,1,1,I,561,3,1,3,4,4,7,4,4,12900,1,1,0,4,4,7,4,4,12900,1,1,0,4,4,7,4,4,12900,1,1,0,2024,3,9,2540000,2120000,1,1
202601,6,,가흥택지개발지구,47210,13,0,0,0,1,0,8,31,03,6,1,없음,50,5,0,1,0,2,2,4,1,10,2,1,1,1,1,8,2,3,1,1,I,561,3,1,3,4,4,7,4,4,13100,1,1,0,4,4,7,4,4,13100,1,1,0,4,4,7,4,4,13100,1,1,0,2026,3,9,2540000,2120000,1,1
202601,6,,가흥택지개발지구,47210,13,0,0,0,1,0,8,31,03,6,1,없음,50,5,0,1,0,2,2,4,1,10,2,1,1,1,1,8,2,3,2,1,S,961,4,1,4,4,4,5,4,4,6500,1,1,0,4,4,5,4,4,6500,1,1,0,4,4,5,4,4,6500,1,1,0,2025,3,9,2540000,2120000,1,1
202601,6,,가흥택지개발지구,47210,13,0,0,0,1,0,7,31,03,6,2,없음,13,5,0,1,0,2,2,4,1,10,2,1,1,1,1,8,2,3,1,1,I,561,4,1,4,5,5,6,5,5,9700,1,1,0,5,5,6,5,5,9700,1,1,0,5,5,6,5,5,9700,1,1,0,2024,3,9,2180000,2170000,1,1
202601,6,,가흥택지개발지구,47210,13,0,0,0,1,0,7,31,03,6,2,없음,13,5,0,1,0,2,2,4,1,10,2,1,1,1,1,8,2,3,2,1,P,855,4,1,4,4,4,4,4,4,5900,1,1,0,4,4,4,4,4,5900,1,1,0,4,4,4,4,4,5900,1,1,0,2026,3,9,2180000,2170000,1,1
202601,6,,가흥택지개발지구,47210,13,0,0,0,1,0,7,31,03,6,2,없음,23,5,0,1,0,2,2,4,1,10,2,2,1,1,1,8,2,3,1,6,0,999,4,1,4,1,1,1,5,5,9800,1,1,1,1,1,1,5,5,9800,1,1,1,1,1,1,5,5,9800,1,1,1,0,1,1,2220000,2210000,1,1
202601,6,,가흥택지개발지구,47210,13,0,0,0,1,0,7,31,03,6,2,없음,23,5,0,1,0,2,2,4,1,10,2,2,1,1,1,8,2,3,2,1,P,855,4,1,4,4,4,4,4,4,5800,1,1,0,4,4,4,4,4,5800,1,1,0,4,4,4,4,4,5800,1,1,0,2024,3,10,2220000,2210000,1,1
202601,6,,가흥택지개발지구,47210,13,0,0,0,1,0,7,12,04,3,1,없음,43,2,0,0,0,2,1,3,1,10,1,1,1,1,1,8,2,3,1,1,G,474,2,1,2,4,4,7,4,4,14200,1,1,0,4,4,7,4,4,14200,1,1,0,4,4,7,4,4,14200,1,1,0,2025,2,10,1590000,5800000,1,1
202601,6,,가흥택지개발지구,47210,13,0,0,0,1,0,7,12,04,3,1,없음,43,2,0,0,0,2,1,3,1,10,1,1,1,1,1,8,2,3,1,1,S,961,2,1,2,4,4,7,4,4,14200,1,1,0,4,4,7,4,4,14200,1,1,0,4,4,7,4,4,14200,1,1,0,2025,3,10,1590000,5800000,1,1
202601,6,,가흥택지개발지구,47210,13,0,0,0,1,0,7,32,03,6,1,없음,82,6,0,0,0,2,1,3,1,10,1,1,1,1,1,8,2,3,1,1,G,466,3,1,3,4,4,6,4,4,8700,1,1,0,4,4,6,4,4,8700,1,1,0,4,4,6,4,4,8700,1,1,0,2025,3,8,1300000,2170000,1,1
202601,6,,0.비상권,47210,16,22,0,0,1,0,1,51,04,1,1,없음,250,6,0,0,0,1,1,2,1,10,1,1,1,1,1,28,1,3,1,1,G,475,2,1,2,3,3,5,3,3,6400,1,1,0,3,3,5,3,3,6400,1,1,0,3,3,5,3,3,6400,1,1,0,2025,2,9,1090000,1500000,1,1
202601,6,,0.비상권,47210,22,0,0,0,1,0,5,32,03,8,2,없음,120,1,0,0,0,1,2,4,1,9,1,1,1,1,1,8,1,3,1,1,S,961,2,1,2,4,3,5,4,3,6900,1,1,0,4,3,5,4,3,6900,1,1,0,4,3,5,4,3,6900,1,1,0,2024,3,9,1800000,1020000,1,1
202601,6,,0.비상권,47210,22,0,0,0,1,0,5,32,03,8,2,없음,120,1,0,0,0,1,2,4,1,9,1,1,1,1,1,8,1,3,2,6,0,999,2,1,2,1,1,1,3,3,3500,1,1,1,1,1,1,3,3,3500,1,1,1,1,1,1,3,3,3500,1,1,1,0,1,1,1800000,1020000,1,1
202601,6,,0.비상권,47210,13,0,0,0,1,0,1,21,03,6,1,없음,100,7,0,0,0,2,2,4,1,9,1,1,1,1,1,8,2,3,1,1,S,969,3,1,3,4,3,4,4,3,5800,1,1,0,4,3,4,4,3,5800,1,1,0,4,3,4,4,3,5800,1,1,0,2025,3,10,1340000,1360000,1,1
202601,6,,0.비상권,47210,13,0,0,0,1,0,1,21,03,6,1,없음,100,7,0,0,0,2,2,4,1,9,1,1,1,1,1,8,2,3,2,2,0,999,2,1,2,1,1,1,4,3,5000,1,1,0,1,1,1,4,3,5000,1,1,0,1,1,1,4,3,5000,1,1,0,0,1,1,1340000,1360000,1,1
202601,6,,0.비상권,47210,13,0,0,0,1,0,1,51,04,4,1,없음,100,6,0,0,0,2,1,2,1,10,1,1,1,1,1,8,2,3,1,1,G,472,2,1,2,3,3,5,3,3,7500,1,1,0,3,3,5,3,3,7500,1,1,0,3,3,5,3,3,7500,1,1,0,2024,3,7,1270000,4050000,1,2
202601,6,,0.비상권,47210,22,0,0,0,1,0,1,51,04,1,1,없음,120,6,0,0,0,1,1,1,1,9,1,1,1,1,1,8,1,3,1,1,G,472,1,1,1,3,3,6,3,3,9500,1,1,0,3,3,6,3,3,9500,1,1,0,3,3,6,3,3,9500,1,1,0,2023,4,10,1910000,3530000,1,2
202601,6,,0.비상권,47210,22,0,0,0,1,0,7,32,03,8,1,없음,180,4,0,0,0,2,2,4,1,10,2,1,1,1,1,1,2,3,1,1,I,561,4,1,4,4,4,4,4,4,5700,1,1,0,4,4,4,4,4,5700,1,1,0,4,4,4,4,4,5700,1,1,0,2026,3,8,1240000,1610000,1,1
202601,6,,0.비상권,47210,14,0,0,0,1,0,4,32,04,1,1,없음,5,6,0,0,0,2,1,2,1,9,1,1,1,1,1,1,2,2,1,1,C,112,2,1,2,3,3,3,3,3,3500,1,1,0,3,3,3,3,3,3500,1,1,0,3,3,3,3,3,3500,1,1,0,2025,3,5,510000,900000,1,1
202601,6,,0.비상권,47230,42,0,0,0,1,0,7,32,04,2,1,없음,130,4,0,0,0,4,2,4,1,10,2,1,1,1,1,8,4,2,1,1,N,742,2,1,2,3,3,7,3,3,12700,1,1,0,3,3,7,3,3,12700,1,1,0,3,3,7,3,3,12700,1,1,0,2025,3,9,590000,2950000,1,1
202601,6,,0.비상권,47230,42,0,0,0,1,0,7,32,04,2,1,없음,130,4,0,0,0,4,2,4,1,10,2,1,1,1,1,8,4,2,1,1,L,682,2,1,2,3,3,7,3,3,12400,1,1,0,3,3,7,3,3,12400,1,1,0,3,3,7,3,3,12400,1,1,0,2025,3,9,590000,2950000,1,1
202601,6,,0.비상권,47230,42,0,0,0,1,0,7,32,04,2,1,없음,130,4,0,0,0,4,2,4,1,10,2,1,1,1,1,8,4,2,1,6,0,999,2,1,2,1,1,1,3,3,12400,1,1,1,1,1,1,3,3,12400,1,1,1,1,1,1,3,3,12400,1,1,1,0,1,1,590000,2950000,1,1
202601,6,,0.비상권,47230,42,0,0,0,1,0,7,32,04,2,1,없음,130,4,0,0,0,4,2,4,1,10,2,1,1,1,1,8,4,2,1,1,G,452,2,1,2,3,3,7,3,3,12700,1,1,0,3,3,7,3,3,12700,1,1,0,3,3,7,3,3,12700,1,1,0,2024,3,9,590000,2950000,1,1
202601,6,,0.비상권,47230,42,0,0,0,1,0,7,32,04,2,1,없음,130,4,0,0,0,4,2,4,1,10,2,1,1,1,1,8,4,2,1,6,0,999,2,1,2,1,1,1,3,3,12400,1,1,1,1,1,1,3,3,12400,1,1,1,1,1,1,3,3,12400,1,1,1,0,1,1,590000,2950000,1,1
202601,6,,0.비상권,47230,22,0,0,0,1,0,4,32,04,4,1,없음,100,6,0,0,0,2,1,3,1,10,1,1,1,1,1,8,2,2,1,1,I,562,2,1,2,3,3,6,3,3,8900,1,1,0,3,3,6,3,3,8900,1,1,0,3,3,6,3,3,8900,1,1,0,2025,3,10,1970000,5400000,1,1
202601,6,,0.비상권,47230,22,0,0,0,1,0,4,32,04,4,1,없음,100,6,0,0,0,2,1,3,1,10,1,1,1,1,1,8,2,2,1,1,G,475,2,1,2,3,3,5,3,3,9200,1,1,0,3,3,5,3,3,9200,1,1,0,3,3,5,3,3,9200,1,1,0,2025,3,10,1970000,5400000,1,1
202601,6,,0.비상권,47230,22,0,0,0,1,0,4,32,04,8,1,없음,50,4,0,0,0,2,2,4,1,10,2,1,1,1,1,8,2,2,1,1,I,562,2,1,2,3,3,5,4,3,7800,1,1,0,3,3,5,4,3,7800,1,1,0,3,3,5,4,3,7800,1,1,0,2026,3,8,1850000,2670000,1,1
202601,6,,0.비상권,47230,22,0,0,0,1,0,4,32,04,8,1,없음,50,4,0,0,0,2,2,4,1,10,2,1,1,1,1,8,2,2,1,1,I,562,2,1,2,4,3,6,5,3,8400,1,1,0,4,3,6,5,3,8400,1,1,0,4,3,6,5,3,8400,1,1,0,2025,3,7,1850000,2670000,1,1
202601,6,,0.비상권,47230,22,0,0,0,1,0,1,12,04,8,1,없음,100,4,0,0,0,2,2,4,1,10,2,1,1,1,1,8,2,2,1,1,I,562,2,1,2,4,3,5,4,4,9100,1,1,0,4,3,5,4,4,9100,1,1,0,4,3,5,4,4,9100,1,1,0,2024,3,10,1790000,2490000,1,1
202601,6,,0.비상권,47230,22,0,0,0,1,0,1,12,04,8,1,없음,100,4,0,0,0,2,2,4,1,10,2,1,1,1,1,8,2,2,1,1,F,424,3,1,3,4,3,5,4,3,7100,1,1,0,4,3,5,4,3,7100,1,1,0,4,3,5,4,3,7100,1,1,0,2024,3,10,1790000,2490000,1,1
202601,6,,0.비상권,47230,22,0,0,0,1,0,1,12,04,8,1,없음,100,4,0,0,0,2,2,4,1,10,2,1,1,1,1,8,2,2,1,1,I,561,3,1,3,3,3,5,3,4,6600,1,1,0,3,3,5,3,4,6600,1,1,0,3,3,5,3,4,6600,1,1,0,2025,3,8,1790000,2490000,1,1
202601,6,,0.비상권,47230,22,0,0,0,1,0,6,32,03,8,1,없음,50,1,0,1,0,2,2,4,1,10,1,2,1,1,1,8,2,2,1,6,0,999,2,1,2,1,1,1,4,4,20700,1,1,1,1,1,1,4,4,20700,1,1,1,1,1,1,4,4,20700,1,1,1,0,1,1,2580000,3550000,1,2
202601,6,,0.비상권,47230,22,0,0,0,1,0,6,32,03,8,1,없음,50,1,0,1,0,2,2,4,1,10,1,2,1,1,1,8,2,2,1,2,G,463,2,1,2,1,1,1,3,3,12600,1,1,0,1,1,1,3,3,12600,1,1,0,1,1,1,3,3,12600,1,1,0,0,1,1,2580000,3550000,1,2
202601,6,,0.비상권,47230,22,0,0,0,1,0,6,32,03,8,1,없음,50,1,0,1,0,2,2,4,1,10,1,2,1,1,1,8,2,2,1,2,G,463,2,1,2,1,1,1,4,4,20800,1,1,0,1,1,1,4,4,20800,1,1,0,1,1,1,4,4,20800,1,1,0,0,1,1,2580000,3550000,1,2
202601,6,,0.비상권,47230,22,0,0,0,1,0,6,32,03,8,1,없음,50,1,0,1,0,2,2,4,1,10,1,2,1,1,1,8,2,2,1,6,0,999,1,1,1,1,1,1,4,4,23700,1,1,1,1,1,1,4,4,23700,1,1,1,1,1,1,4,4,23700,1,1,1,0,1,1,2580000,3550000,1,2
202601,6,,0.비상권,47230,22,0,0,0,1,0,6,32,03,8,1,없음,50,1,0,1,0,2,2,4,1,10,1,2,1,1,1,8,2,2,1,6,0,999,2,1,2,1,1,1,4,5,18900,1,1,1,1,1,1,4,5,18900,1,1,1,1,1,1,4,5,18900,1,1,1,0,1,1,2580000,3550000,1,2
202601,6,,0.비상권,47230,22,0,0,0,1,0,7,32,04,4,1,없음,100,1,0,0,0,2,1,3,1,10,1,1,1,1,1,8,2,2,1,6,0,999,1,1,1,1,1,1,3,3,8600,1,1,1,1,1,1,3,3,8600,1,1,1,1,1,1,3,3,8600,1,1,1,0,1,1,2880000,8130000,1,1
202601,6,,0.비상권,47230,22,0,0,0,1,0,7,32,04,4,1,없음,100,1,0,0,0,2,1,3,1,10,1,1,1,1,1,8,2,2,1,6,0,999,2,1,2,1,1,1,3,3,7500,1,1,1,1,1,1,3,3,7500,1,1,1,1,1,1,3,3,7500,1,1,1,0,1,1,2880000,8130000,1,1
202601,6,,0.비상권,47230,22,0,0,0,1,0,6,32,03,8,1,없음,17,1,0,0,0,1,1,2,1,10,1,1,1,1,1,8,1,2,1,1,G,478,1,1,1,3,3,7,3,3,13500,1,1,0,3,3,7,3,3,13500,1,1,0,3,3,7,3,3,13500,1,1,0,2025,3,10,3550000,4690000,1,1
202601,6,,0.비상권,47230,22,0,0,0,1,0,6,32,03,8,1,없음,17,1,0,0,0,1,1,2,1,10,1,1,1,1,1,8,1,2,1,1,L,682,1,1,1,3,3,7,3,3,12200,1,1,0,3,3,7,3,3,12200,1,1,0,3,3,7,3,3,12200,1,1,0,2025,3,10,3550000,4690000,1,1
202601,6,,0.비상권,47230,22,0,0,0,1,0,1,12,03,1,1,없음,125,6,0,0,0,1,1,2,1,10,1,1,1,1,1,8,1,2,1,1,S,961,2,1,2,3,3,7,3,3,13000,1,1,0,3,3,7,3,3,13000,1,1,0,3,3,7,3,3,13000,1,1,0,2025,3,8,3040000,6940000,1,2
202601,6,,0.비상권,47230,22,0,0,0,1,0,2,11,04,1,1,없음,90,6,0,0,0,1,1,3,1,9,1,1,1,1,1,8,1,2,1,1,I,562,2,1,2,3,3,6,3,3,8600,1,1,0,3,3,6,3,3,8600,1,1,0,3,3,6,3,3,8600,1,1,0,2026,3,10,2130000,1890000,1,1
202601,6,,0.비상권,47230,22,0,0,0,1,0,2,11,04,1,1,없음,90,6,0,0,0,1,1,3,1,9,1,1,1,1,1,8,1,2,2,3,0,999,1,1,2,1,1,1,3,3,4400,1,1,0,1,1,1,3,3,4400,1,1,0,1,1,1,3,3,4400,1,1,0,2025,2,7,2130000,1890000,1,1
202601,6,,0.비상권,47230,22,0,0,0,1,0,1,21,03,1,1,없음,100,4,0,0,0,2,1,3,1,10,1,1,1,1,1,8,2,2,1,1,I,562,3,1,3,4,4,5,4,3,6900,1,1,0,4,4,5,4,3,6900,1,1,0,4,4,5,4,3,6900,1,1,0,2025,3,8,1770000,3000000,1,1
202601,6,,상주동문동,47250,22,0,0,0,1,0,1,21,03,1,1,없음,20,5,0,0,0,1,2,4,1,10,2,1,1,1,1,8,1,2,1,1,G,463,2,1,2,3,3,6,3,3,8200,1,1,0,3,3,6,3,3,8200,1,1,0,3,3,6,3,3,8200,1,1,0,2026,3,8,1880000,940000,1,1
202601,6,,상주동문동,47250,22,0,0,0,1,0,1,21,03,1,1,없음,20,5,0,0,0,1,2,4,1,10,2,1,1,1,1,8,1,2,2,1,0,999,2,1,2,2,3,3,2,3,3500,1,1,0,2,3,3,2,3,3500,1,1,0,2,3,3,2,3,3500,1,1,0,2026,3,8,1880000,940000,1,1
202601,6,,상주동문동,47250,22,0,0,0,1,0,3,21,03,7,2,없음,150,5,0,0,0,2,2,4,2,9,1,1,1,1,1,8,2,2,1,1,Q,861,3,1,3,6,4,7,6,4,11700,1,1,0,6,4,7,6,4,11700,1,1,0,6,4,7,6,4,11700,1,1,0,2025,3,8,3930000,2880000,1,1
202601,6,,상주동문동,47250,22,0,0,0,1,0,3,21,03,7,2,없음,150,5,0,0,0,2,2,4,2,9,1,1,1,1,1,8,2,2,2,6,0,999,3,1,3,1,1,1,3,3,3300,1,1,1,1,1,1,3,3,3300,1,1,1,1,1,1,3,3,3300,1,1,1,0,1,1,3930000,2880000,1,1
202601,6,,상주동문동,47250,22,0,0,0,1,0,5,32,03,6,1,없음,280,8,0,0,0,3,1,3,1,10,1,1,1,1,1,8,2,3,1,1,M,733,3,1,3,4,3,5,4,3,6700,1,1,0,4,3,5,4,3,6700,1,1,0,4,3,5,4,3,6700,1,1,0,2026,3,7,1340000,2200000,1,1
202601,6,,상주동문동,47250,22,0,0,0,1,0,1,51,04,1,1,없음,190,6,0,0,0,2,2,4,1,10,2,1,1,1,1,8,2,3,1,1,I,561,4,1,4,3,3,3,3,3,3000,1,1,0,3,3,3,3,3,3000,1,1,0,3,3,3,3,3,3000,1,1,0,2025,3,8,1660000,2550000,1,1
202601,6,,상주동문동,47250,22,0,0,0,1,0,3,11,04,8,1,없음,290,4,0,0,0,2,1,3,1,9,1,1,1,1,1,8,2,3,1,1,G,474,2,1,2,4,4,7,4,4,17700,1,1,0,4,4,7,4,4,17700,1,1,0,4,4,7,4,4,17700,1,1,0,2024,3,8,3940000,4630000,1,1
202601,6,,상주동문동,47250,22,0,0,0,1,0,3,11,04,8,1,없음,290,4,0,0,0,2,1,3,1,9,1,1,1,1,1,8,2,3,1,1,S,961,2,1,2,4,4,7,4,4,17800,1,1,0,4,4,7,4,4,17800,1,1,0,4,4,7,4,4,17800,1,1,0,2024,3,10,3940000,4630000,1,1
202601,6,,상주동문동,47250,22,0,0,0,1,0,1,11,03,1,1,없음,200,4,0,0,0,2,1,2,1,10,1,1,1,1,1,8,2,3,1,1,I,561,2,1,2,4,4,7,4,4,10400,1,1,0,4,4,7,4,4,10400,1,1,0,4,4,7,4,4,10400,1,1,0,2025,3,10,3860000,6580000,1,1
202601,6,,상주동문동,47250,22,0,0,0,1,0,1,51,03,1,1,없음,76,6,0,0,0,1,1,1,1,10,1,1,1,1,1,8,1,3,1,1,S,961,1,1,1,3,3,7,3,4,19800,1,1,0,3,3,7,3,4,19800,1,1,0,3,3,7,3,4,19800,1,1,0,2024,3,10,2300000,2640000,1,1
202601,6,,상주동문동,47250,22,0,0,0,1,0,1,51,03,1,1,없음,60,8,0,0,0,3,2,4,1,9,2,1,1,1,1,8,3,3,1,1,I,561,1,1,1,3,3,5,2,3,6700,1,1,0,3,3,5,2,3,6700,1,1,0,3,3,5,2,3,6700,1,1,0,2026,3,8,1480000,2410000,1,1
202601,6,,상주동문동,47250,22,0,0,0,1,0,1,51,03,1,1,없음,60,8,0,0,0,3,2,4,1,9,2,1,1,1,1,8,3,3,1,1,G,474,1,1,1,3,3,5,2,3,6600,1,1,0,3,3,5,2,3,6600,1,1,0,3,3,5,2,3,6600,1,1,0,2026,3,8,1480000,2410000,1,1
202601,6,,상주동문동,47250,22,0,0,0,1,0,1,51,03,1,1,없음,60,8,0,0,0,3,2,4,1,9,2,1,1,1,1,8,3,3,1,1,I,561,1,1,1,3,3,5,2,3,6700,1,1,0,3,3,5,2,3,6700,1,1,0,3,3,5,2,3,6700,1,1,0,2025,3,8,1480000,2410000,1,1
202601,6,,상주동문동,47250,22,0,0,0,1,0,1,51,03,1,1,없음,60,8,0,0,0,3,2,4,1,9,2,1,1,1,1,8,3,3,1,1,G,474,1,1,1,3,3,5,2,3,6700,1,1,0,3,3,5,2,3,6700,1,1,0,3,3,5,2,3,6700,1,1,0,2025,3,8,1480000,2410000,1,1
202601,6,,상주동문동,47250,22,0,0,0,1,0,1,51,03,1,1,없음,60,8,0,0,0,3,2,4,1,9,2,1,1,1,1,8,3,3,1,1,G,474,1,1,1,3,3,5,2,3,6700,1,1,0,3,3,5,2,3,6700,1,1,0,3,3,5,2,3,6700,1,1,0,2025,3,8,1480000,2410000,1,1
202601,6,,상주동문동,47250,22,0,0,0,1,0,1,51,03,1,1,없음,60,8,0,0,0,3,2,4,1,9,2,1,1,1,1,8,3,3,1,1,I,561,2,1,2,3,3,4,3,3,5800,1,1,0,3,3,4,3,3,5800,1,1,0,3,3,4,3,3,5800,1,1,0,2026,3,8,1480000,2410000,1,1
202601,6,,상주동문동,47250,22,0,0,0,1,0,1,51,03,1,1,없음,60,8,0,0,0,3,2,4,1,9,2,1,1,1,1,8,3,3,1,1,S,961,1,1,1,3,3,5,2,3,6600,1,1,0,3,3,5,2,3,6600,1,1,0,3,3,5,2,3,6600,1,1,0,2026,3,8,1480000,2410000,1,1
202601,6,,상주동문동,47250,22,0,0,0,1,0,1,51,03,1,1,없음,60,8,0,0,0,3,2,4,1,9,2,1,1,1,1,8,3,3,1,1,G,474,1,1,1,3,3,5,2,3,6600,1,1,0,3,3,5,2,3,6600,1,1,0,3,3,5,2,3,6600,1,1,0,2025,3,10,1480000,2410000,1,1
202601,6,,상주동문동,47250,22,0,0,0,1,0,1,51,03,1,1,없음,60,8,0,0,0,3,2,4,1,9,2,1,1,1,1,8,3,3,1,6,0,999,1,1,1,1,1,1,2,3,6700,1,1,1,1,1,1,2,3,6700,1,1,1,1,1,1,2,3,6700,1,1,1,0,1,1,1480000,2410000,1,1
202601,6,,상주동문동,47250,22,0,0,0,1,0,1,11,03,1,1,없음,200,4,0,0,0,1,2,4,1,10,1,1,1,1,1,8,1,2,1,1,G,472,2,1,2,4,4,7,4,4,10000,1,1,0,4,4,7,4,4,10000,1,1,0,4,4,7,4,4,10000,1,1,0,2024,3,7,2470000,2260000,1,1
202601,6,,상주동문동,47250,22,0,0,0,1,0,1,11,03,1,1,없음,200,4,0,0,0,1,2,4,1,10,1,1,1,1,1,8,1,2,2,6,0,999,2,1,2,1,1,1,3,3,3800,1,1,1,1,1,1,3,3,3800,1,1,1,1,1,1,3,3,3800,1,1,1,0,1,1,2470000,2260000,1,1
202601,6,,상주동문동,47250,22,0,0,0,1,0,4,11,03,7,1,없음,250,6,0,0,0,2,2,4,1,10,2,1,1,1,1,8,2,3,1,1,G,472,4,1,4,6,4,5,6,4,6100,1,1,0,6,4,5,6,4,6100,1,1,0,6,4,5,6,4,6100,1,1,0,2024,3,7,2420000,3110000,1,1
202601,6,,상주동문동,47250,22,0,0,0,1,0,1,21,03,1,1,없음,430,6,0,0,0,1,2,4,1,10,1,2,1,1,1,8,2,3,1,6,0,999,2,1,2,1,1,1,3,3,7300,1,1,1,1,1,1,3,3,7300,1,1,1,1,1,1,3,3,7300,1,1,1,0,1,1,2430000,1710000,1,1
202601,6,,상주동문동,47250,22,0,0,0,1,0,1,21,03,1,1,없음,430,6,0,0,0,1,2,4,1,10,1,2,1,1,1,8,2,3,1,6,0,999,2,1,2,1,1,1,3,3,7300,1,1,1,1,1,1,3,3,7300,1,1,1,1,1,1,3,3,7300,1,1,1,0,1,1,2430000,1710000,1,1
202601,6,,상주동문동,47250,22,0,0,0,1,0,1,21,03,1,1,없음,430,6,0,0,0,1,2,4,1,10,1,2,1,1,1,8,2,3,2,6,0,999,3,1,4,1,1,1,3,3,3600,1,1,1,1,1,1,3,3,3600,1,1,1,1,1,1,3,3,3600,1,1,1,0,1,1,2430000,1710000,1,1
202601,6,,상주동문동,47250,22,0,0,0,1,0,6,32,03,8,1,없음,224,6,0,0,0,1,1,2,1,10,1,1,1,1,1,8,1,3,1,1,G,474,1,1,1,3,3,7,3,3,12600,1,1,0,3,3,7,3,3,12600,1,1,0,3,3,7,3,3,12600,1,1,0,2025,3,10,2510000,3340000,1,1
202601,6,,상주동문동,47250,22,0,0,0,1,0,6,32,03,8,1,없음,224,6,0,0,0,1,1,2,1,10,1,1,1,1,1,8,1,3,1,1,S,961,1,1,1,3,3,7,3,3,12600,1,1,0,3,3,7,3,3,12600,1,1,0,3,3,7,3,3,12600,1,1,0,2024,3,7,2510000,3340000,1,1
202601,6,,상주동문동,47250,22,0,0,0,1,0,1,12,03,10,1,없음,250,7,0,0,0,1,1,3,1,10,1,1,1,1,1,8,1,3,1,1,G,474,3,1,3,4,3,6,4,3,8100,1,1,0,4,3,6,4,3,8100,1,1,0,4,3,6,4,3,8100,1,1,0,2025,3,10,2060000,2210000,1,2
202601,6,,상주동문동,47250,22,0,0,0,1,0,1,51,03,1,1,없음,242,8,0,0,0,1,1,1,1,10,1,1,1,1,1,8,1,3,1,1,S,969,1,1,1,3,3,7,3,3,12900,1,1,0,3,3,7,3,3,12900,1,1,0,3,3,7,3,3,12900,1,1,0,2024,3,7,1570000,2060000,1,1
202601,6,,상주동문동,47250,22,0,0,0,1,0,3,21,03,1,1,없음,40,6,0,0,0,3,2,4,1,10,1,1,1,1,1,8,3,2,1,2,G,474,2,1,2,1,1,1,4,4,11000,1,1,0,1,1,1,4,4,11000,1,1,0,1,1,1,4,4,11000,1,1,0,0,1,1,2240000,6000000,1,1
202601,6,,상주동문동,47250,22,0,0,0,1,0,3,21,03,1,1,없음,40,6,0,0,0,3,2,4,1,10,1,1,1,1,1,8,3,2,1,1,G,474,2,1,2,4,3,6,4,3,10700,1,1,0,4,3,6,4,3,10700,1,1,0,4,3,6,4,3,10700,1,1,0,2026,2,8,2240000,6000000,1,1
202601,6,,상주동문동,47250,22,0,0,0,1,0,3,21,03,1,1,없음,40,6,0,0,0,3,2,4,1,10,1,1,1,1,1,8,3,2,2,6,0,999,3,1,3,1,1,1,3,3,2500,1,1,1,1,1,1,3,3,2500,1,1,1,1,1,1,3,3,2500,1,1,1,0,1,1,2240000,6000000,1,1
202601,6,,상주동문동,47250,22,0,0,0,1,0,1,51,03,1,1,없음,40,8,0,0,0,1,1,1,1,10,1,1,1,1,1,8,1,2,1,6,0,999,1,1,1,1,1,1,2,2,11300,1,1,1,1,1,1,2,2,11300,1,1,1,1,1,1,2,2,11300,1,1,1,0,1,1,1400000,2160000,1,1
202601,6,,상주동문동,47250,22,0,0,0,1,0,1,51,03,1,1,없음,40,8,0,0,0,1,1,1,1,10,1,1,1,1,1,8,1,2,1,6,0,999,1,1,1,1,1,1,2,2,11300,1,1,1,1,1,1,2,2,11300,1,1,1,1,1,1,2,2,11300,1,1,1,0,1,1,1400000,2160000,1,1
202601,6,,상주동문동,47250,22,0,0,0,1,0,1,51,03,1,1,없음,40,8,0,0,0,1,1,1,1,10,1,1,1,1,1,8,1,2,1,6,0,999,1,1,1,1,1,1,2,2,11100,1,1,1,1,1,1,2,2,11100,1,1,1,1,1,1,2,2,11100,1,1,1,0,1,1,1400000,2160000,1,1
202601,6,,상주동문동,47250,22,0,0,0,1,0,1,11,03,1,1,없음,200,6,0,0,0,1,2,4,1,10,1,1,1,1,1,8,1,2,1,1,G,474,1,1,2,4,3,7,4,3,13500,1,1,0,4,3,7,4,3,13500,1,1,0,4,3,7,4,3,13500,1,1,0,2025,3,10,2280000,1800000,1,1
202601,6,,상주동문동,47250,22,0,0,0,1,0,1,11,03,1,1,없음,200,6,0,0,0,1,2,4,1,10,1,1,1,1,1,8,1,2,1,1,G,474,1,1,2,4,3,7,4,3,13500,1,1,0,4,3,7,4,3,13500,1,1,0,4,3,7,4,3,13500,1,1,0,2024,3,8,2280000,1800000,1,1
202601,6,,상주동문동,47250,22,0,0,0,1,0,1,11,03,1,1,없음,200,6,0,0,0,1,2,4,1,10,1,1,1,1,1,8,1,2,2,2,0,999,2,1,2,1,1,1,3,3,5700,1,1,0,1,1,1,3,3,5700,1,1,0,1,1,1,3,3,5700,1,1,0,0,1,1,2280000,1800000,1,1
202601,6,,상주동문동,47250,22,0,0,0,1,0,1,51,03,1,1,없음,240,6,0,0,0,1,1,2,1,10,1,1,1,1,1,8,1,2,1,1,G,474,2,1,2,3,3,6,3,3,9400,1,1,0,3,3,6,3,3,9400,1,1,0,3,3,6,3,3,9400,1,1,0,2025,3,10,2190000,2150000,1,1
202601,6,,상주동문동,47250,22,0,0,0,1,0,1,51,03,6,1,없음,320,6,0,0,0,1,1,1,1,10,1,1,1,1,1,8,1,2,1,1,I,561,1,1,1,4,3,7,4,3,14400,1,1,0,4,3,7,4,3,14400,1,1,0,4,3,7,4,3,14400,1,1,0,2025,3,10,2120000,3560000,1,3
202601,6,,상주동문동,47250,22,0,0,0,1,0,4,32,03,8,1,없음,280,4,0,0,0,1,1,2,1,10,1,1,1,1,1,8,1,2,1,1,G,474,2,1,2,5,5,8,5,5,23300,1,1,0,5,5,8,5,5,23300,1,1,0,5,5,8,5,5,23300,1,1,0,2024,3,8,4080000,5320000,1,1
202601,6,,상주동문동,47250,22,0,0,0,1,0,4,21,04,8,2,없음,250,3,0,1,0,3,2,4,1,10,1,2,1,1,1,8,2,2,1,6,0,999,3,1,3,1,1,1,4,3,6200,1,1,1,1,1,1,4,3,6200,1,1,1,1,1,1,4,3,6200,1,1,1,0,1,1,5490000,2890000,1,1
202601,6,,상주동문동,47250,22,0,0,0,1,0,4,21,04,8,2,없음,250,3,0,1,0,3,2,4,1,10,1,2,1,1,1,8,2,2,1,1,G,474,2,1,2,3,3,5,3,3,7100,1,1,0,3,3,5,3,3,7100,1,1,0,3,3,5,3,3,7100,1,1,0,2025,2,7,5490000,2890000,1,1
202601,6,,상주동문동,47250,22,0,0,0,1,0,4,21,04,8,2,없음,250,3,0,1,0,3,2,4,1,10,1,2,1,1,1,8,2,2,2,6,0,999,4,1,4,1,1,1,5,3,4500,1,1,1,1,1,1,5,3,4500,1,1,1,1,1,1,5,3,4500,1,1,1,0,1,1,5490000,2890000,1,1
202601,6,,상주동문동,47250,22,0,0,0,1,0,4,32,03,7,1,없음,280,9,0,0,0,1,1,1,1,10,1,1,1,1,1,8,1,3,1,6,0,999,1,1,1,1,1,1,2,3,6200,1,1,1,1,1,1,2,3,6200,1,1,1,1,1,1,2,3,6200,1,1,1,0,1,1,1710000,3340000,1,1
202601,6,,상주동문동,47250,22,0,0,0,1,0,1,51,03,1,1,없음,200,6,0,0,0,1,1,2,1,10,1,1,1,1,1,8,1,3,1,1,G,472,2,1,2,4,3,7,4,3,13800,1,1,0,4,3,7,4,3,13800,1,1,0,4,3,7,4,3,13800,1,1,0,2025,3,9,2040000,2210000,1,1
202601,6,,상주동문동,47250,22,0,0,0,1,0,1,51,03,1,1,없음,560,1,0,0,0,1,1,1,1,10,1,1,1,1,1,8,1,2,1,1,I,561,1,1,1,4,4,9,4,4,30600,1,1,0,4,4,9,4,4,30600,1,1,0,4,4,9,4,4,30600,1,1,0,2024,4,9,4240000,4790000,1,1
202601,6,,상주동문동,47250,14,0,0,0,1,0,6,32,03,1,1,없음,115,5,0,1,0,1,1,2,1,10,1,1,1,1,1,8,1,2,1,1,S,961,2,1,2,4,3,6,4,3,9900,1,1,0,4,3,6,4,3,9900,1,1,0,4,3,6,4,3,9900,1,1,0,2024,3,7,1780000,2140000,1,1
202601,6,,상주동문동,47250,22,0,0,0,1,0,6,11,04,8,1,없음,138,1,0,0,0,1,1,1,1,10,1,1,1,1,1,8,1,2,1,1,I,561,1,1,1,3,3,7,3,3,11400,1,1,0,3,3,7,3,3,11400,1,1,0,3,3,7,3,3,11400,1,1,0,2025,2,10,4340000,5520000,1,3
202601,6,,상주동문동,47250,22,0,0,0,1,0,5,11,03,8,1,없음,33,4,0,0,0,2,2,4,1,10,2,1,1,1,1,8,2,2,1,1,G,471,4,1,4,6,5,7,6,5,11600,1,1,0,6,5,7,6,5,11600,1,1,0,6,5,7,6,5,11600,1,1,0,2024,3,8,2930000,3700000,1,1
202601,6,,문경점촌흥덕,47280,22,0,0,0,1,0,1,21,03,7,2,없음,180,5,0,0,0,2,2,4,1,9,2,1,1,1,1,8,2,2,1,6,0,999,2,1,2,1,1,1,3,3,4900,1,1,1,1,1,1,3,3,4900,1,1,1,1,1,1,3,3,4900,1,1,1,0,1,1,1020000,840000,1,1
202601,6,,문경점촌흥덕,47280,22,0,0,0,1,0,1,21,03,7,2,없음,180,5,0,0,0,2,2,4,1,9,2,1,1,1,1,8,2,2,1,1,I,562,2,1,2,3,3,4,3,3,4700,1,1,0,3,3,4,3,3,4700,1,1,0,3,3,4,3,3,4700,1,1,0,2025,2,8,1020000,840000,1,1
202601,6,,문경점촌흥덕,47280,22,0,0,0,1,0,1,21,03,7,2,없음,180,5,0,0,0,2,2,4,1,9,2,1,1,1,1,8,2,2,2,1,0,999,1,1,1,1,3,4,2,3,4900,1,1,0,1,3,4,2,3,4900,1,1,0,1,3,4,2,3,4900,1,1,0,2024,3,7,1020000,840000,1,1
202601,6,,문경점촌흥덕,47280,22,0,0,0,1,0,1,21,03,7,2,없음,180,5,0,0,0,2,2,4,1,9,2,1,1,1,1,8,2,2,2,1,0,999,2,1,2,3,3,3,3,3,2900,1,1,0,3,3,3,3,3,2900,1,1,0,3,3,3,3,3,2900,1,1,0,2026,3,6,1020000,840000,1,1
202601,6,,문경점촌흥덕,47280,22,0,0,0,1,0,3,21,03,7,2,없음,130,7,0,0,0,2,2,4,1,9,1,1,1,1,1,8,2,2,1,1,I,561,3,1,3,4,3,4,4,3,6100,1,1,0,4,3,4,4,3,6100,1,1,0,4,3,4,4,3,6100,1,1,0,2024,3,10,1560000,1150000,1,2
202601,6,,문경점촌흥덕,47280,22,0,0,0,1,0,3,21,03,7,2,없음,130,7,0,0,0,2,2,4,1,9,1,1,1,1,1,8,2,2,2,2,0,999,3,1,3,1,1,1,3,3,3400,1,1,0,1,1,1,3,3,3400,1,1,0,1,1,1,3,3,3400,1,1,0,0,1,1,1560000,1150000,1,2
202601,6,,문경점촌흥덕,47280,22,0,0,0,1,0,6,21,04,8,2,없음,342,4,0,1,0,2,2,4,1,10,2,1,1,1,1,8,2,3,1,1,Q,872,2,1,2,3,3,4,3,3,6000,1,1,0,3,3,4,3,3,6000,1,1,0,3,3,4,3,3,6000,1,1,0,2025,3,8,2390000,1810000,1,1
202601,6,,문경점촌흥덕,47280,22,0,0,0,1,0,6,21,04,8,2,없음,342,4,0,1,0,2,2,4,1,10,2,1,1,1,1,8,2,3,1,1,F,424,2,1,2,3,3,4,3,3,6000,1,1,0,3,3,4,3,3,6000,1,1,0,3,3,4,3,3,6000,1,1,0,2024,3,9,2390000,1810000,1,1
202601,6,,문경점촌흥덕,47280,22,0,0,0,1,0,6,21,04,8,2,없음,342,4,0,1,0,2,2,4,1,10,2,1,1,1,1,8,2,3,2,2,0,999,3,1,3,1,1,1,3,3,4500,1,1,0,1,1,1,3,3,4500,1,1,0,1,1,1,3,3,4500,1,1,0,0,1,1,2390000,1810000,1,1
202601,6,,문경점촌흥덕,47280,22,0,0,0,1,0,1,21,03,6,1,없음,140,6,0,0,0,2,2,4,1,10,2,1,1,1,1,8,2,2,1,1,I,561,4,1,4,4,4,6,4,4,8500,1,1,0,4,4,6,4,4,8500,1,1,0,4,4,6,4,4,8500,1,1,0,2026,2,8,1060000,1190000,1,2
202601,6,,문경점촌흥덕,47280,22,0,0,0,1,0,1,21,03,6,1,없음,140,6,0,0,0,2,2,4,1,10,2,1,1,1,1,8,2,2,2,2,0,999,3,1,3,1,1,1,3,3,4200,1,1,0,1,1,1,3,3,4200,1,1,0,1,1,1,3,3,4200,1,1,0,0,1,1,1060000,1190000,1,2
202601,6,,문경점촌흥덕,47280,22,0,0,0,1,0,1,11,03,1,1,없음,220,5,0,0,0,1,2,4,1,10,1,1,1,1,1,8,1,3,1,1,G,473,3,1,3,5,4,7,5,4,12500,1,1,0,5,4,7,5,4,12500,1,1,0,5,4,7,5,4,12500,1,1,0,2026,3,8,2310000,1380000,1,1
202601,6,,문경점촌흥덕,47280,22,0,0,0,1,0,1,11,03,1,1,없음,220,5,0,0,0,1,2,4,1,10,1,1,1,1,1,8,1,3,2,2,0,999,2,1,2,1,1,1,4,3,7300,1,1,0,1,1,1,4,3,7300,1,1,0,1,1,1,4,3,7300,1,1,0,0,1,1,2310000,1380000,1,1
202601,6,,문경점촌흥덕,47280,22,0,0,0,1,0,1,11,03,9,1,없음,250,4,0,0,0,2,1,3,1,10,1,1,1,1,1,8,2,3,1,1,N,751,1,1,1,3,3,6,3,3,6900,1,1,0,3,3,6,3,3,6900,1,1,0,3,3,6,3,3,6900,1,1,0,2025,2,8,1230000,1470000,1,1
202601,6,,문경점촌흥덕,47280,22,0,0,0,1,0,1,11,03,9,1,없음,250,4,0,0,0,2,1,3,1,10,1,1,1,1,1,8,2,3,1,2,S,969,3,1,3,1,1,1,3,3,6500,1,1,0,1,1,1,3,3,6500,1,1,0,1,1,1,3,3,6500,1,1,0,0,1,1,1230000,1470000,1,1
202601,6,,문경점촌흥덕,47280,22,0,0,0,1,0,1,21,03,10,2,없음,100,5,0,0,0,2,2,4,1,10,2,1,1,1,1,8,2,3,1,1,G,472,2,1,2,3,3,7,3,3,10100,1,1,0,3,3,7,3,3,10100,1,1,0,3,3,7,3,3,10100,1,1,0,2024,3,10,2270000,1210000,1,2
202601,6,,문경점촌흥덕,47280,22,0,0,0,1,0,1,21,03,10,2,없음,100,5,0,0,0,2,2,4,1,10,2,1,1,1,1,8,2,3,1,1,G,472,2,1,3,4,4,7,4,4,12700,1,1,0,4,4,7,4,4,12700,1,1,0,4,4,7,4,4,12700,1,1,0,2025,3,9,2270000,1210000,1,2
202601,6,,문경점촌흥덕,47280,22,0,0,0,1,0,1,21,03,10,2,없음,100,5,0,0,0,2,2,4,1,10,2,1,1,1,1,8,2,3,2,1,S,969,3,1,4,3,3,3,3,3,3900,1,1,0,3,3,3,3,3,3900,1,1,0,3,3,3,3,3,3900,1,1,0,2025,3,9,2270000,1210000,1,2
202601,6,,문경점촌흥덕,47280,22,0,0,0,1,0,1,21,03,7,2,없음,180,4,0,0,0,2,2,4,1,10,1,1,1,1,1,8,2,3,1,6,0,999,1,1,1,1,1,1,3,4,20600,1,1,1,1,1,1,3,4,20600,1,1,1,1,1,1,3,4,20600,1,1,1,0,1,1,2280000,1870000,1,2
202601,6,,문경점촌흥덕,47280,22,0,0,0,1,0,1,21,03,7,2,없음,180,4,0,0,0,2,2,4,1,10,1,1,1,1,1,8,2,3,1,6,0,999,1,1,1,1,1,1,3,4,20500,1,1,1,1,1,1,3,4,20500,1,1,1,1,1,1,3,4,20500,1,1,1,0,1,1,2280000,1870000,1,2
202601,6,,문경점촌흥덕,47280,22,0,0,0,1,0,1,21,03,7,2,없음,180,4,0,0,0,2,2,4,1,10,1,1,1,1,1,8,2,3,2,2,I,562,2,1,2,1,1,1,3,3,5000,1,1,0,1,1,1,3,3,5000,1,1,0,1,1,1,3,3,5000,1,1,0,0,1,1,2280000,1870000,1,2
202601,6,,문경점촌흥덕,47280,22,0,0,0,1,0,1,12,03,8,1,없음,173,6,0,0,0,2,2,3,1,10,1,1,1,1,1,8,2,3,1,6,0,999,1,1,2,1,1,1,3,3,8600,1,1,1,1,1,1,3,3,8600,1,1,1,1,1,1,3,3,8600,1,1,1,0,1,1,1290000,1640000,1,2
202601,6,,문경점촌흥덕,47280,22,0,0,0,1,0,1,12,03,8,1,없음,173,6,0,0,0,2,2,3,1,10,1,1,1,1,1,8,2,3,1,2,I,561,2,1,3,1,1,1,3,4,9000,1,1,0,1,1,1,3,4,9000,1,1,0,1,1,1,3,4,9000,1,1,0,0,1,1,1290000,1640000,1,2
202601,6,,문경점촌흥덕,47280,22,0,0,0,1,0,5,21,03,7,2,없음,200,4,0,0,0,2,2,4,1,10,2,1,1,1,1,8,2,3,1,1,G,474,4,1,4,6,5,7,6,5,19600,1,1,0,6,5,7,6,5,19600,1,1,0,6,5,7,6,5,19600,1,1,0,2025,2,8,3460000,2660000,1,3
202601,6,,문경점촌흥덕,47280,22,0,0,0,1,0,5,21,03,7,2,없음,200,4,0,0,0,2,2,4,1,10,2,1,1,1,1,8,2,3,2,1,S,961,4,1,4,5,3,4,5,4,6300,1,1,0,5,3,4,5,4,6300,1,1,0,5,3,4,5,4,6300,1,1,0,2024,3,7,3460000,2660000,1,3
202601,6,,문경점촌흥덕,47280,22,0,0,0,1,0,1,11,03,1,1,없음,100,5,0,0,0,1,2,4,1,10,1,1,1,1,1,8,1,3,1,1,G,473,2,1,2,5,4,7,5,4,21600,1,1,0,5,4,7,5,4,21600,1,1,0,5,4,7,5,4,21600,1,1,0,2025,3,8,3100000,2000000,1,1
202601,6,,문경점촌흥덕,47280,22,0,0,0,1,0,1,11,03,1,1,없음,100,5,0,0,0,1,2,4,1,10,1,1,1,1,1,8,1,3,2,6,0,999,2,1,2,1,1,1,3,3,10200,1,1,1,1,1,1,3,3,10200,1,1,1,1,1,1,3,3,10200,1,1,1,0,1,1,3100000,2000000,1,1
202601,6,,문경점촌흥덕,47280,22,0,0,0,1,0,1,21,03,1,1,없음,10,4,0,0,0,2,2,4,2,9,1,2,1,1,1,8,2,3,1,6,0,999,2,1,2,1,1,1,4,4,10500,1,1,1,1,1,1,4,4,10500,1,1,1,1,1,1,4,4,10500,1,1,1,0,1,1,3580000,2710000,1,1
202601,6,,문경점촌흥덕,47280,22,0,0,0,1,0,1,21,03,1,1,없음,10,4,0,0,0,2,2,4,2,9,1,2,1,1,1,8,2,3,1,6,0,999,2,1,2,1,1,1,4,4,10500,1,1,1,1,1,1,4,4,10500,1,1,1,1,1,1,4,4,10500,1,1,1,0,1,1,3580000,2710000,1,1
202601,6,,문경점촌흥덕,47280,22,0,0,0,1,0,1,21,03,1,1,없음,10,4,0,0,0,2,2,4,2,9,1,2,1,1,1,8,2,3,2,2,0,999,2,1,3,1,1,1,3,3,4300,1,1,0,1,1,1,3,3,4300,1,1,0,1,1,1,3,3,4300,1,1,0,0,1,1,3580000,2710000,1,1
202601,6,,문경점촌흥덕,47280,22,0,0,0,1,0,1,12,03,10,2,없음,113,6,0,0,0,1,1,2,1,10,1,1,1,1,1,8,1,3,1,1,I,561,1,1,1,2,2,5,2,2,6800,1,1,0,2,2,5,2,2,6800,1,1,0,2,2,5,2,2,6800,1,1,0,2025,3,10,1420000,1190000,1,3
202601,6,,문경점촌흥덕,47280,22,0,0,0,1,0,1,12,03,10,2,없음,113,6,0,0,0,1,1,2,1,10,1,1,1,1,1,8,1,3,1,1,I,561,2,1,2,3,3,4,3,3,5600,1,1,0,3,3,4,3,3,5600,1,1,0,3,3,4,3,3,5600,1,1,0,2025,3,10,1420000,1190000,1,3
202601,6,,문경점촌흥덕,47280,22,0,0,0,1,0,1,21,03,1,1,없음,20,6,0,0,0,1,1,2,1,10,1,1,1,1,1,8,1,2,1,1,I,561,2,1,2,3,3,4,3,3,6100,1,1,0,3,3,4,3,3,6100,1,1,0,3,3,4,3,3,6100,1,1,0,2024,5,9,1340000,1980000,1,2
202601,6,,문경점촌흥덕,47280,22,0,0,0,1,0,2,21,04,8,2,없음,43,4,0,0,0,2,2,4,1,10,2,2,1,1,1,8,2,3,1,1,S,961,2,1,2,4,3,7,4,3,11300,1,1,0,4,3,7,4,3,11300,1,1,0,4,3,7,4,3,11300,1,1,0,2025,3,6,1680000,1150000,1,1
202601,6,,문경점촌흥덕,47280,22,0,0,0,1,0,2,21,04,8,2,없음,43,4,0,0,0,2,2,4,1,10,2,2,1,1,1,8,2,3,1,1,G,472,3,1,3,4,4,5,4,4,10800,1,1,0,4,4,5,4,4,10800,1,1,0,4,4,5,4,4,10800,1,1,0,2025,2,9,1680000,1150000,1,1
202601,6,,문경점촌흥덕,47280,22,0,0,0,1,0,2,21,04,8,2,없음,43,4,0,0,0,2,2,4,1,10,2,2,1,1,1,8,2,3,2,6,0,999,4,1,4,1,1,1,4,4,4800,1,1,1,1,1,1,4,4,4800,1,1,1,1,1,1,4,4,4800,1,1,1,0,1,1,1680000,1150000,1,1
202601,6,,문경점촌흥덕,47280,22,0,0,0,1,0,5,32,04,1,1,없음,204,5,0,0,0,1,2,4,1,10,2,1,1,1,1,8,1,3,1,1,I,561,4,1,4,4,3,4,4,3,4900,1,1,0,4,3,4,4,3,4900,1,1,0,4,3,4,4,3,4900,1,1,0,2024,4,9,1250000,920000,1,1
202601,6,,문경점촌흥덕,47280,22,0,0,0,1,0,1,21,04,1,1,없음,72,4,0,0,0,2,2,3,1,10,2,1,1,1,1,8,2,3,1,1,G,472,1,1,1,3,3,6,3,3,8200,1,1,0,3,3,6,3,3,8200,1,1,0,3,3,6,3,3,8200,1,1,0,2024,3,10,1310000,2230000,1,1
202601,6,,문경점촌흥덕,47280,22,0,0,0,1,0,1,21,04,1,1,없음,72,4,0,0,0,2,2,3,1,10,2,1,1,1,1,8,2,3,1,1,S,969,3,1,3,3,3,4,3,3,5300,1,1,0,3,3,4,3,3,5300,1,1,0,3,3,4,3,3,5300,1,1,0,2025,3,8,1310000,2230000,1,1
202601,6,,문경점촌흥덕,47280,22,0,0,0,1,0,2,21,03,7,2,없음,9,4,0,0,0,2,2,4,1,10,1,1,1,1,1,8,2,3,1,1,L,682,1,1,2,3,3,6,3,3,9700,1,1,0,3,3,6,3,3,9700,1,1,0,3,3,6,3,3,9700,1,1,0,2025,4,8,1400000,1130000,1,1
202601,6,,문경점촌흥덕,47280,22,0,0,0,1,0,2,21,03,7,2,없음,9,4,0,0,0,2,2,4,1,10,1,1,1,1,1,8,2,3,1,6,0,999,2,1,2,1,1,1,3,3,6100,1,1,1,1,1,1,3,3,6100,1,1,1,1,1,1,3,3,6100,1,1,1,0,1,1,1400000,1130000,1,1
202601,6,,문경점촌흥덕,47280,22,0,0,0,1,0,2,21,03,7,2,없음,9,4,0,0,0,2,2,4,1,10,1,1,1,1,1,8,2,3,2,2,0,999,3,1,3,1,1,1,3,3,4300,1,1,0,1,1,1,3,3,4300,1,1,0,1,1,1,3,3,4300,1,1,0,0,1,1,1400000,1130000,1,1
202601,6,,문경점촌흥덕,47280,13,0,0,0,1,0,7,32,03,6,1,없음,210,4,0,0,0,2,1,3,1,10,1,1,1,1,1,8,2,3,1,1,G,472,3,1,3,1,3,3,3,3,3900,1,1,0,1,3,3,3,3,3900,1,1,0,1,3,3,3,3,3900,1,1,0,2025,3,8,1030000,2010000,1,1
202601,6,,문경점촌흥덕,47280,22,0,0,0,1,0,2,21,03,7,1,없음,10,4,0,0,0,2,2,4,1,9,1,1,1,1,1,8,2,3,1,6,0,999,2,1,3,1,1,1,3,3,7600,1,1,1,1,1,1,3,3,7600,1,1,1,1,1,1,3,3,7600,1,1,1,0,1,1,1440000,2220000,1,1
202601,6,,문경점촌흥덕,47280,22,0,0,0,1,0,2,21,03,7,1,없음,10,4,0,0,0,2,2,4,1,9,1,1,1,1,1,8,2,3,1,1,L,681,2,1,3,3,3,5,3,3,7500,1,1,0,3,3,5,3,3,7500,1,1,0,3,3,5,3,3,7500,1,1,0,2024,3,9,1440000,2220000,1,1
202601,6,,문경점촌흥덕,47280,22,0,0,0,1,0,8,21,03,8,1,없음,15,4,0,1,0,2,2,4,1,10,2,1,1,1,1,8,2,3,1,1,I,561,4,1,4,6,5,7,6,5,12300,1,1,0,6,5,7,6,5,12300,1,1,0,6,5,7,6,5,12300,1,1,0,2026,2,10,2770000,4130000,1,2
202601,6,,문경점촌흥덕,47280,22,0,0,0,1,0,8,21,03,8,1,없음,15,4,0,1,0,2,2,4,1,10,2,1,1,1,1,8,2,3,1,1,S,969,3,1,3,5,5,7,5,5,15100,1,1,0,5,5,7,5,5,15100,1,1,0,5,5,7,5,5,15100,1,1,0,2025,3,10,2770000,4130000,1,2
202601,6,,경산시청,47290,22,0,0,0,1,0,5,39,03,7,1,없음,100,4,0,0,0,1,1,2,1,10,1,1,1,1,1,8,1,3,1,1,N,751,2,1,2,3,3,6,3,3,8500,1,1,0,3,3,6,3,3,8500,1,1,0,3,3,6,3,3,8500,1,1,0,2025,3,10,1720000,2470000,1,2
202601,6,,경산시청,47290,22,0,0,0,1,0,9,32,03,7,1,없음,200,7,0,0,0,1,1,2,1,10,1,1,1,1,1,8,1,3,1,1,S,961,1,1,1,4,3,8,4,3,20500,1,1,0,4,3,8,4,3,20500,1,1,0,4,3,8,4,3,20500,1,1,0,2026,3,10,2390000,3550000,1,3
202601,6,,경산시청,47290,22,0,0,0,1,0,9,32,03,7,1,없음,200,7,0,0,0,1,1,2,1,10,1,1,1,1,1,8,1,3,1,1,S,961,1,1,1,4,3,7,4,3,16300,1,1,0,4,3,7,4,3,16300,1,1,0,4,3,7,4,3,16300,1,1,0,2024,3,10,2390000,3550000,1,3
202601,6,,0.비상권,47290,15,0,0,0,1,0,5,21,04,5,1,267,283,6,0,0,0,3,2,4,1,10,2,1,1,1,1,8,3,3,1,1,P,855,2,1,2,4,4,7,4,4,18900,1,1,0,4,4,7,4,4,18900,1,1,0,4,4,7,4,4,18900,1,1,0,2025,3,8,2820000,5670000,1,1
202601,6,,0.비상권,47290,15,0,0,0,1,0,5,21,04,5,1,267,283,6,0,0,0,3,2,4,1,10,2,1,1,1,1,8,3,3,1,1,P,855,2,1,2,4,4,7,4,4,19200,1,1,0,4,4,7,4,4,19200,1,1,0,4,4,7,4,4,19200,1,1,0,2025,3,9,2820000,5670000,1,1
202601,6,,0.비상권,47290,15,0,0,0,1,0,5,21,04,5,1,267,283,6,0,0,0,3,2,4,1,10,2,1,1,1,1,8,3,3,1,1,I,561,2,1,2,4,4,7,4,4,19200,1,1,0,4,4,7,4,4,19200,1,1,0,4,4,7,4,4,19200,1,1,0,2025,5,9,2820000,5670000,1,1
202601,6,,0.비상권,47290,15,0,0,0,1,0,5,21,04,5,1,267,283,6,0,0,0,3,2,4,1,10,2,1,1,1,1,8,3,3,1,1,I,561,2,1,2,4,4,8,4,4,20000,1,1,0,4,4,8,4,4,20000,1,1,0,4,4,8,4,4,20000,1,1,0,2025,3,10,2820000,5670000,1,1
202601,6,,0.비상권,47290,15,0,0,0,1,0,5,21,04,5,1,267,283,6,0,0,0,3,2,4,1,10,2,1,1,1,1,8,3,3,1,1,S,961,2,1,2,4,4,7,4,4,18900,1,1,0,4,4,7,4,4,18900,1,1,0,4,4,7,4,4,18900,1,1,0,2024,3,10,2820000,5670000,1,1
202601,6,,0.비상권,47290,14,0,0,0,1,0,5,32,03,6,1,790,190,1,0,0,0,2,2,4,1,10,2,1,1,1,1,8,2,3,1,1,G,474,2,1,2,5,5,9,5,5,30700,1,1,0,5,5,9,5,5,30700,1,1,0,5,5,9,5,5,30700,1,1,0,2023,5,9,4520000,7610000,1,2
202601,6,,0.비상권,47290,14,0,0,0,1,0,5,32,03,6,1,790,190,1,0,0,0,2,2,4,1,10,2,1,1,1,1,8,2,3,1,1,G,474,4,1,4,6,6,8,6,6,23100,1,1,0,6,6,8,6,6,23100,1,1,0,6,6,8,6,6,23100,1,1,0,2026,3,10,4520000,7610000,1,2
202601,6,,0.비상권,47290,14,0,0,0,1,0,1,11,04,1,1,550,90,1,0,0,0,2,2,4,1,10,1,1,1,1,1,8,2,3,1,6,0,999,3,1,3,1,1,1,6,6,31600,1,1,1,1,1,1,6,6,31600,1,1,1,1,1,1,6,6,31600,1,1,1,0,1,1,2660000,4500000,1,1
202601,6,,0.비상권,47290,14,0,0,0,1,0,1,11,04,1,1,550,90,1,0,0,0,2,2,4,1,10,1,1,1,1,1,8,2,3,2,2,0,999,2,1,2,1,1,1,3,3,5000,1,1,0,1,1,1,3,3,5000,1,1,0,1,1,1,3,3,5000,1,1,0,0,1,1,2660000,4500000,1,1
202601,6,,경산시청,47290,14,0,0,0,1,0,2,11,04,1,1,820,100,7,0,0,0,2,2,4,1,10,2,1,1,1,1,8,2,3,1,1,I,561,4,1,4,5,4,6,5,4,8000,1,1,0,5,4,6,5,4,8000,1,1,0,5,4,6,5,4,8000,1,1,0,2025,3,10,1660000,2210000,1,1
202601,6,,경산시청,47290,14,0,0,0,1,0,2,11,04,1,1,820,100,7,0,0,0,2,2,4,1,10,2,1,1,1,1,8,2,3,2,2,0,999,3,1,3,1,1,1,3,3,3900,1,1,0,1,1,1,3,3,3900,1,1,0,1,1,1,3,3,3900,1,1,0,0,1,1,1660000,2210000,1,1
202601,6,,경산시청,47290,14,0,0,0,1,0,6,31,04,3,1,985,100,7,0,0,0,3,1,3,1,10,1,1,1,1,1,8,2,3,1,1,S,952,3,1,3,6,5,7,6,5,14000,1,1,0,6,5,7,6,5,14000,1,1,0,6,5,7,6,5,14000,1,1,0,2024,3,8,1750000,5680000,1,1
202601,6,,경산시청,47290,14,0,0,0,1,0,8,21,03,6,2,없음,130,8,0,0,0,1,1,3,1,9,1,1,1,1,1,8,1,2,1,1,S,961,2,1,2,4,3,7,4,3,10600,1,1,0,4,3,7,4,3,10600,1,1,0,4,3,7,4,3,10600,1,1,0,2024,3,9,2820000,2580000,1,1
202601,6,,경산시청,47290,14,0,0,0,1,0,8,21,03,6,2,없음,130,8,0,0,0,1,1,3,1,9,1,1,1,1,1,8,1,2,2,1,S,961,2,1,2,3,3,4,3,3,4200,1,1,0,3,3,4,3,3,4200,1,1,0,3,3,4,3,3,4200,1,1,0,2024,3,9,2820000,2580000,1,1
202601,6,,경산시청,47290,22,0,0,0,1,0,1,32,03,7,1,없음,200,1,0,0,0,2,2,4,1,10,2,1,1,1,1,8,2,3,1,1,G,473,4,1,4,6,6,8,6,6,24100,1,1,0,6,6,8,6,6,24100,1,1,0,6,6,8,6,6,24100,1,1,0,2025,3,9,5650000,8490000,1,1
202601,6,,경산시청,47290,22,0,0,0,1,0,3,51,03,6,1,없음,300,1,0,0,0,1,1,2,1,10,1,1,1,1,1,8,1,3,1,1,G,474,2,1,2,6,5,9,6,5,35200,1,1,0,6,5,9,6,5,35200,1,1,0,6,5,9,6,5,34900,1,1,0,2025,3,10,4780000,9040000,1,2
202601,6,,경산시청,47290,14,0,200,0,1,0,9,31,04,1,1,550,450,7,0,0,0,4,2,4,1,10,2,1,1,1,1,8,2,3,1,1,F,424,4,1,4,8,5,7,8,5,16300,1,1,0,8,5,7,8,5,16300,1,1,0,8,5,7,8,5,16300,1,1,0,2025,3,10,2290000,3970000,1,1
202601,6,,경산시청,47290,22,0,0,0,1,0,7,32,03,1,1,없음,100,3,0,1,0,4,2,4,1,10,2,1,1,1,1,8,4,3,1,1,I,561,4,1,4,5,6,7,5,6,11900,1,1,0,5,6,7,5,6,11900,1,1,0,5,6,7,5,6,11900,1,1,0,2026,2,10,3130000,8010000,1,1
202601,6,,경산시청,47290,14,0,200,0,1,0,6,32,04,6,1,690,100,7,0,0,0,2,2,4,1,10,2,1,1,1,1,8,2,3,1,1,I,561,4,1,4,6,5,7,6,5,11000,1,1,0,6,5,7,6,5,11000,1,1,0,6,5,7,6,5,11000,1,1,0,2026,2,8,1940000,3330000,1,1
202601,6,,경산시청,47290,14,0,0,0,1,0,3,31,04,6,1,700,200,6,0,0,0,2,1,3,1,10,1,1,1,1,1,8,2,3,1,1,I,561,2,1,2,4,3,6,4,3,9200,1,1,0,4,3,6,4,3,9200,1,1,0,4,3,6,4,3,9100,1,1,0,2026,3,10,2040000,3880000,1,1
202601,6,,경산시청,47290,14,0,0,0,1,0,3,31,04,6,1,700,200,6,0,0,0,2,1,3,1,10,1,1,1,1,1,8,2,3,1,1,I,562,1,1,1,3,3,7,3,3,12000,1,1,0,3,3,7,3,3,12000,1,1,0,3,3,7,3,3,12000,1,1,0,2024,3,10,2040000,3880000,1,1
202601,6,,경산시청,47290,14,0,200,0,1,0,8,32,03,6,1,500,150,2,0,0,0,2,2,4,1,10,1,1,1,1,1,8,2,3,1,6,0,999,3,1,3,1,1,1,5,5,19200,1,1,1,1,1,1,5,5,19200,1,1,1,1,1,1,5,5,19200,1,1,1,0,1,1,4060000,6790000,1,3
202601,6,,경산시청,47290,14,0,200,0,1,0,8,32,03,6,1,500,150,2,0,0,0,2,2,4,1,10,1,1,1,1,1,8,2,3,1,1,M,721,3,1,3,6,5,8,6,5,23000,1,1,0,6,5,8,6,5,23000,1,1,0,6,5,8,6,5,23000,1,1,0,2025,3,10,4060000,6790000,1,3
202601,6,,경산시청,47290,22,0,0,0,1,0,3,32,04,4,1,없음,100,8,0,0,0,2,2,4,1,10,2,1,1,1,1,8,2,3,1,1,I,561,4,1,4,5,4,6,5,4,8200,1,1,0,5,4,6,5,4,8200,1,1,0,5,4,6,5,4,8200,1,1,0,2025,3,10,1270000,3180000,1,2
202601,6,,0.비상권,47290,14,0,200,0,1,0,6,32,04,6,1,550,400,4,0,0,0,2,2,4,1,10,2,1,1,1,1,8,2,2,1,1,I,561,4,1,4,5,5,7,5,5,15300,1,1,0,5,5,7,5,5,15300,1,1,0,5,5,7,5,5,15300,1,1,0,2025,3,10,2870000,5350000,1,1
202601,6,,0.비상권,47290,14,0,200,0,1,0,6,33,04,6,1,500,200,7,0,0,0,2,2,4,1,10,2,1,1,1,1,8,2,2,1,1,I,561,4,1,4,6,6,7,6,6,19700,1,1,0,6,6,7,6,6,19700,1,1,0,6,6,7,6,6,19700,1,1,0,2025,3,10,2700000,5570000,1,1
202601,6,,0.비상권,47820,22,0,0,0,1,0,1,51,03,8,1,없음,152,6,0,0,0,2,2,4,1,10,1,1,1,1,1,8,2,2,1,1,I,561,1,1,1,4,3,7,3,3,7400,1,1,0,4,3,7,3,3,7400,1,1,0,4,3,7,3,3,7400,1,1,0,2025,3,6,1140000,1460000,1,1
202601,6,,0.비상권,47820,22,0,0,0,1,0,1,51,03,8,1,없음,152,6,0,0,0,2,2,4,1,10,1,1,1,1,1,8,2,2,1,2,0,999,2,1,2,1,1,1,3,3,6400,1,1,0,1,1,1,3,3,6400,1,1,0,1,1,1,3,3,6400,1,1,0,0,1,1,1140000,1460000,1,1
202601,6,,0.비상권,47820,22,0,0,0,1,0,1,51,03,8,1,없음,152,6,0,0,0,2,2,4,1,10,1,1,1,1,1,8,2,2,1,1,G,474,2,1,2,3,3,5,3,3,6400,1,1,0,3,3,5,3,3,6400,1,1,0,3,3,5,3,3,6400,1,1,0,2025,3,10,1140000,1460000,1,1
202601,6,,0.비상권,47820,22,0,0,0,1,0,7,32,03,6,1,없음,102,8,0,0,0,2,1,3,1,10,1,1,1,1,1,8,2,2,1,1,P,855,3,1,3,3,4,5,4,4,6400,1,1,0,3,4,5,4,4,6400,1,1,0,3,4,5,4,4,6400,1,1,0,2026,3,10,1440000,2530000,1,1
202601,6,,0.비상권,47820,22,0,0,0,1,0,1,12,03,1,1,없음,118,7,0,0,0,1,1,2,1,10,1,1,1,1,1,8,1,2,1,1,I,561,2,1,2,3,3,6,3,3,7900,1,1,0,3,3,6,3,3,7900,1,1,0,3,3,6,3,3,7900,1,1,0,2026,3,10,1320000,1170000,1,1
202601,6,,0.비상권,47820,22,0,0,0,1,0,6,32,03,8,1,없음,44,3,0,0,0,1,1,3,1,10,1,1,1,1,1,8,1,2,1,1,G,473,3,1,3,6,4,7,6,4,14600,1,1,0,6,4,7,6,4,14600,1,1,0,6,4,7,6,4,14600,1,1,0,2025,3,8,2360000,3050000,1,1
202601,6,,0.비상권,47820,22,0,0,0,1,0,1,11,03,8,1,없음,185,4,0,0,0,2,2,4,1,10,2,1,1,1,1,8,2,2,1,1,I,561,2,1,2,4,3,7,4,3,11200,1,1,0,4,3,7,4,3,11200,1,1,0,4,3,7,4,3,11200,1,1,0,2021,5,10,2600000,3340000,1,1
202601,6,,0.비상권,47820,22,0,0,0,1,0,1,11,03,8,1,없음,185,4,0,0,0,2,2,4,1,10,2,1,1,1,1,8,2,2,1,1,G,478,2,1,2,4,4,7,4,4,12700,1,1,0,4,4,7,4,4,12700,1,1,0,4,4,7,4,4,12700,1,1,0,2021,5,5,2600000,3340000,1,1
202601,6,,0.비상권,47820,22,0,0,0,1,0,1,11,03,8,1,없음,185,4,0,0,0,2,2,4,1,10,2,1,1,1,1,8,2,2,1,1,I,562,3,1,3,6,4,7,6,4,13600,1,1,0,6,4,7,6,4,13600,1,1,0,6,4,7,6,4,13600,1,1,0,2025,4,10,2600000,3340000,1,1
202601,6,,0.비상권,47830,16,0,0,0,1,0,7,32,03,7,1,없음,30,4,0,1,0,3,2,4,1,10,2,1,1,1,1,8,3,2,1,6,0,999,3,1,3,1,1,1,5,4,13200,1,1,1,1,1,1,5,4,13200,1,1,1,1,1,1,5,4,13200,1,1,1,0,1,1,2380000,3800000,1,1
202601,6,,0.비상권,47830,16,0,0,0,1,0,7,32,03,7,1,없음,30,4,0,1,0,3,2,4,1,10,2,1,1,1,1,8,3,2,1,1,S,952,2,1,2,4,3,7,4,3,12900,1,1,0,4,3,7,4,3,12900,1,1,0,4,3,7,4,3,12900,1,1,0,2025,3,10,2380000,3800000,1,1
202601,6,,0.비상권,47830,16,0,0,0,1,0,7,32,03,7,1,없음,30,4,0,1,0,3,2,4,1,10,2,1,1,1,1,8,3,2,1,1,I,561,3,1,3,4,4,7,4,5,11700,2,1,0,4,4,7,4,5,11700,2,1,0,4,4,7,4,5,11700,2,1,0,2024,3,8,2380000,3800000,1,1
202601,6,,0.비상권,47830,16,0,0,0,1,0,7,32,03,7,1,없음,30,4,0,1,0,3,2,4,1,10,2,1,1,1,1,8,3,2,1,1,G,452,3,1,3,4,4,7,4,4,13000,2,1,0,4,4,7,4,4,13000,2,1,0,4,4,7,4,4,13000,2,1,0,2024,3,8,2380000,3800000,1,1
202601,6,,0.비상권,47830,16,0,0,0,1,0,7,32,03,7,1,없음,30,4,0,1,0,3,2,4,1,10,2,1,1,1,1,8,3,2,1,1,L,682,2,1,2,4,3,7,4,3,12500,1,1,0,4,3,7,4,3,12500,1,1,0,4,3,7,4,3,12500,1,1,0,2024,3,8,2380000,3800000,1,1
202601,6,,0.비상권,47840,22,0,0,0,1,0,1,51,04,6,1,없음,150,6,0,0,0,1,1,2,1,10,1,1,1,1,1,8,1,2,1,1,P,855,2,1,2,4,3,7,4,4,10600,1,1,0,4,3,7,4,4,10600,1,1,0,4,3,7,4,4,10600,1,1,0,2025,3,10,2050000,3510000,1,1
202601,6,,0.비상권,47840,14,0,0,0,1,0,5,21,03,6,2,없음,50,7,0,0,0,2,2,4,1,10,1,1,1,1,1,8,2,3,1,1,S,961,3,1,3,4,4,6,4,4,9700,1,1,0,4,4,6,4,4,9700,1,1,0,4,4,6,4,4,9700,1,1,0,2024,3,9,1900000,1890000,1,1
202601,6,,0.비상권,47840,14,0,0,0,1,0,5,21,03,6,2,없음,50,7,0,0,0,2,2,4,1,10,1,1,1,1,1,8,2,3,2,2,0,999,3,1,3,1,1,1,4,3,4700,1,1,0,1,1,1,4,3,4700,1,1,0,1,1,1,4,3,4700,1,1,0,0,1,1,1900000,1890000,1,1
202601,6,,0.비상권,47840,22,14,0,0,1,0,6,32,03,8,2,없음,100,6,0,0,0,1,1,2,1,10,1,1,1,1,1,8,1,2,1,1,Q,869,2,1,2,4,3,6,4,3,8900,1,1,0,4,3,6,4,3,8900,1,1,0,4,3,6,4,3,8900,1,1,0,2024,3,7,2660000,2170000,1,1
202601,6,,0.비상권,47840,16,0,0,0,1,0,1,51,03,5,1,없음,20,6,0,0,0,1,1,1,1,10,1,1,1,1,1,8,1,3,1,1,S,961,1,1,1,4,3,7,4,3,18200,1,1,0,4,3,7,4,3,18200,1,1,0,4,3,7,4,3,18200,1,1,0,2024,3,9,1570000,3760000,1,1
202601,6,,0.비상권,47840,22,0,0,0,1,0,1,21,03,9,2,없음,150,6,0,0,0,1,1,3,1,9,1,1,1,1,1,8,1,2,1,1,I,561,2,1,2,4,4,7,4,4,14100,1,1,0,4,4,7,4,4,14100,1,1,0,4,4,7,4,4,14100,1,1,0,2025,3,10,3060000,1890000,1,1
202601,6,,0.비상권,47840,22,0,0,0,1,0,1,21,03,9,2,없음,150,6,0,0,0,1,1,3,1,9,1,1,1,1,1,8,1,2,2,2,P,855,2,1,2,1,1,1,3,3,6900,1,1,0,1,1,1,3,3,6900,1,1,0,1,1,1,3,3,6900,1,1,0,0,1,1,3060000,1890000,1,1
202601,6,,0.비상권,47840,22,0,0,0,1,0,1,11,03,9,2,없음,180,6,0,0,0,2,2,4,1,9,2,1,1,1,1,8,2,2,1,1,G,474,3,1,3,3,3,4,4,4,6300,1,1,0,3,3,4,4,4,6300,1,1,0,3,3,4,4,4,6300,1,1,0,2026,3,3,2960000,2530000,1,1
202601,6,,0.비상권,47840,22,0,0,0,1,0,1,11,03,9,2,없음,180,6,0,0,0,2,2,4,1,9,2,1,1,1,1,8,2,2,1,1,G,472,3,1,4,4,4,5,4,4,7200,1,1,0,4,4,5,4,4,7200,1,1,0,4,4,5,4,4,7200,1,1,0,2025,3,7,2960000,2530000,1,1
202601,6,,0.비상권,47840,22,0,0,0,1,0,1,11,03,9,2,없음,180,6,0,0,0,2,2,4,1,9,2,1,1,1,1,8,2,2,2,2,0,999,2,1,2,1,1,1,4,3,3200,1,1,0,1,1,1,4,3,3200,1,1,0,1,1,1,4,3,3200,1,1,0,0,1,1,2960000,2530000,1,1
202601,6,,0.비상권,47840,13,0,0,0,1,0,4,32,04,1,1,없음,150,8,0,0,0,1,1,2,1,10,1,1,1,1,1,8,1,2,1,1,M,721,2,1,2,1,3,5,3,3,7600,1,1,0,1,3,5,3,3,7600,1,1,0,1,3,5,3,3,7600,1,1,0,2026,3,10,630000,1300000,1,1
202601,6,,0.비상권,47840,13,0,0,0,1,0,1,19,04,3,1,없음,340,8,0,1,0,2,1,2,1,10,1,1,1,1,1,8,2,2,1,1,I,561,2,1,2,1,4,6,4,4,10600,1,1,0,1,4,6,4,4,10600,1,1,0,1,4,6,4,4,10600,1,1,0,2025,3,5,510000,1810000,1,1
202601,6,,0.비상권,47840,13,0,0,0,1,0,7,32,04,2,1,없음,150,6,0,0,0,4,1,3,1,10,1,1,1,1,1,8,4,2,1,1,G,472,3,1,3,4,4,6,4,4,9900,1,1,0,4,4,6,4,4,9900,1,1,0,4,4,6,4,4,9900,1,1,0,2025,3,10,690000,5870000,1,1
202601,6,,0.비상권,47840,64,0,710,0,1,0,6,21,03,5,1,없음,50,6,0,1,0,2,2,4,1,10,1,1,1,1,1,8,2,2,1,1,L,682,2,1,2,4,3,5,4,3,8800,1,1,0,4,3,5,4,3,8800,1,1,0,4,3,5,4,3,8800,1,1,0,2025,3,7,1580000,2000000,1,1
202601,6,,0.비상권,47840,64,0,710,0,1,0,6,21,03,5,1,없음,50,6,0,1,0,2,2,4,1,10,1,1,1,1,1,8,2,2,1,1,I,561,2,1,2,4,3,5,4,3,8800,1,1,0,4,3,5,4,3,8800,1,1,0,4,3,5,4,3,8800,1,1,0,2024,3,7,1580000,2000000,1,1
202601,6,,0.비상권,47840,64,0,710,0,1,0,6,21,03,5,1,없음,50,6,0,1,0,2,2,4,1,10,1,1,1,1,1,8,2,2,2,2,0,999,3,1,3,1,1,1,4,3,3400,1,1,0,1,1,1,4,3,3400,1,1,0,1,1,1,4,3,3400,1,1,0,0,1,1,1580000,2000000,1,1
202601,6,,0.비상권,47850,22,0,0,0,1,0,1,12,04,7,1,없음,246,4,0,0,0,1,1,2,1,10,1,1,1,1,1,8,1,2,1,1,G,474,2,1,2,5,4,7,5,4,12000,1,1,0,5,4,7,5,4,12000,1,1,0,5,4,7,5,4,12000,1,1,0,2025,5,7,3460000,4960000,1,1
202601,6,,0.비상권,47850,22,0,0,0,1,0,1,11,03,7,2,없음,224,8,0,0,0,2,2,4,1,10,1,1,1,1,1,8,2,2,1,1,G,474,2,1,3,3,4,6,4,4,9400,2,1,0,3,4,6,4,4,9400,2,1,0,3,4,6,4,4,9400,2,1,0,2024,3,9,1640000,1200000,1,1
202601,6,,0.비상권,47850,22,0,0,0,1,0,1,11,03,7,2,없음,224,8,0,0,0,2,2,4,1,10,1,1,1,1,1,8,2,2,1,1,I,561,1,1,1,3,3,6,3,3,9200,1,1,0,3,3,6,3,3,9200,1,1,0,3,3,6,3,3,9200,1,1,0,2025,3,9,1640000,1200000,1,1
202601,6,,0.비상권,47850,22,0,0,0,1,0,1,11,03,7,2,없음,224,8,0,0,0,2,2,4,1,10,1,1,1,1,1,8,2,2,2,2,I,562,3,1,3,1,1,1,4,3,3500,1,1,0,1,1,1,4,3,3500,1,1,0,1,1,1,4,3,3500,1,1,0,0,1,1,1640000,1200000,1,1
202601,6,,0.비상권,47850,22,0,0,0,1,0,6,11,04,8,1,없음,94,8,0,0,0,1,1,2,1,10,1,1,1,1,1,8,1,2,1,1,S,961,1,1,1,3,3,7,3,3,11900,1,1,0,3,3,7,3,3,11900,1,1,0,3,3,7,3,3,11900,1,1,0,2024,3,9,2240000,2850000,1,3
202601,6,,0.비상권,47850,22,0,0,0,1,0,6,11,04,8,1,없음,94,8,0,0,0,1,1,2,1,10,1,1,1,1,1,8,1,2,1,1,G,474,1,1,1,3,3,7,3,3,12900,1,1,0,3,3,7,3,3,12900,1,1,0,3,3,7,3,3,12900,1,1,0,2025,3,10,2240000,2850000,1,3
202601,6,,0.비상권,47850,22,0,0,0,1,0,1,12,03,9,1,없음,300,9,0,0,0,1,1,2,1,10,1,1,1,1,1,8,1,2,1,1,S,961,1,1,1,3,3,7,3,3,10000,1,1,0,3,3,7,3,3,10000,1,1,0,3,3,7,3,3,10000,1,1,0,2024,3,10,1630000,1980000,1,1
202601,6,,0.비상권,47850,22,0,0,0,1,0,1,12,03,9,1,없음,300,9,0,0,0,1,1,2,1,10,1,1,1,1,1,8,1,2,1,1,I,562,2,1,2,3,3,6,3,3,9200,1,1,0,3,3,6,3,3,9200,1,1,0,3,3,6,3,3,9200,1,1,0,2024,3,10,1630000,1980000,1,1
202601,6,,0.비상권,47850,22,0,0,0,1,0,1,11,03,9,2,없음,135,8,0,0,0,1,1,3,1,10,1,1,1,1,1,8,1,2,1,1,S,961,2,1,2,3,3,5,3,3,8000,1,1,0,3,3,5,3,3,8000,1,1,0,3,3,5,3,3,8000,1,1,0,2025,3,7,1770000,1140000,1,1
202601,6,,0.비상권,47850,22,0,0,0,1,0,1,11,03,9,2,없음,135,8,0,0,0,1,1,3,1,10,1,1,1,1,1,8,1,2,2,2,0,999,2,1,2,1,1,1,3,3,5100,1,1,0,1,1,1,3,3,5100,1,1,0,1,1,1,3,3,5100,1,1,0,0,1,1,1770000,1140000,1,1
202601,6,,0.비상권,47850,13,0,0,0,1,0,1,12,04,7,1,없음,없음,6,0,0,0,1,1,2,1,10,1,1,1,1,1,8,1,2,1,1,I,561,2,1,2,3,3,7,3,3,10700,1,1,0,3,3,7,3,3,10700,1,1,0,3,3,7,3,3,10700,1,1,0,2025,4,7,1370000,2610000,1,1
202601,6,,0.비상권,47850,13,22,0,0,1,0,3,21,04,6,2,없음,115,9,0,0,0,2,2,4,1,10,1,1,1,1,1,8,2,2,1,1,I,561,3,1,3,4,3,5,4,3,7300,1,1,0,4,3,5,4,3,7300,1,1,0,4,3,5,4,3,7300,1,1,0,2026,5,5,1410000,1350000,1,1
202601,6,,0.비상권,47850,13,22,0,0,1,0,3,21,04,6,2,없음,115,9,0,0,0,2,2,4,1,10,1,1,1,1,1,8,2,2,2,6,0,999,2,1,2,1,1,1,3,3,3400,1,1,1,1,1,1,3,3,3400,1,1,1,1,1,1,3,3,3400,1,1,1,0,1,1,1410000,1350000,1,1
202601,6,,0.비상권,47850,23,13,710,0,1,0,4,32,04,2,1,없음,260,1,0,1,0,5,2,4,1,10,2,1,1,1,1,8,5,2,1,1,I,561,4,1,4,6,5,5,6,5,6000,1,1,0,6,5,5,6,5,6000,1,1,0,6,5,5,6,5,6000,1,1,0,2024,3,10,1150000,6020000,1,2
202601,6,,0.비상권,47850,22,0,0,0,1,0,1,21,03,5,1,없음,100,4,0,1,0,2,2,4,1,10,2,1,2,1,1,8,2,2,1,1,G,471,4,1,4,6,5,7,6,5,10200,1,1,0,6,5,7,6,5,10200,1,1,0,6,5,7,6,5,10200,1,1,0,2021,5,9,1770000,2000000,1,1
202601,6,,0.비상권,47850,22,0,0,0,1,0,1,21,03,5,1,없음,100,4,0,1,0,2,2,4,1,10,2,1,2,1,1,8,2,2,2,2,0,999,4,1,4,1,1,1,5,3,3400,1,1,0,1,1,1,5,3,3400,1,1,0,1,1,1,5,3,3400,1,1,0,0,1,1,1770000,2000000,1,1
202601,6,,창원의창구청,48121,13,0,0,0,1,0,4,21,03,6,2,없음,200,7,0,0,0,1,2,3,1,10,1,1,1,1,1,8,1,2,1,1,I,561,1,1,2,4,3,7,4,3,10600,1,1,0,4,3,7,4,3,10600,1,1,0,4,3,7,4,3,10600,1,1,0,2025,3,10,2090000,1940000,1,1
202601,6,,창원의창구청,48121,13,0,0,0,1,0,4,21,03,6,2,없음,200,7,0,0,0,1,2,3,1,10,1,1,1,1,1,8,1,2,1,1,S,961,1,1,1,3,3,7,3,3,13100,1,1,0,3,3,7,3,3,13100,1,1,0,3,3,7,3,3,13100,1,1,0,2025,3,10,2090000,1940000,1,1
202601,6,,창원의창구청,48121,13,0,0,0,1,0,4,21,03,6,2,없음,200,7,0,0,0,1,2,3,1,10,1,1,1,1,1,8,1,2,2,2,0,999,2,1,2,1,1,1,3,3,5900,1,1,0,1,1,1,3,3,5900,1,1,0,1,1,1,3,3,5900,1,1,0,0,1,1,2090000,1940000,1,1
202601,6,,창원의창구청,48121,13,0,0,0,1,0,3,11,03,6,2,없음,162,6,0,0,0,1,2,3,1,10,1,1,1,1,1,8,1,2,1,1,G,474,2,1,2,3,3,5,3,3,7000,1,1,0,3,3,5,3,3,7000,1,1,0,3,3,5,3,3,7000,1,1,0,2025,3,9,1970000,1730000,1,1
202601,6,,창원의창구청,48121,13,0,0,0,1,0,3,11,03,6,2,없음,162,6,0,0,0,1,2,3,1,10,1,1,1,1,1,8,1,2,2,2,0,999,2,1,2,1,1,1,3,3,5100,1,1,0,1,1,1,3,3,5100,1,1,0,1,1,1,3,3,5100,1,1,0,0,1,1,1970000,1730000,1,1
202601,6,,창원의창구청,48121,13,0,0,0,1,0,3,11,04,6,2,없음,245,6,0,0,0,2,2,4,1,10,1,1,1,1,1,8,2,2,1,1,G,472,2,1,2,3,3,5,3,3,6500,1,1,0,3,3,5,3,3,6500,1,1,0,3,3,5,3,3,6500,1,1,0,2025,3,10,1810000,1610000,1,1
202601,6,,창원의창구청,48121,13,0,0,0,1,0,3,11,04,6,2,없음,245,6,0,0,0,2,2,4,1,10,1,1,1,1,1,8,2,2,1,6,0,999,2,1,2,1,1,1,3,3,8100,1,1,1,1,1,1,3,3,8100,1,1,1,1,1,1,3,3,8100,1,1,1,0,1,1,1810000,1610000,1,1
202601,6,,창원의창구청,48121,13,0,0,0,1,0,3,11,04,6,2,없음,245,6,0,0,0,2,2,4,1,10,1,1,1,1,1,8,2,2,2,2,0,999,3,1,3,1,1,1,5,3,4500,1,1,0,1,1,1,5,3,4500,1,1,0,1,1,1,5,3,4500,1,1,0,0,1,1,1810000,1610000,1,1
202601,6,,창원의창구청,48121,13,0,0,0,1,0,3,11,03,6,2,없음,238,7,0,0,0,2,2,4,1,10,2,1,1,1,1,8,2,2,1,1,S,961,2,1,2,4,3,6,4,3,8400,1,1,0,4,3,6,4,3,8400,1,1,0,4,3,6,4,3,8400,1,1,0,2025,3,9,1850000,1570000,1,1
202601,6,,창원의창구청,48121,13,0,0,0,1,0,3,11,03,6,2,없음,238,7,0,0,0,2,2,4,1,10,2,1,1,1,1,8,2,2,1,1,S,969,2,1,2,5,3,6,5,3,8000,1,1,0,5,3,6,5,3,8000,1,1,0,5,3,6,5,3,8000,1,1,0,2024,3,5,1850000,1570000,1,1
202601,6,,창원의창구청,48121,13,0,0,0,1,0,3,11,03,6,2,없음,238,7,0,0,0,2,2,4,1,10,2,1,1,1,1,8,2,2,2,1,0,999,3,1,3,5,2,3,4,3,2200,1,1,0,5,2,3,4,3,2200,1,1,0,5,2,3,4,3,2200,1,1,0,2024,3,5,1850000,1570000,1,1
202601,6,,창원의창구청,48121,13,0,0,0,1,0,3,11,03,6,1,없음,237,6,0,0,0,2,2,4,1,10,2,1,1,1,1,8,2,2,1,1,S,969,2,1,2,4,3,5,3,3,6400,1,1,0,4,3,5,3,3,6400,1,1,0,4,3,5,3,3,6400,1,1,0,2024,3,7,1710000,2920000,1,1
202601,6,,창원의창구청,48121,13,0,0,0,1,0,3,11,03,6,1,없음,237,6,0,0,0,2,2,4,1,10,2,1,1,1,1,8,2,2,1,1,G,472,2,1,2,4,3,5,3,3,6400,1,1,0,4,3,5,3,3,6400,1,1,0,4,3,5,3,3,6400,1,1,0,2025,3,9,1710000,2920000,1,1
202601,6,,창원의창구청,48121,13,0,0,0,1,0,3,11,03,6,1,없음,237,6,0,0,0,2,2,4,1,10,2,1,1,1,1,8,2,2,1,6,0,999,2,1,2,1,1,1,3,3,6300,1,1,1,1,1,1,3,3,6300,1,1,1,1,1,1,3,3,6300,1,1,1,0,1,1,1710000,2920000,1,1
202601,6,,창원의창구청,48121,13,0,0,0,1,0,2,11,03,6,2,없음,208,7,0,0,0,2,2,4,1,10,2,1,1,1,1,8,2,2,1,1,S,961,2,1,2,4,3,5,4,3,7900,1,1,0,4,3,5,4,3,7900,1,1,0,4,3,5,4,3,7900,1,1,0,2024,3,10,1900000,1770000,1,1
202601,6,,창원의창구청,48121,13,0,0,0,1,0,2,11,03,6,2,없음,208,7,0,0,0,2,2,4,1,10,2,1,1,1,1,8,2,2,1,1,I,561,2,1,2,4,3,6,4,3,8500,1,1,0,4,3,6,4,3,8500,1,1,0,4,3,6,4,3,8500,1,1,0,2024,3,7,1900000,1770000,1,1
202601,6,,창원의창구청,48121,13,0,0,0,1,0,2,11,03,6,2,없음,208,7,0,0,0,2,2,4,1,10,2,1,1,1,1,8,2,2,2,1,0,999,3,1,3,4,3,4,4,3,4900,1,1,0,4,3,4,4,3,4900,1,1,0,4,3,4,4,3,4900,1,1,0,2025,3,10,1900000,1770000,1,1
202601,6,,창원의창구청,48121,13,0,0,0,1,0,3,32,04,6,1,없음,100,7,0,0,0,2,2,4,1,10,2,1,1,1,1,8,2,2,1,1,G,463,4,1,4,6,4,6,6,4,8400,1,1,0,6,4,6,6,4,8400,1,1,0,6,4,6,6,4,8400,1,1,0,2025,3,9,2090000,3880000,1,1
202601,6,,창원의창구청,48121,13,0,0,0,1,0,5,32,04,4,1,없음,135,6,0,0,0,2,1,3,1,10,1,1,1,1,1,8,2,2,1,1,S,952,3,1,3,3,3,3,3,3,4900,1,1,0,3,3,3,3,3,4900,1,1,0,3,3,3,3,3,4900,1,1,0,2026,3,8,1650000,4620000,1,1
202601,6,,창원의창구청,48121,13,0,0,0,1,0,4,21,04,6,1,없음,200,6,0,1,0,2,2,4,1,10,2,1,2,1,1,8,2,2,1,1,I,561,4,1,4,7,5,7,7,5,12400,1,1,0,7,5,7,7,5,12400,1,1,0,7,5,7,7,5,12400,1,1,0,2025,3,10,2260000,2410000,1,1
202601,6,,창원의창구청,48121,13,0,0,0,1,0,4,21,04,6,1,없음,200,6,0,1,0,2,2,4,1,10,2,1,2,1,1,8,2,2,2,2,0,999,4,1,4,1,1,1,6,3,4900,1,1,0,1,1,1,6,3,4900,1,1,0,1,1,1,6,3,4900,1,1,0,0,1,1,2260000,2410000,1,1
202601,6,,창원의창구청,48121,13,0,0,0,1,0,3,11,03,10,1,없음,30,4,0,0,0,2,2,4,1,10,2,1,1,1,1,8,3,2,1,1,I,561,2,1,3,5,4,7,4,4,15600,1,1,0,5,4,7,4,4,15600,1,1,0,5,4,7,4,4,15600,1,1,0,2025,3,9,2650000,5400000,1,1
202601,6,,창원의창구청,48121,13,0,0,0,1,0,3,11,03,10,1,없음,30,4,0,0,0,2,2,4,1,10,2,1,1,1,1,8,3,2,1,1,T,982,2,1,3,4,5,7,4,4,15600,1,1,0,4,5,7,4,4,15600,1,1,0,4,5,7,4,4,15600,1,1,0,2024,3,9,2650000,5400000,1,1
202601,6,,창원의창구청,48121,13,0,0,0,1,0,3,11,03,10,1,없음,30,4,0,0,0,2,2,4,1,10,2,1,1,1,1,8,3,2,1,1,I,561,2,1,3,4,4,7,4,4,15500,1,1,0,4,4,7,4,4,15500,1,1,0,4,4,7,4,4,15500,1,1,0,2025,3,10,2650000,5400000,1,1
202601,6,,창원의창구청,48121,13,0,0,0,1,0,3,11,03,4,1,없음,200,6,0,0,0,2,1,3,1,10,1,1,1,1,1,8,2,2,1,1,T,982,3,1,3,3,4,5,3,4,6600,1,1,0,3,4,5,3,4,6600,1,1,0,3,4,5,3,4,6600,1,1,0,2025,3,9,1730000,4240000,1,1
202601,6,,창원역,48121,22,0,120,0,1,0,3,32,04,4,1,없음,120,6,0,0,0,2,1,3,1,10,1,1,1,1,1,8,2,2,1,1,S,952,3,1,3,7,5,8,7,5,25400,1,1,0,7,5,8,7,5,25400,1,1,0,7,5,8,7,5,25400,1,1,0,2024,3,7,3050000,8830000,1,2
202601,6,,창원역,48121,22,0,120,0,1,0,3,11,03,6,1,없음,10,1,0,0,0,3,2,4,1,10,2,1,1,1,1,8,3,2,1,1,G,474,3,1,3,6,5,7,6,5,14100,2,1,0,6,5,7,6,5,14100,2,1,0,6,5,7,6,5,14100,2,1,0,2025,3,7,3430000,5980000,1,2
202601,6,,창원역,48121,22,0,120,0,1,0,3,11,03,6,1,없음,10,1,0,0,0,3,2,4,1,10,2,1,1,1,1,8,3,2,1,1,G,472,3,1,3,6,5,7,6,5,14100,2,1,0,6,5,7,6,5,14100,2,1,0,6,5,7,6,5,14100,2,1,0,2025,3,7,3430000,5980000,1,2
202601,6,,창원역,48121,22,0,120,0,1,0,3,32,03,7,1,없음,137,7,0,1,0,2,2,4,1,10,2,1,1,1,1,8,2,2,1,1,I,561,4,1,4,6,6,8,6,6,20000,1,1,0,6,6,8,6,6,20000,1,1,0,6,6,8,6,6,20000,1,1,0,2025,3,10,3060000,4630000,1,2
202601,6,,창원역,48121,13,0,0,0,1,0,4,11,04,2,1,없음,122,7,0,1,0,3,2,3,1,10,2,1,1,1,1,8,3,2,1,1,S,952,3,1,4,6,6,9,6,6,31700,2,1,0,6,6,9,6,6,31700,2,1,0,6,6,9,6,6,31700,2,1,0,2024,3,10,1460000,7460000,1,3
202601,6,,창원역,48121,13,0,0,0,1,0,4,32,04,5,1,없음,170,9,0,0,0,2,2,4,1,10,2,1,1,1,1,8,2,2,1,1,F,411,4,1,4,6,5,6,6,5,9800,1,1,0,6,5,6,6,5,9800,1,1,0,6,5,6,6,5,9800,1,1,0,2024,3,9,1850000,3810000,1,3
202601,6,,창원역,48121,13,0,0,0,1,0,4,21,04,5,1,없음,100,5,0,1,0,3,2,4,1,10,2,1,1,1,1,8,3,2,1,1,S,952,4,1,4,6,5,7,6,5,11400,3,1,0,6,5,7,6,5,11400,3,1,0,6,5,7,6,5,11400,3,1,0,2022,6,5,2370000,5580000,1,3
202601,6,,창원역,48121,13,0,0,0,1,0,3,32,04,5,1,없음,215,6,0,0,0,2,2,4,1,10,2,1,1,1,1,8,2,2,1,1,S,952,4,1,4,5,5,7,5,5,13400,2,1,0,5,5,7,5,5,13400,2,1,0,5,5,7,5,5,13400,2,1,0,2024,3,7,2050000,4090000,1,2
202601,6,,창원시청,48123,13,0,0,0,1,0,5,32,03,5,1,없음,138,6,0,0,0,2,2,4,1,10,2,1,1,1,1,8,2,3,1,1,S,952,4,1,4,6,3,4,6,4,6400,1,1,0,6,3,4,6,4,6400,1,1,0,6,3,4,6,4,6400,1,1,0,2026,3,7,1560000,3290000,1,2
202601,6,,창원시청,48123,13,0,0,0,1,0,5,21,03,5,1,없음,43,6,0,1,0,2,2,4,1,10,2,1,2,1,1,8,2,3,1,1,J,612,2,1,2,4,3,5,4,3,7000,1,1,0,4,3,5,4,3,7000,1,1,0,4,3,5,4,3,7000,1,1,0,2025,3,8,2360000,2470000,1,1
202601,6,,창원시청,48123,13,0,0,0,1,0,5,21,03,5,1,없음,43,6,0,1,0,2,2,4,1,10,2,1,2,1,1,8,2,3,1,1,F,424,2,1,2,4,3,5,4,3,7000,1,1,0,4,3,5,4,3,7000,1,1,0,4,3,5,4,3,7000,1,1,0,2025,3,10,2360000,2470000,1,1
202601,6,,창원시청,48123,13,0,0,0,1,0,5,21,03,5,1,없음,43,6,0,1,0,2,2,4,1,10,2,1,2,1,1,8,2,3,2,2,0,999,4,1,4,1,1,1,6,3,4100,1,1,0,1,1,1,6,3,4100,1,1,0,1,1,1,6,3,4100,1,1,0,0,1,1,2360000,2470000,1,1
202601,6,,창원시청,48123,13,0,0,0,1,0,8,31,03,5,1,없음,365,4,0,1,0,2,2,4,1,10,2,1,1,1,1,8,2,3,1,1,S,952,4,1,4,6,5,7,6,5,11600,1,1,0,6,5,7,6,5,11600,1,1,0,6,5,7,6,5,11600,1,1,0,2022,5,9,2050000,4380000,1,1
202601,6,,창원시청,48123,13,0,0,0,1,1,6,21,03,5,1,없음,260,4,0,1,0,2,2,4,1,10,2,1,1,1,1,8,2,3,-1,1,J,581,4,1,4,6,3,4,6,3,5100,1,1,0,6,3,4,6,3,5100,1,1,0,6,3,4,6,3,5100,1,1,0,2025,3,8,2940000,2270000,1,1
202601,6,,창원시청,48123,13,0,0,0,1,1,6,21,03,5,1,없음,260,4,0,1,0,2,2,4,1,10,2,1,1,1,1,8,2,3,1,1,L,682,2,1,2,6,4,7,6,4,15100,1,1,0,6,4,7,6,4,15100,1,1,0,6,4,7,6,4,15100,1,1,0,2024,3,10,2940000,2270000,1,1
202601,6,,창원시청,48123,13,0,0,0,1,1,6,21,03,5,1,없음,260,4,0,1,0,2,2,4,1,10,2,1,1,1,1,8,2,3,1,1,J,581,2,1,2,6,4,7,6,4,15100,1,1,0,6,4,7,6,4,15100,1,1,0,6,4,7,6,4,15100,1,1,0,2024,3,8,2940000,2270000,1,1
202601,6,,창원시청,48123,13,0,0,0,1,1,6,21,03,5,1,없음,260,4,0,1,0,2,2,4,1,10,2,1,1,1,1,8,2,3,2,1,0,999,3,1,3,6,3,5,6,3,7300,1,1,0,6,3,5,6,3,7300,1,1,0,6,3,5,6,3,7300,1,1,0,2024,3,9,2940000,2270000,1,1
202601,6,,창원시청,48123,13,0,0,0,1,0,5,32,03,3,1,없음,60,6,0,0,0,2,1,2,1,10,1,1,1,1,1,8,2,3,1,1,E,383,2,1,2,4,4,7,4,4,13400,1,1,0,4,4,7,4,4,13400,1,1,0,4,4,7,4,4,13400,1,1,0,2024,3,8,1570000,6890000,1,2
202601,6,,창원시청,48123,22,0,120,0,1,0,3,11,03,7,1,없음,70,6,0,0,0,2,2,4,1,10,2,1,1,1,1,8,2,3,1,1,I,561,2,1,2,4,4,7,4,4,13500,1,1,0,4,4,7,4,4,13500,1,1,0,4,4,7,4,4,13500,1,1,0,2025,3,7,2140000,3280000,1,1
202601,6,,창원시청,48123,22,0,120,0,1,0,3,11,03,7,1,없음,70,6,0,0,0,2,2,4,1,10,2,1,1,1,1,8,2,3,1,1,I,561,2,1,2,4,4,7,4,4,13600,1,1,0,4,4,7,4,4,13600,1,1,0,4,4,7,4,4,13600,1,1,0,2025,3,7,2140000,3280000,1,1
202601,6,,창원시청,48123,22,0,120,0,1,0,3,11,03,7,1,없음,70,6,0,0,0,2,2,4,1,10,2,1,1,1,1,8,2,3,1,1,I,561,2,1,2,4,4,7,4,4,13500,1,1,0,4,4,7,4,4,13500,1,1,0,4,4,7,4,4,13500,1,1,0,2024,3,10,2140000,3280000,1,1
202601,6,,창원시청,48123,22,0,120,0,1,0,2,12,16,1,1,없음,95,6,0,0,0,2,2,4,1,10,2,1,1,1,1,8,2,3,1,1,I,562,4,1,4,5,5,6,5,5,9100,1,1,0,5,5,6,5,5,9100,1,1,0,5,5,6,5,5,9100,1,1,0,2026,3,10,2690000,3880000,1,1
202601,6,,0.비상권,48123,13,0,0,0,1,0,4,11,03,5,1,없음,20,6,0,0,0,2,2,4,1,10,1,1,2,1,1,8,2,3,1,1,I,561,2,1,2,6,4,7,6,4,18400,1,1,0,6,4,7,6,4,18400,1,1,0,6,4,7,6,4,18400,1,1,0,2025,3,10,3090000,3240000,1,1
202601,6,,0.비상권,48123,13,0,0,0,1,0,4,11,03,5,1,없음,20,6,0,0,0,2,2,4,1,10,1,1,2,1,1,8,2,3,1,2,I,561,2,1,2,1,1,1,6,4,18400,1,1,0,1,1,1,6,4,18400,1,1,0,1,1,1,6,4,18400,1,1,0,0,1,1,3090000,3240000,1,1
202601,6,,0.비상권,48123,13,0,0,0,1,0,4,11,03,5,1,없음,20,6,0,0,0,2,2,4,1,10,1,1,2,1,1,8,2,3,2,2,0,999,4,1,4,1,1,1,6,4,6600,1,1,0,1,1,1,6,4,6600,1,1,0,1,1,1,6,4,6600,1,1,0,0,1,1,3090000,3240000,1,1
202601,6,,0.비상권,48123,16,0,120,0,1,0,4,11,04,2,1,없음,86,1,0,1,0,2,1,3,1,10,1,1,1,1,1,8,2,3,1,1,I,561,3,1,3,6,5,8,6,5,20500,1,1,0,6,5,8,6,5,20500,1,1,0,6,5,8,6,5,20500,1,1,0,2025,3,10,2640000,8670000,1,2
202601,6,,마산동서동,48125,22,0,300,0,1,0,1,51,03,1,1,없음,100,6,0,0,0,1,1,1,1,10,1,1,1,1,1,8,1,3,1,1,G,472,1,1,1,3,3,6,3,3,8900,1,1,0,3,3,6,3,3,8900,1,1,0,3,3,6,3,3,8900,1,1,0,2024,3,7,2250000,4050000,1,1
202601,6,,마산동서동,48125,22,0,300,0,1,0,4,21,03,9,2,없음,20,1,0,0,0,2,2,4,1,10,2,1,1,1,1,8,2,3,1,1,G,478,4,1,4,5,4,6,5,5,10700,1,1,0,5,4,6,5,5,10700,1,1,0,5,4,6,5,5,10700,1,1,0,2025,3,8,4450000,2930000,1,1
202601,6,,마산동서동,48125,22,0,300,0,1,0,4,21,03,9,2,없음,20,1,0,0,0,2,2,4,1,10,2,1,1,1,1,8,2,3,2,1,G,478,3,1,3,4,3,4,4,3,5200,1,1,0,4,3,4,4,3,5200,1,1,0,4,3,4,4,3,5200,1,1,0,2025,3,8,4450000,2930000,1,1
202601,6,,마산동서동,48125,22,0,300,0,1,0,3,21,03,8,2,없음,142,6,0,0,0,2,2,4,1,10,1,1,1,1,1,8,2,3,1,1,G,474,3,1,3,6,4,7,6,4,9800,1,1,0,6,4,7,6,4,9800,1,1,0,6,4,7,6,4,9800,1,1,0,2024,3,7,2600000,1720000,1,1
202601,6,,마산동서동,48125,22,0,300,0,1,0,3,21,03,8,2,없음,142,6,0,0,0,2,2,4,1,10,1,1,1,1,1,8,2,3,2,2,0,999,3,1,3,1,1,1,4,3,4800,1,1,0,1,1,1,4,3,4800,1,1,0,1,1,1,4,3,4800,1,1,0,0,1,1,2600000,1720000,1,1
202601,6,,마산동서동,48125,22,0,300,0,1,0,1,51,03,1,1,없음,180,6,0,0,0,1,1,3,1,9,1,1,1,1,1,8,1,3,1,1,I,561,2,1,2,5,3,7,4,3,11100,1,1,0,5,3,7,4,3,11100,1,1,0,5,3,7,4,3,11100,1,1,0,2025,3,8,3120000,1950000,1,2
202601,6,,마산동서동,48125,22,0,300,0,1,0,1,51,03,1,1,없음,180,6,0,0,0,1,1,3,1,9,1,1,1,1,1,8,1,3,2,1,I,561,2,1,2,4,3,5,4,3,5600,1,1,0,4,3,5,4,3,5600,1,1,0,4,3,5,4,3,5600,1,1,0,2025,3,8,3120000,1950000,1,2
202601,6,,마산동서동,48125,22,0,300,0,1,0,1,12,03,1,1,없음,36,6,0,0,0,2,1,1,1,10,1,1,1,1,1,8,2,3,1,1,G,472,1,1,1,4,4,8,4,4,22000,1,1,0,4,4,8,4,4,22000,1,1,0,4,4,8,4,4,22000,1,1,0,2025,3,10,2800000,11340000,1,1
202601,6,,마산동서동,48125,33,0,521,0,1,0,4,31,04,7,2,없음,150,6,0,0,0,2,2,4,1,10,2,1,1,1,1,8,2,2,1,1,G,463,3,1,3,3,5,7,3,5,12200,1,1,0,3,5,7,3,5,12200,1,1,0,3,5,7,3,5,12200,1,1,0,2024,3,9,2920000,2290000,1,1
202601,6,,마산동서동,48125,33,0,521,0,1,0,4,31,04,7,2,없음,150,6,0,0,0,2,2,4,1,10,2,1,1,1,1,8,2,2,2,1,G,463,3,1,4,3,4,5,3,4,6000,1,1,0,3,4,5,3,4,6000,1,1,0,3,4,5,3,4,6000,1,1,0,2024,3,9,2920000,2290000,1,1
202601,6,,마산동서동,48125,22,0,300,0,1,0,4,21,03,8,1,없음,170,7,0,0,0,2,2,4,1,10,1,1,2,1,1,8,2,3,1,1,G,463,2,1,2,4,5,8,4,4,21900,1,1,0,4,5,8,4,4,21900,1,1,0,4,5,8,4,4,21900,1,1,0,2025,4,7,4330000,4690000,1,2
202601,6,,마산동서동,48125,22,0,300,0,1,0,4,21,03,8,1,없음,170,7,0,0,0,2,2,4,1,10,1,1,2,1,1,8,2,3,1,2,G,463,2,1,2,1,1,1,4,4,21900,1,1,0,1,1,1,4,4,21900,1,1,0,1,1,1,4,4,21900,1,1,0,0,1,1,4330000,4690000,1,2
202601,6,,마산동서동,48125,22,0,300,0,1,0,4,21,03,8,1,없음,170,7,0,0,0,2,2,4,1,10,1,1,2,1,1,8,2,3,1,2,G,463,3,1,3,1,1,1,5,5,13400,1,1,0,1,1,1,5,5,13400,1,1,0,1,1,1,5,5,13400,1,1,0,0,1,1,4330000,4690000,1,2
202601,6,,마산동서동,48125,22,0,300,0,1,0,4,21,03,8,1,없음,170,7,0,0,0,2,2,4,1,10,1,1,2,1,1,8,2,3,2,1,G,463,1,1,1,2,2,5,2,2,6200,1,1,0,2,2,5,2,2,6200,1,1,0,2,2,5,2,2,6200,1,1,0,2025,4,7,4330000,4690000,1,2
202601,6,,마산동서동,48125,22,0,300,0,1,0,4,21,03,8,1,없음,170,7,0,0,0,2,2,4,1,10,1,1,2,1,1,8,2,3,2,2,G,463,1,1,1,1,1,1,3,2,3900,1,1,0,1,1,1,3,2,3900,1,1,0,1,1,1,3,2,3900,1,1,0,0,1,1,4330000,4690000,1,2
202601,6,,마산동서동,48125,22,0,300,0,1,0,4,21,03,8,1,없음,170,7,0,0,0,2,2,4,1,10,1,1,2,1,1,8,2,3,2,2,G,463,1,1,1,1,1,1,2,2,6200,1,1,0,1,1,1,2,2,6200,1,1,0,1,1,1,2,2,6200,1,1,0,0,1,1,4330000,4690000,1,2
202601,6,,마산동서동,48125,22,0,300,0,1,0,4,21,03,9,2,없음,200,5,0,1,0,2,2,4,1,10,2,1,2,1,1,8,2,3,1,1,G,463,2,1,2,3,4,7,4,4,14600,1,1,0,3,4,7,4,4,14600,1,1,0,3,4,7,4,4,14600,1,1,0,2025,3,9,3210000,2970000,1,1
202601,6,,마산동서동,48125,22,0,300,0,1,0,4,21,03,9,2,없음,200,5,0,1,0,2,2,4,1,10,2,1,2,1,1,8,2,3,1,1,G,463,3,1,3,4,4,7,5,4,14700,1,1,0,4,4,7,5,4,14700,1,1,0,4,4,7,5,4,14700,1,1,0,2026,3,10,3210000,2970000,1,1
202601,6,,마산동서동,48125,22,0,300,0,1,0,4,21,03,9,2,없음,200,5,0,1,0,2,2,4,1,10,2,1,2,1,1,8,2,3,1,2,G,463,2,1,2,1,1,1,4,4,14600,1,1,0,1,1,1,4,4,14600,1,1,0,1,1,1,4,4,14600,1,1,0,0,1,1,3210000,2970000,1,1
202601,6,,마산동서동,48125,22,0,300,0,1,0,4,21,03,9,2,없음,200,5,0,1,0,2,2,4,1,10,2,1,2,1,1,8,2,3,2,2,G,463,2,1,2,1,1,1,3,3,4100,1,1,0,1,1,1,3,3,4100,1,1,0,1,1,1,3,3,4100,1,1,0,0,1,1,3210000,2970000,1,1
202601,6,,마산동서동,48125,22,0,300,120,1,0,4,21,04,6,1,없음,320,6,0,0,0,2,2,4,1,10,2,1,1,1,1,8,2,3,1,1,G,462,4,1,4,5,5,7,6,5,12900,1,1,0,5,5,7,6,5,12900,1,1,0,5,5,7,6,5,12900,1,1,0,2024,3,10,2900000,4180000,1,1
202601,6,,마산동서동,48125,22,0,300,120,1,0,4,21,04,6,1,없음,320,6,0,0,0,2,2,4,1,10,2,1,1,1,1,8,2,3,2,1,G,462,2,1,2,3,3,6,3,3,9100,1,1,0,3,3,6,3,3,9100,1,1,0,3,3,6,3,3,9100,1,1,0,2024,3,10,2900000,4180000,1,1
202601,6,,마산동서동,48125,22,0,120,0,1,0,4,21,03,8,2,없음,150,1,0,0,0,2,2,4,1,10,2,1,1,1,1,8,2,2,1,1,G,474,4,1,4,6,5,7,6,5,11300,2,1,0,6,5,7,6,5,11300,2,1,0,6,5,7,6,5,11300,2,1,0,2025,3,6,4380000,3350000,1,1
202601,6,,마산동서동,48125,22,0,120,0,1,0,4,21,03,8,2,없음,150,1,0,0,0,2,2,4,1,10,2,1,1,1,1,8,2,2,2,2,L,682,3,1,3,1,1,1,4,4,8500,2,1,0,1,1,1,4,4,8500,2,1,0,1,1,1,4,4,8500,2,1,0,0,1,1,4380000,3350000,1,1
202601,6,,마산동서동,48125,33,0,521,0,1,0,4,21,03,7,2,없음,60,6,0,1,0,2,2,4,1,10,2,1,1,1,1,8,2,2,1,1,I,561,4,1,4,6,5,7,6,5,14000,2,1,0,6,5,7,6,5,14000,2,1,0,6,5,7,6,5,14000,2,1,0,2025,3,9,2980000,2300000,1,1
202601,6,,마산동서동,48125,33,0,521,0,1,0,4,21,03,7,2,없음,60,6,0,1,0,2,2,4,1,10,2,1,1,1,1,8,2,2,2,1,R,912,4,1,4,5,4,4,5,4,5100,1,1,0,5,4,4,5,4,5100,1,1,0,5,4,4,5,4,5100,1,1,0,2025,4,9,2980000,2300000,1,1
202601,6,,마산동서동,48125,22,0,300,0,1,0,5,11,04,7,2,없음,50,6,0,0,0,1,1,3,1,9,1,1,1,1,1,8,1,3,1,1,S,961,2,1,2,4,3,7,4,3,12400,1,1,0,4,3,7,4,3,12400,1,1,0,4,3,7,4,3,12400,1,1,0,2025,3,9,3400000,2560000,1,1
202601,6,,마산동서동,48125,22,0,300,0,1,0,5,11,04,7,2,없음,50,6,0,0,0,1,1,3,1,9,1,1,1,1,1,8,1,3,2,2,G,474,2,1,2,1,1,1,4,3,6000,1,1,0,1,1,1,4,3,6000,1,1,0,1,1,1,4,3,6000,1,1,0,0,1,1,3400000,2560000,1,1
202601,6,,0.비상권,48125,15,0,0,0,1,0,1,11,04,6,1,없음,370,6,0,0,0,2,2,4,1,10,1,1,1,1,1,8,2,3,1,1,I,561,3,1,3,5,5,7,5,5,14900,1,1,0,5,5,7,5,5,14900,1,1,0,5,5,7,5,5,14900,1,1,0,2025,3,10,2190000,2330000,1,1
202601,6,,0.비상권,48125,15,0,0,0,1,0,1,11,04,6,1,없음,370,6,0,0,0,2,2,4,1,10,1,1,1,1,1,8,2,3,2,2,0,999,2,1,2,1,1,1,4,3,4800,1,1,0,1,1,1,4,3,4800,1,1,0,1,1,1,4,3,4800,1,1,0,0,1,1,2190000,2330000,1,1
202601,6,,0.비상권,48125,15,0,0,0,1,0,1,21,03,6,1,없음,190,7,0,0,0,2,2,4,1,9,2,1,1,1,1,8,2,3,1,1,S,961,1,1,1,3,3,7,3,3,15300,1,1,0,3,3,7,3,3,15300,1,1,0,3,3,7,3,3,15300,1,1,0,2025,3,9,2220000,3700000,1,3
202601,6,,0.비상권,48125,15,0,0,0,1,0,1,21,03,6,1,없음,190,7,0,0,0,2,2,4,1,9,2,1,1,1,1,8,2,3,1,1,I,562,1,1,1,3,3,7,3,3,15300,1,1,0,3,3,7,3,3,15300,1,1,0,3,3,7,3,3,15300,1,1,0,2025,3,10,2220000,3700000,1,3
202601,6,,0.비상권,48125,15,0,0,0,1,0,1,21,03,6,1,없음,190,7,0,0,0,2,2,4,1,9,2,1,1,1,1,8,2,3,1,1,I,561,1,1,1,3,3,7,3,3,15300,1,1,0,3,3,7,3,3,15300,1,1,0,3,3,7,3,3,15300,1,1,0,2025,3,10,2220000,3700000,1,3
202601,6,,0.비상권,48125,15,0,0,0,1,0,1,21,03,6,1,없음,190,7,0,0,0,2,2,4,1,9,2,1,1,1,1,8,2,3,1,1,S,961,1,1,1,3,3,7,4,3,16500,1,1,0,3,3,7,4,3,16500,1,1,0,3,3,7,4,3,16500,1,1,0,2024,3,9,2220000,3700000,1,3
202601,6,,0.비상권,48125,13,0,0,0,1,0,1,11,03,1,1,없음,470,4,0,0,0,2,2,4,1,10,1,1,1,1,1,8,2,3,1,1,I,561,3,1,3,4,4,5,4,4,7000,1,1,0,4,4,5,4,4,7000,1,1,0,4,4,5,4,4,7000,1,1,0,2025,3,10,1970000,2790000,1,1
202601,6,,0.비상권,48125,13,0,0,0,1,0,1,11,03,1,1,없음,470,4,0,0,0,2,2,4,1,10,1,1,1,1,1,8,2,3,2,2,0,999,1,1,2,1,1,1,3,3,4200,1,1,0,1,1,1,3,3,4200,1,1,0,1,1,1,3,3,4200,1,1,0,0,1,1,1970000,2790000,1,1
202601,6,,마산동서동,48125,22,0,300,0,1,0,1,12,03,1,1,없음,100,6,0,0,0,1,1,1,1,10,1,1,1,1,1,8,1,2,1,1,L,682,1,1,1,3,3,7,3,3,17400,1,1,0,3,3,7,3,3,17400,1,1,0,3,3,7,3,3,17400,1,1,0,2024,3,5,2550000,2860000,1,3
202601,6,,마산동서동,48125,22,0,300,0,1,0,1,51,03,1,1,없음,145,6,0,0,0,1,1,2,1,10,1,1,1,1,1,8,1,2,1,1,S,953,1,1,1,3,3,7,3,3,13600,1,1,0,3,3,7,3,3,13600,1,1,0,3,3,7,3,3,13600,1,1,0,2024,3,9,2360000,2020000,1,1
202601,6,,마산동서동,48125,22,0,300,0,1,0,1,51,03,1,1,없음,145,6,0,0,0,1,1,2,1,10,1,1,1,1,1,8,1,2,2,1,S,953,1,1,1,2,2,4,2,2,5400,1,1,0,2,2,4,2,2,5400,1,1,0,2,2,4,2,2,5400,1,1,0,2024,3,9,2360000,2020000,1,1
202601,6,,마산동서동,48125,22,0,300,0,1,0,8,31,04,8,1,없음,100,1,1,0,0,3,2,4,1,10,2,1,1,1,1,8,3,2,1,1,R,911,4,1,4,6,6,7,6,6,13500,1,1,0,6,6,7,6,6,13500,1,1,0,6,6,7,6,6,13500,1,1,0,2024,3,10,2970000,3740000,1,2
202601,6,,마산동서동,48125,33,0,521,0,1,0,7,32,04,5,1,없음,150,5,0,1,0,3,2,4,1,10,2,1,1,1,1,8,3,2,1,1,S,952,4,1,4,5,6,8,5,6,21100,1,1,0,5,6,8,5,6,21100,1,1,0,5,6,8,5,6,21100,1,1,0,2025,3,9,2760000,6640000,1,1
202601,6,,마산동서동,48125,22,0,120,0,1,0,5,31,04,8,1,없음,430,2,0,0,0,2,2,4,1,10,2,1,1,1,1,8,2,3,1,1,I,561,3,1,3,4,5,7,4,5,14300,1,1,0,4,5,7,4,5,14300,1,1,0,4,5,7,4,5,14300,1,1,0,2026,3,9,3380000,4490000,1,1
202601,6,,마산동서동,48125,22,0,120,0,1,0,5,31,04,8,1,없음,430,2,0,0,0,2,2,4,1,10,2,1,1,1,1,8,2,3,1,1,I,561,3,1,3,4,5,7,4,5,14300,1,1,0,4,5,7,4,5,14300,1,1,0,4,5,7,4,5,14300,1,1,0,2025,3,10,3380000,4490000,1,1
202601,6,,창원월영동,48125,22,0,0,0,1,0,1,11,03,8,2,없음,80,5,0,0,0,2,2,4,1,9,2,1,1,1,1,8,2,3,1,1,I,562,2,1,2,5,4,7,5,3,15000,1,1,0,5,4,7,5,3,15000,1,1,0,5,4,7,5,3,15000,1,1,0,2025,2,10,2680000,2070000,1,3
202601,6,,창원월영동,48125,22,0,0,0,1,0,1,11,03,8,2,없음,80,5,0,0,0,2,2,4,1,9,2,1,1,1,1,8,2,3,1,1,S,961,1,1,2,5,3,7,5,4,18200,1,1,0,5,3,7,5,4,18200,1,1,0,5,3,7,5,4,17800,1,1,0,2025,2,10,2680000,2070000,1,3
202601,6,,창원월영동,48125,22,0,0,0,1,0,1,11,03,8,2,없음,80,5,0,0,0,2,2,4,1,9,2,1,1,1,1,8,2,3,2,1,R,901,2,1,2,4,3,6,4,3,8100,1,1,0,4,3,6,4,3,8100,1,1,0,4,3,6,4,3,8100,1,1,0,2024,3,9,2680000,2070000,1,3
202601,6,,마산동서동,48125,22,0,300,0,1,0,4,12,03,7,1,없음,99,6,0,0,0,1,1,1,1,10,1,1,1,1,1,8,1,3,1,1,S,961,1,1,1,3,3,7,3,3,11900,1,1,0,3,3,7,3,3,11900,1,1,0,3,3,7,3,3,11900,1,1,0,2025,3,6,1970000,2990000,1,2
202601,6,,마산동서동,48125,22,0,300,0,1,0,4,21,03,9,2,없음,57,5,0,0,0,1,1,3,1,10,1,1,1,1,1,8,1,3,1,1,I,561,1,1,1,4,3,7,4,3,15700,1,1,0,4,3,7,4,3,15700,1,1,0,4,3,7,4,3,15700,1,1,0,2026,3,10,4020000,2670000,1,1
202601,6,,마산동서동,48125,22,0,300,0,1,0,4,21,03,9,2,없음,57,5,0,0,0,1,1,3,1,10,1,1,1,1,1,8,1,3,1,1,G,474,1,1,1,4,3,7,4,3,15900,1,1,0,4,3,7,4,3,15900,1,1,0,4,3,7,4,3,15900,1,1,0,2025,3,8,4020000,2670000,1,1
202601,6,,마산동서동,48125,22,0,300,0,1,0,4,21,03,9,2,없음,57,5,0,0,0,1,1,3,1,10,1,1,1,1,1,8,1,3,2,1,S,961,2,1,2,4,3,5,4,3,7300,1,1,0,4,3,5,4,3,7300,1,1,0,4,3,5,4,3,7300,1,1,0,2025,3,9,4020000,2670000,1,1
202601,6,,마산동서동,48125,22,0,300,0,1,0,1,12,03,10,1,없음,60,11,0,0,0,1,1,3,1,10,1,1,1,1,1,8,1,3,1,1,I,561,3,1,3,4,3,5,4,4,7500,1,1,0,4,3,5,4,4,7500,1,1,0,4,3,5,4,4,7500,1,1,0,2026,3,10,2060000,2270000,1,1
202601,6,,마산동서동,48125,22,0,300,0,1,0,1,51,03,1,1,없음,100,6,0,0,0,1,1,2,1,10,1,1,1,1,1,8,1,3,1,1,G,475,1,1,1,4,5,9,4,4,30800,1,1,0,4,5,9,4,4,30800,1,1,0,4,5,9,4,4,30800,1,1,0,2025,3,8,8030000,7040000,1,2
202601,6,,마산동서동,48125,22,0,300,0,1,0,1,51,03,1,1,없음,100,6,0,0,0,1,1,2,1,10,1,1,1,1,1,8,1,3,2,1,G,475,1,1,1,1,3,7,3,3,8000,1,1,0,1,3,7,3,3,8000,1,1,0,1,3,7,3,3,8000,1,1,0,2025,3,8,8030000,7040000,1,2
202601,6,,마산동서동,48125,22,0,300,0,1,0,1,51,03,1,1,없음,100,6,0,0,0,1,1,2,1,10,1,1,1,1,1,8,1,2,1,1,G,474,1,1,2,4,5,9,5,4,30200,1,1,0,4,5,9,5,4,30200,1,1,0,4,5,9,5,4,30200,1,1,0,2024,3,8,8020000,5380000,1,3
202601,6,,마산동서동,48125,22,0,300,0,1,0,1,51,03,1,1,없음,100,6,0,0,0,1,1,2,1,10,1,1,1,1,1,8,1,2,2,1,G,474,1,1,1,1,3,7,3,3,7900,1,1,0,1,3,7,3,3,7900,1,1,0,1,3,7,3,3,7900,1,1,0,2024,3,8,8020000,5380000,1,3
202601,6,,마산동서동,48125,22,0,300,0,1,0,4,21,03,8,1,없음,447,11,0,0,0,2,2,4,1,10,2,1,1,1,1,8,2,2,1,1,R,912,4,1,4,5,5,7,5,5,10900,1,1,0,5,5,7,5,5,10900,1,1,0,5,5,7,5,5,10900,1,1,0,2025,3,7,2240000,3090000,1,1
202601,6,,마산동서동,48125,22,0,300,0,1,0,4,21,03,8,1,없음,447,11,0,0,0,2,2,4,1,10,2,1,1,1,1,8,2,2,1,1,G,474,2,1,2,4,4,7,4,4,11000,1,1,0,4,4,7,4,4,11000,1,1,0,4,4,7,4,4,11000,1,1,0,2024,3,9,2240000,3090000,1,1
202601,6,,마산동서동,48125,22,0,300,0,1,0,1,21,03,1,2,없음,220,8,0,0,0,1,1,3,1,10,1,1,1,1,1,8,1,2,1,1,G,478,2,1,2,5,4,8,4,4,22200,1,1,0,5,4,8,4,4,22200,1,1,0,5,4,8,4,4,22200,1,1,0,2025,3,10,5870000,3040000,1,2
202601,6,,마산동서동,48125,22,0,300,0,1,0,1,21,03,1,2,없음,220,8,0,0,0,1,1,3,1,10,1,1,1,1,1,8,1,2,2,1,G,478,2,1,2,4,3,5,4,3,7100,1,1,0,4,3,5,4,3,7100,1,1,0,4,3,5,4,3,7100,1,1,0,2025,3,10,5870000,3040000,1,2
202601,6,,마산동서동,48125,22,0,300,0,1,0,1,51,04,1,2,없음,100,6,0,0,0,1,1,2,1,10,1,1,1,1,1,8,1,3,1,1,G,474,2,1,2,6,5,9,5,5,30200,1,1,0,6,5,9,5,5,30200,1,1,0,6,5,9,5,5,30200,1,1,0,2026,3,8,7990000,6190000,1,3
202601,6,,마산동서동,48125,22,0,300,0,1,0,1,51,04,1,2,없음,100,6,0,0,0,1,1,2,1,10,1,1,1,1,1,8,1,3,2,1,G,474,1,1,1,4,3,6,3,3,7600,1,1,0,4,3,6,3,3,7600,1,1,0,4,3,6,3,3,7600,1,1,0,2026,3,8,7990000,6190000,1,3
202601,6,,마산동서동,48125,22,0,300,0,1,0,3,11,03,8,2,없음,280,6,0,0,0,1,1,3,1,10,1,1,1,1,1,8,1,2,1,1,G,474,2,1,2,5,4,7,4,4,17900,1,1,0,5,4,7,4,4,17900,1,1,0,5,4,7,4,4,17900,1,1,0,2026,3,10,4470000,2840000,1,2
202601,6,,마산동서동,48125,22,0,300,0,1,0,3,11,03,8,2,없음,280,6,0,0,0,1,1,3,1,10,1,1,1,1,1,8,1,2,2,6,0,999,2,1,2,1,1,1,3,3,5800,1,1,1,1,1,1,3,3,5800,1,1,1,1,1,1,3,3,5800,1,1,1,0,1,1,4470000,2840000,1,2
202601,6,,창원월영동,48125,22,0,300,0,1,0,6,21,04,8,2,없음,150,6,0,0,0,2,2,4,1,10,1,1,1,1,1,8,2,3,1,1,G,472,2,1,2,8,2,7,7,4,33300,1,1,0,8,2,7,7,4,33300,1,1,0,8,2,7,7,4,33300,1,1,0,2022,5,9,4210000,2980000,1,3
202601,6,,창원월영동,48125,22,0,300,0,1,0,6,21,04,8,2,없음,150,6,0,0,0,2,2,4,1,10,1,1,1,1,1,8,2,3,1,1,G,472,2,1,2,8,4,9,7,4,38400,2,1,0,8,4,9,7,4,38400,2,1,0,8,4,9,7,4,38400,2,1,0,2022,5,9,4210000,2980000,1,3
202601,6,,창원월영동,48125,22,0,300,0,1,0,6,21,04,8,2,없음,150,6,0,0,0,2,2,4,1,10,1,1,1,1,1,8,2,3,1,2,G,478,1,1,1,1,1,1,5,3,30500,1,1,0,1,1,1,5,3,30500,1,1,0,1,1,1,5,3,30500,1,1,0,0,1,1,4210000,2980000,1,3
202601,6,,창원월영동,48125,22,0,300,0,1,0,6,21,04,8,2,없음,150,6,0,0,0,2,2,4,1,10,1,1,1,1,1,8,2,3,2,2,0,999,3,1,3,1,1,1,4,3,3600,1,1,0,1,1,1,4,3,3600,1,1,0,1,1,1,4,3,3600,1,1,0,0,1,1,4210000,2980000,1,3
202601,6,,창원월영동,48125,22,0,300,0,1,0,1,11,04,8,1,없음,50,6,0,0,0,2,1,3,1,9,1,1,1,1,1,8,2,3,1,1,I,561,3,1,3,5,5,7,5,5,16500,1,1,0,5,5,7,5,5,16500,1,1,0,5,5,7,5,5,16500,1,1,0,2021,5,9,2550000,3070000,1,3
202601,6,,창원월영동,48125,22,0,300,0,1,0,1,11,04,8,1,없음,50,6,0,0,0,2,1,3,1,9,1,1,1,1,1,8,2,3,2,1,I,561,1,1,1,3,2,6,3,2,7600,1,1,0,3,2,6,3,2,7600,1,1,0,3,2,6,3,2,7600,1,1,0,2025,3,9,2550000,3070000,1,3
202601,6,,창원월영동,48125,22,0,300,0,1,0,4,21,04,8,2,없음,100,6,0,0,0,1,1,3,1,9,1,1,1,1,1,8,1,3,1,1,I,561,2,1,2,5,5,8,5,4,20800,1,1,0,5,5,8,5,4,20800,1,1,0,5,5,8,5,4,20800,1,1,0,2024,3,8,3440000,2620000,1,3
202601,6,,창원월영동,48125,22,0,300,0,1,0,4,21,04,8,2,없음,100,6,0,0,0,1,1,3,1,9,1,1,1,1,1,8,1,3,2,2,0,999,2,1,2,1,1,1,4,3,7800,1,1,0,1,1,1,4,3,7800,1,1,0,1,1,1,4,3,7800,1,1,0,0,1,1,3440000,2620000,1,3
202601,6,,창원월영동,48125,22,0,300,0,1,0,2,11,03,1,1,없음,20,6,0,0,0,3,2,4,1,9,2,1,1,1,1,8,3,3,1,1,S,969,1,1,1,1,1,1,4,3,80100,1,1,1,1,1,1,4,3,80100,1,1,1,3,3,12,4,3,81400,1,1,0,2026,2,10,3960000,7780000,1,3
202601,6,,창원월영동,48125,22,0,300,0,1,0,2,11,03,1,1,없음,20,6,0,0,0,3,2,4,1,9,2,1,1,1,1,8,3,3,1,1,G,473,1,1,1,6,5,9,6,4,36800,1,1,0,6,5,9,6,4,36800,1,1,0,6,5,9,6,5,37200,1,1,0,2024,3,8,3960000,7780000,1,3
202601,6,,창원월영동,48125,22,0,300,0,1,0,2,11,03,1,1,없음,20,6,0,0,0,3,2,4,1,9,2,1,1,1,1,8,3,3,1,1,I,562,2,1,2,6,6,9,6,6,42500,1,1,0,6,6,9,6,6,42500,1,1,0,6,6,9,6,6,42500,1,1,0,2024,3,8,3960000,7780000,1,3
202601,6,,창원월영동,48125,22,0,300,0,1,0,2,11,03,1,1,없음,20,6,0,0,0,3,2,4,1,9,2,1,1,1,1,8,3,3,1,1,I,562,1,1,1,6,5,9,6,5,42100,1,1,0,6,5,9,6,5,42100,1,1,0,6,5,9,6,5,42100,1,1,0,2024,3,8,3960000,7780000,1,3
202601,6,,창원월영동,48125,22,0,300,0,1,0,2,11,03,1,1,없음,20,6,0,0,0,3,2,4,1,9,2,1,1,1,1,8,3,3,1,1,I,561,1,1,1,4,4,9,6,4,36700,1,1,0,4,4,9,6,4,36700,1,1,0,4,4,9,6,4,36700,1,1,0,2024,3,10,3960000,7780000,1,3
202601,6,,창원월영동,48125,22,0,300,0,1,0,2,11,03,1,1,없음,20,6,0,0,0,3,2,4,1,9,2,1,1,1,1,8,3,3,1,1,M,733,1,1,1,5,4,11,5,4,87900,1,1,0,5,4,11,5,4,87900,1,1,0,5,4,11,5,4,87900,1,1,0,2026,2,8,3960000,7780000,1,3
202601,6,,창원월영동,48125,22,0,300,0,1,0,2,11,03,1,1,없음,20,6,0,0,0,3,2,4,1,9,2,1,1,1,1,8,3,3,1,1,I,561,1,1,1,5,4,11,5,4,87900,1,1,0,5,4,11,5,4,87900,1,1,0,5,4,11,5,4,88700,1,1,0,2024,3,8,3960000,7780000,1,3
202601,6,,창원월영동,48125,22,0,300,0,1,0,1,11,03,1,1,없음,48,4,0,0,0,2,2,3,1,9,2,1,1,1,1,8,2,3,1,1,I,561,2,1,3,6,5,9,6,5,28300,1,1,0,6,5,9,6,5,28300,1,1,0,6,5,9,6,5,28300,1,1,0,2025,3,8,5260000,5440000,1,3
202601,6,,창원월영동,48125,22,0,300,0,1,0,1,11,03,1,1,없음,48,4,0,0,0,2,2,3,1,9,2,1,1,1,1,8,2,3,2,1,S,961,1,1,2,3,3,7,5,3,9600,1,1,0,3,3,7,5,3,9600,1,1,0,3,3,7,5,3,9600,1,1,0,2025,2,10,5260000,5440000,1,3
202601,6,,창원월영동,48125,22,0,300,0,1,0,5,21,03,8,2,없음,80,4,0,0,0,1,1,3,1,10,1,1,1,1,1,8,1,2,1,1,I,561,2,1,2,6,5,9,6,5,31300,2,1,0,6,5,9,6,5,31300,2,1,0,6,5,9,6,5,31300,2,1,0,2025,2,9,4950000,3530000,1,2
202601,6,,창원월영동,48125,22,0,300,0,1,0,5,21,03,8,2,없음,80,4,0,0,0,1,1,3,1,10,1,1,1,1,1,8,1,2,2,6,0,999,2,1,2,1,1,1,4,3,11700,1,1,1,1,1,1,4,3,11700,1,1,1,1,1,1,4,3,11700,1,1,1,0,1,1,4950000,3530000,1,2
202601,6,,창원월영동,48125,14,0,0,0,1,1,6,21,03,6,1,없음,200,4,0,0,0,2,2,4,1,10,1,1,1,1,1,8,2,3,-1,3,I,562,2,1,2,1,1,1,6,3,9700,1,1,0,1,1,1,6,3,9700,1,1,0,1,1,1,6,3,9700,1,1,0,2025,3,10,3370000,3110000,1,2
202601,6,,창원월영동,48125,14,0,0,0,1,1,6,21,03,6,1,없음,200,4,0,0,0,2,2,4,1,10,1,1,1,1,1,8,2,3,1,1,I,561,2,1,2,6,5,8,6,5,22100,1,1,0,6,5,8,6,5,22100,1,1,0,6,5,8,6,5,22100,1,1,0,2025,3,10,3370000,3110000,1,2
202601,6,,0.비상권,48125,22,0,300,0,1,0,4,21,03,8,2,없음,100,7,0,0,0,2,2,4,1,10,2,1,1,1,1,8,2,3,1,1,I,561,4,1,4,6,6,7,6,6,15100,1,1,0,6,6,7,6,6,15100,1,1,0,6,6,7,6,6,15000,1,1,0,2025,2,10,3230000,2480000,1,3
202601,6,,0.비상권,48125,22,0,300,0,1,0,4,21,03,8,2,없음,100,7,0,0,0,2,2,4,1,10,2,1,1,1,1,8,2,3,2,1,I,562,4,1,4,6,4,5,6,4,5500,1,1,0,6,4,5,6,4,5500,1,1,0,6,4,5,6,4,5500,1,1,0,2025,3,6,3230000,2480000,1,3
202601,6,,창원월영동,48125,22,0,300,0,1,0,4,32,04,4,1,없음,30,6,0,0,0,2,1,3,1,10,1,1,1,1,1,8,2,3,1,6,0,999,3,1,3,1,1,1,4,5,15400,1,1,1,1,1,1,4,5,15400,1,1,1,1,1,1,4,5,15400,1,1,1,0,1,1,2900000,9720000,1,1
202601,6,,창원월영동,48125,22,0,300,0,1,0,8,21,03,6,1,없음,200,6,0,1,0,2,2,4,1,10,2,2,1,1,1,8,2,3,1,1,I,561,3,1,3,5,5,7,5,5,22900,1,1,0,5,5,7,5,5,22900,1,1,0,5,5,7,5,5,22700,1,1,0,2025,3,9,4190000,4100000,1,1
202601,6,,창원월영동,48125,22,0,300,0,1,0,8,21,03,6,1,없음,200,6,0,1,0,2,2,4,1,10,2,2,1,1,1,8,2,3,1,1,I,561,3,1,3,6,5,7,6,5,20400,1,1,0,6,5,7,6,5,20400,1,1,0,6,5,7,6,5,20400,1,1,0,2025,3,9,4190000,4100000,1,1
202601,6,,창원월영동,48125,22,0,300,0,1,0,8,21,03,6,1,없음,200,6,0,1,0,2,2,4,1,10,2,2,1,1,1,8,2,3,2,6,0,999,4,1,4,1,1,1,6,5,17500,1,1,1,1,1,1,6,5,17500,1,1,1,1,1,1,5,5,16400,1,1,1,0,1,1,4190000,4100000,1,1
202601,6,,창원월영동,48125,22,0,300,0,1,0,6,21,04,7,1,없음,80,6,0,0,0,2,2,4,1,10,2,1,1,1,1,8,2,3,1,1,I,561,4,1,4,6,5,7,6,5,11800,1,1,0,6,5,7,6,5,11800,1,1,0,6,5,7,6,5,11800,1,1,0,2025,2,9,3170000,5110000,1,1
202601,6,,창원월영동,48125,22,0,300,0,1,0,4,21,04,6,2,없음,40,4,0,1,0,2,2,4,1,10,2,1,1,1,1,8,2,3,1,1,I,561,4,1,4,6,6,7,6,5,11200,1,2,0,6,6,7,6,5,11200,1,2,0,6,6,7,6,5,11200,1,2,0,2025,2,9,3410000,3040000,1,1
202601,6,,창원월영동,48125,22,0,300,0,1,0,4,21,04,6,2,없음,40,4,0,1,0,2,2,4,1,10,2,1,1,1,1,8,2,3,2,1,I,562,4,1,4,4,4,5,4,4,6000,1,1,0,4,4,5,4,4,6000,1,1,0,4,4,5,4,4,6000,1,1,0,2024,3,9,3410000,3040000,1,1
202601,6,,창원월영동,48125,22,0,300,0,1,0,7,31,04,2,1,없음,57,6,0,1,0,3,1,3,1,10,1,1,1,1,1,8,3,3,1,1,I,562,3,1,3,5,5,7,6,5,13900,1,1,0,5,5,7,6,5,13900,1,1,0,5,5,7,6,5,13900,1,1,0,2025,3,9,2650000,16300000,3,1
202601,6,,창원월영동,48125,22,0,0,0,1,0,3,11,03,6,2,없음,98,6,0,0,0,1,2,3,1,9,1,1,1,1,1,8,1,3,1,1,P,855,2,1,2,4,4,7,4,4,13800,1,1,0,4,4,7,4,4,13800,1,1,0,4,4,7,4,4,13800,1,1,0,2025,2,8,1850000,1680000,1,3
202601,6,,창원월영동,48125,22,0,0,0,1,0,3,11,03,6,2,없음,98,6,0,0,0,1,2,3,1,9,1,1,1,1,1,8,1,3,2,2,0,999,2,1,2,1,1,1,4,3,3100,1,1,0,1,1,1,4,3,3100,1,1,0,1,1,1,4,3,3100,1,1,0,0,1,1,1850000,1680000,1,3
202601,6,,0.비상권,48127,16,0,0,0,1,0,9,32,03,7,1,없음,50,2,0,1,0,2,2,4,1,10,1,1,1,1,1,8,2,3,1,2,Q,862,2,1,2,1,1,1,4,4,25700,1,1,0,1,1,1,4,4,25700,1,1,0,1,1,1,4,4,25700,1,1,0,0,1,1,3350000,4830000,1,3
202601,6,,0.비상권,48127,16,0,0,0,1,0,9,32,03,7,1,없음,50,2,0,1,0,2,2,4,1,10,1,1,1,1,1,8,2,3,1,1,G,472,2,1,2,4,4,8,4,4,25800,1,1,0,4,4,8,4,4,25800,1,1,0,4,4,8,4,4,25800,1,1,0,2024,3,10,3350000,4830000,1,3
202601,6,,0.비상권,48127,16,0,0,0,1,0,9,32,03,7,1,없음,50,2,0,1,0,2,2,4,1,10,1,1,1,1,1,8,2,3,1,1,G,474,2,1,2,4,4,8,4,4,25600,1,1,0,4,4,8,4,4,25600,1,1,0,4,4,8,4,4,25600,1,1,0,2025,2,10,3350000,4830000,1,3
202601,6,,마산역버스터미널,48127,22,0,300,0,1,0,1,12,04,6,1,없음,200,10,0,0,0,2,1,2,1,10,1,1,1,1,1,8,2,3,1,1,I,561,2,1,2,4,4,7,4,4,11500,1,1,0,4,4,7,4,4,11500,1,1,0,4,4,7,4,4,11500,1,1,0,2025,3,8,1820000,3190000,1,3
202601,6,,마산역버스터미널,48127,22,0,300,0,1,0,4,11,04,2,1,없음,400,6,0,0,0,3,1,2,1,10,1,1,1,1,1,8,3,3,1,1,S,952,2,1,2,5,4,7,5,4,14500,1,1,0,5,4,7,5,4,14500,1,1,0,5,4,7,5,4,14500,1,1,0,2026,3,9,1630000,9110000,1,3
202601,6,,마산역버스터미널,48127,14,0,0,0,1,0,3,21,03,6,2,없음,400,4,0,0,0,2,2,4,1,10,1,1,1,1,1,8,2,3,1,1,F,424,2,1,3,3,3,5,3,3,6800,1,1,0,3,3,5,3,3,6800,1,1,0,3,3,5,3,3,6800,1,1,0,2025,3,9,1900000,1730000,1,2
202601,6,,마산역버스터미널,48127,14,0,0,0,1,0,3,21,03,6,2,없음,400,4,0,0,0,2,2,4,1,10,1,1,1,1,1,8,2,3,2,2,0,999,2,1,2,1,1,1,3,3,5200,1,1,0,1,1,1,3,3,5200,1,1,0,1,1,1,3,3,5200,1,1,0,0,1,1,1900000,1730000,1,2
202601,6,,마산역버스터미널,48127,22,0,300,0,1,0,3,21,04,8,2,없음,130,6,0,0,0,2,2,4,2,9,2,1,1,1,1,8,2,3,1,1,I,561,4,1,4,6,5,7,6,5,11600,1,1,0,6,5,7,6,5,11600,1,1,0,6,5,7,6,5,11600,1,1,0,2024,3,8,2860000,1840000,1,2
202601,6,,마산역버스터미널,48127,22,0,300,0,1,0,3,21,04,8,2,없음,130,6,0,0,0,2,2,4,2,9,2,1,1,1,1,8,2,3,2,1,I,561,4,1,4,5,4,4,5,4,5400,1,1,0,5,4,4,5,4,5400,1,1,0,5,4,4,5,4,5400,1,1,0,2024,3,9,2860000,1840000,1,2
202601,6,,마산역버스터미널,48127,16,0,0,0,1,0,1,11,04,6,2,없음,107,4,0,0,0,2,2,4,1,10,1,1,1,1,1,8,2,3,1,1,G,472,3,1,3,6,4,7,6,4,10100,1,1,0,6,4,7,6,4,10100,1,1,0,6,4,7,6,4,10100,1,1,0,2024,3,9,2190000,2140000,1,2
202601,6,,마산역버스터미널,48127,16,0,0,0,1,0,1,11,04,6,2,없음,107,4,0,0,0,2,2,4,1,10,1,1,1,1,1,8,2,3,2,2,0,999,2,1,2,1,1,1,4,3,5800,1,1,0,1,1,1,4,3,5800,1,1,0,1,1,1,4,3,5800,1,1,0,0,1,1,2190000,2140000,1,2
202601,6,,마산역버스터미널,48127,15,0,0,0,1,0,1,12,04,6,1,없음,250,4,0,0,0,2,1,3,1,10,1,1,1,1,1,8,2,3,1,1,I,561,3,1,3,6,4,7,6,4,13200,1,1,0,6,4,7,6,4,13200,1,1,0,6,4,7,6,4,13200,1,1,0,2025,3,10,2250000,3810000,1,3
202601,6,,마산역버스터미널,48127,15,0,0,0,1,0,2,11,03,6,2,없음,150,6,0,0,0,2,2,4,1,10,1,1,1,1,1,8,2,3,1,1,I,562,2,1,3,5,4,7,5,4,12400,1,1,0,5,4,7,5,4,12400,1,1,0,5,4,7,5,4,12400,1,1,0,2025,3,10,2150000,2000000,1,3
202601,6,,마산역버스터미널,48127,15,0,0,0,1,0,2,11,03,6,2,없음,150,6,0,0,0,2,2,4,1,10,1,1,1,1,1,8,2,3,2,2,0,999,2,1,2,1,1,1,4,3,4800,1,1,0,1,1,1,4,3,4800,1,1,0,1,1,1,4,3,4800,1,1,0,0,1,1,2150000,2000000,1,3
202601,6,,마산역버스터미널,48127,15,0,0,0,1,0,2,11,03,6,2,없음,170,7,0,0,0,2,2,4,1,10,1,1,1,1,1,8,2,3,1,1,I,561,2,1,3,5,4,7,5,4,13200,1,1,0,5,4,7,5,4,13200,1,1,0,5,4,7,5,4,13200,1,1,0,2025,3,10,2120000,1980000,1,3
202601,6,,마산역버스터미널,48127,15,0,0,0,1,0,2,11,03,6,2,없음,170,7,0,0,0,2,2,4,1,10,1,1,1,1,1,8,2,3,2,2,0,999,2,1,2,1,1,1,4,3,4900,1,1,0,1,1,1,4,3,4900,1,1,0,1,1,1,4,3,4900,1,1,0,0,1,1,2120000,1980000,1,3
202601,6,,마산역버스터미널,48127,15,0,0,0,1,0,1,12,03,1,1,없음,150,6,0,0,0,2,1,2,1,10,1,1,1,1,1,8,2,3,1,1,I,561,2,1,2,4,4,7,6,5,21500,1,1,0,4,4,7,6,5,21500,1,1,0,4,4,7,6,5,21500,1,1,0,2025,3,8,2050000,3990000,1,1
202601,6,,마산역버스터미널,48127,22,0,0,0,1,0,1,11,04,6,1,없음,160,6,0,0,0,2,2,4,1,10,1,1,1,1,1,8,2,3,1,1,I,561,3,1,3,4,4,7,4,4,10600,1,1,0,4,4,7,4,4,10600,1,1,0,4,4,7,4,4,10600,1,1,0,2025,3,10,2520000,2630000,1,1
202601,6,,마산역버스터미널,48127,22,0,0,0,1,0,1,11,04,6,1,없음,160,6,0,0,0,2,2,4,1,10,1,1,1,1,1,8,2,3,2,2,0,999,2,1,2,1,1,1,3,3,7000,1,1,0,1,1,1,3,3,7000,1,1,0,1,1,1,3,3,7000,1,1,0,0,1,1,2520000,2630000,1,1
202601,6,,마산역버스터미널,48127,22,0,120,0,1,0,1,11,04,6,1,없음,110,1,0,0,0,2,2,4,1,10,2,1,1,1,1,8,2,3,1,1,G,474,2,1,2,4,4,7,4,4,18500,1,1,0,4,4,7,4,4,18500,1,1,0,4,4,7,4,4,18500,1,1,0,2025,3,10,3280000,5980000,1,2
202601,6,,마산역버스터미널,48127,22,0,120,0,1,0,1,11,04,6,1,없음,110,1,0,0,0,2,2,4,1,10,2,1,1,1,1,8,2,3,1,1,G,478,2,1,2,6,4,7,6,4,17900,1,1,0,6,4,7,6,4,17900,1,1,0,6,4,7,6,4,17900,1,1,0,2025,3,10,3280000,5980000,1,2
202601,6,,마산역버스터미널,48127,22,0,120,0,1,0,1,11,03,7,2,없음,90,6,0,0,0,1,2,4,1,9,1,1,1,1,1,8,1,3,1,1,M,713,2,1,2,3,3,6,3,3,8900,1,1,0,3,3,6,3,3,8900,1,1,0,3,3,6,3,3,8900,1,1,0,2025,3,8,2580000,2030000,1,3
202601,6,,마산역버스터미널,48127,22,0,120,0,1,0,1,11,03,7,2,없음,90,6,0,0,0,1,2,4,1,9,1,1,1,1,1,8,1,3,2,2,0,999,2,1,2,1,1,1,3,3,4800,1,1,0,1,1,1,3,3,4800,1,1,0,1,1,1,3,3,4800,1,1,0,0,1,1,2580000,2030000,1,3
202601,6,,마산역버스터미널,48127,22,0,300,0,1,0,1,11,03,1,1,없음,90,6,0,0,0,2,1,3,1,10,1,1,1,1,1,8,2,3,1,1,I,561,3,1,3,5,5,7,5,5,19400,1,1,0,5,5,7,5,5,19400,1,1,0,5,5,7,5,5,19400,1,1,0,2025,3,10,2110000,4930000,1,3
202601,6,,마산역버스터미널,48127,22,0,300,0,1,0,8,21,04,7,1,없음,170,6,0,0,0,2,2,4,1,9,2,1,1,1,1,8,2,3,1,1,I,562,3,1,3,6,6,8,6,6,23000,1,1,0,6,6,8,6,6,23000,1,1,0,6,6,8,6,6,23000,1,1,0,2026,3,10,3150000,3420000,1,3
202601,6,,마산역버스터미널,48127,22,0,300,0,1,0,8,21,04,7,1,없음,170,6,0,0,0,2,2,4,1,9,2,1,1,1,1,8,2,3,2,1,I,562,2,1,2,4,3,7,4,3,10900,1,1,0,4,3,7,4,3,10900,1,1,0,4,3,7,4,3,10900,1,1,0,2026,3,10,3150000,3420000,1,3
202601,6,,마산역버스터미널,48127,22,0,300,0,1,0,1,11,04,6,1,없음,158,6,0,0,0,2,2,4,1,10,2,1,1,1,1,8,2,3,1,1,I,561,3,1,3,6,5,7,6,5,19500,1,1,0,6,5,7,6,5,19500,1,1,0,6,5,7,6,5,19500,1,1,0,2024,3,10,2660000,3240000,1,3
202601,6,,마산역버스터미널,48127,22,0,300,0,1,0,1,11,04,6,1,없음,158,6,0,0,0,2,2,4,1,10,2,1,1,1,1,8,2,3,2,1,0,999,2,1,2,4,3,5,4,3,7000,1,1,0,4,3,5,4,3,7000,1,1,0,4,3,5,4,3,7000,1,1,0,2024,3,9,2660000,3240000,1,3
202601,6,,0.비상권,48127,14,0,0,0,1,0,3,11,03,6,1,없음,80,4,0,0,0,2,1,3,1,10,1,1,1,1,1,8,2,3,1,1,I,561,2,1,2,4,4,7,4,4,13600,1,1,0,4,4,7,4,4,13600,1,1,0,4,4,7,4,4,13600,1,1,0,2025,3,10,1990000,3470000,1,3
202601,6,,0.비상권,48127,14,0,0,0,1,0,3,11,03,6,1,없음,80,4,0,0,0,2,1,3,1,10,1,1,1,1,1,8,2,3,1,1,S,969,2,1,2,4,4,7,4,4,13600,1,1,0,4,4,7,4,4,13600,1,1,0,4,4,7,4,4,13600,1,1,0,2025,3,9,1990000,3470000,1,3
202601,6,,마산역버스터미널,48127,22,0,300,0,1,0,1,11,03,1,1,없음,120,6,0,0,0,2,1,3,1,10,1,1,1,1,1,8,2,3,1,1,S,961,1,1,1,4,3,8,4,3,19400,1,1,0,4,3,8,4,3,19400,1,1,0,4,3,8,4,3,19400,1,1,0,2024,3,8,3150000,5400000,1,3
202601,6,,마산역버스터미널,48127,22,0,300,0,1,0,1,11,03,1,1,없음,120,6,0,0,0,2,1,3,1,10,1,1,1,1,1,8,2,3,1,1,I,561,2,1,2,4,4,7,4,4,19000,1,1,0,4,4,7,4,4,19000,1,1,0,4,4,7,4,4,19000,1,1,0,2024,3,8,3150000,5400000,1,3
202601,6,,마산역버스터미널,48127,22,0,300,0,1,0,6,21,03,7,2,없음,74,6,0,0,0,2,2,4,1,10,2,1,1,1,1,8,2,3,1,1,I,561,4,1,4,6,6,8,6,6,20900,1,1,0,6,6,8,6,6,20900,1,1,0,6,6,8,6,6,20900,1,1,0,2024,3,9,4190000,3120000,1,3
202601,6,,마산역버스터미널,48127,22,0,300,0,1,0,6,21,03,7,2,없음,74,6,0,0,0,2,2,4,1,10,2,1,1,1,1,8,2,3,2,1,I,561,4,1,4,5,4,7,5,4,10400,1,1,0,5,4,7,5,4,10400,1,1,0,5,4,7,5,4,10400,1,1,0,2024,3,9,4190000,3120000,1,3
202601,6,,마산역버스터미널,48127,22,0,300,0,1,0,2,12,04,8,1,없음,60,6,0,0,0,1,1,1,1,10,1,1,1,1,1,8,1,3,1,1,I,562,1,1,1,4,4,8,4,4,24000,1,1,0,4,4,8,4,4,24000,1,1,0,4,4,8,4,4,24000,1,1,0,2024,3,8,3060000,4230000,1,3
202601,6,,마산역버스터미널,48127,22,0,300,0,1,0,8,21,03,7,2,없음,68,6,0,0,0,1,1,3,1,9,1,1,1,1,1,8,1,3,1,1,I,562,2,1,2,4,5,8,4,5,23000,1,1,0,4,5,8,4,5,23000,1,1,0,4,5,8,4,5,23000,1,1,0,2025,3,9,4260000,3220000,1,3
202601,6,,마산역버스터미널,48127,22,0,300,0,1,0,8,21,03,7,2,없음,68,6,0,0,0,1,1,3,1,9,1,1,1,1,1,8,1,3,2,1,S,961,2,1,2,4,4,7,4,4,18600,1,1,0,4,4,7,4,4,18600,1,1,0,4,4,7,4,4,18600,1,1,0,2024,3,9,4260000,3220000,1,3
202601,6,,마산역버스터미널,48127,22,0,300,0,1,0,7,31,04,7,2,없음,92,6,0,1,0,2,2,4,1,10,1,2,1,1,1,8,2,3,1,6,0,999,2,1,2,1,1,1,4,4,20800,1,1,1,1,1,1,4,4,20800,1,1,1,1,1,1,4,4,20800,1,1,1,0,1,1,3890000,3420000,1,3
202601,6,,마산역버스터미널,48127,22,0,300,0,1,0,7,31,04,7,2,없음,92,6,0,1,0,2,2,4,1,10,1,2,1,1,1,8,2,3,2,6,0,999,3,1,3,1,1,1,4,4,10300,1,1,1,1,1,1,4,4,10300,1,1,1,1,1,1,4,4,10300,1,1,1,0,1,1,3890000,3420000,1,3
202601,6,,마산역버스터미널,48127,22,0,300,0,1,0,8,21,03,7,2,없음,50,6,0,1,0,2,2,4,1,10,1,1,1,1,1,8,2,3,1,6,0,999,2,1,3,6,4,7,6,4,16500,1,1,0,1,1,1,6,4,16500,1,1,1,1,1,1,6,4,16500,1,1,1,0,1,1,4190000,3620000,1,2
202601,6,,마산역버스터미널,48127,22,0,300,0,1,0,8,21,03,7,2,없음,50,6,0,1,0,2,2,4,1,10,1,1,1,1,1,8,2,3,2,2,I,561,3,1,3,1,1,1,4,3,6500,1,1,0,1,1,1,4,3,6500,1,1,0,1,1,1,4,3,6500,1,1,0,0,1,1,4190000,3620000,1,2
202601,6,,0.비상권,48127,14,0,0,0,1,0,7,32,04,6,1,없음,100,7,0,0,0,1,1,1,1,10,1,1,1,1,1,8,1,3,1,1,I,561,1,1,1,4,4,8,4,4,25500,1,1,0,4,4,8,4,4,25500,1,1,0,4,4,8,4,4,25300,1,1,0,2025,3,10,1920000,3680000,1,3
202601,6,,0.비상권,48129,14,0,0,0,1,0,3,10,04,6,2,없음,90,1,0,0,0,2,2,4,1,10,1,1,1,1,1,8,2,2,1,1,S,961,2,1,2,4,3,6,4,3,8200,1,1,0,4,3,6,4,3,8200,1,1,0,4,3,6,4,3,8200,1,1,0,2025,3,10,1270000,1240000,1,1
202601,6,,0.비상권,48129,14,0,0,0,1,0,3,10,04,6,2,없음,90,1,0,0,0,2,2,4,1,10,1,1,1,1,1,8,2,2,2,2,0,999,2,1,2,1,1,1,3,3,6500,1,1,0,1,1,1,3,3,6500,1,1,0,1,1,1,3,3,6500,1,1,0,0,1,1,1270000,1240000,1,1
202601,6,,진해석동,48129,14,0,0,0,1,0,5,32,04,6,1,없음,171,4,0,0,0,2,2,4,1,9,2,1,1,1,1,8,2,3,1,1,I,561,2,1,2,6,5,8,6,5,22800,1,1,0,6,5,8,6,5,22800,1,1,0,6,5,8,6,5,22800,1,1,0,2025,3,10,3930000,6610000,1,3
202601,6,,진해석동,48129,14,0,0,0,1,0,5,32,04,6,1,없음,171,4,0,0,0,2,2,4,1,9,2,1,1,1,1,8,2,3,1,1,M,731,2,1,2,6,5,8,6,5,22600,1,1,0,6,5,8,6,5,22600,1,1,0,6,5,8,6,5,22600,1,1,0,2026,3,8,3930000,6610000,1,3
202601,6,,진해석동,48129,14,0,0,0,1,0,5,32,04,6,1,없음,171,4,0,0,0,2,2,4,1,9,2,1,1,1,1,8,2,3,1,1,I,561,2,1,2,1,1,1,6,5,22800,1,1,1,1,1,1,6,5,22800,1,1,1,6,5,8,6,5,22800,1,1,0,2026,3,10,3930000,6610000,1,3
202601,6,,진해석동,48129,14,0,0,0,1,0,4,32,03,6,1,없음,200,4,0,0,0,3,2,4,1,10,2,1,1,1,1,8,3,3,1,1,G,474,2,1,2,5,5,8,5,5,26200,1,1,0,5,5,8,5,5,26200,1,1,0,5,5,8,5,5,26200,1,1,0,2025,3,10,3930000,6650000,1,2
202601,6,,진해석동,48129,14,0,0,0,1,0,4,32,03,6,1,없음,200,4,0,0,0,3,2,4,1,10,2,1,1,1,1,8,3,3,1,1,I,561,2,1,2,5,5,8,5,5,26400,1,1,0,5,5,8,5,5,26400,1,1,0,5,5,8,5,5,26400,1,1,0,2024,3,10,3930000,6650000,1,2
202601,6,,진해석동,48129,14,0,0,0,1,0,4,32,03,6,1,없음,200,4,0,0,0,3,2,4,1,10,2,1,1,1,1,8,3,3,1,1,I,561,2,1,2,5,5,8,5,5,26400,1,1,0,5,5,8,5,5,26400,1,1,0,5,5,8,5,5,26400,1,1,0,2025,3,8,3930000,6650000,1,2
202601,6,,진해석동,48129,14,0,0,0,1,0,4,32,03,6,1,없음,200,4,0,0,0,3,2,4,1,10,2,1,1,1,1,8,3,3,1,1,I,561,2,1,2,5,5,8,5,5,26200,1,1,0,5,5,8,5,5,26200,1,1,0,5,5,8,5,5,26200,1,1,0,2025,3,8,3930000,6650000,1,2
202601,6,,진해석동,48129,14,0,0,0,1,0,4,32,03,6,1,없음,395,5,0,1,0,3,2,4,1,10,2,1,1,1,1,8,3,3,1,1,I,562,2,1,2,6,5,8,6,5,21400,1,1,0,6,5,8,6,5,21400,1,1,0,6,5,8,6,5,21400,1,1,0,2024,3,9,4120000,6950000,1,2
202601,6,,진해석동,48129,14,0,0,0,1,0,4,32,03,6,1,없음,395,5,0,1,0,3,2,4,1,10,2,1,1,1,1,8,3,3,1,1,G,471,2,1,2,5,5,8,5,5,25300,1,1,0,5,5,8,5,5,25300,1,1,0,5,5,8,5,5,25300,1,1,0,2024,3,10,4120000,6950000,1,2
202601,6,,진해석동,48129,14,0,0,0,1,0,4,32,03,6,1,없음,395,5,0,1,0,3,2,4,1,10,2,1,1,1,1,8,3,3,1,1,R,912,2,1,2,5,4,8,5,4,22200,1,1,0,5,4,8,5,4,22200,1,1,0,5,4,8,5,4,22200,1,1,0,2025,3,9,4120000,6950000,1,2
202601,6,,진해석동,48129,14,0,0,0,1,0,4,32,03,6,1,없음,395,5,0,1,0,3,2,4,1,10,2,1,1,1,1,8,3,3,1,1,I,561,2,1,2,1,1,1,5,4,22100,1,1,1,1,1,1,5,4,22100,1,1,1,5,4,8,5,4,22100,1,1,0,2026,3,10,4120000,6950000,1,2
202601,6,,진해석동,48129,22,0,0,0,1,0,5,32,03,8,1,없음,155,4,0,0,0,2,1,3,1,10,1,1,1,1,1,8,2,3,1,1,I,561,2,1,2,4,4,7,4,4,13700,1,1,0,4,4,7,4,4,13700,1,1,0,4,4,7,4,4,13700,1,1,0,2025,3,9,2290000,3170000,1,2
202601,6,,진해석동,48129,22,0,0,0,1,0,5,32,03,8,1,없음,155,4,0,0,0,2,1,3,1,10,1,1,1,1,1,8,2,3,1,1,I,561,2,1,2,4,4,7,4,4,13600,1,1,0,4,4,7,4,4,13600,1,1,0,4,4,7,4,4,13600,1,1,0,2024,3,10,2290000,3170000,1,2
202601,6,,진해석동,48129,22,0,0,0,1,0,5,32,03,8,1,없음,155,5,0,0,0,2,2,4,1,10,2,1,1,1,1,8,2,3,1,1,R,912,2,1,2,5,4,7,5,4,11400,1,1,0,5,4,7,5,4,11400,1,1,0,5,4,7,5,4,11400,1,1,0,2024,3,9,2500000,3280000,1,1
202601,6,,진해석동,48129,22,0,0,0,1,0,5,32,03,8,1,없음,155,5,0,0,0,2,2,4,1,10,2,1,1,1,1,8,2,3,1,1,I,561,2,1,2,4,4,7,4,4,10800,1,1,0,4,4,7,4,4,10800,1,1,0,4,4,7,4,4,10800,1,1,0,2024,3,9,2500000,3280000,1,1
202601,6,,진해석동,48129,22,0,0,0,1,0,5,32,03,8,1,없음,155,5,0,0,0,2,2,4,1,10,2,1,1,1,1,8,2,3,1,1,I,561,2,1,2,4,4,7,4,4,10700,1,1,0,4,4,7,4,4,10700,1,1,0,4,4,7,4,4,10700,1,1,0,2024,3,9,2500000,3280000,1,1
202601,6,,진해석동,48129,14,0,0,0,1,0,1,12,04,3,1,없음,225,7,0,0,0,2,1,3,1,10,1,1,1,1,1,8,2,3,1,1,I,561,3,1,3,5,4,7,5,4,10800,1,1,0,5,4,7,5,4,10800,1,1,0,5,4,7,5,4,10800,1,1,0,2025,3,8,1250000,4490000,1,2
202601,6,,진해석동,48129,14,0,0,0,1,0,5,32,04,1,1,없음,240,6,0,0,0,2,1,2,1,10,1,1,1,1,1,8,2,3,1,1,I,561,2,1,2,4,4,7,4,4,11300,1,1,0,4,4,7,4,4,11300,1,1,0,4,4,7,4,4,11300,1,1,0,2024,3,8,1230000,4240000,1,3
202601,6,,진해석동,48129,14,0,0,0,1,0,1,12,04,7,1,없음,5,1,0,0,0,1,1,1,1,10,1,1,1,1,1,8,1,3,1,1,L,682,1,1,1,3,3,7,3,3,14500,1,1,0,3,3,7,3,3,14500,1,1,0,3,3,7,3,3,14500,1,1,0,2025,3,10,1680000,2690000,1,3
202601,6,,진해석동,48129,14,0,0,0,1,0,1,12,04,7,1,없음,5,1,0,0,0,1,1,1,1,10,1,1,1,1,1,8,1,3,1,1,G,474,1,1,1,2,2,7,3,2,15200,1,1,0,2,2,7,3,2,15200,1,1,0,2,2,7,3,2,15200,1,1,0,2024,3,8,1680000,2690000,1,3
202601,6,,용원동,48129,14,0,0,0,1,0,8,31,03,6,2,없음,10,2,0,0,0,1,1,2,1,7,1,1,1,1,1,8,1,3,1,1,I,562,2,1,2,6,5,8,6,5,22900,1,1,0,6,5,8,6,5,22900,1,1,0,6,5,8,6,5,22900,1,1,0,2024,3,10,3670000,3670000,1,1
202601,6,,용원동,48129,14,0,0,0,1,0,8,31,03,6,2,없음,10,2,0,0,0,1,1,2,1,7,1,1,1,1,1,8,1,3,2,1,I,562,1,1,2,3,3,5,3,3,7800,1,1,0,3,3,5,3,3,7800,1,1,0,3,3,5,3,3,7800,1,1,0,2024,3,10,3670000,3670000,1,1
202601,6,,용원동,48129,16,0,0,0,1,0,5,31,04,6,1,없음,80,5,0,1,0,3,2,4,1,10,2,1,1,1,1,8,3,3,1,1,I,561,4,1,4,6,6,7,6,6,11000,1,1,0,6,6,7,6,6,11000,1,1,0,6,6,7,6,6,11000,1,1,0,2025,3,10,3290000,5870000,1,1
202601,6,,용원동,48129,16,0,0,0,1,0,5,31,04,5,1,없음,70,1,0,0,0,3,2,4,1,10,2,1,1,1,1,8,3,3,1,1,G,452,4,1,4,6,5,7,6,5,11700,1,1,0,6,5,7,6,5,11700,1,1,0,6,5,7,6,5,11700,1,1,0,2026,3,9,2680000,6170000,1,1
202601,6,,용원동,48129,16,0,0,0,1,0,5,32,03,6,1,없음,150,5,0,0,0,2,2,4,1,10,2,1,1,1,1,8,2,3,1,1,G,473,2,1,2,4,4,7,4,4,14800,1,1,0,4,4,7,4,4,14800,1,1,0,4,4,7,4,4,14800,1,1,0,2024,3,9,2610000,4440000,1,1
202601,6,,용원동,48129,16,0,0,0,1,0,5,32,03,6,1,없음,150,5,0,0,0,2,2,4,1,10,2,1,1,1,1,8,2,3,1,1,G,473,2,1,2,4,4,7,4,4,11400,1,1,0,4,4,7,4,4,11400,1,1,0,4,4,7,4,4,11400,1,1,0,2024,3,7,2610000,4440000,1,1
202601,6,,용원동,48129,16,0,0,0,1,0,5,32,03,6,1,없음,150,5,0,0,0,2,2,4,1,10,2,1,1,1,1,8,2,3,1,1,G,478,2,1,2,4,4,7,4,4,12200,1,1,0,4,4,7,4,4,12200,1,1,0,4,4,7,4,4,12200,1,1,0,2025,3,8,2610000,4440000,1,1
202601,6,,용원동,48129,16,0,0,0,1,0,5,21,04,6,1,없음,75,7,0,0,0,2,1,3,1,10,1,1,1,1,1,8,2,3,1,1,G,471,3,1,3,5,5,7,5,5,15100,1,1,0,5,5,7,5,5,15100,1,1,0,5,5,7,5,5,15100,1,1,0,2025,3,10,2170000,3710000,1,1
202601,6,,용원동,48129,16,0,0,0,1,0,4,32,04,6,1,없음,55,5,0,0,0,2,2,4,1,10,2,1,1,1,1,8,2,3,1,1,I,561,2,1,2,4,4,7,4,4,14000,1,1,0,4,4,7,4,4,14000,1,1,0,4,4,7,4,4,14000,1,1,0,2025,2,10,3010000,5700000,1,1
202601,6,,용원동,48129,16,0,0,0,1,0,4,32,04,6,1,없음,55,5,0,0,0,2,2,4,1,10,2,1,1,1,1,8,2,3,1,1,S,961,2,1,2,4,4,7,4,4,14200,1,1,0,4,4,7,4,4,14200,1,1,0,4,4,7,4,4,14200,1,1,0,2025,3,8,3010000,5700000,1,1
202601,6,,용원동,48129,16,0,0,0,1,0,4,32,04,6,1,없음,55,5,0,0,0,2,2,4,1,10,2,1,1,1,1,8,2,3,1,1,I,561,2,1,2,4,4,7,4,4,14100,1,1,0,4,4,7,4,4,14100,1,1,0,4,4,7,4,4,14100,1,1,0,2025,3,10,3010000,5700000,1,1
202601,6,,용원동,48129,16,0,0,0,1,0,8,31,03,7,1,없음,55,5,0,1,0,3,2,4,1,10,2,1,1,1,1,8,3,3,1,1,I,561,4,1,4,5,5,7,5,5,11100,1,1,0,5,5,7,5,5,11100,1,1,0,5,5,7,5,5,11100,1,1,0,2024,3,10,3140000,4600000,1,2
202601,6,,용원동,48129,16,0,0,0,1,0,8,31,03,7,1,없음,55,5,0,1,0,3,2,4,1,10,2,1,1,1,1,8,3,3,1,1,G,471,4,1,4,5,5,7,5,5,11200,1,1,0,5,5,7,5,5,11200,1,1,0,5,5,7,5,5,11200,1,1,0,2025,3,10,3140000,4600000,1,2
202601,6,,용원동,48129,16,0,0,0,1,0,3,32,04,4,1,없음,43,5,0,0,0,3,2,4,1,10,2,1,1,1,1,8,3,3,1,1,I,561,2,1,2,3,3,7,3,3,11200,1,1,0,3,3,7,3,3,11200,1,1,0,3,3,7,3,3,11200,1,1,0,2025,3,10,2830000,7910000,1,1
202601,6,,용원동,48129,16,0,0,0,1,0,3,32,04,4,1,없음,43,5,0,0,0,3,2,4,1,10,2,1,1,1,1,8,3,3,1,1,G,472,2,1,2,3,3,7,3,3,11200,1,1,0,3,3,7,3,3,11200,1,1,0,3,3,7,3,3,11200,1,1,0,2024,3,9,2830000,7910000,1,1
202601,6,,용원동,48129,16,0,0,0,1,0,3,32,04,4,1,없음,43,5,0,0,0,3,2,4,1,10,2,1,1,1,1,8,3,3,1,1,H,529,2,1,2,3,3,7,3,3,11200,1,1,0,3,3,7,3,3,11200,1,1,0,3,3,7,3,3,11200,1,1,0,2024,3,6,2830000,7910000,1,1
202601,6,,용원동,48129,16,0,0,0,1,0,3,32,04,4,1,없음,43,5,0,0,0,3,2,4,1,10,2,1,1,1,1,8,3,3,1,1,I,561,2,1,2,3,3,7,3,3,11100,1,1,0,3,3,7,3,3,11100,1,1,0,3,3,7,3,3,11100,1,1,0,2025,3,9,2830000,7910000,1,1
202601,6,,용원동,48129,16,0,0,0,1,0,3,32,04,4,1,없음,43,5,0,0,0,3,2,4,1,10,2,1,1,1,1,8,3,3,1,1,I,561,2,1,2,3,3,7,3,3,11200,1,1,0,3,3,7,3,3,11200,1,1,0,3,3,7,3,3,11200,1,1,0,2024,3,9,2830000,7910000,1,1
202601,6,,용원동,48129,16,0,0,0,1,0,4,10,03,6,1,없음,20,5,0,0,0,2,2,4,1,10,2,1,1,1,1,8,2,3,1,1,I,561,2,1,2,4,4,7,4,4,13100,1,1,0,4,4,7,4,4,13100,1,1,0,4,4,7,4,4,13100,1,1,0,2025,3,9,2950000,5180000,1,1
202601,6,,용원동,48129,16,0,0,0,1,0,4,10,03,6,1,없음,20,5,0,0,0,2,2,4,1,10,2,1,1,1,1,8,2,3,1,1,I,561,2,1,2,4,4,7,4,4,13200,1,1,0,4,4,7,4,4,13200,1,1,0,4,4,7,4,4,13200,1,1,0,2026,3,9,2950000,5180000,1,1
202601,6,,용원동,48129,16,0,0,0,1,0,4,10,03,6,1,없음,20,5,0,0,0,2,2,4,1,10,2,1,1,1,1,8,2,3,1,6,0,999,2,1,2,1,1,1,4,4,13200,1,1,1,1,1,1,4,4,13200,1,1,1,1,1,1,4,4,13200,1,1,1,0,1,1,2950000,5180000,1,1
202601,6,,용원동,48129,16,0,0,0,1,0,5,32,04,3,1,없음,30,5,0,0,0,3,2,4,1,10,2,1,1,1,1,8,3,3,1,1,G,478,2,1,2,4,3,5,4,3,7600,1,1,0,4,3,5,4,3,7600,1,1,0,4,3,5,4,3,7600,1,1,0,2024,3,8,2850000,10710000,1,1
202601,6,,용원동,48129,16,0,0,0,1,0,5,32,04,3,1,없음,30,5,0,0,0,3,2,4,1,10,2,1,1,1,1,8,3,3,1,1,I,561,3,1,3,4,4,6,4,4,8700,1,1,0,4,4,6,4,4,8700,1,1,0,4,4,6,4,4,8700,1,1,0,2024,3,8,2850000,10710000,1,1
202601,6,,0.비상권,48170,14,0,120,0,1,0,1,12,03,1,1,없음,60,6,0,0,0,1,1,1,1,10,1,1,1,1,1,8,1,3,1,1,S,961,1,1,1,3,3,7,3,3,15400,1,1,0,3,3,7,3,3,15400,1,1,0,3,3,7,3,3,15400,1,1,0,2025,3,9,1740000,2680000,1,1
202601,6,,0.비상권,48170,14,0,120,0,1,0,2,21,03,6,2,없음,200,6,0,0,0,2,2,4,1,10,1,1,1,1,1,8,2,3,1,1,P,855,3,1,3,3,3,3,4,3,7200,1,1,0,3,3,3,4,3,7200,1,1,0,3,3,3,4,3,7200,1,1,0,2025,3,6,2150000,1980000,1,1
202601,6,,0.비상권,48170,14,0,120,0,1,0,2,21,03,6,2,없음,200,6,0,0,0,2,2,4,1,10,1,1,1,1,1,8,2,3,2,2,0,999,2,1,2,1,1,1,4,3,4000,1,1,0,1,1,1,4,3,4000,1,1,0,1,1,1,4,3,4000,1,1,0,0,1,1,2150000,1980000,1,1
202601,6,,0.비상권,48170,22,0,120,0,1,0,3,32,04,7,1,없음,100,1,0,0,0,2,2,4,1,10,2,1,1,1,1,8,2,3,1,1,I,561,4,1,4,7,6,7,6,6,14500,1,1,0,7,6,7,6,6,14500,1,1,0,7,6,7,6,6,14500,1,1,0,2021,5,10,4310000,6790000,1,1
202601,6,,진주중앙시장,48170,22,0,140,0,1,0,1,21,04,8,2,없음,20,7,0,0,0,2,2,4,1,10,1,1,1,1,1,8,2,3,1,1,I,561,3,1,3,6,4,7,6,4,12300,1,1,0,6,4,7,6,4,12300,1,1,0,6,4,7,6,4,12300,1,1,0,2026,3,9,2240000,1410000,1,3
202601,6,,진주중앙시장,48170,22,0,140,0,1,0,1,21,04,8,2,없음,20,7,0,0,0,2,2,4,1,10,1,1,1,1,1,8,2,3,2,6,0,999,3,1,3,1,1,1,4,3,7200,1,1,1,1,1,1,4,3,7200,1,1,1,1,1,1,4,3,7200,1,1,1,0,1,1,2240000,1410000,1,3
202601,6,,진주중앙시장,48170,22,0,120,0,1,0,4,32,04,8,1,없음,80,8,0,0,0,1,1,2,1,9,1,1,1,1,1,8,1,3,1,1,G,476,2,1,2,6,3,7,6,3,13500,1,1,0,6,3,7,6,3,13500,1,1,0,6,3,7,6,3,13500,1,1,0,2026,3,8,2720000,3460000,1,1
202601,6,,진주중앙시장,48170,22,0,140,0,1,0,6,32,04,6,1,없음,30,4,0,0,0,2,1,3,1,10,1,1,1,1,1,8,2,3,1,1,I,561,3,1,3,6,4,7,6,4,10000,1,1,0,6,4,7,6,4,10000,1,1,0,6,4,7,6,4,10000,1,1,0,2024,3,7,2220000,3800000,1,1
202601,6,,진주중앙시장,48170,22,0,140,0,1,0,1,11,03,8,2,없음,250,4,0,0,0,1,2,3,1,9,1,1,1,1,1,8,1,3,1,6,0,999,2,1,3,1,1,1,5,4,9400,1,1,1,1,1,1,5,4,9400,1,1,1,1,1,1,5,4,9400,1,1,1,0,1,1,2090000,1900000,1,1
202601,6,,진주중앙시장,48170,22,0,140,0,1,0,1,11,03,8,2,없음,250,4,0,0,0,1,2,3,1,9,1,1,1,1,1,8,1,3,2,2,0,999,1,1,1,1,1,1,4,3,6800,1,1,0,1,1,1,4,3,6800,1,1,0,1,1,1,4,3,6800,1,1,0,0,1,1,2090000,1900000,1,1
202601,6,,진주중앙시장,48170,22,0,140,0,1,0,4,21,04,8,2,없음,20,4,0,0,0,2,2,4,1,10,1,1,1,1,1,8,2,3,1,1,G,472,3,1,3,4,4,7,4,4,12200,1,1,0,4,4,7,4,4,12200,1,1,0,4,4,7,4,4,12200,1,1,0,2025,3,10,2530000,2130000,1,1
202601,6,,진주중앙시장,48170,22,0,140,0,1,0,4,21,04,8,2,없음,20,4,0,0,0,2,2,4,1,10,1,1,1,1,1,8,2,3,2,2,0,999,3,1,3,1,1,1,3,3,6100,1,1,0,1,1,1,3,3,6100,1,1,0,1,1,1,3,3,6100,1,1,0,0,1,1,2530000,2130000,1,1
202601,6,,진주중앙시장,48170,14,0,140,0,1,0,8,21,04,6,2,없음,20,4,0,1,0,2,2,4,1,9,2,1,1,1,1,8,2,3,1,1,I,561,3,1,3,6,4,6,6,4,9600,1,1,0,6,4,6,6,4,9600,1,1,0,6,4,6,6,4,9600,1,1,0,2024,3,9,2970000,2500000,1,1
202601,6,,진주중앙시장,48170,14,0,140,0,1,0,8,21,04,6,2,없음,20,4,0,1,0,2,2,4,1,9,2,1,1,1,1,8,2,3,2,1,R,912,3,1,3,4,3,5,4,3,6200,1,1,0,4,3,5,4,3,6200,1,1,0,4,3,5,4,3,6200,1,1,0,2025,3,9,2970000,2500000,1,1
202601,6,,진주중앙시장,48170,14,0,140,0,1,0,3,32,03,1,1,없음,220,4,0,0,0,2,2,3,1,10,2,1,1,1,1,8,2,3,1,1,I,561,3,1,4,5,4,5,5,4,7000,1,1,0,5,4,5,5,4,7000,1,1,0,5,4,5,5,4,7000,1,1,0,2025,3,9,1800000,3030000,1,1
202601,6,,진주중앙시장,48170,13,0,140,0,1,0,5,21,04,6,2,없음,50,1,0,0,0,2,2,4,1,9,1,1,1,1,1,8,2,3,1,1,G,475,3,1,3,5,4,6,5,4,8200,1,1,0,5,4,6,5,4,8200,1,1,0,5,4,6,5,4,8200,1,1,0,2024,4,7,2720000,2460000,1,1
202601,6,,진주중앙시장,48170,13,0,140,0,1,0,5,21,04,6,2,없음,50,1,0,0,0,2,2,4,1,9,1,1,1,1,1,8,2,3,2,6,0,999,3,1,3,1,1,1,5,3,5000,1,1,1,1,1,1,5,3,5000,1,1,1,1,1,1,5,3,5000,1,1,1,0,1,1,2720000,2460000,1,1
202601,6,,진주중앙시장,48170,22,0,120,0,1,0,3,32,03,4,1,없음,130,4,0,0,0,2,1,2,1,10,1,1,1,1,1,8,2,3,1,1,G,472,2,1,2,6,4,8,6,4,26900,1,1,0,6,4,8,6,4,26900,1,1,0,6,4,8,6,4,26900,1,1,0,2024,3,9,4610000,11980000,1,2
202601,6,,진주중앙시장,48170,22,0,120,0,1,0,1,21,03,9,2,없음,55,6,0,0,0,1,1,3,1,9,1,1,1,1,1,8,1,3,1,1,G,474,2,1,2,6,5,8,6,5,25400,1,1,0,6,5,8,6,5,25400,1,1,0,6,5,8,6,5,25400,1,1,0,2025,2,10,7170000,5500000,1,2
202601,6,,진주중앙시장,48170,22,0,120,0,1,0,1,21,03,9,2,없음,55,6,0,0,0,1,1,3,1,9,1,1,1,1,1,8,1,3,2,6,0,999,1,1,1,1,1,1,3,3,10600,1,1,1,1,1,1,3,3,10600,1,1,1,1,1,1,3,3,10600,1,1,1,0,1,1,7170000,5500000,1,2
202601,6,,진주중앙시장,48170,22,0,120,0,1,0,1,21,03,10,1,없음,140,6,0,0,0,1,1,1,1,10,1,1,1,1,1,8,1,3,1,1,Q,869,1,1,1,3,3,8,3,3,28400,1,1,0,3,3,8,3,3,28400,1,1,0,3,3,8,3,3,28400,1,1,0,2025,2,10,7020000,7030000,1,3
202601,6,,진주중앙시장,48170,22,0,120,0,1,0,1,21,03,10,1,없음,140,6,0,0,0,1,1,1,1,10,1,1,1,1,1,8,1,3,1,1,G,474,1,1,1,4,3,9,4,3,33200,1,1,0,4,3,9,4,3,33200,1,1,0,4,3,9,4,3,33200,1,1,0,2025,3,7,6990000,7000000,1,1
202601,6,,진주중앙시장,48170,22,0,120,0,1,0,1,21,03,1,1,없음,150,6,0,0,0,1,1,1,1,10,1,1,1,1,1,8,1,3,1,1,I,561,1,1,1,3,3,9,3,3,45200,1,1,0,3,3,9,3,3,45200,1,1,0,3,3,9,3,3,45200,1,1,0,2024,3,10,8210000,4240000,1,1
202601,6,,진주중앙시장,48170,22,0,120,0,1,0,1,21,03,1,1,없음,150,6,0,0,0,1,1,1,1,10,1,1,1,1,1,8,1,3,2,6,0,999,1,1,1,1,1,1,3,3,16700,1,1,1,1,1,1,3,3,16700,1,1,1,1,1,1,3,3,16700,1,1,1,0,1,1,8210000,4240000,1,1
202601,6,,진주중앙시장,48170,22,0,120,0,1,0,1,21,03,10,1,없음,130,6,0,0,0,1,1,1,1,9,1,1,1,1,1,8,1,3,1,1,G,474,1,1,1,6,3,9,6,3,34500,1,1,0,6,3,9,6,3,34500,1,1,0,6,3,9,6,3,34500,1,1,0,2026,3,7,7110000,7130000,1,1
202601,6,,진주중앙시장,48170,14,0,120,0,1,0,2,11,03,1,1,없음,122,4,0,0,0,1,2,4,1,10,2,1,1,1,1,8,1,3,1,1,I,561,2,1,2,1,4,6,3,4,9900,1,1,0,1,4,6,3,4,9900,1,1,0,1,4,6,3,4,9900,1,1,0,2025,3,7,2280000,1660000,1,1
202601,6,,진주중앙시장,48170,14,0,120,0,1,0,2,11,03,1,1,없음,122,4,0,0,0,1,2,4,1,10,2,1,1,1,1,8,1,3,2,1,0,999,2,1,2,4,3,5,4,3,6000,1,1,0,4,3,5,4,3,6000,1,1,0,4,3,5,4,3,6000,1,1,0,2025,3,8,2280000,1660000,1,1
202601,6,,진주중앙시장,48170,22,0,120,0,1,0,1,21,03,9,2,없음,25,1,0,0,0,2,2,4,1,10,2,2,1,1,1,8,2,3,1,1,S,953,2,1,2,6,3,7,6,3,15600,1,1,0,6,3,7,6,3,15600,1,1,0,6,3,7,6,3,15600,1,1,0,2024,3,5,3360000,2000000,1,2
202601,6,,진주중앙시장,48170,22,0,120,0,1,0,1,21,03,9,2,없음,25,1,0,0,0,2,2,4,1,10,2,2,1,1,1,8,2,3,1,1,G,478,2,1,2,6,4,7,6,4,17800,1,1,0,6,4,7,6,4,17800,1,1,0,6,4,7,6,4,17800,1,1,0,2024,4,9,3360000,2000000,1,2
202601,6,,진주중앙시장,48170,22,0,120,0,1,0,1,21,03,9,2,없음,25,1,0,0,0,2,2,4,1,10,2,2,1,1,1,8,2,3,1,1,I,561,2,1,2,4,3,7,4,3,13600,1,1,0,4,3,7,4,3,13600,1,1,0,4,3,7,4,3,13600,1,1,0,2025,3,9,3360000,2000000,1,2
202601,6,,진주중앙시장,48170,22,0,120,0,1,0,1,21,03,9,2,없음,25,1,0,0,0,2,2,4,1,10,2,2,1,1,1,8,2,3,2,6,0,999,4,1,4,1,1,1,5,3,5200,1,1,1,1,1,1,5,3,5200,1,1,1,1,1,1,5,3,5200,1,1,1,0,1,1,3360000,2000000,1,2
202601,6,,진주중앙시장,48170,22,0,120,0,1,0,1,21,03,1,1,없음,270,4,0,0,0,2,2,4,1,10,1,1,1,1,1,8,2,3,1,1,I,561,3,1,3,6,5,7,6,5,14000,1,1,0,6,5,7,6,5,14000,1,1,0,6,5,7,6,5,14000,1,1,0,2025,3,9,3470000,2050000,1,2
202601,6,,진주중앙시장,48170,22,0,120,0,1,0,1,21,03,1,1,없음,270,4,0,0,0,2,2,4,1,10,1,1,1,1,1,8,2,3,2,6,0,999,3,1,3,1,1,1,3,4,8200,1,1,1,1,1,1,3,4,8200,1,1,1,1,1,1,3,4,8200,1,1,1,0,1,1,3470000,2050000,1,2
202601,6,,진주중앙시장,48170,22,0,140,0,1,0,1,11,03,7,2,없음,150,6,0,0,0,1,1,2,1,9,1,1,1,1,1,8,1,3,1,1,S,969,1,1,1,6,5,10,6,5,55600,1,1,0,6,5,10,6,5,55600,1,1,0,6,5,10,6,5,55600,1,1,0,2025,3,8,7060000,5870000,1,3
202601,6,,진주중앙시장,48170,22,0,140,0,1,0,1,11,03,7,2,없음,150,6,0,0,0,1,1,2,1,9,1,1,1,1,1,8,1,3,2,1,S,969,1,1,1,4,4,8,4,4,25300,1,1,0,4,4,8,4,4,25300,1,1,0,4,4,8,4,4,25300,1,1,0,2025,3,8,7060000,5870000,1,3
202601,6,,진주중앙시장,48170,22,0,140,0,1,0,5,21,03,8,2,없음,150,6,0,0,0,1,1,3,1,9,1,1,1,1,1,8,1,3,1,1,S,969,2,1,2,6,5,9,6,5,45200,1,1,0,6,5,9,6,5,45200,1,1,0,6,5,9,6,5,45200,1,1,0,2025,3,8,7510000,4740000,1,3
202601,6,,진주중앙시장,48170,22,0,140,0,1,0,5,21,03,8,2,없음,150,6,0,0,0,1,1,3,1,9,1,1,1,1,1,8,1,3,2,1,S,969,2,1,2,4,4,7,4,4,18900,1,1,0,4,4,7,4,4,18900,1,1,0,4,4,7,4,4,18900,1,1,0,2025,3,8,7510000,4740000,1,3
202601,6,,진주중앙시장,48170,22,0,140,0,1,0,6,31,03,8,2,없음,150,4,0,0,0,2,2,4,1,10,2,1,1,1,1,8,2,3,1,1,G,474,3,1,3,6,5,8,7,5,19900,1,1,0,6,5,8,7,5,19900,1,1,0,6,5,8,7,5,19900,1,1,0,2024,3,10,5000000,3150000,1,2
202601,6,,진주중앙시장,48170,22,0,140,0,1,0,6,31,03,8,2,없음,150,4,0,0,0,2,2,4,1,10,2,1,1,1,1,8,2,3,2,1,S,961,3,1,3,6,5,7,6,5,15300,1,1,0,6,5,7,6,5,15300,1,1,0,6,5,7,6,5,15300,1,1,0,2024,3,9,5000000,3150000,1,2
202601,6,,진주중앙시장,48170,22,0,140,0,1,0,3,21,03,7,2,없음,200,4,0,0,0,2,2,4,1,10,2,1,1,1,1,8,2,3,1,1,G,474,2,1,2,4,3,7,5,3,15000,1,1,0,4,3,7,5,3,15000,1,1,0,4,3,7,5,3,15000,1,1,0,2025,3,10,1770000,1420000,1,3
202601,6,,진주중앙시장,48170,22,0,140,0,1,0,3,21,03,7,2,없음,200,4,0,0,0,2,2,4,1,10,2,1,1,1,1,8,2,3,1,1,I,562,2,1,2,4,3,7,5,3,15200,1,1,0,4,3,7,5,3,15200,1,1,0,4,3,7,5,3,15200,1,1,0,2025,3,9,1770000,1420000,1,3
202601,6,,진주중앙시장,48170,22,0,140,0,1,0,3,21,03,7,2,없음,200,4,0,0,0,2,2,4,1,10,2,1,1,1,1,8,2,3,2,1,0,999,3,1,3,4,3,4,4,3,4200,1,1,0,4,3,4,4,3,4200,1,1,0,4,3,4,4,3,4200,1,1,0,2025,3,9,1770000,1420000,1,3
202601,6,,진주중앙시장,48170,22,0,140,0,1,0,2,11,03,8,2,없음,50,4,0,0,0,2,2,4,1,10,2,1,1,1,1,8,2,3,1,1,I,562,3,1,3,4,4,6,4,4,9200,1,1,0,4,4,6,4,4,9200,1,1,0,4,4,6,4,4,9200,1,1,0,2025,3,10,2070000,1560000,1,2
202601,6,,진주중앙시장,48170,22,0,140,0,1,0,2,11,03,8,2,없음,50,4,0,0,0,2,2,4,1,10,2,1,1,1,1,8,2,3,2,1,P,856,3,1,3,3,3,3,4,3,2900,1,1,0,3,3,3,4,3,2900,1,1,0,3,3,3,4,3,2900,1,1,0,2025,3,10,2070000,1560000,1,2
202601,6,,진주중앙시장,48170,22,0,140,0,1,0,5,32,04,6,1,없음,180,5,0,0,0,2,1,2,1,10,1,1,1,1,1,8,2,3,1,1,I,561,2,1,2,5,4,7,5,4,16300,1,1,0,5,4,7,5,4,16300,1,1,0,5,4,7,5,4,16300,1,1,0,2024,3,9,2450000,4710000,1,2
202601,6,,진주중앙시장,48170,22,0,120,0,1,0,4,21,04,8,2,없음,100,8,0,0,0,1,2,3,1,8,2,1,1,1,1,8,1,3,1,1,S,961,2,1,2,4,4,7,4,4,11000,1,1,0,4,4,7,4,4,11000,1,1,0,4,4,7,4,4,11000,1,1,0,2024,3,9,3310000,2080000,1,1
202601,6,,진주중앙시장,48170,22,0,120,0,1,0,4,21,04,8,2,없음,100,8,0,0,0,1,2,3,1,8,2,1,1,1,1,8,1,3,2,1,S,961,2,1,2,3,3,4,3,3,4500,1,1,0,3,3,4,3,3,4500,1,1,0,3,3,4,3,3,4500,1,1,0,2024,3,9,3310000,2080000,1,1
202601,6,,진주중앙시장,48170,22,0,120,0,1,0,3,21,03,7,2,없음,100,8,0,0,0,2,2,4,1,10,2,1,1,1,1,8,2,3,1,1,I,562,4,1,4,5,4,5,5,4,7700,1,1,0,5,4,5,5,4,7700,1,1,0,5,4,5,5,4,7700,1,1,0,2025,3,10,2470000,2050000,1,1
202601,6,,진주중앙시장,48170,22,0,120,0,1,0,3,21,03,7,2,없음,100,8,0,0,0,2,2,4,1,10,2,1,1,1,1,8,2,3,2,2,0,999,3,1,3,1,1,1,3,3,4800,1,1,0,1,1,1,3,3,4800,1,1,0,1,1,1,3,3,4800,1,1,0,0,1,1,2470000,2050000,1,1
202601,6,,진주중앙시장,48170,22,0,120,0,1,0,1,21,03,1,1,없음,200,5,0,0,0,2,2,4,1,10,1,2,1,1,1,8,2,3,1,6,0,999,1,1,2,1,1,1,3,3,10700,1,1,1,1,1,1,3,3,10700,1,1,1,1,1,1,3,3,10700,1,1,1,0,1,1,2450000,1810000,1,1
202601,6,,진주중앙시장,48170,22,0,120,0,1,0,1,21,03,1,1,없음,200,5,0,0,0,2,2,4,1,10,1,2,1,1,1,8,2,3,1,1,G,471,2,1,2,5,5,7,5,5,19000,1,1,0,5,5,7,5,5,19000,1,1,0,5,5,7,5,5,19000,1,1,0,2022,5,7,2450000,1810000,1,1
202601,6,,진주중앙시장,48170,22,0,120,0,1,0,1,21,03,1,1,없음,200,5,0,0,0,2,2,4,1,10,1,2,1,1,1,8,2,3,2,6,0,999,3,1,3,1,1,1,4,3,3500,1,1,1,1,1,1,4,3,3500,1,1,1,1,1,1,4,3,3500,1,1,1,0,1,1,2450000,1810000,1,1
202601,6,,진주중앙시장,48170,22,0,120,0,1,0,8,21,04,7,2,없음,250,7,0,0,0,1,1,3,1,10,1,1,1,1,1,8,1,3,1,1,H,529,2,1,2,4,3,6,4,3,9400,1,1,0,4,3,6,4,3,9400,1,1,0,4,3,6,4,3,9400,1,1,0,2024,3,10,2800000,2140000,1,1
202601,6,,진주중앙시장,48170,22,0,120,0,1,0,8,21,04,7,2,없음,250,7,0,0,0,1,1,3,1,10,1,1,1,1,1,8,1,3,2,6,0,999,2,1,2,1,1,1,3,3,6900,1,1,1,1,1,1,3,3,6900,1,1,1,1,1,1,3,3,6900,1,1,1,0,1,1,2800000,2140000,1,1
202601,6,,진주중앙시장,48170,22,0,120,0,1,0,5,21,03,8,2,없음,5,1,0,0,0,2,2,4,1,10,2,1,1,1,1,8,2,3,1,1,I,561,3,1,3,5,4,7,5,4,12400,1,1,0,5,4,7,5,4,12400,1,1,0,5,4,7,5,4,12400,1,1,0,2024,3,10,3160000,2030000,1,1
202601,6,,진주중앙시장,48170,22,0,120,0,1,0,5,21,03,8,2,없음,5,1,0,0,0,2,2,4,1,10,2,1,1,1,1,8,2,3,2,1,R,911,3,1,3,4,3,4,3,3,5800,1,1,0,4,3,4,3,3,5800,1,1,0,4,3,4,3,3,5800,1,1,0,2026,2,9,3160000,2030000,1,1
202601,6,,진주중앙시장,48170,14,0,120,0,1,0,4,21,03,6,2,없음,208,4,0,0,0,2,2,4,1,10,1,1,1,1,1,8,2,3,1,1,H,521,2,1,2,3,3,5,3,3,7100,1,1,0,3,3,5,3,3,7100,1,1,0,3,3,5,3,3,7100,1,1,0,2025,3,10,2150000,1990000,1,1
202601,6,,진주중앙시장,48170,14,0,120,0,1,0,4,21,03,6,2,없음,208,4,0,0,0,2,2,4,1,10,1,1,1,1,1,8,2,3,1,1,G,472,2,1,2,3,3,5,3,3,7100,1,1,0,3,3,5,3,3,7100,1,1,0,3,3,5,3,3,7100,1,1,0,2025,3,10,2150000,1990000,1,1
202601,6,,진주중앙시장,48170,14,0,120,0,1,0,4,21,03,6,2,없음,208,4,0,0,0,2,2,4,1,10,1,1,1,1,1,8,2,3,2,2,0,999,3,1,3,1,1,1,3,3,3100,1,1,0,1,1,1,3,3,3100,1,1,0,1,1,1,3,3,3100,1,1,0,0,1,1,2150000,1990000,1,1
202601,6,,진주중앙시장,48170,14,0,120,0,1,0,2,21,03,6,2,없음,56,5,0,0,0,2,2,4,1,9,2,1,1,1,1,8,2,3,1,1,G,471,3,1,3,3,3,3,4,3,6500,1,1,0,3,3,3,4,3,6500,1,1,0,3,3,3,4,3,6500,1,1,0,2025,3,4,1680000,1490000,1,1
202601,6,,진주중앙시장,48170,14,0,120,0,1,0,2,21,03,6,2,없음,56,5,0,0,0,2,2,4,1,9,2,1,1,1,1,8,2,3,2,1,P,855,3,1,3,4,3,4,4,3,4300,1,1,0,4,3,4,4,3,4300,1,1,0,4,3,4,4,3,4300,1,1,0,2024,3,9,1680000,1490000,1,1
202601,6,,진주중앙시장,48170,14,0,120,0,1,0,1,12,03,1,1,없음,150,5,0,0,0,1,1,3,1,10,1,1,1,1,1,8,1,3,1,1,F,424,1,1,1,2,3,5,3,3,6100,1,1,0,2,3,5,3,3,6100,1,1,0,2,3,5,3,3,6100,1,1,0,2025,3,6,1190000,1570000,1,1
202601,6,,진주중앙시장,48170,14,0,120,0,1,0,1,12,03,1,1,없음,150,5,0,0,0,1,1,3,1,10,1,1,1,1,1,8,1,3,1,2,0,999,2,1,2,1,1,1,3,3,4600,1,1,0,1,1,1,3,3,4600,1,1,0,1,1,1,3,3,4600,1,1,0,0,1,1,1190000,1570000,1,1
202601,6,,진주중앙시장,48170,16,0,120,0,1,0,1,21,03,1,1,없음,56,6,0,0,0,1,1,2,1,9,1,1,1,1,1,8,1,3,1,1,I,561,1,1,1,3,3,7,3,3,11800,1,1,0,3,3,7,3,3,11800,1,1,0,3,3,7,3,3,11800,1,1,0,2026,3,8,1350000,1450000,1,2
202601,6,,진주중앙시장,48170,16,0,120,0,1,0,1,21,03,1,1,없음,56,6,0,0,0,1,1,2,1,9,1,1,1,1,1,8,1,3,2,1,0,999,1,1,1,3,2,4,3,2,5300,1,1,0,3,2,4,3,2,5300,1,1,0,3,2,4,3,2,5300,1,1,0,2025,3,9,1350000,1450000,1,2
202601,6,,진주중앙시장,48170,22,0,120,0,1,0,1,21,03,1,1,없음,30,4,0,0,0,2,2,4,1,10,2,1,1,1,1,8,2,3,1,1,G,472,2,1,2,5,4,7,5,3,15400,1,1,0,5,4,7,5,3,15400,1,1,0,5,4,7,5,3,15400,1,1,0,2026,3,8,4250000,3880000,1,1
202601,6,,진주중앙시장,48170,22,0,120,0,1,0,1,21,03,1,1,없음,30,4,0,0,0,2,2,4,1,10,2,1,1,1,1,8,2,3,1,1,G,472,2,1,2,5,4,7,6,4,15500,1,1,0,5,4,7,6,4,15500,1,1,0,5,4,7,6,4,15500,1,1,0,2025,3,7,4250000,3880000,1,1
202601,6,,진주중앙시장,48170,22,0,120,0,1,0,1,21,03,1,1,없음,30,4,0,0,0,2,2,4,1,10,2,1,1,1,1,8,2,3,1,6,0,999,2,1,2,1,1,1,5,3,15500,1,1,1,1,1,1,5,3,15500,1,1,1,1,1,1,5,3,15500,1,1,1,0,1,1,4250000,3880000,1,1
202601,6,,진주중앙시장,48170,22,0,120,0,1,0,1,21,03,1,1,없음,30,4,0,0,0,2,2,4,1,10,2,1,1,1,1,8,2,3,2,1,0,999,3,1,3,6,3,4,5,3,5400,1,1,0,6,3,4,5,3,5400,1,1,0,6,3,4,5,3,5400,1,1,0,2024,3,7,4250000,3880000,1,1
202601,6,,진주중앙시장,48170,22,0,120,0,1,0,1,21,03,1,1,없음,200,4,0,0,0,1,2,4,1,10,2,1,1,1,1,8,1,3,1,1,G,463,1,1,2,4,4,9,4,4,29400,1,1,0,4,4,9,4,4,29400,1,1,0,4,4,9,4,4,29400,1,1,0,2024,4,7,4430000,3090000,1,1
202601,6,,진주중앙시장,48170,22,0,120,0,1,0,1,21,03,1,1,없음,200,4,0,0,0,1,2,4,1,10,2,1,1,1,1,8,1,3,1,1,G,463,1,1,2,4,4,9,4,4,29500,1,1,0,4,4,9,4,4,29500,1,1,0,4,4,9,4,4,29500,1,1,0,2024,5,4,4430000,3090000,1,1
202601,6,,진주중앙시장,48170,22,0,120,0,1,0,1,21,03,1,1,없음,200,4,0,0,0,1,2,4,1,10,2,1,1,1,1,8,1,3,2,1,0,999,2,1,3,5,3,3,4,3,3000,1,1,0,5,3,3,4,3,3000,1,1,0,5,3,3,4,3,3000,1,1,0,2024,4,7,4430000,3090000,1,1
202601,6,,진주중앙시장,48170,22,0,120,0,1,0,1,21,03,1,1,없음,160,4,0,0,0,1,2,3,1,9,2,1,1,1,1,8,1,3,1,1,G,472,2,1,2,5,4,7,5,4,13900,1,1,0,5,4,7,5,4,13900,1,1,0,5,4,7,5,4,13900,1,1,0,2024,3,9,2260000,1780000,1,1
202601,6,,진주중앙시장,48170,22,0,120,0,1,0,1,21,03,1,1,없음,160,4,0,0,0,1,2,3,1,9,2,1,1,1,1,8,1,3,2,1,G,463,2,1,2,3,3,4,3,3,5300,1,1,0,3,3,4,3,3,5300,1,1,0,3,3,4,3,3,5300,1,1,0,2024,3,9,2260000,1780000,1,1
202601,6,,진주중앙시장,48170,22,0,120,0,1,0,1,21,03,1,1,없음,10,4,0,0,0,1,2,4,1,10,1,1,1,1,1,8,1,3,1,1,I,561,2,1,3,4,3,6,5,4,10100,1,1,0,4,3,6,5,4,10100,1,1,0,4,3,6,5,4,10100,1,1,0,2023,5,10,2690000,1470000,1,1
202601,6,,진주중앙시장,48170,22,0,120,0,1,0,1,21,03,1,1,없음,10,4,0,0,0,1,2,4,1,10,1,1,1,1,1,8,1,3,2,6,0,999,2,1,3,1,1,1,4,3,3800,1,1,1,1,1,1,4,3,3800,1,1,1,1,1,1,4,3,3800,1,1,1,0,1,1,2690000,1470000,1,1
202601,6,,진주중앙시장,48170,22,0,120,0,1,1,2,21,03,1,1,없음,50,9,0,0,0,1,2,4,1,10,2,1,1,1,1,8,1,3,-1,6,0,999,2,1,2,1,1,1,3,2,2600,1,1,1,1,1,1,3,2,2600,1,1,1,1,1,1,3,2,2600,1,1,1,0,1,1,3230000,1450000,1,3
202601,6,,진주중앙시장,48170,22,0,120,0,1,1,2,21,03,1,1,없음,50,9,0,0,0,1,2,4,1,10,2,1,1,1,1,8,1,3,1,1,G,463,2,1,2,6,4,8,5,4,24700,1,1,0,6,4,8,5,4,24700,1,1,0,6,4,8,5,4,24700,1,1,0,2025,3,4,3230000,1450000,1,3
202601,6,,진주중앙시장,48170,22,0,120,0,1,1,2,21,03,1,1,없음,50,9,0,0,0,1,2,4,1,10,2,1,1,1,1,8,1,3,1,1,G,463,2,1,2,5,4,8,5,4,25000,1,1,0,5,4,8,5,4,25000,1,1,0,5,4,8,5,4,25000,1,1,0,2025,3,10,3230000,1450000,1,3
202601,6,,진주중앙시장,48170,22,0,120,0,1,1,2,21,03,1,1,없음,50,9,0,0,0,1,2,4,1,10,2,1,1,1,1,8,1,3,2,1,0,999,2,1,2,3,3,4,3,3,5000,1,1,0,3,3,4,3,3,5000,1,1,0,3,3,4,3,3,5000,1,1,0,2026,3,8,3230000,1450000,1,3
202601,6,,진주중앙시장,48170,22,0,120,0,1,1,2,21,03,1,1,없음,50,9,0,0,0,1,2,4,1,10,2,1,1,1,1,8,1,3,2,1,0,999,2,1,2,3,3,4,3,3,5000,1,1,0,3,3,4,3,3,5000,1,1,0,3,3,4,3,3,5000,1,1,0,2026,3,8,3230000,1450000,1,3
202601,6,,진주중앙시장,48170,22,0,120,0,1,0,1,21,03,1,1,없음,30,6,0,0,0,1,2,4,1,10,1,1,1,1,1,8,1,3,1,1,I,561,2,1,2,4,3,5,4,3,7400,1,1,0,4,3,5,4,3,7400,1,1,0,4,3,5,4,3,7400,1,1,0,2023,4,8,1860000,1120000,1,2
202601,6,,진주중앙시장,48170,22,0,120,0,1,0,1,21,03,1,1,없음,30,6,0,0,0,1,2,4,1,10,1,1,1,1,1,8,1,3,1,1,N,752,2,1,2,4,3,5,4,3,7300,1,1,0,4,3,5,4,3,7300,1,1,0,4,3,5,4,3,7300,1,1,0,2025,3,8,1860000,1120000,1,2
202601,6,,진주중앙시장,48170,22,0,120,0,1,0,1,21,03,1,1,없음,30,6,0,0,0,1,2,4,1,10,1,1,1,1,1,8,1,3,2,6,0,999,2,1,3,1,1,1,3,3,4700,1,1,1,1,1,1,3,3,4700,1,1,1,1,1,1,3,3,4700,1,1,1,0,1,1,1860000,1120000,1,2
202601,6,,진주하대동,48170,14,0,120,0,1,0,7,32,04,6,1,없음,100,5,0,0,0,2,2,4,1,10,2,1,1,1,1,8,2,3,1,1,I,561,4,1,4,5,6,8,5,6,26400,1,1,0,5,6,8,5,6,26400,1,1,0,5,6,8,5,6,26400,1,1,0,2025,3,10,2880000,4910000,1,1
202601,6,,진주하대동,48170,14,0,120,0,1,0,3,21,04,6,2,없음,80,6,0,0,0,2,2,4,1,10,2,1,1,1,1,8,2,3,1,1,I,561,4,1,4,5,4,5,5,4,6200,1,1,0,5,4,5,5,4,6200,1,1,0,5,4,5,5,4,6200,1,1,0,2024,3,10,1880000,1770000,1,1
202601,6,,진주하대동,48170,14,0,120,0,1,0,3,21,04,6,2,없음,80,6,0,0,0,2,2,4,1,10,2,1,1,1,1,8,2,3,2,1,0,999,4,1,4,3,3,4,3,3,4400,1,1,0,3,3,4,3,3,4400,1,1,0,3,3,4,3,3,4400,1,1,0,2024,3,10,1880000,1770000,1,1
202601,6,,진주하대동,48170,14,0,120,0,1,0,4,32,04,6,1,없음,10,4,0,0,0,2,2,4,1,10,2,1,1,1,1,8,2,3,1,1,I,561,4,1,4,6,4,5,6,5,10200,1,1,0,6,4,5,6,5,10200,1,1,0,6,4,5,6,5,10200,1,1,0,2024,3,9,2220000,3980000,1,1
202601,6,,진주하대동,48170,14,0,120,0,1,0,4,32,04,6,1,없음,80,4,0,0,0,2,2,4,1,10,2,1,1,1,1,8,2,3,1,1,I,561,4,1,4,6,5,7,6,5,10500,1,1,0,6,5,7,6,5,10500,1,1,0,6,5,7,6,5,10500,1,1,0,2026,3,10,2000000,3380000,1,3
202601,6,,진주하대동,48170,14,0,120,0,1,0,6,32,04,3,1,없음,150,6,0,0,0,2,1,2,1,10,1,1,1,1,1,8,2,3,1,1,N,742,2,1,2,4,3,6,5,4,12900,1,1,0,4,3,6,5,4,12900,1,1,0,4,3,6,5,4,12900,1,1,0,2025,3,9,1720000,8320000,1,2
202601,6,,진주하대동,48170,14,0,120,0,1,0,2,11,04,6,2,없음,150,7,0,0,0,2,2,4,1,10,2,1,1,1,1,8,2,3,1,1,I,561,3,1,4,5,5,7,5,5,12000,1,1,0,5,5,7,5,5,12000,1,1,0,5,5,7,5,5,12000,1,1,0,2026,3,10,1880000,1640000,1,1
202601,6,,진주하대동,48170,14,0,120,0,1,0,2,11,04,6,2,없음,150,7,0,0,0,2,2,4,1,10,2,1,1,1,1,8,2,3,2,1,0,999,3,1,3,3,3,4,3,3,4500,1,1,0,3,3,4,3,3,4500,1,1,0,3,3,4,3,3,4500,1,1,0,2025,3,10,1880000,1640000,1,1
202601,6,,진주하대동,48170,14,0,120,0,1,0,3,32,03,6,1,없음,200,4,0,0,0,2,1,3,1,10,1,1,1,1,1,8,2,3,1,1,I,561,3,1,3,6,6,8,6,6,23300,1,1,0,6,6,8,6,6,23300,1,1,0,6,6,8,6,6,23300,1,1,0,2025,3,10,3550000,6450000,1,1
202601,6,,진주하대동,48170,14,0,120,0,1,0,1,21,03,6,2,없음,180,5,0,0,0,2,2,4,1,10,2,1,1,1,1,8,2,3,1,1,I,562,2,1,2,4,4,7,4,4,14000,1,1,0,4,4,7,4,4,14000,1,1,0,4,4,7,4,4,14000,1,1,0,2025,3,10,2780000,2490000,1,1
202601,6,,진주하대동,48170,14,0,120,0,1,0,1,21,03,6,2,없음,180,5,0,0,0,2,2,4,1,10,2,1,1,1,1,8,2,3,1,1,I,562,2,1,2,4,4,7,4,4,14200,1,1,0,4,4,7,4,4,14200,1,1,0,4,4,7,4,4,14200,1,1,0,2024,3,10,2780000,2490000,1,1
202601,6,,진주하대동,48170,14,0,120,0,1,0,1,21,03,6,2,없음,180,5,0,0,0,2,2,4,1,10,2,1,1,1,1,8,2,3,2,1,0,999,3,1,3,3,3,4,3,3,4600,1,1,0,3,3,4,3,3,4600,1,1,0,3,3,4,3,3,4600,1,1,0,2024,3,9,2780000,2490000,1,1
202601,6,,진주하대동,48170,14,0,120,0,1,0,6,32,03,6,1,없음,90,4,0,0,0,2,2,4,1,10,2,1,1,1,1,8,2,3,1,1,I,561,2,1,2,5,4,7,5,4,11900,1,1,0,5,4,7,5,4,11900,1,1,0,5,4,7,5,4,11900,1,1,0,2025,3,10,2820000,4750000,1,2
202601,6,,진주하대동,48170,14,0,120,0,1,0,6,32,03,6,1,없음,90,4,0,0,0,2,2,4,1,10,2,1,1,1,1,8,2,3,1,1,I,561,2,1,2,5,4,7,5,4,12000,1,1,0,5,4,7,5,4,12000,1,1,0,5,4,7,5,4,12000,1,1,0,2025,3,10,2820000,4750000,1,2
202601,6,,진주하대동,48170,14,0,120,0,1,0,3,32,03,6,1,없음,100,6,0,0,0,2,1,3,1,10,1,1,1,1,1,8,2,3,1,1,I,561,3,1,3,6,5,7,6,5,13800,1,1,0,6,5,7,6,5,13800,1,1,0,6,5,7,6,5,13800,1,1,0,2025,3,10,1900000,3680000,1,1
202601,6,,0.비상권,48170,15,0,120,0,1,0,4,32,03,5,1,없음,100,6,0,0,0,2,2,4,1,10,2,1,1,1,1,8,2,3,1,1,G,467,4,1,4,6,3,5,6,4,10700,1,1,0,6,3,5,6,4,10700,1,1,0,6,3,5,6,4,10700,1,1,0,2025,4,10,2340000,5020000,1,2
202601,6,,0.비상권,48170,15,0,120,0,1,0,4,32,03,5,1,없음,100,6,0,0,0,2,2,4,1,10,2,1,1,1,1,8,2,3,1,1,I,561,1,1,1,4,3,7,4,3,11300,1,1,0,4,3,7,4,3,11300,1,1,0,4,3,7,4,3,11300,1,1,0,2025,3,9,2340000,5020000,1,2
202601,6,,0.비상권,48170,14,0,120,0,1,0,5,21,03,6,2,없음,100,6,0,1,0,1,1,2,1,8,1,1,1,1,1,8,1,3,1,1,S,961,1,1,2,4,4,7,4,4,16400,1,1,0,4,4,7,4,4,16400,1,1,0,4,4,7,4,4,16400,1,1,0,2025,4,7,2340000,2240000,1,1
202601,6,,0.비상권,48170,14,0,120,0,1,0,5,21,03,6,2,없음,100,6,0,1,0,1,1,2,1,8,1,1,1,1,1,8,1,3,2,1,0,999,1,1,1,3,3,6,3,3,8800,1,1,0,3,3,6,3,3,8800,1,1,0,3,3,6,3,3,8800,1,1,0,2025,3,10,2340000,2240000,1,1
202601,6,,평거동,48170,14,0,120,0,1,0,7,31,04,6,2,없음,200,6,0,0,0,1,1,3,1,10,1,1,1,1,1,8,1,3,1,1,M,716,2,1,2,4,3,7,4,3,11900,1,1,0,4,3,7,4,3,11900,1,1,0,4,3,7,4,3,11900,1,1,0,2025,3,10,2190000,2410000,1,2
202601,6,,평거동,48170,14,0,120,0,1,0,7,31,04,6,2,없음,200,6,0,0,0,1,1,3,1,10,1,1,1,1,1,8,1,3,2,1,S,961,2,1,2,4,3,6,4,3,8900,1,1,0,4,3,6,4,3,8900,1,1,0,4,3,6,4,3,8900,1,1,0,2025,3,10,2190000,2410000,1,2
202601,6,,0.비상권,48170,14,0,110,0,1,0,1,11,04,5,1,없음,30,4,0,0,0,2,1,2,1,10,1,1,1,1,1,8,2,3,1,1,I,562,2,1,2,4,4,7,4,4,13400,1,1,0,4,4,7,4,4,13400,1,1,0,4,4,7,4,4,13400,1,1,0,2023,4,10,1320000,3100000,1,1
202601,6,,평거동,48170,22,0,0,0,1,0,6,31,04,6,1,없음,170,7,0,1,0,2,2,4,1,10,2,1,1,1,1,8,2,3,1,1,I,561,4,1,4,5,4,6,5,4,9300,1,1,0,5,4,6,5,4,9300,1,1,0,5,4,6,5,4,9300,1,1,0,2025,3,10,2630000,3400000,1,1
202601,6,,평거동,48170,22,0,0,0,1,0,6,31,04,6,1,없음,170,7,0,1,0,2,2,4,1,10,2,1,1,1,1,8,2,3,2,1,0,999,3,1,3,3,3,5,3,3,5900,1,1,0,3,3,5,3,3,5900,1,1,0,3,3,5,3,3,5900,1,1,0,2025,3,10,2630000,3400000,1,1
202601,6,,평거동,48170,14,0,120,0,1,0,4,21,04,6,2,없음,30,1,0,0,0,2,2,4,1,9,2,1,1,1,1,8,2,3,1,1,J,612,3,1,3,6,4,7,6,4,14400,1,1,0,6,4,7,6,4,14400,1,1,0,6,4,7,6,4,14400,1,1,0,2025,3,10,3720000,3100000,1,1
202601,6,,평거동,48170,14,0,120,0,1,0,4,21,04,6,2,없음,30,1,0,0,0,2,2,4,1,9,2,1,1,1,1,8,2,3,2,1,F,411,3,1,3,4,4,6,4,4,8400,1,1,0,4,4,6,4,4,8400,1,1,0,4,4,6,4,4,8400,1,1,0,2025,3,10,3720000,3100000,1,1
202601,6,,평거동,48170,14,0,110,0,1,0,8,32,04,5,1,없음,30,1,0,0,0,2,1,3,1,10,1,1,1,1,1,8,2,3,1,1,G,453,3,1,3,4,5,7,4,5,13500,1,1,0,4,5,7,4,5,13500,1,1,0,4,5,7,4,5,13500,1,1,0,2024,3,9,1920000,4400000,1,1
202601,6,,평거동,48170,14,0,110,0,1,0,7,32,04,5,1,없음,50,1,0,0,0,2,1,3,1,10,1,1,1,1,1,8,2,3,1,1,G,452,3,1,3,6,5,7,6,5,16000,1,1,0,6,5,7,6,5,16000,1,1,0,6,5,7,6,5,16000,1,1,0,2025,3,10,1940000,4200000,1,2
202601,6,,평거동,48170,14,0,110,0,1,0,4,32,03,6,1,없음,50,7,0,0,0,2,2,4,1,10,2,1,1,1,1,8,2,3,1,1,C,105,4,1,4,4,5,7,4,5,10900,1,1,0,4,5,7,4,5,10900,1,1,0,4,5,7,4,5,10900,1,1,0,2024,3,10,1810000,3090000,1,1
202601,6,,통영 강구안,48220,22,0,200,0,1,0,1,21,03,1,1,없음,50,5,0,0,0,1,2,4,1,10,1,1,1,1,1,8,1,3,1,1,I,561,2,1,2,4,5,7,4,5,16800,1,1,0,4,5,7,4,5,16800,1,1,0,4,5,7,4,5,16700,1,1,0,2024,3,7,4390000,2210000,1,1
202601,6,,통영 강구안,48220,22,0,200,0,1,0,1,21,03,1,1,없음,50,5,0,0,0,1,2,4,1,10,1,1,1,1,1,8,1,3,2,2,0,999,2,1,2,1,1,1,4,3,4300,1,1,0,1,1,1,4,3,4300,1,1,0,1,1,1,4,3,4300,1,1,0,0,1,1,4390000,2210000,1,1
202601,6,,통영 강구안,48220,22,0,200,0,1,0,1,21,04,1,1,없음,29,5,0,0,0,1,2,4,1,10,2,1,1,1,1,8,1,3,1,1,I,561,3,1,3,6,5,7,6,5,18500,1,1,0,6,5,7,6,5,18500,1,1,0,6,5,7,6,5,18300,1,1,0,2025,3,10,3860000,1920000,1,1
202601,6,,통영 강구안,48220,22,0,200,0,1,0,1,21,04,1,1,없음,29,5,0,0,0,1,2,4,1,10,2,1,1,1,1,8,1,3,2,1,I,561,3,1,3,4,3,5,4,3,7300,1,1,0,4,3,5,4,3,7300,1,1,0,4,3,5,4,3,7300,1,1,0,2025,3,10,3860000,1920000,1,1
202601,6,,통영 강구안,48220,22,0,200,0,1,0,1,51,03,7,2,없음,100,4,0,0,0,1,1,3,1,9,1,1,1,1,1,8,1,3,1,6,0,999,1,1,1,1,1,1,6,3,31200,1,1,1,1,1,1,6,3,31200,1,1,1,1,1,1,6,3,31100,1,1,1,0,1,1,8070000,6290000,1,1
202601,6,,통영 강구안,48220,22,0,200,0,1,0,1,51,03,7,2,없음,100,4,0,0,0,1,1,3,1,9,1,1,1,1,1,8,1,3,1,1,G,478,1,1,1,6,3,8,6,3,28000,1,1,0,6,3,8,6,3,28000,1,1,0,6,3,8,6,3,28000,1,1,0,2025,3,6,8070000,6290000,1,1
202601,6,,통영 강구안,48220,22,0,200,0,1,0,1,51,03,7,2,없음,100,4,0,0,0,1,1,3,1,9,1,1,1,1,1,8,1,3,2,1,I,562,2,1,2,3,3,7,3,3,9700,1,1,0,3,3,7,3,3,9700,1,1,0,3,3,7,3,3,9700,1,1,0,2024,3,8,8070000,6290000,1,1
202601,6,,통영 강구안,48220,22,0,200,0,1,0,1,51,04,1,1,없음,100,4,0,0,0,1,1,2,1,10,1,1,1,1,1,8,1,3,1,1,I,561,1,1,1,4,4,9,4,4,36400,1,1,0,4,4,9,4,4,36400,1,1,0,4,4,9,4,4,36300,1,1,0,2026,3,8,9300000,4340000,1,3
202601,6,,통영 강구안,48220,22,0,200,0,1,0,1,51,04,1,1,없음,100,4,0,0,0,1,1,2,1,10,1,1,1,1,1,8,1,3,2,1,I,561,1,1,1,3,3,7,3,3,14200,1,1,0,3,3,7,3,3,14200,1,1,0,3,3,7,3,3,14200,1,1,0,2026,3,8,9300000,4340000,1,3
202601,6,,통영 강구안,48220,22,0,200,0,1,0,1,51,03,7,2,없음,120,4,0,0,0,1,1,2,1,9,1,1,1,1,1,8,1,3,1,1,I,561,1,1,1,5,5,9,5,5,40600,1,1,0,5,5,9,5,5,40600,1,1,0,5,5,9,5,5,39900,1,1,0,2024,3,10,12560000,9710000,1,3
202601,6,,통영 강구안,48220,22,0,200,0,1,0,1,51,03,7,2,없음,120,4,0,0,0,1,1,2,1,9,1,1,1,1,1,8,1,3,2,1,I,562,1,1,1,5,4,8,5,4,22500,1,1,0,5,4,8,5,4,22500,1,1,0,5,4,8,5,4,22500,1,1,0,2024,3,9,12560000,9710000,1,3
202601,6,,통영 강구안,48220,22,0,200,0,1,0,1,51,03,1,1,없음,150,6,0,0,0,1,1,2,1,10,1,1,1,1,1,8,1,3,1,1,G,473,2,1,2,1,4,8,4,4,23700,2,1,0,1,4,8,4,4,23700,2,1,0,1,4,8,4,4,23600,2,1,0,2025,3,8,3800000,4800000,1,3
202601,6,,통영 강구안,48220,22,0,200,0,1,0,1,19,03,1,1,없음,405,6,0,0,0,1,2,3,1,10,1,1,1,1,1,8,1,3,1,1,S,961,2,1,2,6,5,8,6,5,19900,1,1,0,6,5,8,6,5,19900,1,1,0,6,5,8,6,5,19500,1,1,0,2024,3,8,5810000,3650000,1,3
202601,6,,통영 강구안,48220,22,0,200,0,1,0,1,19,03,1,1,없음,405,6,0,0,0,1,2,3,1,10,1,1,1,1,1,8,1,3,2,6,0,999,2,1,2,1,1,1,5,3,13300,1,1,1,1,1,1,5,3,13300,1,1,1,1,1,1,5,3,13300,1,1,1,0,1,1,5810000,3650000,1,3
202601,6,,통영 강구안,48220,22,0,200,0,1,0,1,51,03,1,1,없음,41,6,0,0,0,1,1,1,1,10,1,1,1,1,1,8,1,3,1,1,G,474,1,1,1,3,3,7,4,3,13300,1,1,0,3,3,7,4,3,13300,1,1,0,3,3,7,4,3,13200,1,1,0,2025,3,7,5250000,5430000,1,2
202601,6,,통영 강구안,48220,22,0,200,0,1,0,1,51,03,1,1,없음,329,6,0,0,0,1,1,1,1,10,1,1,1,1,1,8,1,3,1,1,R,912,1,1,1,4,3,7,4,3,18900,1,1,0,4,3,7,4,3,18900,1,1,0,4,3,7,4,3,18800,1,1,0,2025,3,9,3130000,3680000,1,3
202601,6,,통영 강구안,48220,22,0,200,0,1,0,2,11,03,1,1,없음,50,6,0,0,0,1,1,3,1,10,1,1,1,1,1,8,1,3,1,1,I,561,2,1,2,2,4,7,2,3,9400,1,1,0,2,4,7,2,3,9400,1,1,0,2,4,7,2,3,9400,1,1,0,2026,3,9,2610000,2410000,1,1
202601,6,,통영 강구안,48220,22,0,200,0,1,0,2,11,03,1,1,없음,50,6,0,0,0,1,1,3,1,10,1,1,1,1,1,8,1,3,2,2,0,999,1,1,1,1,1,1,3,3,4900,1,1,0,1,1,1,3,3,4900,1,1,0,1,1,1,3,3,4900,1,1,0,0,1,1,2610000,2410000,1,1
202601,6,,통영 강구안,48220,22,0,200,0,1,0,4,31,04,9,2,없음,228,7,0,0,0,2,2,4,1,10,2,1,1,1,1,8,2,3,1,1,I,561,3,1,3,5,3,6,5,3,8100,1,1,0,5,3,6,5,3,8100,1,1,0,5,3,6,5,3,8100,1,1,0,2025,3,7,3180000,2380000,1,2
202601,6,,통영 강구안,48220,22,0,200,0,1,0,4,31,04,9,2,없음,228,7,0,0,0,2,2,4,1,10,2,1,1,1,1,8,2,3,2,1,I,561,3,1,3,3,3,3,3,3,2900,1,1,0,3,3,3,3,3,2900,1,1,0,3,3,3,3,3,2900,1,1,0,2025,3,7,3180000,2380000,1,2
202601,6,,통영 강구안,48220,22,0,200,0,1,0,1,51,04,1,1,없음,357,6,0,0,0,1,1,2,1,10,1,1,1,1,1,8,1,3,1,1,I,561,2,1,2,5,3,5,5,3,5800,2,1,0,5,3,5,5,3,5800,2,1,0,5,3,5,5,3,5800,2,1,0,2024,3,7,2220000,2260000,1,2
202601,6,,통영 강구안,48220,22,0,0,0,1,0,8,32,03,8,1,없음,200,6,0,0,0,1,1,2,1,10,1,1,1,1,1,8,1,3,1,1,S,951,1,1,1,4,2,6,4,2,8100,1,1,0,4,2,6,4,2,8100,1,1,0,4,2,6,4,2,8100,1,1,0,2024,3,9,2620000,3750000,1,2
202601,6,,통영 강구안,48220,22,0,0,0,1,0,8,32,03,8,1,없음,200,6,0,0,0,1,1,2,1,10,1,1,1,1,1,8,1,3,1,1,G,474,1,1,1,6,3,7,6,3,11100,1,1,0,6,3,7,6,3,11100,1,1,0,6,3,7,6,3,11100,1,1,0,2024,3,9,2620000,3750000,1,2
202601,6,,통영 강구안,48220,22,0,200,0,1,0,1,51,03,1,1,없음,10,4,0,0,0,1,1,1,1,10,1,1,1,1,1,8,1,3,1,1,G,474,1,1,1,3,3,9,3,3,37100,1,1,0,3,3,9,3,3,37100,1,1,0,3,3,9,3,3,37100,1,1,0,2024,3,8,7150000,3510000,1,2
202601,6,,통영 강구안,48220,22,0,200,0,1,0,1,51,03,1,1,없음,10,4,0,0,0,1,1,1,1,10,1,1,1,1,1,8,1,3,2,1,G,474,1,1,1,2,2,5,2,2,7700,1,1,0,2,2,5,2,2,7700,1,1,0,2,2,5,2,2,7700,1,1,0,2024,3,8,7150000,3510000,1,2
202601,6,,통영 강구안,48220,22,0,200,0,1,0,1,11,03,1,1,없음,100,4,0,0,0,1,2,4,1,10,2,1,1,1,1,8,1,3,1,1,G,474,2,1,3,7,5,9,7,5,36200,1,1,0,7,5,9,7,5,36200,1,1,0,7,5,9,7,5,36200,1,1,0,2026,3,10,8210000,4300000,1,1
202601,6,,통영 강구안,48220,22,0,200,0,1,0,1,11,03,1,1,없음,100,4,0,0,0,1,2,4,1,10,2,1,1,1,1,8,1,3,2,1,S,961,2,1,2,5,4,7,5,4,13000,1,1,0,5,4,7,5,4,13000,1,1,0,5,4,7,5,4,13000,1,1,0,2024,4,7,8210000,4300000,1,1
202601,6,,통영시청,48220,14,0,0,0,1,0,6,31,04,6,1,없음,237,6,0,1,0,2,2,4,1,9,2,1,1,1,1,8,2,3,1,1,I,561,4,1,4,5,5,7,5,5,12600,1,1,0,5,5,7,5,5,12600,1,1,0,5,5,7,5,5,12600,1,1,0,2024,3,10,2520000,2840000,1,1
202601,6,,통영시청,48220,14,0,0,0,1,0,6,31,04,6,1,없음,237,6,0,1,0,2,2,4,1,9,2,1,1,1,1,8,2,3,2,2,0,999,2,1,3,1,1,1,3,3,3900,1,1,0,1,1,1,3,3,3900,1,1,0,1,1,1,3,3,3900,1,1,0,0,1,1,2520000,2840000,1,1
202601,6,,통영시청,48220,16,0,0,0,1,0,5,31,04,6,1,없음,111,1,0,1,0,3,2,4,1,10,2,1,1,1,1,8,3,3,1,1,I,561,4,1,4,6,6,7,6,6,16200,3,1,0,6,6,7,6,6,16200,3,1,0,6,6,7,6,6,16200,3,1,0,2026,3,9,3410000,5910000,1,1
202601,6,,통영시청,48220,16,0,0,0,1,0,5,32,04,7,1,없음,70,2,0,0,0,3,2,4,1,10,2,1,1,1,1,8,3,3,1,1,I,561,3,1,3,6,5,8,5,5,22200,1,1,0,6,5,8,5,5,22200,1,1,0,6,5,8,5,5,22200,1,1,0,2024,4,10,3790000,5470000,1,2
202601,6,,통영시청,48220,16,0,0,0,1,0,5,32,04,7,1,없음,70,2,0,0,0,3,2,4,1,10,2,1,1,1,1,8,3,3,1,1,I,561,4,1,4,6,6,8,6,6,21800,1,1,0,6,6,8,6,6,21800,1,1,0,6,6,8,6,6,21800,1,1,0,2024,3,9,3790000,5470000,1,2
202601,6,,통영시청,48220,14,0,0,0,1,0,5,21,04,6,2,없음,170,7,0,1,0,2,2,4,2,9,2,1,2,1,1,8,2,3,1,1,I,561,4,1,4,6,5,7,6,5,14900,1,1,0,6,5,7,6,5,14900,1,1,0,6,5,7,6,5,14900,1,1,0,2025,3,9,2620000,2350000,1,1
202601,6,,통영시청,48220,14,0,0,0,1,0,5,21,04,6,2,없음,170,7,0,1,0,2,2,4,2,9,2,1,2,1,1,8,2,3,2,2,0,999,4,1,4,1,1,1,6,4,8300,1,1,0,1,1,1,6,4,8300,1,1,0,1,1,1,6,4,8300,1,1,0,0,1,1,2620000,2350000,1,1
202601,6,,통영시청,48220,14,0,0,0,1,0,6,32,04,6,1,없음,160,7,0,0,0,2,2,4,1,10,2,1,1,1,1,8,2,3,1,1,I,561,4,1,4,6,6,8,6,5,18000,1,1,0,6,6,8,6,5,18000,1,1,0,6,6,8,6,5,18000,1,1,0,2024,6,9,2220000,3910000,1,2
202601,6,,0.비상권,48220,14,0,200,0,1,0,4,32,04,6,1,없음,10,4,0,1,0,3,2,4,1,10,2,1,1,1,1,8,3,2,1,1,I,562,2,1,3,3,3,5,3,3,6100,1,1,0,3,3,5,3,3,6100,1,1,0,3,3,5,3,3,6100,1,1,0,2024,3,9,1230000,2080000,1,1
202601,6,,0.비상권,48220,14,0,200,0,1,0,4,32,04,6,1,없음,10,4,0,1,0,3,2,4,1,10,2,1,1,1,1,8,3,2,1,1,F,422,2,1,3,3,3,5,3,3,6100,1,1,0,3,3,5,3,3,6100,1,1,0,3,3,5,3,3,6100,1,1,0,2025,3,10,1230000,2080000,1,1
202601,6,,0.비상권,48220,14,0,200,0,1,0,4,32,04,6,1,없음,10,4,0,1,0,3,2,4,1,10,2,1,1,1,1,8,3,2,1,1,G,474,2,1,3,3,3,5,3,3,6200,1,1,0,3,3,5,3,3,6200,1,1,0,3,3,5,3,3,6200,1,1,0,2026,3,7,1230000,2080000,1,1
202601,6,,0.비상권,48220,14,0,200,0,1,0,4,32,04,6,1,없음,10,4,0,1,0,3,2,4,1,10,2,1,1,1,1,8,3,2,1,1,I,561,2,1,3,3,3,5,3,3,6000,1,1,0,3,3,5,3,3,6000,1,1,0,3,3,5,3,3,6000,1,1,0,2025,3,10,1230000,2080000,1,1
202601,6,,0.비상권,48220,14,0,0,0,1,0,1,12,03,6,1,없음,50,4,0,0,0,2,2,4,1,10,2,1,1,1,1,8,2,2,1,1,I,561,2,1,2,3,3,6,3,3,9400,1,1,0,3,3,6,3,3,9400,1,1,0,3,3,6,3,3,9400,1,1,0,2025,3,9,940000,1290000,1,2
202601,6,,0.비상권,48220,14,0,0,0,1,0,1,12,03,6,1,없음,50,4,0,0,0,2,2,4,1,10,2,1,1,1,1,8,2,2,1,1,R,911,3,1,3,4,3,5,4,3,8000,1,1,0,4,3,5,4,3,8000,1,1,0,4,3,5,4,3,8000,1,1,0,2024,3,9,940000,1290000,1,2
202601,6,,0.비상권,48220,14,0,0,0,1,0,1,12,03,6,1,없음,50,4,0,0,0,2,2,4,1,10,2,1,1,1,1,8,2,2,2,2,0,999,2,1,2,1,1,1,4,3,4800,1,1,0,1,1,1,4,3,4800,1,1,0,1,1,1,4,3,4800,1,1,0,0,1,1,940000,1290000,1,2
202601,6,,0.비상권,48220,14,0,0,0,1,0,5,32,04,6,1,없음,50,4,0,0,0,2,1,3,1,10,1,1,1,1,1,8,2,2,1,1,I,561,3,1,3,4,3,4,4,4,5800,1,1,0,4,3,4,4,4,5800,1,1,0,4,3,4,4,4,5800,1,1,0,2024,3,10,1020000,1900000,1,2
202601,6,,0.비상권,48220,14,0,0,0,1,0,2,21,03,6,2,없음,90,4,0,0,0,2,2,4,1,10,2,1,2,1,1,8,2,2,1,1,S,961,2,1,2,3,3,5,3,3,7500,1,1,0,3,3,5,3,3,7500,1,1,0,3,3,5,3,3,7500,1,1,0,2025,3,9,1280000,1150000,1,1
202601,6,,0.비상권,48220,14,0,0,0,1,0,2,21,03,6,2,없음,90,4,0,0,0,2,2,4,1,10,2,1,2,1,1,8,2,2,1,1,I,561,2,1,2,3,3,5,3,3,7500,1,1,0,3,3,5,3,3,7500,1,1,0,3,3,5,3,3,7500,1,1,0,2024,3,10,1280000,1150000,1,1
202601,6,,0.비상권,48220,14,0,0,0,1,0,2,21,03,6,2,없음,90,4,0,0,0,2,2,4,1,10,2,1,2,1,1,8,2,2,2,2,0,999,3,1,4,1,1,1,6,1,1400,1,1,0,1,1,1,6,1,1400,1,1,0,1,1,1,6,1,1400,1,1,0,0,1,1,1280000,1150000,1,1
202601,6,,0.비상권,48220,22,0,0,0,1,0,1,11,03,8,2,없음,5,4,0,0,0,2,2,4,1,10,1,1,1,1,1,8,2,2,1,1,I,561,2,1,3,5,4,6,4,4,8300,1,1,0,5,4,6,4,4,8300,1,1,0,5,4,6,4,4,8300,1,1,0,2024,3,9,1190000,1520000,1,1
202601,6,,0.비상권,48220,22,0,0,0,1,0,1,11,03,8,2,없음,5,4,0,0,0,2,2,4,1,10,1,1,1,1,1,8,2,2,2,6,0,999,2,1,2,1,1,1,4,3,4800,1,1,1,1,1,1,4,3,4800,1,1,1,1,1,1,4,3,4800,1,1,1,0,1,1,1190000,1520000,1,1
202601,6,,0.비상권,48220,22,0,0,0,1,0,1,11,03,1,1,없음,10,4,0,0,0,2,2,4,1,10,1,1,1,1,1,8,2,2,1,1,S,961,1,1,1,3,3,7,3,3,9900,1,1,0,3,3,7,3,3,9900,1,1,0,3,3,7,3,3,9900,1,1,0,2026,3,7,1070000,1810000,1,1
202601,6,,0.비상권,48220,22,0,0,0,1,0,1,11,03,1,1,없음,10,4,0,0,0,2,2,4,1,10,1,1,1,1,1,8,2,2,1,2,0,999,2,1,2,1,1,1,3,3,3900,1,1,0,1,1,1,3,3,3900,1,1,0,1,1,1,3,3,3900,1,1,0,0,1,1,1070000,1810000,1,1
202601,6,,0.비상권,48220,22,0,0,0,1,0,1,11,03,1,1,없음,10,4,0,0,0,2,2,4,1,10,1,1,1,1,1,8,2,2,1,1,I,562,2,1,2,3,3,6,3,3,8600,1,1,0,3,3,6,3,3,8600,1,1,0,3,3,6,3,3,8600,1,1,0,2025,3,10,1070000,1810000,1,1
202601,6,,0.비상권,48220,22,0,0,0,1,0,6,21,04,7,2,없음,70,6,0,1,0,2,2,4,1,10,2,1,1,1,1,8,2,3,1,1,G,473,3,1,4,4,3,3,4,3,4000,1,1,0,4,3,3,4,3,4000,1,1,0,4,3,3,4,3,4000,1,1,0,2024,3,9,1710000,1380000,1,1
202601,6,,0.비상권,48220,22,0,0,0,1,0,6,21,04,7,2,없음,70,6,0,1,0,2,2,4,1,10,2,1,1,1,1,8,2,3,2,2,0,999,3,1,3,1,1,1,7,1,3100,1,1,0,1,1,1,7,1,3100,1,1,0,1,1,1,7,1,3100,1,1,0,0,1,1,1710000,1380000,1,1
202601,6,,0.비상권,48240,22,0,0,0,1,0,1,51,03,1,1,없음,150,6,0,0,0,1,1,3,1,10,1,1,1,1,1,8,1,3,1,1,G,471,2,1,2,5,3,6,5,3,7500,1,1,0,5,3,6,5,3,7500,1,1,0,5,3,6,5,3,7500,1,1,0,2025,5,8,1990000,1020000,1,1
202601,6,,0.비상권,48240,22,0,0,0,1,0,1,51,03,1,1,없음,150,6,0,0,0,1,1,3,1,10,1,1,1,1,1,8,1,3,2,1,G,471,2,1,2,3,3,3,3,3,3100,1,1,0,3,3,3,3,3,3100,1,1,0,3,3,3,3,3,3100,1,1,0,2025,5,8,1990000,1020000,1,1
202601,6,,0.비상권,48240,22,0,0,0,1,0,4,21,03,8,1,없음,10,5,0,0,0,2,2,4,1,10,2,1,1,1,1,8,2,3,1,1,G,478,2,1,2,4,4,8,4,4,21100,1,1,0,4,4,8,4,4,21100,1,1,0,4,4,8,4,4,21100,1,1,0,2025,3,6,2730000,3430000,1,1
202601,6,,0.비상권,48240,22,0,0,0,1,0,4,21,03,8,1,없음,10,5,0,0,0,2,2,4,1,10,2,1,1,1,1,8,2,3,1,1,C,105,3,1,3,6,5,8,6,5,23600,1,1,0,6,5,8,6,5,23600,1,1,0,6,5,8,6,5,23600,1,1,0,2026,3,7,2730000,3430000,1,1
202601,6,,0.비상권,48240,22,0,0,0,1,0,6,21,03,8,2,없음,20,1,0,0,0,1,1,2,1,9,1,1,1,1,1,8,1,3,1,1,S,969,1,1,1,3,3,7,3,3,12300,1,1,0,3,3,7,3,3,12300,1,1,0,3,3,7,3,3,12300,1,1,0,2025,3,10,3310000,2200000,1,1
202601,6,,0.비상권,48240,22,0,0,0,1,0,6,21,03,8,2,없음,20,1,0,0,0,1,1,2,1,9,1,1,1,1,1,8,1,3,2,2,S,969,1,1,1,1,1,1,3,3,5300,1,1,0,1,1,1,3,3,5300,1,1,0,1,1,1,3,3,5300,1,1,0,0,1,1,3310000,2200000,1,1
202601,6,,0.비상권,48240,22,0,0,0,1,0,1,12,04,1,1,없음,56,6,0,0,0,1,1,2,1,10,1,1,1,1,1,8,1,3,1,1,I,561,2,1,3,3,3,4,3,3,4700,1,1,0,3,3,4,3,3,4700,1,1,0,3,3,4,3,3,4700,1,1,0,2025,3,10,1690000,2410000,1,1
202601,6,,0.비상권,48240,14,0,0,0,1,0,7,32,04,6,1,없음,120,7,0,1,0,2,2,4,1,10,2,1,1,1,1,8,2,3,1,1,I,561,3,1,3,4,4,6,4,4,8500,1,1,0,4,4,6,4,4,8500,1,1,0,4,4,6,4,4,8500,1,1,0,2025,3,8,1090000,1900000,1,1
202601,6,,0.비상권,48240,14,0,0,0,1,0,7,32,04,6,1,없음,120,7,0,1,0,2,2,4,1,10,2,1,1,1,1,8,2,3,1,1,I,561,3,1,3,4,4,6,4,4,8600,1,1,0,4,4,6,4,4,8600,1,1,0,4,4,6,4,4,8600,1,1,0,2024,3,10,1090000,1900000,1,1
202601,6,,0.비상권,48240,43,0,0,0,1,0,3,21,03,2,1,없음,60,1,0,0,0,3,2,4,1,10,2,1,1,1,1,8,3,3,1,1,F,424,2,1,2,4,3,3,3,3,3100,1,1,0,4,3,3,3,3,3100,1,1,0,4,3,3,3,3,3100,1,1,0,2024,5,8,670000,1950000,1,1
202601,6,,0.비상권,48240,43,0,0,0,1,0,3,21,03,2,1,없음,60,1,0,0,0,3,2,4,1,10,2,1,1,1,1,8,3,3,1,1,L,682,2,1,2,3,3,3,3,3,3100,1,1,0,3,3,3,3,3,3100,1,1,0,3,3,3,3,3,3100,1,1,0,2025,5,6,670000,1950000,1,1
202601,6,,0.비상권,48240,43,0,0,0,1,0,3,21,03,2,1,없음,60,1,0,0,0,3,2,4,1,10,2,1,1,1,1,8,3,3,2,2,0,999,3,1,3,1,1,1,3,3,2300,1,1,0,1,1,1,3,3,2300,1,1,0,1,1,1,3,3,2300,1,1,0,0,1,1,670000,1950000,1,1
202601,6,,0.비상권,48240,14,0,0,0,1,0,6,11,03,6,1,없음,150,4,0,0,0,1,1,2,1,10,1,1,1,1,1,8,1,3,1,1,G,475,2,1,2,4,3,5,4,3,7400,1,1,0,4,3,5,4,3,7400,1,1,0,4,3,5,4,3,7400,1,1,0,2024,3,8,1390000,2220000,1,1
202601,6,,0.비상권,48240,14,0,0,0,1,0,6,32,03,6,1,없음,100,5,0,0,0,2,1,3,1,10,1,1,1,1,1,8,2,3,1,1,I,561,2,1,2,6,3,7,6,3,11700,1,1,0,6,3,7,6,3,11700,1,1,0,6,3,7,6,3,11700,1,1,0,2025,3,10,1180000,1920000,1,2
202601,6,,0.비상권,48240,14,0,0,0,1,0,6,32,03,6,1,없음,100,5,0,0,0,2,1,3,1,10,1,1,1,1,1,8,2,3,1,1,I,561,2,1,2,4,3,7,4,3,11500,1,1,0,4,3,7,4,3,11500,1,1,0,4,3,7,4,3,11500,1,1,0,2025,3,10,1180000,1920000,1,2
202601,6,,0.비상권,48240,22,0,0,0,1,0,7,31,04,7,1,없음,150,6,0,1,0,2,2,4,1,10,2,1,1,1,1,8,2,3,1,1,I,561,3,1,3,4,4,6,4,4,8500,1,1,0,4,4,6,4,4,8500,1,1,0,4,4,6,4,4,8500,1,1,0,2025,3,9,2030000,2060000,1,1
202601,6,,0.비상권,48240,22,0,0,0,1,0,7,31,04,7,1,없음,150,6,0,1,0,2,2,4,1,10,2,1,1,1,1,8,2,3,1,1,G,478,3,1,3,4,4,6,4,4,8700,1,1,0,4,4,6,4,4,8700,1,1,0,4,4,6,4,4,8700,1,1,0,2025,3,10,2030000,2060000,1,1
202601,6,,0.비상권,48240,22,0,0,0,1,0,7,31,04,7,1,없음,150,6,0,1,0,2,2,4,1,10,2,1,1,1,1,8,2,3,2,2,0,999,3,1,3,1,1,1,4,3,5400,1,1,0,1,1,1,4,3,5400,1,1,0,1,1,1,4,3,5400,1,1,0,0,1,1,2030000,2060000,1,1
202601,6,,0.비상권,48240,22,0,0,0,1,0,5,31,03,8,2,없음,80,4,0,0,0,2,2,4,1,9,2,1,1,1,1,8,2,3,1,6,0,999,1,1,1,1,1,1,4,2,6000,1,1,1,1,1,1,4,2,6000,1,1,1,1,1,1,4,2,6000,1,1,1,0,1,1,2290000,1610000,1,1
202601,6,,0.비상권,48240,22,0,0,0,1,0,5,31,03,8,2,없음,80,4,0,0,0,2,2,4,1,9,2,1,1,1,1,8,2,3,1,1,R,901,3,1,3,6,3,5,5,3,6900,1,1,0,6,3,5,5,3,6900,1,1,0,6,3,5,5,3,6900,1,1,0,2025,3,9,2290000,1610000,1,1
202601,6,,0.비상권,48240,22,0,0,0,1,0,5,31,03,8,2,없음,80,4,0,0,0,2,2,4,1,9,2,1,1,1,1,8,2,3,2,1,M,721,3,1,3,5,3,4,5,3,4700,1,1,0,5,3,4,5,3,4700,1,1,0,5,3,4,5,3,4700,1,1,0,2025,3,10,2290000,1610000,1,1
202601,6,,0.비상권,48240,16,0,0,0,1,0,1,32,04,6,1,없음,150,7,0,0,0,2,2,4,1,9,2,1,1,1,1,8,2,3,1,1,I,561,2,1,2,5,4,7,5,4,17400,1,1,0,5,4,7,5,4,17400,1,1,0,5,4,7,5,4,17400,1,1,0,2024,3,10,2420000,4080000,1,1
202601,6,,0.비상권,48240,16,0,0,0,1,0,1,32,04,6,1,없음,150,7,0,0,0,2,2,4,1,9,2,1,1,1,1,8,2,3,1,1,M,733,2,1,3,5,4,7,5,4,15800,1,1,0,5,4,7,5,4,15800,1,1,0,5,4,7,5,4,15800,1,1,0,2024,3,10,2420000,4080000,1,1
202601,6,,0.비상권,48240,14,0,0,0,1,0,4,32,04,6,1,없음,150,5,1,0,0,1,1,2,1,10,1,1,1,1,1,8,1,3,1,1,I,561,2,1,2,4,3,7,4,3,11000,1,1,0,4,3,7,4,3,11000,1,1,0,4,3,7,4,3,11000,1,1,0,2025,3,10,1310000,2210000,1,1
202601,6,,0.비상권,48240,13,0,0,0,1,0,8,32,04,6,1,없음,150,6,0,1,0,3,2,4,1,10,2,1,1,1,1,8,3,3,1,1,I,561,2,1,2,5,4,7,5,5,17100,1,1,0,5,4,7,5,5,17100,1,1,0,5,4,7,5,5,17100,1,1,0,2024,3,9,2260000,3910000,1,1
202601,6,,0.비상권,48240,13,0,0,0,1,0,8,32,04,6,1,없음,150,6,0,1,0,3,2,4,1,10,2,1,1,1,1,8,3,3,1,1,I,561,3,1,3,5,4,7,5,4,16800,1,1,0,5,4,7,5,4,16800,1,1,0,5,4,7,5,4,16800,1,1,0,2024,4,10,2260000,3910000,1,1
202601,6,,0.비상권,48240,13,0,0,0,1,0,8,32,04,6,1,없음,150,6,0,1,0,3,2,4,1,10,2,1,1,1,1,8,3,3,1,1,I,561,2,1,2,5,4,7,5,4,18600,1,1,0,5,4,7,5,4,18600,1,1,0,5,4,7,5,4,18600,1,1,0,2024,3,9,2260000,3910000,1,1
202601,6,,0.비상권,48240,13,0,0,0,1,0,8,32,04,6,1,없음,30,8,0,0,0,2,1,2,1,9,1,1,1,1,1,8,2,3,1,1,I,561,2,1,3,5,4,7,5,4,11800,1,1,0,5,4,7,5,4,11800,1,1,0,5,4,7,5,4,11800,1,1,0,2025,3,10,1700000,2860000,1,1
202601,6,,0.비상권,48240,14,0,0,0,1,0,7,32,04,6,1,없음,150,7,0,0,0,1,1,2,1,10,1,1,1,1,1,8,1,3,1,1,L,682,2,1,2,4,3,7,4,3,11900,1,1,0,4,3,7,4,3,11900,1,1,0,4,3,7,4,3,11900,1,1,0,2025,2,9,1400000,2370000,1,1
202601,6,,0.비상권,48240,64,0,0,0,1,0,8,32,04,4,1,없음,500,8,0,1,0,2,2,4,1,10,2,1,1,1,1,8,2,3,1,1,I,561,4,1,4,4,4,6,4,4,8800,1,1,0,4,4,6,4,4,8800,1,1,0,4,4,6,4,4,8800,1,1,0,2025,3,10,1150000,2930000,1,1
202601,6,,김해시청/동상시장,48250,22,0,300,0,1,0,2,21,03,1,1,없음,200,7,0,0,0,2,2,4,1,10,2,1,1,1,1,8,2,3,1,1,G,474,1,1,1,4,4,7,4,3,15400,1,1,0,4,4,7,4,3,15400,1,1,0,4,4,7,4,3,15400,1,1,0,2026,3,6,3100000,2510000,1,2
202601,6,,김해시청/동상시장,48250,22,0,300,0,1,0,2,21,03,1,1,없음,200,7,0,0,0,2,2,4,1,10,2,1,1,1,1,8,2,3,1,1,S,969,1,1,1,4,3,7,4,3,15800,1,1,0,4,3,7,4,3,15800,1,1,0,4,3,7,4,3,15800,1,1,0,2026,3,3,3100000,2510000,1,2
202601,6,,김해시청/동상시장,48250,22,0,300,0,1,0,2,21,03,1,1,없음,200,7,0,0,0,2,2,4,1,10,2,1,1,1,1,8,2,3,2,1,S,969,2,1,2,3,3,4,4,3,6400,1,1,0,3,3,4,4,3,6400,1,1,0,3,3,4,4,3,6400,1,1,0,2026,3,10,3100000,2510000,1,2
202601,6,,김해시청/동상시장,48250,22,0,300,0,1,0,3,21,03,7,1,없음,5,4,0,0,0,1,1,2,1,10,1,1,1,1,1,8,1,3,1,1,G,478,2,1,2,3,4,7,3,4,18100,1,1,0,3,4,7,3,4,18100,1,1,0,3,4,7,3,4,18100,1,1,0,2024,3,8,3450000,5690000,1,3
202601,6,,김해시청/동상시장,48250,22,0,300,0,1,0,8,21,04,6,1,816,없음,8,0,0,0,1,1,2,1,10,1,1,1,1,1,8,1,3,1,1,I,561,2,1,2,4,5,8,4,5,25800,1,1,0,4,5,8,4,5,25800,1,1,0,4,5,8,4,5,25800,1,1,0,2024,3,9,3500000,6630000,1,2
202601,6,,김해시청/동상시장,48250,22,0,300,0,1,0,1,12,03,6,1,없음,30,4,0,0,0,1,1,2,1,10,1,1,1,1,1,8,1,3,1,1,G,474,1,1,1,3,3,8,3,3,27000,1,1,0,3,3,8,3,3,27000,1,1,0,3,3,8,3,3,27000,1,1,0,2024,3,9,3440000,5970000,1,2
202601,6,,김해시청/동상시장,48250,22,0,300,0,1,0,1,12,03,6,1,없음,30,4,0,0,0,1,1,2,1,10,1,1,1,1,1,8,1,3,1,1,G,474,1,1,1,3,3,8,3,3,25900,1,1,0,3,3,8,3,3,25900,1,1,0,3,3,8,3,3,25900,1,1,0,2024,3,9,3440000,5970000,1,2
202601,6,,김해시청/동상시장,48250,22,0,300,0,1,0,1,12,03,6,1,없음,30,4,0,0,0,1,1,2,1,10,1,1,1,1,1,8,1,3,1,1,G,474,1,1,1,3,3,8,3,3,28200,1,1,0,3,3,8,3,3,28200,1,1,0,3,3,8,3,3,28200,1,1,0,2024,3,9,3440000,5970000,1,2
202601,6,,김해시청/동상시장,48250,22,0,300,0,1,0,1,12,03,6,1,없음,30,4,0,0,0,1,1,2,1,10,1,1,1,1,1,8,1,3,1,1,G,474,1,1,1,3,3,8,3,3,28100,1,1,0,3,3,8,3,3,28100,1,1,0,3,3,8,3,3,28100,1,1,0,2026,3,9,3440000,5970000,1,2
202601,6,,김해시청/동상시장,48250,22,0,300,0,1,0,4,21,03,6,1,800,150,8,0,0,0,2,1,3,1,10,1,1,1,1,1,8,2,3,1,1,G,474,2,1,2,4,3,7,4,3,14100,1,1,0,4,3,7,4,3,14100,1,1,0,4,3,7,4,3,14100,1,1,0,2026,3,9,2400000,4010000,1,2
202601,6,,김해시청/동상시장,48250,22,0,300,0,1,0,4,21,03,6,1,800,150,8,0,0,0,2,1,3,1,10,1,1,1,1,1,8,2,3,1,1,G,474,2,1,2,4,3,7,4,3,14000,1,1,0,4,3,7,4,3,14000,1,1,0,4,3,7,4,3,14000,1,1,0,2025,3,9,2400000,4010000,1,2
202601,6,,0.비상권,48250,14,0,0,0,1,0,6,32,04,6,1,없음,160,6,0,0,0,2,2,4,1,10,2,1,1,1,1,8,2,3,1,1,J,581,4,1,4,5,4,4,5,4,5800,1,1,0,5,4,4,5,4,5800,1,1,0,5,4,4,5,4,5800,1,1,0,2024,3,7,1530000,2560000,1,1
202601,6,,김해시청/동상시장,48250,22,0,300,0,1,0,3,21,03,8,1,900,100,8,0,0,0,1,1,2,1,10,1,1,1,1,1,8,1,3,1,2,G,474,2,1,2,1,1,1,4,4,19200,1,1,0,1,1,1,4,4,19200,1,1,0,1,1,1,4,4,19200,1,1,0,0,1,1,3280000,4810000,1,3
202601,6,,김해시청/동상시장,48250,22,0,300,0,1,0,3,21,03,8,1,900,100,8,0,0,0,1,1,2,1,10,1,1,1,1,1,8,1,3,1,1,G,475,1,1,1,3,3,8,3,3,19700,1,1,0,3,3,8,3,3,19700,1,1,0,3,3,8,3,3,19700,1,1,0,2024,3,9,3280000,4810000,1,3
202601,6,,김해시청/동상시장,48250,22,0,300,0,1,0,5,31,04,8,2,500,200,6,0,0,0,2,2,4,1,10,2,1,1,1,1,8,2,3,1,1,I,561,3,1,3,5,4,6,5,4,8400,1,1,0,5,4,6,5,4,8400,1,1,0,5,4,6,5,4,8400,1,1,0,2024,3,9,3040000,1980000,1,1
202601,6,,김해시청/동상시장,48250,22,0,300,0,1,0,5,31,04,8,2,500,200,6,0,0,0,2,2,4,1,10,2,1,1,1,1,8,2,3,2,1,G,465,3,1,3,5,3,5,5,3,6100,1,1,0,5,3,5,5,3,6100,1,1,0,5,3,5,5,3,6100,1,1,0,2025,3,10,3040000,1980000,1,1
202601,6,,김해시청/동상시장,48250,22,0,300,0,1,0,2,21,03,1,1,155,116,6,0,0,0,2,2,4,1,9,2,2,1,1,1,8,2,3,1,1,I,561,4,1,4,6,4,5,6,4,7800,1,1,0,6,4,5,6,4,7800,1,1,0,6,4,5,6,4,7800,1,1,0,2024,3,7,3740000,3330000,1,1
202601,6,,김해시청/동상시장,48250,22,0,300,0,1,0,2,21,03,1,1,155,116,6,0,0,0,2,2,4,1,9,2,2,1,1,1,8,2,3,2,6,0,999,4,1,4,1,1,1,4,3,3800,1,1,1,1,1,1,4,3,3800,1,1,1,1,1,1,4,3,3800,1,1,1,0,1,1,3740000,3330000,1,1
202601,6,,김해시청/동상시장,48250,22,0,300,0,1,0,2,12,03,1,1,156,27,4,0,0,0,2,2,4,1,10,1,1,1,1,1,8,2,3,1,1,G,474,2,1,2,5,4,8,5,4,23200,1,1,0,5,4,8,5,4,23200,1,1,0,5,4,8,5,4,23200,1,1,0,2025,3,9,5450000,7900000,1,1
202601,6,,김해시청/동상시장,48250,22,0,300,0,1,0,2,12,03,1,1,156,27,4,0,0,0,2,2,4,1,10,1,1,1,1,1,8,2,3,1,1,G,472,2,1,2,5,5,8,5,5,27300,1,1,0,5,5,8,5,5,27300,1,1,0,5,5,8,5,5,27300,1,1,0,2025,3,9,5450000,7900000,1,1
202601,6,,김해시청/동상시장,48250,22,0,300,0,1,0,2,12,03,1,1,156,27,4,0,0,0,2,2,4,1,10,1,1,1,1,1,8,2,3,1,6,0,999,2,1,2,1,1,1,5,5,25000,1,1,1,1,1,1,5,5,25000,1,1,1,1,1,1,5,5,25000,1,1,1,0,1,1,5450000,7900000,1,1
202601,6,,김해시청/동상시장,48250,22,0,300,0,1,0,4,21,04,8,2,250,100,6,0,0,0,2,2,4,1,10,2,1,1,1,1,8,2,3,1,1,I,561,2,1,2,4,4,7,4,3,14500,1,1,0,4,4,7,4,3,14500,1,1,0,4,4,7,4,3,14500,1,1,0,2024,3,9,4070000,3000000,1,1
202601,6,,김해시청/동상시장,48250,22,0,300,0,1,0,4,21,04,8,2,250,100,6,0,0,0,2,2,4,1,10,2,1,1,1,1,8,2,3,1,1,L,682,2,1,3,4,4,7,5,4,14200,1,1,0,4,4,7,5,4,14200,1,1,0,4,4,7,5,4,14200,1,1,0,2025,3,10,4070000,3000000,1,1
202601,6,,김해시청/동상시장,48250,22,0,300,0,1,0,4,21,04,8,2,250,100,6,0,0,0,2,2,4,1,10,2,1,1,1,1,8,2,3,2,1,I,562,3,1,3,4,3,4,4,3,5000,1,1,0,4,3,4,4,3,5000,1,1,0,4,3,4,4,3,5000,1,1,0,2025,3,8,4070000,3000000,1,1
202601,6,,김해시청/동상시장,48250,16,0,0,0,1,0,7,32,04,7,1,542,106,6,0,1,0,3,2,4,1,10,2,1,1,1,1,8,3,3,1,1,M,712,4,1,4,5,4,6,5,4,8000,1,1,0,5,4,6,5,4,8000,1,1,0,5,4,6,5,4,8000,1,1,0,2024,3,8,2290000,3350000,1,1
202601,6,,김해시청/동상시장,48250,16,0,0,0,1,0,7,32,04,7,1,542,106,6,0,1,0,3,2,4,1,10,2,1,1,1,1,8,3,3,1,1,M,711,4,1,4,5,4,6,5,4,8000,1,1,0,5,4,6,5,4,8000,1,1,0,5,4,6,5,4,8000,1,1,0,2024,3,8,2290000,3350000,1,1
202601,6,,김해시청/동상시장,48250,16,0,0,0,1,0,1,21,03,1,1,532,116,6,0,0,0,2,2,4,1,10,2,1,1,1,1,8,2,3,1,1,M,712,4,1,4,5,4,5,5,4,6800,1,1,0,5,4,5,5,4,6800,1,1,0,5,4,5,5,4,6800,1,1,0,2025,3,8,2220000,1880000,1,1
202601,6,,김해시청/동상시장,48250,16,0,0,0,1,0,1,21,03,1,1,532,116,6,0,0,0,2,2,4,1,10,2,1,1,1,1,8,2,3,2,1,M,711,4,1,4,4,4,4,4,4,5000,1,1,0,4,4,4,4,4,5000,1,1,0,4,4,4,4,4,5000,1,1,0,2025,3,9,2220000,1880000,1,1
202601,6,,김해시청/동상시장,48250,16,0,0,0,1,0,3,11,04,7,1,350,190,6,0,0,0,2,2,4,1,10,2,1,1,1,1,8,2,3,1,1,I,562,2,1,2,4,3,7,4,3,12300,1,1,0,4,3,7,4,3,12300,1,1,0,4,3,7,4,3,12300,1,1,0,2025,3,10,2200000,3340000,1,1
202601,6,,김해시청/동상시장,48250,16,0,0,0,1,0,3,11,04,7,1,350,190,6,0,0,0,2,2,4,1,10,2,1,1,1,1,8,2,3,1,1,I,561,2,1,2,4,3,6,4,3,7000,1,1,0,4,3,6,4,3,7000,1,1,0,4,3,6,4,3,7000,1,1,0,2024,3,9,2200000,3340000,1,1
202601,6,,김해시청/동상시장,48250,16,0,0,0,1,0,3,11,04,7,1,350,190,6,0,0,0,2,2,4,1,10,2,1,1,1,1,8,2,3,1,1,I,561,3,1,3,5,3,6,5,3,7700,1,1,0,5,3,6,5,3,7700,1,1,0,5,3,6,5,3,7700,1,1,0,2024,3,9,2200000,3340000,1,1
202601,6,,김해시청/동상시장,48250,22,0,300,0,1,0,1,12,01,7,2,550,220,8,0,0,0,2,2,4,1,10,2,1,1,1,1,8,2,3,1,1,S,961,2,1,2,3,3,6,4,3,8600,1,1,0,3,3,6,4,3,8600,1,1,0,3,3,6,4,3,8600,1,1,0,2025,3,9,2240000,1970000,1,1
202601,6,,김해시청/동상시장,48250,22,0,300,0,1,0,1,12,01,7,2,550,220,8,0,0,0,2,2,4,1,10,2,1,1,1,1,8,2,3,1,1,G,474,2,1,2,3,3,7,3,3,8600,1,1,0,3,3,7,3,3,8600,1,1,0,3,3,7,3,3,8600,1,1,0,2025,3,10,2240000,1970000,1,1
202601,6,,김해시청/동상시장,48250,22,0,300,0,1,0,1,12,01,7,2,550,220,8,0,0,0,2,2,4,1,10,2,1,1,1,1,8,2,3,2,1,0,999,3,1,3,5,3,4,3,3,4500,1,1,0,5,3,4,3,3,4500,1,1,0,5,3,4,3,3,4500,1,1,0,2024,3,5,2240000,1970000,1,1
202601,6,,김해시청/동상시장,48250,22,0,300,0,1,0,1,12,04,1,1,662,146,8,0,0,0,2,2,4,1,9,2,1,1,1,1,8,2,3,1,1,I,561,2,1,2,3,3,4,3,3,5400,1,1,0,3,3,4,3,3,5400,1,1,0,3,3,4,3,3,5400,1,1,0,2025,3,10,2590000,1550000,1,1
202601,6,,김해시청/동상시장,48250,22,0,300,0,1,0,1,12,04,1,1,662,146,8,0,0,0,2,2,4,1,9,2,1,1,1,1,8,2,3,1,6,0,999,2,1,2,1,1,1,3,3,5800,1,1,1,1,1,1,3,3,5800,1,1,1,1,1,1,3,3,5800,1,1,1,0,1,1,2590000,1550000,1,1
202601,6,,김해시청/동상시장,48250,22,0,300,0,1,0,1,12,04,1,1,662,146,8,0,0,0,2,2,4,1,9,2,1,1,1,1,8,2,3,2,1,I,562,3,1,4,4,3,4,4,3,4300,1,1,0,4,3,4,4,3,4300,1,1,0,4,3,4,4,3,4300,1,1,0,2024,3,9,2590000,1550000,1,1
202601,6,,0.비상권,48250,14,0,0,0,1,0,2,21,04,1,1,600,300,4,1,0,0,2,2,4,1,9,2,1,1,1,1,8,2,3,1,1,R,912,2,1,2,4,4,7,4,4,13200,1,1,0,4,4,7,4,4,13200,1,1,0,4,4,7,4,4,13200,1,1,0,2025,3,10,1860000,1760000,1,3
202601,6,,0.비상권,48250,14,0,0,0,1,0,2,21,04,1,1,600,300,4,1,0,0,2,2,4,1,9,2,1,1,1,1,8,2,3,1,6,0,999,2,1,2,1,1,1,4,3,11600,1,1,1,1,1,1,4,3,11600,1,1,1,1,1,1,4,3,11600,1,1,1,0,1,1,1860000,1760000,1,3
202601,6,,0.비상권,48250,14,0,0,0,1,0,2,21,04,1,1,600,300,4,1,0,0,2,2,4,1,9,2,1,1,1,1,8,2,3,2,1,0,999,3,1,3,4,3,5,4,3,6800,1,1,0,4,3,5,4,3,6800,1,1,0,4,3,5,4,3,6800,1,1,0,2026,3,9,1860000,1760000,1,3
202601,6,,0.비상권,48250,14,0,120,0,1,0,3,21,04,6,2,150,200,6,0,0,0,2,2,4,1,10,1,1,1,1,1,8,2,3,1,1,I,561,3,1,3,4,4,7,4,4,11300,1,1,0,4,4,7,4,4,11300,1,1,0,4,4,7,4,4,11300,1,1,0,2024,3,10,1940000,1660000,1,2
202601,6,,0.비상권,48250,14,0,120,0,1,0,3,21,04,6,2,150,200,6,0,0,0,2,2,4,1,10,1,1,1,1,1,8,2,3,2,2,0,999,3,1,3,1,1,1,3,3,4300,1,1,0,1,1,1,3,3,4300,1,1,0,1,1,1,3,3,4300,1,1,0,0,1,1,1940000,1660000,1,2
202601,6,,0.비상권,48250,14,0,0,0,1,0,1,12,04,6,1,250,250,6,0,0,0,2,1,3,1,10,1,1,1,1,1,8,2,3,1,1,I,562,3,1,3,4,4,7,4,4,11400,1,1,0,4,4,7,4,4,11400,1,1,0,4,4,7,4,4,11400,1,1,0,2025,3,10,1900000,3390000,1,1
202601,6,,0.비상권,48250,13,0,0,0,1,0,1,12,03,5,1,309,359,6,0,0,0,2,1,2,1,10,1,1,1,1,1,8,2,3,1,1,I,561,2,1,2,5,5,8,5,5,21400,1,1,0,5,5,8,5,5,21400,1,1,0,5,5,8,5,5,21400,1,1,0,2025,3,10,1200000,2410000,1,3
202601,6,,0.비상권,48250,14,0,0,0,1,0,1,11,04,6,2,350,350,6,0,0,0,2,2,4,1,10,1,1,1,1,1,8,2,3,1,1,I,562,3,1,3,5,3,6,5,3,8200,1,1,0,5,3,6,5,3,8200,1,1,0,5,3,6,5,3,8200,1,1,0,2025,3,10,2090000,1920000,1,1
202601,6,,0.비상권,48250,14,0,0,0,1,0,1,11,04,6,2,350,350,6,0,0,0,2,2,4,1,10,1,1,1,1,1,8,2,3,2,2,0,999,2,1,2,1,1,1,2,3,6000,1,1,0,1,1,1,2,3,6000,1,1,0,1,1,1,2,3,6000,1,1,0,0,1,1,2090000,1920000,1,1
202601,6,,0.비상권,48250,14,0,0,0,1,0,4,32,04,5,1,320,360,7,0,0,0,2,1,3,1,10,1,1,1,1,1,8,2,3,1,1,I,561,3,1,3,5,5,7,5,5,19600,1,1,0,5,5,7,5,5,19600,1,1,0,5,5,7,5,5,19600,1,1,0,2025,3,10,1660000,3610000,1,2
202601,6,,활천동,48250,14,0,0,0,1,0,6,32,04,4,1,350,170,5,0,0,0,2,2,4,1,10,1,1,1,1,1,8,2,3,1,1,Q,872,2,1,2,3,3,6,3,3,8500,1,1,0,3,3,6,3,3,8500,1,1,0,3,3,6,3,3,8500,1,1,0,2026,3,10,2090000,5720000,1,1
202601,6,,활천동,48250,14,0,0,0,1,0,6,32,04,4,1,350,170,5,0,0,0,2,2,4,1,10,1,1,1,1,1,8,2,3,1,6,0,999,2,1,2,1,1,1,3,3,8500,1,1,1,1,1,1,3,3,8500,1,1,1,1,1,1,3,3,8500,1,1,1,0,1,1,2090000,5720000,1,1
202601,6,,활천동,48250,14,0,0,0,1,0,6,32,04,4,1,350,170,5,0,0,0,2,2,4,1,10,1,1,1,1,1,8,2,3,1,1,F,424,2,1,2,3,3,6,3,3,8200,1,1,0,3,3,6,3,3,8200,1,1,0,3,3,6,3,3,8200,1,1,0,2025,3,8,2090000,5720000,1,1
202601,6,,활천동,48250,14,0,999,0,1,0,1,12,03,7,1,677,358,6,0,0,0,1,1,2,1,10,1,1,1,1,1,8,1,3,1,1,S,961,2,1,2,4,3,7,4,3,14000,1,1,0,4,3,7,4,3,14000,1,1,0,4,3,7,4,3,14000,1,1,0,2024,3,8,2060000,3030000,1,1
202601,6,,활천동,48250,14,0,0,0,1,0,5,32,04,6,1,665,375,6,0,0,0,2,1,3,1,9,1,1,1,1,1,8,2,3,1,1,I,561,3,1,3,4,4,7,4,4,12000,1,1,0,4,4,7,4,4,12000,1,1,0,4,4,7,4,4,12000,1,1,0,2024,3,8,2490000,4700000,1,1
202601,6,,활천동,48250,14,0,0,0,1,0,6,32,04,3,1,900,2,6,0,0,0,3,1,3,1,10,1,1,1,1,1,8,3,3,1,1,R,901,1,1,1,3,3,7,3,3,10800,1,1,0,3,3,7,3,3,10800,1,1,0,3,3,7,3,3,10800,1,1,0,2025,3,10,2090000,9260000,1,1
202601,6,,활천동,48250,14,0,0,0,1,0,6,32,04,3,1,900,2,6,0,0,0,3,1,3,1,10,1,1,1,1,1,8,3,3,1,1,L,682,2,1,2,3,3,7,3,3,11000,1,1,0,3,3,7,3,3,11000,1,1,0,3,3,7,3,3,11000,1,1,0,2024,3,7,2090000,9260000,1,1
202601,6,,활천동,48250,14,0,0,0,1,0,6,32,04,3,1,900,2,6,0,0,0,3,1,3,1,10,1,1,1,1,1,8,3,3,1,1,N,751,1,1,1,3,3,7,3,3,10400,1,1,0,3,3,7,3,3,10400,1,1,0,3,3,7,3,3,10400,1,1,0,2024,3,9,2090000,9260000,1,1
202601,6,,활천동,48250,14,0,0,0,1,0,4,21,04,6,1,250,100,6,0,1,0,2,2,4,1,10,2,1,1,1,1,8,2,3,1,1,I,561,3,1,3,4,4,6,4,4,8200,1,1,0,4,4,6,4,4,8200,1,1,0,4,4,6,4,4,8200,1,1,0,2025,3,9,2360000,2750000,1,1
202601,6,,활천동,48250,14,0,0,0,1,0,4,21,04,6,1,250,100,6,0,1,0,2,2,4,1,10,2,1,1,1,1,8,2,3,1,1,I,562,3,1,3,4,4,6,4,4,8200,1,1,0,4,4,6,4,4,8200,1,1,0,4,4,6,4,4,8200,1,1,0,2025,3,9,2360000,2750000,1,1
202601,6,,활천동,48250,14,0,0,0,1,0,4,21,04,6,1,250,100,6,0,1,0,2,2,4,1,10,2,1,1,1,1,8,2,3,2,1,J,612,2,1,2,3,3,4,3,3,5100,1,1,0,3,3,4,3,3,5100,1,1,0,3,3,4,3,3,5100,1,1,0,2025,3,9,2360000,2750000,1,1
202601,6,,활천동,48250,14,0,0,0,1,0,4,21,04,6,1,250,100,6,0,1,0,2,2,4,1,10,2,1,1,1,1,8,2,3,2,1,F,411,2,1,2,3,3,4,3,3,5100,1,1,0,3,3,4,3,3,5100,1,1,0,3,3,4,3,3,5100,1,1,0,2025,3,9,2360000,2750000,1,1
202601,6,,활천동,48250,14,0,0,0,1,0,3,21,03,6,1,없음,50,7,0,0,0,3,2,4,1,10,2,1,1,1,1,8,3,3,1,1,G,473,3,1,3,4,4,7,4,4,10400,1,1,0,4,4,7,4,4,10400,1,1,0,4,4,7,4,4,10400,1,1,0,2025,3,9,2490000,3890000,1,1
202601,6,,활천동,48250,14,0,0,0,1,0,3,21,03,6,1,없음,50,7,0,0,0,3,2,4,1,10,2,1,1,1,1,8,3,3,1,1,I,562,2,1,2,3,4,7,4,3,10700,1,1,0,3,4,7,4,3,10700,1,1,0,3,4,7,4,3,10700,1,1,0,2024,3,10,2490000,3890000,1,1
202601,6,,활천동,48250,14,0,0,0,1,0,3,21,03,6,1,없음,50,7,0,0,0,3,2,4,1,10,2,1,1,1,1,8,3,3,1,1,G,475,3,1,3,4,4,6,4,4,9500,1,1,0,4,4,6,4,4,9500,1,1,0,4,4,6,4,4,9500,1,1,0,2025,3,8,2490000,3890000,1,1
202601,6,,활천동,48250,14,0,0,0,1,0,3,21,03,6,1,없음,50,7,0,0,0,3,2,4,1,10,2,1,1,1,1,8,3,3,1,1,G,472,3,1,3,4,4,6,4,4,9400,1,1,0,4,4,6,4,4,9400,1,1,0,4,4,6,4,4,9400,1,1,0,2025,3,9,2490000,3890000,1,1
202601,6,,활천동,48250,14,0,0,0,1,0,6,31,04,6,2,없음,100,6,0,0,0,2,2,4,1,10,2,1,1,1,1,8,2,3,1,1,I,561,3,1,3,4,4,6,4,4,9400,1,1,0,4,4,6,4,4,9400,1,1,0,4,4,6,4,4,9400,1,1,0,2024,3,10,2320000,1950000,1,1
202601,6,,활천동,48250,14,0,0,0,1,0,6,31,04,6,2,없음,100,6,0,0,0,2,2,4,1,10,2,1,1,1,1,8,2,3,2,1,F,411,3,1,3,3,3,4,3,3,5400,1,1,0,3,3,4,3,3,5400,1,1,0,3,3,4,3,3,5400,1,1,0,2025,3,10,2320000,1950000,1,1
202601,6,,활천동,48250,14,0,0,0,1,0,7,32,03,6,1,530,367,6,0,0,0,2,2,4,1,10,2,1,1,1,1,8,2,3,1,1,G,475,3,1,3,5,4,5,5,4,7400,1,1,0,5,4,5,5,4,7400,1,1,0,5,4,5,5,4,7400,1,1,0,2026,3,9,2400000,4030000,1,1
202601,6,,활천동,48250,14,0,0,0,1,0,7,32,03,6,1,530,367,6,0,0,0,2,2,4,1,10,2,1,1,1,1,8,2,3,1,1,M,739,3,1,3,5,4,5,5,4,7400,1,1,0,5,4,5,5,4,7400,1,1,0,5,4,5,5,4,7400,1,1,0,2024,3,9,2400000,4030000,1,1
202601,6,,활천동,48250,14,0,0,0,1,0,3,11,03,6,1,630,400,7,0,0,0,2,2,4,1,10,2,1,1,1,1,8,2,3,1,1,I,562,2,1,2,4,3,7,4,3,12900,1,1,0,4,3,7,4,3,12900,1,1,0,4,3,7,4,3,12900,1,1,0,2024,3,9,2410000,4210000,1,1
202601,6,,활천동,48250,14,0,0,0,1,0,3,11,03,6,1,630,400,7,0,0,0,2,2,4,1,10,2,1,1,1,1,8,2,3,1,1,S,961,2,1,2,4,3,7,4,3,12900,1,1,0,4,3,7,4,3,12900,1,1,0,4,3,7,4,3,12900,1,1,0,2024,3,9,2410000,4210000,1,1
202601,6,,활천동,48250,14,0,0,0,1,0,3,11,03,6,1,630,400,7,0,0,0,2,2,4,1,10,2,1,1,1,1,8,2,3,1,1,G,478,1,1,1,4,3,7,4,3,11400,1,1,0,4,3,7,4,3,11400,1,1,0,4,3,7,4,3,11400,1,1,0,2024,3,9,2410000,4210000,1,1
202601,6,,활천동,48250,14,0,0,0,1,0,3,11,03,6,1,630,400,7,0,0,0,2,2,4,1,10,2,1,1,1,1,8,2,3,1,1,I,561,2,1,2,4,3,7,4,3,12600,1,1,0,4,3,7,4,3,12600,1,1,0,4,3,7,4,3,12600,1,1,0,2025,3,10,2410000,4210000,1,1
202601,6,,활천동,48250,14,0,0,0,1,0,3,11,03,6,1,630,400,7,0,0,0,2,2,4,1,10,2,1,1,1,1,8,2,3,1,1,S,961,1,1,1,4,3,7,4,3,12400,1,1,0,4,3,7,4,3,12400,1,1,0,4,3,7,4,3,12400,1,1,0,2024,3,9,2410000,4210000,1,1
202601,6,,활천동,48250,22,0,0,0,1,0,3,21,03,7,1,없음,50,1,0,0,0,2,2,4,1,10,2,1,1,1,1,8,2,3,1,1,I,561,2,1,2,4,4,7,4,4,14200,1,1,0,4,4,7,4,4,14200,1,1,0,4,4,7,4,4,14200,1,1,0,2026,3,9,3360000,3350000,1,1
202601,6,,활천동,48250,22,0,0,0,1,0,3,21,03,7,1,없음,50,1,0,0,0,2,2,4,1,10,2,1,1,1,1,8,2,3,1,1,I,561,2,1,2,4,4,7,4,4,14200,1,1,0,4,4,7,4,4,14200,1,1,0,4,4,7,4,4,14200,1,1,0,2024,3,10,3360000,3350000,1,1
202601,6,,활천동,48250,22,0,0,0,1,0,3,21,03,7,1,없음,50,1,0,0,0,2,2,4,1,10,2,1,1,1,1,8,2,3,2,1,L,682,3,1,3,4,4,5,4,4,7600,1,1,0,4,4,5,4,4,7600,1,1,0,4,4,5,4,4,7600,1,1,0,2026,3,10,3360000,3350000,1,1
202601,6,,활천동,48250,22,0,0,0,1,0,5,32,04,4,1,없음,190,6,0,0,0,3,2,4,1,10,2,1,1,1,1,8,3,3,1,1,I,562,4,1,4,5,5,6,5,5,9100,1,1,0,5,5,6,5,5,9100,1,1,0,5,5,6,5,5,9100,1,1,0,2024,3,8,2310000,5970000,1,1
202601,6,,활천동,48250,22,0,0,0,1,0,3,21,03,8,1,950,10,2,0,0,0,2,2,4,1,10,2,1,1,1,1,8,2,3,1,1,R,912,2,1,2,3,4,7,6,4,14900,1,1,0,3,4,7,6,4,14900,1,1,0,3,4,7,6,4,14900,1,1,0,2025,3,10,3770000,4970000,1,1
202601,6,,활천동,48250,22,0,0,0,1,0,3,21,03,8,1,950,10,2,0,0,0,2,2,4,1,10,2,1,1,1,1,8,2,3,1,1,I,561,3,1,3,6,4,7,6,4,13300,1,1,0,6,4,7,6,4,13300,1,1,0,6,4,7,6,4,13300,1,1,0,2024,3,9,3770000,4970000,1,1
202601,6,,활천동,48250,14,0,0,0,1,0,5,32,04,6,1,766,55,6,0,0,0,1,1,2,1,10,1,1,1,1,1,8,1,3,1,1,I,561,2,1,2,4,3,7,4,3,10300,1,1,0,4,3,7,4,3,10300,1,1,0,4,3,7,4,3,10300,1,1,0,2024,3,7,2090000,3520000,1,1
202601,6,,활천동,48250,14,0,0,0,1,0,7,32,04,6,1,없음,200,7,0,0,0,2,1,2,1,10,1,1,1,1,1,8,2,3,1,1,I,561,2,1,2,4,4,7,4,4,15500,1,1,0,4,4,7,4,4,15500,1,1,0,4,4,7,4,4,15500,1,1,0,2025,3,10,2530000,4390000,1,2
202601,6,,활천동,48250,14,0,0,0,1,0,6,32,04,3,1,없음,110,2,0,1,0,3,2,4,1,10,2,1,1,1,1,8,3,3,1,1,I,561,4,1,4,6,6,7,6,6,14900,1,1,0,6,6,7,6,6,14900,1,1,0,6,6,7,6,6,14900,1,1,0,2025,3,9,2590000,8690000,1,1
202601,6,,0.비상권,48250,22,0,0,0,1,0,6,31,03,7,2,없음,127,8,0,0,0,1,1,3,1,10,1,1,1,1,1,8,1,3,1,1,C,106,2,1,2,4,3,6,4,3,9300,1,1,0,4,3,6,4,3,9300,1,1,0,4,3,6,4,3,9300,1,1,0,2025,3,9,2160000,1620000,1,1
202601,6,,0.비상권,48250,22,0,0,0,1,0,6,31,03,7,2,없음,127,8,0,0,0,1,1,3,1,10,1,1,1,1,1,8,1,3,2,1,C,106,2,1,2,3,3,5,3,3,6700,1,1,0,3,3,5,3,3,6700,1,1,0,3,3,5,3,3,6700,1,1,0,2025,3,9,2160000,1620000,1,1
202601,6,,0.비상권,48250,22,0,0,0,1,0,1,21,03,1,1,없음,86,4,0,0,0,2,2,4,1,10,1,1,1,1,1,8,2,3,1,1,G,473,2,1,2,4,4,7,4,4,17500,1,1,0,4,4,7,4,4,17500,1,1,0,4,4,7,4,4,17500,1,1,0,2024,3,9,3020000,2250000,1,1
202601,6,,0.비상권,48250,22,0,0,0,1,0,1,21,03,1,1,없음,86,4,0,0,0,2,2,4,1,10,1,1,1,1,1,8,2,3,1,1,G,472,2,1,2,4,4,7,4,4,18500,1,1,0,4,4,7,4,4,18500,1,1,0,4,4,7,4,4,18500,1,1,0,2025,3,10,3020000,2250000,1,1
202601,6,,0.비상권,48250,22,0,0,0,1,0,1,21,03,1,1,없음,86,4,0,0,0,2,2,4,1,10,1,1,1,1,1,8,2,3,2,6,0,999,3,1,3,1,1,1,4,3,5900,1,1,1,1,1,1,4,3,5900,1,1,1,1,1,1,4,3,5900,1,1,1,0,1,1,3020000,2250000,1,1
202601,6,,0.비상권,48250,22,0,0,0,1,0,1,12,03,1,1,없음,64,6,0,0,0,2,2,4,1,10,2,1,1,1,1,8,2,3,1,1,I,561,2,1,2,4,4,7,4,3,12300,1,1,0,4,4,7,4,3,12300,1,1,0,4,4,7,4,3,12300,1,1,0,2025,2,10,2270000,3390000,1,2
202601,6,,0.비상권,48250,22,0,0,0,1,0,1,12,03,1,1,없음,64,6,0,0,0,2,2,4,1,10,2,1,1,1,1,8,2,3,1,1,S,961,2,1,2,5,4,7,5,4,12400,1,1,0,5,4,7,5,4,12400,1,1,0,5,4,7,5,4,12400,1,1,0,2024,3,9,2270000,3390000,1,2
202601,6,,0.비상권,48250,22,0,0,0,1,0,1,21,03,1,1,없음,82,6,0,0,0,2,2,4,1,9,2,1,1,1,1,8,2,3,1,1,G,478,1,1,2,3,3,7,3,3,12300,1,1,0,3,3,7,3,3,12300,1,1,0,3,3,7,3,3,12300,1,1,0,2024,3,10,2380000,2640000,1,1
202601,6,,0.비상권,48250,22,0,0,0,1,0,1,21,03,1,1,없음,82,6,0,0,0,2,2,4,1,9,2,1,1,1,1,8,2,3,1,6,0,999,1,1,2,1,1,1,3,3,12200,1,1,1,1,1,1,3,3,12200,1,1,1,1,1,1,3,3,12200,1,1,1,0,1,1,2380000,2640000,1,1
202601,6,,0.비상권,48250,22,0,0,0,1,0,1,21,03,1,1,없음,82,6,0,0,0,2,2,4,1,9,2,1,1,1,1,8,2,3,2,1,S,961,2,1,3,3,3,5,3,3,6200,1,1,0,3,3,5,3,3,6200,1,1,0,3,3,5,3,3,6200,1,1,0,2025,3,6,2380000,2640000,1,1
202601,6,,0.비상권,48250,22,0,0,0,1,0,1,21,03,1,1,없음,50,6,0,0,0,2,2,4,1,10,2,1,1,1,1,8,2,3,1,1,I,561,3,1,3,3,3,4,3,3,5500,1,1,0,3,3,4,3,3,5500,1,1,0,3,3,4,3,3,5500,1,1,0,2025,3,9,2470000,3660000,1,1
202601,6,,0.비상권,48250,22,0,0,0,1,0,1,21,03,1,1,없음,50,6,0,0,0,2,2,4,1,10,2,1,1,1,1,8,2,3,1,1,G,472,2,1,2,4,4,7,4,4,14900,1,1,0,4,4,7,4,4,14900,1,1,0,4,4,7,4,4,14900,1,1,0,2025,3,9,2470000,3660000,1,1
202601,6,,0.비상권,48250,22,0,0,0,1,0,1,21,03,1,1,없음,50,6,0,0,0,2,2,4,1,10,2,1,1,1,1,8,2,3,1,1,I,561,2,1,2,5,3,7,5,3,14100,1,1,0,5,3,7,5,3,14100,1,1,0,5,3,7,5,3,14100,1,1,0,2024,3,10,2470000,3660000,1,1
202601,6,,0.비상권,48250,22,0,0,0,1,0,3,32,04,1,1,없음,56,8,0,0,0,2,2,4,1,10,2,1,1,1,1,8,2,3,1,1,I,561,3,1,3,6,3,5,6,3,6900,1,1,0,6,3,5,6,3,6900,1,1,0,6,3,5,6,3,6900,1,1,0,2025,3,9,2200000,3090000,1,1
202601,6,,0.비상권,48250,22,0,0,0,1,0,3,32,04,1,1,없음,56,8,0,0,0,2,2,4,1,10,2,1,1,1,1,8,2,3,2,1,S,969,3,1,3,3,3,3,3,3,3400,1,1,0,3,3,3,3,3,3400,1,1,0,3,3,3,3,3,3400,1,1,0,2025,3,8,2200000,3090000,1,1
202601,6,,0.비상권,48250,22,0,0,0,1,0,2,12,03,1,1,없음,39,7,0,0,0,1,2,4,1,10,2,1,1,1,1,8,1,3,1,1,I,561,4,1,4,6,5,7,6,5,16700,1,1,0,6,5,7,6,5,16700,1,1,0,6,5,7,6,5,16700,1,1,0,2025,3,9,2560000,2080000,1,3
202601,6,,밀양원도심/삼문동,48270,22,0,200,0,1,0,6,31,03,8,2,없음,31,6,0,0,0,2,2,4,1,9,1,1,1,1,1,8,2,3,1,6,0,999,3,1,3,1,1,1,5,4,9200,1,1,1,1,1,1,5,4,9200,1,1,1,1,1,1,5,4,9200,1,1,1,0,1,1,3700000,2410000,1,1
202601,6,,밀양원도심/삼문동,48270,22,0,200,0,1,0,6,31,03,8,2,없음,31,6,0,0,0,2,2,4,1,9,1,1,1,1,1,8,2,3,2,1,S,961,3,1,3,3,3,3,3,3,3200,1,1,0,3,3,3,3,3,3200,1,1,0,3,3,3,3,3,3200,1,1,0,2025,2,8,3700000,2410000,1,1
202601,6,,밀양원도심/삼문동,48270,22,0,200,0,1,0,1,51,03,7,1,없음,41,6,0,0,0,1,1,2,1,10,1,1,1,1,1,8,1,3,1,1,G,474,1,1,1,5,3,8,5,3,20700,1,1,0,5,3,8,5,3,20700,1,1,0,5,3,8,5,3,20700,1,1,0,2024,3,8,3880000,6140000,1,2
202601,6,,밀양원도심/삼문동,48270,22,0,200,0,1,0,1,51,03,7,1,없음,41,6,0,0,0,1,1,2,1,10,1,1,1,1,1,8,1,3,1,6,0,999,1,1,1,1,1,1,4,3,21600,1,1,1,1,1,1,4,3,21600,1,1,1,1,1,1,4,3,21600,1,1,1,0,1,1,3880000,6140000,1,2
202601,6,,밀양원도심/삼문동,48270,22,0,200,0,1,0,1,21,03,6,2,없음,30,4,0,0,0,1,2,4,1,10,1,1,1,1,1,8,1,3,1,1,G,478,2,1,2,3,4,7,3,4,10800,1,1,0,3,4,7,3,4,10800,1,1,0,3,4,7,3,4,10800,1,1,0,2024,5,4,3090000,2640000,1,1
202601,6,,밀양원도심/삼문동,48270,22,0,200,0,1,0,1,21,03,6,2,없음,30,4,0,0,0,1,2,4,1,10,1,1,1,1,1,8,1,3,2,2,0,999,2,1,2,1,1,1,3,3,4600,1,1,0,1,1,1,3,3,4600,1,1,0,1,1,1,3,3,4600,1,1,0,0,1,1,3090000,2640000,1,1
202601,6,,밀양원도심/삼문동,48270,22,0,0,0,1,0,1,21,03,8,2,없음,91,4,0,0,0,1,2,4,1,10,1,1,1,1,1,8,1,3,1,1,G,478,2,1,2,5,4,7,5,4,16600,1,1,0,5,4,7,5,4,16600,1,1,0,5,4,7,5,4,16600,1,1,0,2026,2,9,3710000,2560000,1,1
202601,6,,밀양원도심/삼문동,48270,22,0,0,0,1,0,1,21,03,8,2,없음,91,4,0,0,0,1,2,4,1,10,1,1,1,1,1,8,1,3,2,6,0,999,2,1,2,1,1,1,3,3,5000,1,1,1,1,1,1,3,3,5000,1,1,1,1,1,1,3,3,5000,1,1,1,0,1,1,3710000,2560000,1,1
202601,6,,밀양원도심/삼문동,48270,22,0,0,0,1,0,1,21,03,7,2,없음,19,7,0,0,0,1,1,3,1,9,1,1,1,1,1,8,1,3,1,1,G,478,2,1,2,5,3,7,5,3,11700,1,1,0,5,3,7,5,3,11700,1,1,0,5,3,7,5,3,11700,1,1,0,2025,3,10,3280000,2120000,1,1
202601,6,,밀양원도심/삼문동,48270,22,0,0,0,1,0,1,21,03,7,2,없음,19,7,0,0,0,1,1,3,1,9,1,1,1,1,1,8,1,3,2,6,0,999,2,1,2,1,1,1,3,3,4500,1,1,1,1,1,1,3,3,4500,1,1,1,1,1,1,3,3,4500,1,1,1,0,1,1,3280000,2120000,1,1
202601,6,,밀양원도심/삼문동,48270,22,0,0,0,1,0,1,21,03,6,2,없음,19,7,0,0,0,2,2,4,1,10,1,1,1,1,1,8,1,3,1,1,G,474,2,1,2,5,4,7,5,4,11900,1,1,0,5,4,7,5,4,11900,1,1,0,5,4,7,5,4,11900,1,1,0,2025,3,9,3040000,2380000,1,1
202601,6,,밀양원도심/삼문동,48270,22,0,0,0,1,0,1,21,03,6,2,없음,19,7,0,0,0,2,2,4,1,10,1,1,1,1,1,8,1,3,2,6,0,999,2,1,2,1,1,1,3,3,4000,1,1,1,1,1,1,3,3,4000,1,1,1,1,1,1,3,3,4000,1,1,1,0,1,1,3040000,2380000,1,1
202601,6,,밀양원도심/삼문동,48270,22,0,0,0,1,0,4,21,03,8,2,없음,23,7,0,0,0,1,1,3,1,9,1,1,1,1,1,8,1,3,1,1,G,478,2,1,2,5,4,8,5,4,19700,1,1,0,5,4,8,5,4,19700,1,1,0,5,4,8,5,4,19700,1,1,0,2024,3,10,4290000,2710000,1,2
202601,6,,밀양원도심/삼문동,48270,22,0,0,0,1,0,4,21,03,8,2,없음,23,7,0,0,0,1,1,3,1,9,1,1,1,1,1,8,1,3,2,1,S,961,2,1,2,3,3,7,3,3,10600,1,1,0,3,3,7,3,3,10600,1,1,0,3,3,7,3,3,10600,1,1,0,2025,3,9,4290000,2710000,1,2
202601,6,,밀양원도심/삼문동,48270,22,0,0,0,1,0,1,12,03,5,1,없음,17,7,0,0,0,2,1,3,1,10,1,1,1,1,1,8,2,3,1,6,0,999,3,1,3,1,1,1,5,4,10900,1,1,1,1,1,1,5,4,10900,1,1,1,1,1,1,5,4,10900,1,1,1,0,1,1,3250000,5800000,1,1
202601,6,,밀양원도심/삼문동,48270,22,0,0,0,1,0,4,21,04,9,2,없음,22,7,0,0,0,2,2,4,1,10,2,1,1,1,1,8,2,3,1,1,G,476,3,1,3,5,4,7,5,4,11600,1,1,0,5,4,7,5,4,11600,1,1,0,5,4,7,5,4,11600,1,1,0,2025,3,7,3410000,2370000,1,1
202601,6,,밀양원도심/삼문동,48270,22,0,0,0,1,0,4,21,04,9,2,없음,22,7,0,0,0,2,2,4,1,10,2,1,1,1,1,8,2,3,2,1,P,855,3,1,3,4,3,5,4,3,7200,1,1,0,4,3,5,4,3,7200,1,1,0,4,3,5,4,3,7200,1,1,0,2025,3,7,3410000,2370000,1,1
202601,6,,밀양원도심/삼문동,48270,22,0,0,0,1,0,8,31,03,7,2,없음,25,6,0,0,0,2,2,4,2,8,1,1,1,1,1,8,2,3,1,6,0,999,3,1,3,1,1,1,5,4,8100,1,1,1,1,1,1,5,4,8100,1,1,1,1,1,1,5,4,8100,1,1,1,0,1,1,2820000,2110000,1,1
202601,6,,밀양원도심/삼문동,48270,22,0,0,0,1,0,8,31,03,7,2,없음,25,6,0,0,0,2,2,4,2,8,1,1,1,1,1,8,2,3,2,1,P,855,3,1,3,4,3,4,4,3,4200,1,1,0,4,3,4,4,3,4200,1,1,0,4,3,4,4,3,4200,1,1,0,2026,3,9,2820000,2110000,1,1
202601,6,,밀양원도심/삼문동,48270,14,0,0,0,1,0,8,21,04,6,2,없음,57,4,0,0,0,1,1,2,1,10,1,1,1,1,1,8,1,3,1,1,G,464,1,1,1,5,3,8,5,3,21000,1,1,0,5,3,8,5,3,21000,1,1,0,5,3,8,5,3,21000,1,1,0,2024,3,9,2870000,2530000,1,3
202601,6,,밀양원도심/삼문동,48270,14,0,0,0,1,0,8,21,04,6,2,없음,57,4,0,0,0,1,1,2,1,10,1,1,1,1,1,8,1,3,2,1,S,961,1,1,1,4,3,7,4,3,10700,1,1,0,4,3,7,4,3,10700,1,1,0,4,3,7,4,3,10700,1,1,0,2025,3,10,2870000,2530000,1,3
202601,6,,밀양원도심/삼문동,48270,22,0,0,0,1,0,6,21,03,6,2,없음,38,6,0,1,0,2,2,4,1,10,2,1,1,1,1,8,2,3,1,1,G,472,4,1,4,4,5,7,4,5,10000,1,1,0,4,5,7,4,5,10000,1,1,0,4,5,7,4,5,10000,1,1,0,2025,3,10,2640000,2600000,1,1
202601,6,,밀양원도심/삼문동,48270,22,0,0,0,1,0,6,21,03,6,2,없음,38,6,0,1,0,2,2,4,1,10,2,1,1,1,1,8,2,3,2,1,P,855,3,1,4,5,4,5,4,3,4900,1,1,0,5,4,5,4,3,4900,1,1,0,5,4,5,4,3,4900,1,1,0,2025,2,10,2640000,2600000,1,1
202601,6,,밀양원도심/삼문동,48270,22,0,0,0,1,0,8,21,03,8,2,없음,127,7,0,0,0,1,1,2,1,10,1,1,1,1,1,8,1,3,1,1,I,561,2,1,2,3,3,7,3,3,12200,1,1,0,3,3,7,3,3,12200,1,1,0,3,3,7,3,3,12200,1,1,0,2024,3,9,2790000,1880000,1,3
202601,6,,밀양원도심/삼문동,48270,22,0,0,0,1,0,8,21,03,8,2,없음,127,7,0,0,0,1,1,2,1,10,1,1,1,1,1,8,1,3,2,1,S,961,1,1,2,3,3,6,3,3,8000,1,1,0,3,3,6,3,3,8000,1,1,0,3,3,6,3,3,8000,1,1,0,2025,3,10,2790000,1880000,1,3
202601,6,,밀양원도심/삼문동,48270,14,0,0,0,1,0,8,21,03,6,2,없음,70,7,0,0,0,1,2,4,1,9,2,1,1,1,1,8,1,3,1,1,I,561,2,1,2,4,4,7,4,4,11200,1,1,0,4,4,7,4,4,11200,1,1,0,4,4,7,4,4,11200,1,1,0,2025,3,10,2890000,2410000,1,1
202601,6,,밀양원도심/삼문동,48270,14,0,0,0,1,0,8,21,03,6,2,없음,70,7,0,0,0,1,2,4,1,9,2,1,1,1,1,8,1,3,2,1,S,961,2,1,2,3,3,5,3,3,6200,1,1,0,3,3,5,3,3,6200,1,1,0,3,3,5,3,3,6200,1,1,0,2024,3,9,2890000,2410000,1,1
202601,6,,밀양원도심/삼문동,48270,14,0,0,0,1,0,7,32,03,6,1,없음,97,8,0,0,0,2,1,2,1,10,1,1,1,1,1,8,2,3,1,1,S,961,2,1,2,5,4,7,5,4,10200,1,1,0,5,4,7,5,4,10200,1,1,0,5,4,7,5,4,10200,1,1,0,2025,3,8,1110000,2010000,1,1
202601,6,,밀양원도심/삼문동,48270,22,0,0,0,1,0,1,51,03,10,1,없음,57,6,0,0,0,2,2,4,1,10,1,1,1,1,1,8,2,3,1,1,G,474,1,1,1,4,3,5,4,3,9800,1,1,0,4,3,5,4,3,9800,1,1,0,4,3,5,4,3,9800,1,1,0,2025,3,10,1600000,1600000,1,1
202601,6,,밀양원도심/삼문동,48270,22,0,0,0,1,0,1,51,03,10,1,없음,57,6,0,0,0,2,2,4,1,10,1,1,1,1,1,8,2,3,1,6,0,999,1,1,1,1,1,1,4,3,10500,1,1,1,1,1,1,4,3,10500,1,1,1,1,1,1,4,3,10500,1,1,1,0,1,1,1600000,1600000,1,1
202601,6,,밀양원도심/삼문동,48270,22,0,0,0,1,0,1,51,03,10,1,없음,57,6,0,0,0,2,2,4,1,10,1,1,1,1,1,8,2,3,1,6,0,999,3,1,3,1,1,1,4,3,6700,1,1,1,1,1,1,4,3,6700,1,1,1,1,1,1,4,3,6700,1,1,1,0,1,1,1600000,1600000,1,1
202601,6,,밀양원도심/삼문동,48270,22,0,0,0,1,0,5,21,03,8,2,없음,119,5,0,0,0,2,2,4,1,10,2,1,1,1,1,8,2,3,1,1,I,561,2,1,2,4,3,7,4,3,10000,1,1,0,4,3,7,4,3,10000,1,1,0,4,3,7,4,3,10000,1,1,0,2024,3,10,2080000,2060000,1,1
202601,6,,밀양원도심/삼문동,48270,22,0,0,0,1,0,5,21,03,8,2,없음,119,5,0,0,0,2,2,4,1,10,2,1,1,1,1,8,2,3,1,1,G,472,2,1,2,4,3,6,4,3,8100,1,1,0,4,3,6,4,3,8100,1,1,0,4,3,6,4,3,8100,1,1,0,2024,3,8,2080000,2060000,1,1
202601,6,,밀양원도심/삼문동,48270,22,0,0,0,1,0,5,21,03,8,2,없음,119,5,0,0,0,2,2,4,1,10,2,1,1,1,1,8,2,3,2,2,0,999,3,1,3,1,1,1,4,3,3100,1,1,0,1,1,1,4,3,3100,1,1,0,1,1,1,4,3,3100,1,1,0,0,1,1,2080000,2060000,1,1
202601,6,,밀양원도심/삼문동,48270,22,0,200,0,1,0,1,51,03,7,1,없음,92,6,0,0,0,2,1,3,1,10,1,1,1,1,1,8,2,3,1,1,I,561,3,1,3,5,4,7,5,4,10700,1,1,0,5,4,7,5,4,10700,1,1,0,5,4,7,5,4,10700,1,1,0,2025,3,10,1550000,2290000,1,2
202601,6,,밀양원도심/삼문동,48270,22,0,200,0,1,0,1,51,03,3,1,없음,24,7,0,0,0,1,1,1,1,10,1,1,1,1,1,8,1,3,1,1,G,478,1,1,1,3,3,8,3,3,27000,1,1,0,3,3,8,3,3,27000,1,1,0,3,3,8,3,3,27000,1,1,0,2025,3,9,1770000,8060000,1,2
202601,6,,밀양원도심/삼문동,48270,14,0,0,0,1,0,8,31,03,5,1,없음,100,1,0,1,0,3,2,4,1,10,2,1,1,1,1,8,3,3,1,1,I,561,4,1,4,6,5,7,6,5,11400,1,1,0,6,5,7,6,5,11400,1,1,0,6,5,7,6,5,11400,1,1,0,2024,3,10,2160000,4600000,1,1
202601,6,,밀양원도심/삼문동,48270,14,0,0,0,1,0,8,31,03,5,1,없음,100,1,0,1,0,3,2,4,1,10,2,1,1,1,1,8,3,3,1,1,I,561,4,1,4,6,5,7,6,5,9900,1,1,0,6,5,7,6,5,9900,1,1,0,6,5,7,6,5,9900,1,1,0,2024,3,9,2160000,4600000,1,1
202601,6,,밀양원도심/삼문동,48270,14,0,0,0,1,0,7,31,03,5,1,없음,220,4,0,1,0,3,2,4,1,10,2,1,1,1,1,8,3,3,1,1,I,562,4,1,4,6,5,7,6,5,11300,1,1,0,6,5,7,6,5,11300,1,1,0,6,5,7,6,5,11300,1,1,0,2025,3,10,1950000,4300000,1,2
202601,6,,밀양원도심/삼문동,48270,14,0,0,0,1,0,7,31,03,5,1,없음,220,4,0,1,0,3,2,4,1,10,2,1,1,1,1,8,3,3,1,1,I,561,4,1,4,5,5,7,5,5,10900,1,1,0,5,5,7,5,5,10900,1,1,0,5,5,7,5,5,10900,1,1,0,2026,3,10,1950000,4300000,1,2
202601,6,,밀양원도심/삼문동,48270,14,0,0,0,1,0,7,32,04,6,1,없음,190,4,0,0,0,2,2,4,1,10,2,1,1,1,1,8,2,3,1,1,I,561,4,1,4,6,5,7,6,5,12100,1,1,0,6,5,7,6,5,12100,1,1,0,6,5,7,6,5,12100,1,1,0,2025,3,9,1970000,3290000,1,2
202601,6,,밀양원도심/삼문동,48270,14,0,0,0,1,0,7,32,04,6,1,없음,190,4,0,0,0,2,2,4,1,10,2,1,1,1,1,8,2,3,1,1,M,739,2,1,2,4,4,7,4,4,12000,1,1,0,4,4,7,4,4,12000,1,1,0,4,4,7,4,4,12000,1,1,0,2025,3,10,1970000,3290000,1,2
202601,6,,거제옥포,48310,22,0,0,0,1,0,7,21,04,7,2,없음,28,4,0,0,0,2,2,4,1,9,2,1,1,1,1,8,2,2,1,1,G,479,2,1,3,4,4,7,4,4,12500,1,1,0,4,4,7,4,4,12500,1,1,0,4,4,7,4,4,12500,1,1,0,2025,3,10,3620000,2730000,1,1
202601,6,,거제옥포,48310,22,0,0,0,1,0,7,21,04,7,2,없음,28,4,0,0,0,2,2,4,1,9,2,1,1,1,1,8,2,2,2,1,G,478,2,1,3,4,4,6,4,4,7800,1,1,0,4,4,6,4,4,7800,1,1,0,4,4,6,4,4,7800,1,1,0,2024,3,9,3620000,2730000,1,1
202601,6,,거제옥포,48310,22,0,0,0,1,0,6,32,04,8,1,없음,121,4,0,0,0,1,1,2,1,10,1,1,1,1,1,8,1,2,1,6,0,999,2,1,2,1,1,1,4,4,12700,1,1,1,1,1,1,4,4,12700,1,1,1,1,1,1,4,4,12700,1,1,1,0,1,1,2640000,3610000,1,1
202601,6,,거제옥포,48310,22,0,0,0,1,0,4,32,04,4,1,없음,166,6,0,0,0,2,1,2,1,10,1,1,1,1,1,8,2,2,1,1,I,561,2,1,2,4,3,6,4,4,10000,1,1,0,4,3,6,4,4,10000,1,1,0,4,3,6,4,4,10000,1,1,0,2024,3,10,2120000,6260000,1,1
202601,6,,거제옥포,48310,14,0,0,0,1,0,1,11,03,6,2,없음,131,7,0,0,0,2,2,4,1,10,2,1,1,1,1,8,2,2,1,1,G,472,2,1,2,4,3,4,4,3,5300,1,1,0,4,3,4,4,3,5300,1,1,0,4,3,4,4,3,5300,1,1,0,2025,3,10,1850000,1750000,1,1
202601,6,,거제옥포,48310,14,0,0,0,1,0,1,11,03,6,2,없음,131,7,0,0,0,2,2,4,1,10,2,1,1,1,1,8,2,2,1,1,I,561,2,1,2,4,3,4,4,3,5300,1,1,0,4,3,4,4,3,5300,1,1,0,4,3,4,4,3,5300,1,1,0,2025,3,8,1850000,1750000,1,1
202601,6,,거제옥포,48310,14,0,0,0,1,0,1,11,03,6,2,없음,131,7,0,0,0,2,2,4,1,10,2,1,1,1,1,8,2,2,2,1,0,999,3,1,3,3,3,3,3,3,3400,1,1,0,3,3,3,3,3,3400,1,1,0,3,3,3,3,3,3400,1,1,0,2025,3,9,1850000,1750000,1,1
202601,6,,거제옥포,48310,14,0,0,0,1,0,1,11,03,6,2,없음,74,6,0,0,0,2,2,4,1,9,1,1,1,1,1,8,2,2,1,1,S,961,1,1,2,3,3,6,3,3,9100,1,1,0,3,3,6,3,3,9100,1,1,0,3,3,6,3,3,9100,1,1,0,2025,3,10,1910000,1890000,1,1
202601,6,,거제옥포,48310,14,0,0,0,1,0,1,11,03,6,2,없음,74,6,0,0,0,2,2,4,1,9,1,1,1,1,1,8,2,2,1,1,I,561,1,1,2,3,3,6,3,3,8900,1,1,0,3,3,6,3,3,8900,1,1,0,3,3,6,3,3,8900,1,1,0,2025,3,10,1910000,1890000,1,1
202601,6,,거제옥포,48310,14,0,0,0,1,0,1,11,03,6,2,없음,74,6,0,0,0,2,2,4,1,9,1,1,1,1,1,8,2,2,2,2,0,999,2,1,2,1,1,1,3,3,4100,1,1,0,1,1,1,3,3,4100,1,1,0,1,1,1,3,3,4100,1,1,0,0,1,1,1910000,1890000,1,1
202601,6,,거제옥포,48310,22,0,0,0,1,0,1,32,03,5,1,없음,90,6,0,0,0,2,1,3,1,10,1,1,1,1,1,8,2,2,1,1,S,961,2,1,2,4,3,7,4,3,12300,1,1,0,4,3,7,4,3,12300,1,1,0,4,3,7,4,3,12300,1,1,0,2026,3,8,2130000,3510000,1,1
202601,6,,거제옥포,48310,22,0,0,0,1,0,1,32,03,5,1,없음,90,6,0,0,0,2,1,3,1,10,1,1,1,1,1,8,2,2,1,1,G,463,2,1,2,4,3,7,4,3,12300,1,1,0,4,3,7,4,3,12300,1,1,0,4,3,7,4,3,12300,1,1,0,2025,3,10,2130000,3510000,1,1
202601,6,,거제옥포,48310,22,0,0,0,1,0,3,21,03,3,1,없음,62,6,0,0,0,3,2,4,1,10,2,1,1,1,1,8,3,2,1,1,F,424,2,1,2,4,3,7,4,3,9900,1,1,0,4,3,7,4,3,9900,1,1,0,4,3,7,4,3,9900,1,1,0,2024,3,9,1970000,3570000,2,1
202601,6,,거제옥포,48310,22,0,0,0,1,0,3,21,03,3,1,없음,62,6,0,0,0,3,2,4,1,10,2,1,1,1,1,8,3,2,1,1,S,961,2,1,2,4,3,7,4,3,9900,1,1,0,4,3,7,4,3,9900,1,1,0,4,3,7,4,3,9900,1,1,0,2025,3,8,1970000,3570000,2,1
202601,6,,거제옥포,48310,22,0,0,0,1,0,3,21,03,3,1,없음,62,6,0,0,0,3,2,4,1,10,2,1,1,1,1,8,3,2,2,2,0,999,3,1,3,1,1,1,3,3,4500,1,1,0,1,1,1,3,3,4500,1,1,0,1,1,1,3,3,4500,1,1,0,0,1,1,1970000,3570000,2,1
202601,6,,거제옥포,48310,14,0,0,0,1,0,1,21,03,6,2,없음,149,7,0,0,0,2,2,4,1,10,2,1,1,1,1,8,2,2,1,1,G,471,3,1,3,4,3,5,4,3,6300,1,1,0,4,3,5,4,3,6300,1,1,0,4,3,5,4,3,6300,1,1,0,2024,5,10,1750000,1530000,1,1
202601,6,,거제옥포,48310,14,0,0,0,1,0,1,21,03,6,2,없음,149,7,0,0,0,2,2,4,1,10,2,1,1,1,1,8,2,2,2,1,P,856,3,1,3,4,3,3,4,3,3700,1,1,0,4,3,3,4,3,3700,1,1,0,4,3,3,4,3,3700,1,1,0,2025,3,10,1750000,1530000,1,1
202601,6,,거제옥포,48310,14,0,0,0,1,0,5,32,04,6,1,없음,119,6,0,0,0,2,2,4,1,10,2,1,1,1,1,8,2,2,1,1,I,561,4,1,4,4,5,7,4,5,10900,1,1,0,4,5,7,4,5,10900,1,1,0,4,5,7,4,5,10900,1,1,0,2025,3,9,1610000,2740000,1,1
202601,6,,거제옥포,48310,14,0,0,0,1,0,3,21,03,6,2,없음,113,6,0,1,0,2,2,4,1,10,2,1,2,1,1,8,2,2,1,1,S,961,2,1,2,4,4,7,4,4,9800,1,1,0,4,4,7,4,4,9800,1,1,0,4,4,7,4,4,9800,1,1,0,2021,5,8,2030000,1900000,1,1
202601,6,,거제옥포,48310,14,0,0,0,1,0,3,21,03,6,2,없음,113,6,0,1,0,2,2,4,1,10,2,1,2,1,1,8,2,2,1,1,S,961,2,1,2,3,4,6,4,4,9800,1,1,0,3,4,6,4,4,9800,1,1,0,3,4,6,4,4,9800,1,1,0,2025,3,10,2030000,1900000,1,1
202601,6,,거제옥포,48310,14,0,0,0,1,0,3,21,03,6,2,없음,113,6,0,1,0,2,2,4,1,10,2,1,2,1,1,8,2,2,2,2,0,999,4,1,4,1,1,1,3,3,3800,1,1,0,1,1,1,3,3,3800,1,1,0,1,1,1,3,3,3800,1,1,0,0,1,1,2030000,1900000,1,1
202601,6,,거제옥포,48310,22,0,0,0,1,0,4,32,03,6,1,없음,80,6,0,1,0,3,2,4,1,10,2,2,1,1,1,8,3,2,1,6,0,999,4,1,4,1,1,1,5,4,5300,1,1,1,1,1,1,5,4,5300,1,1,1,1,1,1,5,4,5300,1,1,1,0,1,1,1840000,3160000,1,1
202601,6,,거제옥포,48310,22,0,0,0,1,0,4,32,03,6,1,없음,80,6,0,1,0,3,2,4,1,10,2,2,1,1,1,8,3,2,1,1,I,561,4,1,4,5,4,4,5,4,5300,1,1,0,5,4,4,5,4,5300,1,1,0,5,4,4,5,4,5300,1,1,0,2024,3,5,1840000,3160000,1,1
202601,6,,거제옥포,48310,22,0,0,0,1,0,2,32,03,6,1,없음,68,4,0,0,0,2,2,4,1,10,2,1,1,1,1,8,2,2,1,1,G,472,2,1,2,5,5,9,5,5,29200,1,1,0,5,5,9,5,5,29200,1,1,0,5,5,9,5,5,29200,1,1,0,2024,4,8,3840000,6560000,1,1
202601,6,,거제옥포,48310,22,0,0,0,1,0,2,32,03,6,1,없음,68,4,0,0,0,2,2,4,1,10,2,1,1,1,1,8,2,2,1,6,0,999,2,1,2,1,1,1,5,5,29200,1,1,1,1,1,1,5,5,29200,1,1,1,1,1,1,5,5,29200,1,1,1,0,1,1,3840000,6560000,1,1
202601,6,,거제옥포,48310,22,0,0,0,1,0,2,32,03,6,1,없음,68,4,0,0,0,2,2,4,1,10,2,1,1,1,1,8,2,2,1,1,I,561,2,1,2,5,5,9,5,5,29200,1,1,0,5,5,9,5,5,29200,1,1,0,5,5,9,5,5,29200,1,1,0,2023,4,7,3840000,6560000,1,1
202601,6,,거제옥포,48310,22,0,0,0,1,0,3,32,04,8,1,없음,107,1,0,0,0,3,2,4,1,10,2,1,1,1,1,8,3,2,1,1,G,474,4,1,4,6,6,7,6,6,13400,1,1,0,6,6,7,6,6,13400,1,1,0,6,6,7,6,6,13400,1,1,0,2024,4,8,4000000,5050000,1,1
202601,6,,거제옥포,48310,22,0,0,0,1,0,3,32,04,8,1,없음,25,5,0,1,0,3,2,4,1,10,2,1,1,1,1,8,3,2,1,1,I,562,2,1,2,4,4,7,4,4,14800,1,1,0,4,4,7,4,4,14800,1,1,0,4,4,7,4,4,14800,1,1,0,2025,3,9,2390000,3220000,1,1
202601,6,,거제옥포,48310,22,0,0,0,1,0,3,32,04,8,1,없음,25,5,0,1,0,3,2,4,1,10,2,1,1,1,1,8,3,2,1,1,I,561,2,1,2,4,4,7,4,4,14800,1,1,0,4,4,7,4,4,14800,1,1,0,4,4,7,4,4,14800,1,1,0,2025,3,10,2390000,3220000,1,1
202601,6,,거제옥포,48310,22,0,0,0,1,0,3,32,04,8,1,없음,25,5,0,1,0,3,2,4,1,10,2,1,1,1,1,8,3,2,1,1,I,561,2,1,2,4,4,7,4,4,14800,1,1,0,4,4,7,4,4,14800,1,1,0,4,4,7,4,4,14800,1,1,0,2024,3,7,2390000,3220000,1,1
202601,6,,거제옥포,48310,22,0,0,0,1,0,3,32,04,8,1,없음,25,5,0,1,0,3,2,4,1,10,2,1,1,1,1,8,3,2,1,1,I,561,3,1,3,5,5,7,5,5,16600,1,1,0,5,5,7,5,5,16600,1,1,0,5,5,7,5,5,16600,1,1,0,2024,3,9,2390000,3220000,1,1
202601,6,,거제옥포,48310,14,0,0,0,1,0,3,21,03,1,1,없음,88,4,0,0,0,2,2,4,1,10,1,2,1,1,1,8,2,2,1,6,0,999,2,1,2,1,1,1,4,4,14300,1,1,1,1,1,1,4,4,14300,1,1,1,1,1,1,4,4,14300,1,1,1,0,1,1,2220000,1890000,1,1
202601,6,,거제옥포,48310,14,0,0,0,1,0,3,21,03,1,1,없음,88,4,0,0,0,2,2,4,1,10,1,2,1,1,1,8,2,2,1,1,I,562,2,1,2,3,4,7,4,4,14300,1,1,0,3,4,7,4,4,14300,1,1,0,3,4,7,4,4,14300,1,1,0,2025,3,10,2220000,1890000,1,1
202601,6,,거제옥포,48310,14,0,0,0,1,0,3,21,03,1,1,없음,88,4,0,0,0,2,2,4,1,10,1,2,1,1,1,8,2,2,2,6,0,999,3,1,3,1,1,1,4,3,6000,1,1,1,1,1,1,4,3,6000,1,1,1,1,1,1,4,3,6000,1,1,1,0,1,1,2220000,1890000,1,1
202601,6,,거제옥포,48310,14,0,0,0,1,0,3,21,03,6,2,없음,30,4,0,0,0,2,2,4,1,10,2,1,1,1,1,8,2,2,1,1,G,472,1,1,1,4,3,7,4,3,11800,1,1,0,4,3,7,4,3,11800,1,1,0,4,3,7,4,3,11800,1,1,0,2025,3,9,2340000,2000000,1,1
202601,6,,거제옥포,48310,14,0,0,0,1,0,3,21,03,6,2,없음,30,4,0,0,0,2,2,4,1,10,2,1,1,1,1,8,2,2,1,6,0,999,3,1,3,1,1,1,5,4,11700,1,1,1,1,1,1,5,4,11700,1,1,1,1,1,1,5,4,11700,1,1,1,0,1,1,2340000,2000000,1,1
202601,6,,거제옥포,48310,14,0,0,0,1,0,3,21,03,6,2,없음,30,4,0,0,0,2,2,4,1,10,2,1,1,1,1,8,2,2,2,1,G,478,4,1,4,5,4,5,4,4,6800,1,1,0,5,4,5,4,4,6800,1,1,0,5,4,5,4,4,6800,1,1,0,2025,3,9,2340000,2000000,1,1
202601,6,,거제옥포,48310,22,0,0,0,1,0,5,32,04,7,1,없음,245,6,0,1,0,2,2,4,1,10,2,1,1,1,1,8,2,2,1,1,I,561,3,1,3,3,4,6,3,4,9400,1,1,0,3,4,6,3,4,9400,1,1,0,3,4,6,3,4,9400,1,1,0,2025,3,10,2460000,3730000,1,1
202601,6,,거제옥포,48310,22,0,0,0,1,0,5,32,04,7,1,없음,245,6,0,1,0,2,2,4,1,10,2,1,1,1,1,8,2,2,1,1,I,561,4,1,4,4,4,5,4,4,7800,1,1,0,4,4,5,4,4,7800,1,1,0,4,4,5,4,4,7800,1,1,0,2024,3,10,2460000,3730000,1,1
202601,6,,거제옥포,48310,22,0,0,0,1,0,5,32,16,8,1,없음,330,6,0,1,0,3,2,4,1,10,2,1,1,1,1,8,3,2,1,1,I,562,4,1,4,6,5,7,6,5,12000,1,1,0,6,5,7,6,5,12000,1,1,0,6,5,7,6,5,12000,1,1,0,2025,3,8,2870000,3650000,1,1
202601,6,,거제옥포,48310,22,0,0,0,1,0,5,32,16,8,1,없음,330,6,0,1,0,3,2,4,1,10,2,1,1,1,1,8,3,2,1,1,I,562,4,1,4,6,5,7,6,5,11800,1,1,0,6,5,7,6,5,11800,1,1,0,6,5,7,6,5,11800,1,1,0,2025,3,10,2870000,3650000,1,1
202601,6,,거제옥포,48310,22,0,0,0,1,0,5,32,16,7,1,없음,280,5,0,1,0,3,2,4,1,10,1,2,1,1,1,8,3,2,1,6,0,999,4,1,4,1,1,1,5,5,11800,1,1,1,1,1,1,5,5,11800,1,1,1,1,1,1,5,5,11800,1,1,1,0,1,1,2830000,4600000,1,1
202601,6,,거제옥포,48310,22,0,0,0,1,0,5,32,16,7,1,없음,280,5,0,1,0,3,2,4,1,10,1,2,1,1,1,8,3,2,1,6,0,999,3,1,3,1,1,1,5,4,13000,1,1,1,1,1,1,5,4,13000,1,1,1,1,1,1,5,4,13000,1,1,1,0,1,1,2830000,4600000,1,1
202601,6,,거제고현,48310,14,0,0,0,1,0,4,32,04,6,1,없음,135,6,0,0,0,2,2,4,1,10,2,1,1,1,1,8,2,3,1,1,Q,863,4,1,4,7,5,6,7,4,9300,1,1,0,7,5,6,7,4,9300,1,1,0,7,5,6,7,4,9300,1,1,0,2026,3,7,1320000,2600000,1,1
202601,6,,거제고현,48310,14,0,0,0,1,0,3,21,03,6,2,없음,186,2,0,0,0,2,2,4,1,10,2,1,2,1,1,8,2,3,1,1,A,014,4,1,4,5,5,6,5,5,8800,1,1,0,5,5,6,5,5,8800,1,1,0,5,5,6,5,5,8800,1,1,0,2025,3,8,2120000,1900000,1,1
202601,6,,거제고현,48310,14,0,0,0,1,0,3,21,03,6,2,없음,186,2,0,0,0,2,2,4,1,10,2,1,2,1,1,8,2,3,2,2,S,941,4,1,4,1,1,1,5,4,6600,1,1,0,1,1,1,5,4,6600,1,1,0,1,1,1,5,4,6600,1,1,0,0,1,1,2120000,1900000,1,1
202601,6,,거제고현,48310,22,0,0,0,1,0,1,21,03,6,2,없음,55,6,0,0,0,2,2,4,1,10,2,1,1,1,1,8,2,3,1,1,G,463,4,1,4,4,5,7,4,5,15200,1,1,0,4,5,7,4,5,15200,1,1,0,4,5,7,4,5,15200,1,1,0,2024,3,9,2190000,2110000,1,1
202601,6,,거제고현,48310,22,0,0,0,1,0,1,21,03,6,2,없음,55,6,0,0,0,2,2,4,1,10,2,1,1,1,1,8,2,3,2,1,S,961,2,1,2,3,3,6,3,3,8100,1,1,0,3,3,6,3,3,8100,1,1,0,3,3,6,3,3,8100,1,1,0,2025,3,10,2190000,2110000,1,1
202601,6,,거제고현,48310,22,0,0,0,1,0,1,21,03,6,2,없음,55,6,0,0,0,2,2,4,1,10,2,1,1,1,1,8,2,3,2,1,I,561,2,1,2,3,3,4,3,3,5800,1,1,0,3,3,4,3,3,5800,1,1,0,3,3,4,3,3,5800,1,1,0,2024,3,10,2190000,2110000,1,1
202601,6,,거제고현,48310,14,0,0,0,1,0,6,32,03,6,1,없음,400,4,0,0,0,2,2,4,1,10,2,1,1,1,1,8,2,3,1,1,I,561,4,1,4,5,5,7,5,5,12400,1,1,0,5,5,7,5,5,12400,1,1,0,5,5,7,5,5,12400,1,1,0,2025,3,9,2210000,3740000,1,1
202601,6,,거제고현,48310,22,0,0,0,1,0,3,21,03,7,2,없음,200,6,0,0,0,2,2,4,1,10,1,1,1,1,1,8,2,3,1,6,0,999,3,1,3,1,1,1,5,4,12000,1,1,1,1,1,1,5,4,12000,1,1,1,1,1,1,5,4,12000,1,1,1,0,1,1,2300000,1890000,1,1
202601,6,,거제고현,48310,22,0,0,0,1,0,3,21,03,7,2,없음,200,6,0,0,0,2,2,4,1,10,1,1,1,1,1,8,2,3,1,1,I,561,1,1,2,4,3,7,4,3,14100,1,1,0,4,3,7,4,3,14100,1,1,0,4,3,7,4,3,14100,1,1,0,2025,3,9,2300000,1890000,1,1
202601,6,,거제고현,48310,22,0,0,0,1,0,3,21,03,7,2,없음,200,6,0,0,0,2,2,4,1,10,1,1,1,1,1,8,2,3,2,2,0,999,3,1,3,1,1,1,5,3,6600,1,1,0,1,1,1,5,3,6600,1,1,0,1,1,1,5,3,6600,1,1,0,0,1,1,2300000,1890000,1,1
202601,6,,거제고현,48310,22,0,0,0,1,0,3,21,03,8,1,없음,78,8,0,0,0,2,2,4,1,10,2,1,1,1,1,8,2,3,1,1,I,561,1,1,2,5,5,10,6,4,30100,1,1,0,5,5,10,6,4,30100,1,1,0,5,5,10,6,4,30100,1,1,0,2025,3,10,3640000,5110000,1,1
202601,6,,거제고현,48310,22,0,0,0,1,0,3,21,03,8,1,없음,78,8,0,0,0,2,2,4,1,10,2,1,1,1,1,8,2,3,1,1,G,472,1,1,2,6,4,9,6,4,30100,1,1,0,6,4,9,6,4,30100,1,1,0,6,4,9,6,4,30100,1,1,0,2025,3,6,3640000,5110000,1,1
202601,6,,거제고현,48310,22,0,0,0,1,0,3,21,03,8,1,없음,78,8,0,0,0,2,2,4,1,10,2,1,1,1,1,8,2,3,1,1,G,472,2,1,2,6,5,9,6,5,32300,1,1,0,6,5,9,6,5,32300,1,1,0,6,5,9,6,5,32300,1,1,0,2026,3,9,3640000,5110000,1,1
202601,6,,거제고현,48310,22,0,0,0,1,0,3,21,03,8,1,없음,78,8,0,0,0,2,2,4,1,10,2,1,1,1,1,8,2,3,1,6,0,999,3,1,3,1,1,1,5,4,13000,1,1,1,1,1,1,5,4,13000,1,1,1,1,1,1,5,4,13000,1,1,1,0,1,1,3640000,5110000,1,1
202601,6,,거제고현,48310,22,0,0,0,1,0,4,32,04,8,1,없음,77,8,0,0,0,2,2,4,1,10,2,1,1,1,1,8,2,3,1,1,I,561,3,1,3,6,5,7,6,5,14600,1,1,0,6,5,7,6,5,14600,1,1,0,6,5,7,6,5,14600,1,1,0,2025,3,10,3090000,4160000,1,3
202601,6,,거제고현,48310,22,0,0,0,1,0,4,32,04,8,1,없음,77,8,0,0,0,2,2,4,1,10,2,1,1,1,1,8,2,3,1,1,I,561,3,1,3,6,5,7,6,5,14600,1,1,0,6,5,7,6,5,14600,1,1,0,6,5,7,6,5,14600,1,1,0,2024,3,9,3090000,4160000,1,3
202601,6,,거제고현,48310,22,0,0,0,1,0,2,21,04,8,2,없음,89,8,0,0,0,2,2,4,1,9,2,1,1,1,1,8,2,3,1,1,I,561,2,1,2,5,4,7,5,4,16400,1,1,0,5,4,7,5,4,16400,1,1,0,5,4,7,5,4,16400,1,1,0,2025,3,8,3550000,2260000,1,2
202601,6,,거제고현,48310,22,0,0,0,1,0,2,21,04,8,2,없음,89,8,0,0,0,2,2,4,1,9,2,1,1,1,1,8,2,3,1,1,I,561,2,1,2,5,4,7,5,4,16400,1,1,0,5,4,7,5,4,16400,1,1,0,5,4,7,5,4,16400,1,1,0,2025,3,7,3550000,2260000,1,2
202601,6,,거제고현,48310,22,0,0,0,1,0,2,21,04,8,2,없음,89,8,0,0,0,2,2,4,1,9,2,1,1,1,1,8,2,3,2,1,I,562,4,1,4,5,4,6,5,4,8600,1,1,0,5,4,6,5,4,8600,1,1,0,5,4,6,5,4,8600,1,1,0,2025,3,8,3550000,2260000,1,2
202601,6,,거제고현,48310,22,0,0,0,1,0,2,32,03,8,1,없음,100,6,0,0,0,2,2,4,1,10,1,1,1,1,1,8,2,3,1,1,I,561,3,1,3,5,4,7,5,4,15600,1,1,0,5,4,7,5,4,15600,1,1,0,5,4,7,5,4,15600,1,1,0,2025,3,9,3190000,4060000,1,3
202601,6,,거제고현,48310,22,0,0,0,1,0,2,32,03,8,1,없음,100,6,0,0,0,2,2,4,1,10,1,1,1,1,1,8,2,3,1,6,0,999,2,1,2,1,1,1,4,4,22900,1,1,1,1,1,1,4,4,22900,1,1,1,1,1,1,4,4,22900,1,1,1,0,1,1,3190000,4060000,1,3
202601,6,,거제고현,48310,22,0,0,0,1,0,2,32,03,8,1,없음,100,6,0,0,0,2,2,4,1,10,1,1,1,1,1,8,2,3,1,6,0,999,1,1,1,1,1,1,4,3,18200,1,1,1,1,1,1,4,3,18200,1,1,1,1,1,1,4,3,18200,1,1,1,0,1,1,3190000,4060000,1,3
202601,6,,거제고현,48310,22,0,0,0,1,0,3,32,04,6,1,없음,98,6,0,0,0,2,1,3,1,10,1,1,1,1,1,8,2,3,1,1,G,474,2,1,2,4,4,8,4,4,21800,1,1,0,4,4,8,4,4,21800,1,1,0,4,4,8,4,4,21800,1,1,0,2025,3,8,3640000,5450000,1,3
202601,6,,거제고현,48310,22,0,0,0,1,0,3,32,04,6,1,없음,98,6,0,0,0,2,1,3,1,10,1,1,1,1,1,8,2,3,1,1,I,562,2,1,2,4,4,8,4,4,21300,1,1,0,4,4,8,4,4,21300,1,1,0,4,4,8,4,4,21300,1,1,0,2026,3,10,3640000,5450000,1,3
202601,6,,거제고현,48310,22,0,0,0,1,0,5,32,04,8,1,없음,150,6,0,0,0,2,2,4,1,10,2,1,1,1,1,8,2,3,1,1,I,561,4,1,4,7,6,7,7,6,14900,1,1,0,7,6,7,7,6,14900,1,1,0,7,6,7,7,6,14900,1,1,0,2024,4,10,3450000,4500000,1,1
202601,6,,거제고현,48310,14,0,0,0,1,0,5,32,04,6,1,없음,120,6,0,1,0,3,2,4,1,9,2,1,1,1,1,8,3,3,1,6,0,999,3,1,3,1,1,1,4,5,15700,1,1,1,1,1,1,4,5,15700,1,1,1,1,1,1,4,5,15700,1,1,1,0,1,1,2370000,4410000,1,2
202601,6,,거제고현,48310,14,0,0,0,1,0,5,32,04,6,1,없음,120,6,0,1,0,3,2,4,1,9,2,1,1,1,1,8,3,3,1,1,M,711,3,1,3,4,5,7,4,5,15600,1,1,0,4,5,7,4,5,15600,1,1,0,4,5,7,4,5,15600,1,1,0,2024,3,7,2370000,4410000,1,2
202601,6,,거제고현,48310,14,0,0,0,1,0,5,32,04,6,1,없음,120,6,0,1,0,3,2,4,1,9,2,1,1,1,1,8,3,3,1,1,M,712,3,1,3,4,5,7,4,5,15800,1,1,0,4,5,7,4,5,15800,1,1,0,4,5,7,4,5,15800,1,1,0,2025,3,9,2370000,4410000,1,2
202601,6,,거제고현,48310,16,0,0,0,1,0,6,32,03,4,1,없음,100,7,0,0,0,3,2,4,1,10,2,1,1,1,1,8,3,3,1,1,I,561,4,1,4,5,6,8,5,6,23000,1,1,0,5,6,8,5,6,23000,1,1,0,5,6,8,5,6,23000,1,1,0,2025,3,9,3350000,10190000,1,2
202601,6,,거제고현,48310,16,0,0,0,1,0,6,32,04,6,1,없음,700,8,0,1,0,3,2,4,1,10,2,1,1,1,1,8,3,3,1,1,I,561,4,1,4,6,5,6,6,5,7900,4,1,0,6,5,6,6,5,7900,4,1,0,6,5,6,6,5,7900,4,1,0,2025,4,10,3020000,5080000,1,1
202601,6,,거제고현,48310,16,0,0,0,1,0,5,32,04,7,1,없음,100,7,0,1,0,3,2,4,1,10,2,1,1,1,1,8,3,3,1,1,I,561,4,1,4,6,6,7,7,6,13600,1,1,0,6,6,7,7,6,13600,1,1,0,6,6,7,7,6,13600,1,1,0,2025,3,9,3060000,4560000,1,1
202601,6,,거제고현,48310,16,0,0,0,1,0,6,32,04,6,1,없음,700,7,0,1,0,3,2,4,1,10,2,1,1,1,1,8,3,3,1,1,I,561,4,1,4,6,6,7,6,6,17100,1,1,0,6,6,7,6,6,17100,1,1,0,6,6,7,6,6,17100,1,1,0,2025,3,9,3420000,5730000,1,1
202601,6,,거제고현,48310,16,0,0,0,1,0,6,32,04,6,1,없음,700,7,0,1,0,3,2,4,1,10,2,1,1,1,1,8,3,3,1,6,0,999,3,1,3,1,1,1,7,4,16300,1,1,1,1,1,1,7,4,16300,1,1,1,1,1,1,7,4,16300,1,1,1,0,1,1,3420000,5730000,1,1
202601,6,,거제고현,48310,14,0,0,0,1,0,6,32,03,6,1,없음,378,7,0,0,0,3,2,4,1,10,1,2,1,1,1,8,3,3,1,6,0,999,4,1,4,1,1,1,5,5,8000,1,1,1,1,1,1,5,5,8000,1,1,1,1,1,1,5,5,8000,1,1,1,0,1,1,1630000,2780000,1,1
202601,6,,거제고현,48310,14,0,0,0,1,0,4,32,04,6,1,없음,220,6,0,0,0,2,2,3,1,10,2,1,1,1,1,8,2,3,1,1,I,561,3,1,4,4,5,7,2,5,11800,1,1,0,4,5,7,2,5,11800,1,1,0,4,5,7,2,5,11800,1,1,0,2025,3,8,1560000,2870000,1,1
202601,6,,거제고현,48310,14,0,0,0,1,0,6,32,04,6,1,없음,300,6,0,0,0,2,2,4,1,9,2,1,1,1,1,8,2,3,1,1,I,561,4,1,4,4,5,6,5,5,10300,1,1,0,4,5,6,5,5,10300,1,1,0,4,5,6,5,5,10300,1,1,0,2025,3,10,1670000,2820000,1,1
202601,6,,거제고현,48310,14,0,0,0,1,0,3,32,03,6,1,없음,350,6,0,0,0,2,2,4,1,10,2,1,1,1,1,8,2,3,1,1,I,561,2,1,2,4,5,8,4,4,19600,1,1,0,4,5,8,4,4,19600,1,1,0,4,5,8,4,4,19600,1,1,0,2025,3,9,1950000,3290000,1,2
202601,6,,거제고현,48310,14,0,0,0,1,0,3,32,03,6,1,없음,350,6,0,0,0,2,2,4,1,10,2,1,1,1,1,8,2,3,1,1,I,561,2,1,2,4,5,8,4,4,19700,1,1,0,4,5,8,4,4,19700,1,1,0,4,5,8,4,4,19700,1,1,0,2025,3,9,1950000,3290000,1,2
202601,6,,거제고현,48310,14,0,0,0,1,0,3,32,03,6,1,없음,350,6,0,0,0,2,2,4,1,10,2,1,1,1,1,8,2,3,1,1,I,562,2,1,2,4,5,8,4,4,19700,1,1,0,4,5,8,4,4,19700,1,1,0,4,5,8,4,4,19700,1,1,0,2025,3,10,1950000,3290000,1,2
202601,6,,거제고현,48310,14,0,0,0,1,0,4,32,04,6,1,없음,300,6,0,0,0,2,2,4,1,10,2,1,1,1,1,8,2,3,1,1,I,561,2,1,2,3,4,7,3,4,14400,1,1,0,3,4,7,3,4,14400,1,1,0,3,4,7,3,4,14400,1,1,0,2025,3,10,1940000,3500000,1,1
202601,6,,거제고현,48310,14,0,0,0,1,0,4,32,04,6,1,없음,300,6,0,0,0,2,2,4,1,10,2,1,1,1,1,8,2,3,1,1,I,561,2,1,2,3,4,7,3,4,14500,1,1,0,3,4,7,3,4,14500,1,1,0,3,4,7,3,4,14500,1,1,0,2025,3,10,1940000,3500000,1,1
202601,6,,거제고현,48310,14,0,0,0,1,0,4,32,04,6,1,없음,300,6,0,0,0,2,2,4,1,10,2,1,1,1,1,8,2,3,1,1,I,561,2,1,2,3,4,7,3,4,14400,1,1,0,3,4,7,3,4,14400,1,1,0,3,4,7,3,4,14400,1,1,0,2025,3,10,1940000,3500000,1,1
202601,6,,0.비상권,48310,64,0,610,0,1,0,1,21,04,6,2,없음,75,4,0,0,0,2,2,4,1,10,2,2,1,1,1,8,2,2,1,1,L,682,2,1,2,3,3,6,3,3,8200,1,1,0,3,3,6,3,3,8200,1,1,0,3,3,6,3,3,8200,1,1,0,2025,3,8,1720000,1210000,1,1
202601,6,,0.비상권,48310,64,0,610,0,1,0,1,21,04,6,2,없음,75,4,0,0,0,2,2,4,1,10,2,2,1,1,1,8,2,2,1,6,0,999,2,1,2,1,1,1,3,3,7800,1,1,1,1,1,1,3,3,7800,1,1,1,1,1,1,3,3,7800,1,1,1,0,1,1,1720000,1210000,1,1
202601,6,,0.비상권,48310,64,0,610,0,1,0,1,21,04,6,2,없음,75,4,0,0,0,2,2,4,1,10,2,2,1,1,1,8,2,2,2,1,Q,869,2,1,2,3,3,5,3,3,6600,1,1,0,3,3,5,3,3,6600,1,1,0,3,3,5,3,3,6600,1,1,0,2025,3,10,1720000,1210000,1,1
202601,6,,0.비상권,48310,64,0,610,0,1,0,1,21,04,6,2,없음,75,4,0,0,0,2,2,4,1,10,2,2,1,1,1,8,2,2,2,6,0,999,2,1,2,1,1,1,3,3,5100,1,1,1,1,1,1,3,3,5100,1,1,1,1,1,1,3,3,5100,1,1,1,0,1,1,1720000,1210000,1,1
202601,6,,양산구도심,48330,22,0,0,0,1,0,4,21,03,6,1,없음,200,5,0,0,0,3,2,4,1,10,2,1,1,1,1,8,3,3,1,1,S,969,2,1,2,5,3,6,5,3,8900,1,1,0,5,3,6,5,3,8900,1,1,0,5,3,6,5,3,8900,1,1,0,2025,3,10,2920000,5100000,1,1
202601,6,,양산구도심,48330,22,0,0,0,1,0,4,21,03,6,1,없음,200,5,0,0,0,3,2,4,1,10,2,1,1,1,1,8,3,3,1,1,F,424,2,1,2,4,4,7,4,4,11100,1,1,0,4,4,7,4,4,11100,1,1,0,4,4,7,4,4,11100,1,1,0,2025,3,7,2920000,5100000,1,1
202601,6,,양산구도심,48330,22,0,0,0,1,0,4,21,03,6,1,없음,200,5,0,0,0,3,2,4,1,10,2,1,1,1,1,8,3,3,1,1,G,452,2,1,2,4,3,7,4,3,11700,1,1,0,4,3,7,4,3,11700,1,1,0,4,3,7,4,3,11700,1,1,0,2025,4,10,2920000,5100000,1,1
202601,6,,양산구도심,48330,22,0,0,0,1,0,4,21,03,6,1,없음,200,5,0,0,0,3,2,4,1,10,2,1,1,1,1,8,3,3,1,1,I,562,2,1,2,4,3,7,4,3,10200,1,1,0,4,3,7,4,3,10200,1,1,0,4,3,7,4,3,10200,1,1,0,2025,3,10,2920000,5100000,1,1
202601,6,,양산구도심,48330,22,0,0,0,1,0,4,21,03,6,1,없음,200,5,0,0,0,3,2,4,1,10,2,1,1,1,1,8,3,3,1,1,D,353,2,1,2,4,4,7,4,4,11600,1,1,0,4,4,7,4,4,11600,1,1,0,4,4,7,4,4,11600,1,1,0,2025,3,7,2920000,5100000,1,1
202601,6,,양산구도심,48330,22,0,0,0,1,0,4,21,03,6,1,없음,200,5,0,0,0,3,2,4,1,10,2,1,1,1,1,8,3,3,1,1,D,351,2,1,2,4,3,7,4,3,10200,1,1,0,4,3,7,4,3,10200,1,1,0,4,3,7,4,3,10200,1,1,0,2024,3,9,2920000,5100000,1,1
202601,6,,양산구도심,48330,22,0,0,0,1,0,3,32,04,2,1,없음,70,6,0,0,0,3,1,3,1,10,1,1,1,1,1,8,3,3,1,1,E,360,3,1,3,5,4,7,5,4,10800,1,1,0,5,4,7,5,4,10800,1,1,0,5,4,7,5,4,10800,1,1,0,2024,3,9,1410000,7300000,1,1
202601,6,,양산구도심,48330,14,0,0,0,1,0,3,19,03,5,1,없음,100,4,0,0,0,2,2,4,1,10,2,1,1,1,1,8,2,3,1,1,G,452,2,1,2,6,3,7,6,3,13300,1,1,0,6,3,7,6,3,13300,1,1,0,6,3,7,6,3,13300,1,1,0,2025,3,5,2030000,2370000,1,1
202601,6,,양산구도심,48330,14,0,0,0,1,0,3,19,03,5,1,없음,100,4,0,0,0,2,2,4,1,10,2,1,1,1,1,8,2,3,1,1,J,581,2,1,2,4,4,7,4,4,13100,1,1,0,4,4,7,4,4,13100,1,1,0,4,4,7,4,4,13100,1,1,0,2025,3,7,2030000,2370000,1,1
202601,6,,양산구도심,48330,14,0,0,0,1,0,3,19,03,5,1,없음,100,4,0,0,0,2,2,4,1,10,2,1,1,1,1,8,2,3,2,1,F,422,3,1,3,4,3,4,4,3,4900,1,1,0,4,3,4,4,3,4900,1,1,0,4,3,4,4,3,4900,1,1,0,2024,4,10,2030000,2370000,1,1
202601,6,,양산구도심,48330,14,0,0,0,1,0,7,31,04,5,1,없음,100,5,0,1,0,3,2,4,1,10,2,1,1,1,1,8,3,3,1,1,S,952,4,1,4,5,5,6,5,5,9100,1,1,0,5,5,6,5,5,9100,1,1,0,5,5,6,5,5,9100,1,1,0,2022,5,9,1790000,3920000,1,1
202601,6,,양산구도심,48330,14,0,0,0,1,0,7,31,04,5,1,없음,100,5,0,1,0,3,2,4,1,10,2,1,1,1,1,8,3,3,2,1,S,952,2,1,2,3,2,3,3,2,3400,1,1,0,3,2,3,3,2,3400,1,1,0,3,2,3,3,2,3400,1,1,0,2022,5,8,1790000,3920000,1,1
202601,6,,양산구도심,48330,14,0,0,0,1,0,1,12,04,1,1,없음,376,5,0,0,0,1,1,3,1,10,1,1,1,1,1,8,1,3,1,1,I,562,2,1,2,4,3,6,4,3,8700,1,1,0,4,3,6,4,3,8700,1,1,0,4,3,6,4,3,8700,1,1,0,2025,3,9,1450000,1450000,1,1
202601,6,,양산구도심,48330,14,0,0,0,1,0,1,12,04,1,1,없음,376,5,0,0,0,1,1,3,1,10,1,1,1,1,1,8,1,3,2,1,0,999,2,1,2,3,3,4,3,3,5300,1,1,0,3,3,4,3,3,5300,1,1,0,3,3,4,3,3,5300,1,1,0,2024,3,9,1450000,1450000,1,1
202601,6,,양산구도심,48330,22,0,0,0,1,0,3,32,03,6,1,없음,300,7,0,0,0,3,2,4,1,10,2,1,1,1,1,8,3,3,1,1,G,475,1,1,2,5,3,7,5,3,11700,1,1,0,5,3,7,5,3,11700,1,1,0,5,3,7,5,3,11700,1,1,0,2024,3,7,2640000,4440000,1,1
202601,6,,양산구도심,48330,22,0,0,0,1,0,3,32,03,6,1,없음,300,7,0,0,0,3,2,4,1,10,2,1,1,1,1,8,3,3,1,1,G,478,2,1,2,5,4,7,5,4,11500,1,1,0,5,4,7,5,4,11500,1,1,0,5,4,7,5,4,11300,1,1,0,2024,3,8,2640000,4440000,1,1
202601,6,,양산구도심,48330,22,0,0,0,1,0,3,32,03,6,1,없음,300,7,0,0,0,3,2,4,1,10,2,1,1,1,1,8,3,3,1,6,0,999,1,1,1,1,1,1,5,3,10700,1,1,1,1,1,1,5,3,10700,1,1,1,1,1,1,5,3,10700,1,1,1,0,1,1,2640000,4440000,1,1
202601,6,,양산구도심,48330,22,0,0,0,1,0,3,32,03,6,1,없음,300,7,0,0,0,3,2,4,1,10,2,1,1,1,1,8,3,3,1,1,I,561,2,1,2,4,3,7,4,3,11500,1,1,0,4,3,7,4,3,11500,1,1,0,4,3,7,4,3,11400,1,1,0,2024,3,9,2640000,4440000,1,1
202601,6,,양산구도심,48330,22,0,0,0,1,0,3,32,03,6,1,없음,300,7,0,0,0,3,2,4,1,10,2,1,1,1,1,8,3,3,1,1,I,561,2,1,2,5,4,7,5,4,12800,1,1,0,5,4,7,5,4,12800,1,1,0,5,4,7,5,4,12800,1,1,0,2024,3,8,2640000,4440000,1,1
202601,6,,양산구도심,48330,22,0,0,0,1,0,1,12,03,1,1,없음,300,6,0,0,0,2,2,4,1,10,2,1,1,1,1,8,2,3,1,1,I,561,3,1,3,3,3,5,3,3,7100,1,1,0,3,3,5,3,3,7100,1,1,0,3,3,5,3,3,7100,1,1,0,2024,3,9,2450000,3080000,1,1
202601,6,,양산구도심,48330,22,0,0,0,1,0,1,12,03,1,1,없음,300,6,0,0,0,2,2,4,1,10,2,1,1,1,1,8,2,3,2,1,0,999,2,1,2,6,1,4,6,1,4300,1,1,0,6,1,4,6,1,4300,1,1,0,6,1,4,6,1,4300,1,1,0,2026,3,6,2450000,3080000,1,1
202601,6,,양산구도심,48330,22,0,0,0,1,0,1,11,03,1,1,없음,100,6,0,0,0,2,2,4,1,10,2,1,1,1,1,8,2,3,1,1,I,561,2,1,2,3,3,5,3,3,6100,1,1,0,3,3,5,3,3,6100,1,1,0,3,3,5,3,3,6100,1,1,0,2024,3,10,2080000,2310000,1,1
202601,6,,양산구도심,48330,22,0,0,0,1,0,1,11,03,1,1,없음,100,6,0,0,0,2,2,4,1,10,2,1,1,1,1,8,2,3,1,1,I,561,2,1,2,4,3,5,3,3,6100,1,1,0,4,3,5,3,3,6100,1,1,0,4,3,5,3,3,6100,1,1,0,2025,3,9,2080000,2310000,1,1
202601,6,,양산구도심,48330,22,0,0,0,1,0,1,11,03,1,1,없음,100,6,0,0,0,2,2,4,1,10,2,1,1,1,1,8,2,3,2,2,0,999,2,1,2,1,1,1,6,1,2900,1,1,0,1,1,1,6,1,2900,1,1,0,1,1,1,6,1,2900,1,1,0,0,1,1,2080000,2310000,1,1
202601,6,,양산구도심,48330,22,0,120,0,1,0,2,21,04,8,2,700,200,1,0,0,0,2,2,4,1,10,2,1,1,1,1,8,2,3,1,1,G,474,4,1,4,6,5,7,6,5,12500,1,1,0,6,5,7,6,5,12500,1,1,0,6,5,7,6,5,12500,1,1,0,2025,3,9,4600000,3180000,1,1
202601,6,,양산구도심,48330,22,0,120,0,1,0,2,21,04,8,2,700,200,1,0,0,0,2,2,4,1,10,2,1,1,1,1,8,2,3,2,6,0,999,2,1,2,1,1,1,4,3,5400,1,1,1,1,1,1,4,3,5400,1,1,1,1,1,1,4,3,5400,1,1,1,0,1,1,4600000,3180000,1,1
202601,6,,양산구도심,48330,22,0,120,0,1,0,2,21,04,8,2,700,200,1,0,0,0,2,2,4,1,10,2,1,1,1,1,8,2,3,2,2,0,999,3,1,3,1,1,1,6,2,3700,1,1,0,1,1,1,6,2,3700,1,1,0,1,1,1,6,2,3700,1,1,0,0,1,1,4600000,3180000,1,1
202601,6,,양산구도심,48330,22,0,0,0,1,0,8,32,04,8,1,없음,300,7,0,0,0,2,1,3,1,10,1,1,1,1,1,8,2,3,1,1,G,474,2,1,2,4,3,7,4,3,11000,1,1,0,4,3,7,4,3,11000,1,1,0,4,3,7,4,3,11000,1,1,0,2025,3,10,2620000,3440000,1,1
202601,6,,양산구도심,48330,22,0,0,0,1,0,8,32,04,8,1,없음,300,7,0,0,0,2,1,3,1,10,1,1,1,1,1,8,2,3,1,1,S,961,2,1,2,4,4,7,4,4,13100,1,1,0,4,4,7,4,4,13100,1,1,0,4,4,7,4,4,13100,1,1,0,2024,3,9,2620000,3440000,1,1
202601,6,,양산구도심,48330,22,0,0,0,1,0,8,31,03,6,1,없음,300,6,0,1,0,3,2,4,1,10,2,1,1,1,1,8,3,3,1,1,S,952,3,1,3,5,4,6,5,4,9500,1,1,0,5,4,6,5,4,9500,1,1,0,5,4,6,5,4,9500,1,1,0,2024,3,9,1830000,3260000,1,1
202601,6,,양산구도심,48330,22,0,0,0,1,0,8,31,03,6,1,없음,300,6,0,1,0,3,2,4,1,10,2,1,1,1,1,8,3,3,1,1,G,453,2,1,3,5,4,6,5,4,10000,1,1,0,5,4,6,5,4,10000,1,1,0,5,4,6,5,4,10000,1,1,0,2025,3,10,1830000,3260000,1,1
202601,6,,양산구도심,48330,22,0,0,0,1,0,8,31,03,6,1,없음,300,6,0,1,0,3,2,4,1,10,2,1,1,1,1,8,3,3,1,1,R,912,2,1,3,5,4,6,5,4,10000,1,1,0,5,4,6,5,4,10000,1,1,0,5,4,6,5,4,10000,1,1,0,2024,3,10,1830000,3260000,1,1
202601,6,,양산구도심,48330,22,0,0,0,1,0,8,31,03,6,1,없음,300,6,0,1,0,3,2,4,1,10,2,1,1,1,1,8,3,3,1,1,J,581,3,1,3,5,4,6,5,4,9500,1,1,0,5,4,6,5,4,9500,1,1,0,5,4,6,5,4,9500,1,1,0,2024,3,10,1830000,3260000,1,1
202601,6,,양산구도심,48330,22,0,0,0,1,0,5,32,03,8,1,900,30,4,0,0,0,2,2,4,1,10,2,1,1,1,1,8,2,3,1,1,G,466,4,1,4,6,3,5,6,3,6500,1,1,0,6,3,5,6,3,6500,1,1,0,6,3,5,6,3,6500,1,1,0,2022,5,7,2800000,3890000,1,1
202601,6,,양산구도심,48330,22,0,120,0,1,0,3,32,04,6,1,841,73,6,0,0,0,2,2,4,1,10,2,1,1,1,1,8,2,3,1,1,J,581,4,1,4,5,4,4,5,4,4500,1,1,0,5,4,4,5,4,4500,1,1,0,5,4,4,5,4,4500,1,1,0,2026,3,9,1670000,2910000,1,1
202601,6,,양산구도심,48330,22,0,0,0,1,0,2,32,04,8,1,없음,82,6,0,1,0,2,2,4,1,10,2,1,1,1,1,8,2,3,1,1,I,561,4,1,4,6,5,7,6,5,10900,1,1,0,6,5,7,6,5,10900,1,1,0,6,5,7,6,5,10900,1,1,0,2025,3,8,1950000,2350000,1,1
202601,6,,양산구도심,48330,22,0,0,0,1,0,2,32,04,8,1,없음,82,6,0,1,0,2,2,4,1,10,2,1,1,1,1,8,2,3,2,1,I,561,1,1,1,3,2,3,3,2,3800,1,1,0,3,2,3,3,2,3800,1,1,0,3,2,3,3,2,3800,1,1,0,2025,3,8,1950000,2350000,1,1
202601,6,,양산구도심,48330,22,0,0,0,1,0,3,32,03,5,1,없음,30,5,0,0,0,2,2,4,1,10,1,2,1,1,1,8,2,3,1,6,0,999,2,1,2,1,1,1,4,3,10000,1,1,1,1,1,1,4,3,10000,1,1,1,1,1,1,4,3,10000,1,1,1,0,1,1,2110000,4820000,1,1
202601,6,,양산구도심,48330,22,0,0,0,1,0,3,32,03,5,1,없음,30,5,0,0,0,2,2,4,1,10,1,2,1,1,1,8,2,3,1,6,0,999,3,1,3,1,1,1,4,4,10000,1,1,1,1,1,1,4,4,10000,1,1,1,1,1,1,4,4,10000,1,1,1,0,1,1,2110000,4820000,1,1
202601,6,,양산구도심,48330,22,0,0,0,1,0,3,32,03,3,1,없음,163,6,0,0,0,3,2,4,1,10,2,1,1,1,1,8,3,3,1,1,I,561,3,1,3,5,4,7,5,4,12100,1,1,0,5,4,7,5,4,12100,1,1,0,5,4,7,5,4,12100,1,1,0,2024,3,9,2020000,6720000,1,1
202601,6,,양산구도심,48330,22,0,0,0,1,0,3,32,03,3,1,없음,163,6,0,0,0,3,2,4,1,10,2,1,1,1,1,8,3,3,1,1,I,561,3,1,3,5,4,7,5,4,12500,1,1,0,5,4,7,5,4,12500,1,1,0,5,4,7,5,4,12500,1,1,0,2025,3,10,2020000,6720000,1,1
202601,6,,양산구도심,48330,22,0,0,0,1,0,7,31,03,5,1,없음,67,5,0,0,0,3,2,4,1,10,2,1,1,1,1,8,3,3,1,1,G,465,4,1,4,6,5,7,6,5,10700,1,1,0,6,5,7,6,5,10700,1,1,0,6,5,7,6,5,10700,1,1,0,2024,3,9,2290000,4700000,1,1
202601,6,,양산구도심,48330,22,0,0,0,1,0,3,32,04,5,1,없음,230,4,0,0,0,3,2,4,1,10,2,1,1,1,1,8,3,3,1,1,S,952,4,1,4,6,5,6,6,5,9700,1,1,0,6,5,6,6,5,9700,1,1,0,6,5,6,6,5,9700,1,1,0,2026,3,7,2180000,5370000,1,1
202601,6,,양산구도심,48330,22,0,0,0,1,0,3,32,04,5,1,없음,230,4,0,0,0,3,2,4,1,10,2,1,1,1,1,8,3,3,1,1,S,951,2,1,2,5,3,7,5,3,11700,1,1,0,5,3,7,5,3,11700,1,1,0,5,3,7,5,3,11700,1,1,0,2024,3,7,2180000,5370000,1,1
202601,6,,양산구도심,48330,22,0,0,0,1,0,4,21,03,7,2,없음,300,5,0,1,0,2,2,4,1,9,1,2,1,1,1,8,2,3,1,6,0,999,2,1,2,1,1,1,4,4,10500,1,1,1,1,1,1,4,4,10500,1,1,1,1,1,1,4,4,10500,1,1,1,0,1,1,2960000,2150000,1,1
202601,6,,양산구도심,48330,22,0,0,0,1,0,4,21,03,7,2,없음,300,5,0,1,0,2,2,4,1,9,1,2,1,1,1,8,2,3,1,1,G,465,2,1,2,4,4,7,4,4,10600,1,1,0,4,4,7,4,4,10600,1,1,0,4,4,7,4,4,10600,1,1,0,2024,3,10,2960000,2150000,1,1
202601,6,,양산구도심,48330,22,0,0,0,1,0,4,21,03,7,2,없음,300,5,0,1,0,2,2,4,1,9,1,2,1,1,1,8,2,3,2,6,0,999,2,1,2,1,1,1,4,3,6900,1,1,1,1,1,1,4,3,6900,1,1,1,1,1,1,4,3,6900,1,1,1,0,1,1,2960000,2150000,1,1
202601,6,,양산구도심,48330,22,0,0,0,1,0,4,21,03,7,2,없음,300,5,0,1,0,2,2,4,1,9,1,2,1,1,1,8,2,3,2,6,0,999,2,1,2,1,1,1,4,3,6900,1,1,1,1,1,1,4,3,6900,1,1,1,1,1,1,4,3,6900,1,1,1,0,1,1,2960000,2150000,1,1
202601,6,,양산구도심,48330,22,0,0,0,1,0,3,32,03,6,1,없음,100,6,0,0,0,2,2,4,1,10,2,1,1,1,1,8,2,3,1,1,I,561,3,1,3,3,3,5,3,3,7400,1,1,0,3,3,5,3,3,7400,1,1,0,3,3,5,3,3,7400,1,1,0,2025,3,10,1670000,2880000,1,1
202601,6,,양산구도심,48330,22,0,0,0,1,0,3,32,03,6,1,없음,100,6,0,0,0,2,2,4,1,10,2,1,1,1,1,8,2,3,1,1,I,561,3,1,3,3,3,5,3,3,7400,1,1,0,3,3,5,3,3,7400,1,1,0,3,3,5,3,3,7400,1,1,0,2025,3,10,1670000,2880000,1,1
202601,6,,0.비상권,48330,22,0,0,0,1,0,8,21,04,8,2,없음,33,4,0,0,0,2,2,4,1,9,1,1,2,1,1,8,2,3,1,1,L,682,2,1,2,3,4,7,4,4,12400,1,1,0,3,4,7,4,4,12400,1,1,0,3,4,7,4,4,12400,1,1,0,2025,3,9,3360000,2490000,1,2
202601,6,,0.비상권,48330,22,0,0,0,1,0,8,21,04,8,2,없음,33,4,0,0,0,2,2,4,1,9,1,1,2,1,1,8,2,3,1,1,G,478,2,1,2,3,4,7,4,4,13500,1,1,0,3,4,7,4,4,13500,1,1,0,3,4,7,4,4,13500,1,1,0,2024,3,9,3360000,2490000,1,2
202601,6,,0.비상권,48330,22,0,0,0,1,0,8,21,04,8,2,없음,33,4,0,0,0,2,2,4,1,9,1,1,2,1,1,8,2,3,2,2,0,999,3,1,4,1,1,1,4,4,8600,1,1,0,1,1,1,4,4,8600,1,1,0,1,1,1,4,4,8600,1,1,0,0,1,1,3360000,2490000,1,2
202601,6,,0.비상권,48330,22,0,0,0,1,0,8,32,03,7,1,없음,67,6,0,0,0,1,1,2,1,9,1,1,1,1,1,8,1,3,1,1,I,562,2,1,2,3,3,7,3,3,10400,1,1,0,3,3,7,3,3,10400,1,1,0,3,3,7,3,3,10400,1,1,0,2025,3,9,2180000,3230000,1,2
202601,6,,0.비상권,48330,16,0,0,0,1,0,1,21,03,1,1,없음,102,8,0,0,0,2,2,4,1,10,2,2,1,1,1,8,2,3,1,2,I,561,2,1,2,1,1,1,4,4,10600,1,1,0,1,1,1,4,4,10600,1,1,0,1,1,1,4,4,10600,1,1,0,0,1,1,1870000,1620000,1,1
202601,6,,0.비상권,48330,16,0,0,0,1,0,1,21,03,1,1,없음,102,8,0,0,0,2,2,4,1,10,2,2,1,1,1,8,2,3,1,1,S,961,2,1,2,4,3,5,4,4,10000,1,1,0,4,3,5,4,4,10000,1,1,0,4,3,5,4,4,10000,1,1,0,2025,3,10,1870000,1620000,1,1
202601,6,,0.비상권,48330,16,0,0,0,1,0,1,21,03,1,1,없음,102,8,0,0,0,2,2,4,1,10,2,2,1,1,1,8,2,3,1,1,F,424,2,1,2,4,4,7,4,4,10800,1,1,0,4,4,7,4,4,10800,1,1,0,4,4,7,4,4,10800,1,1,0,2024,3,9,1870000,1620000,1,1
202601,6,,0.비상권,48330,16,0,0,0,1,0,1,21,03,1,1,없음,102,8,0,0,0,2,2,4,1,10,2,2,1,1,1,8,2,3,2,6,0,999,4,1,4,1,1,1,4,4,7700,1,1,1,1,1,1,4,4,7700,1,1,1,1,1,1,4,4,7700,1,1,1,0,1,1,1870000,1620000,1,1
202601,6,,0.비상권,48330,16,0,0,0,1,0,7,21,04,7,2,없음,200,4,0,1,0,2,2,4,1,9,2,1,1,1,1,8,2,3,1,6,0,999,3,1,3,1,1,1,5,4,14300,1,1,1,1,1,1,5,4,14300,1,1,1,1,1,1,5,4,14300,1,1,1,0,1,1,4110000,3150000,1,1
202601,6,,0.비상권,48330,16,0,0,0,1,0,7,21,04,7,2,없음,200,4,0,1,0,2,2,4,1,9,2,1,1,1,1,8,2,3,1,1,I,561,3,1,3,5,4,7,5,4,14300,2,1,0,5,4,7,5,4,14300,2,1,0,5,4,7,5,4,14300,2,1,0,2024,3,9,4110000,3150000,1,1
202601,6,,0.비상권,48330,16,0,0,0,1,0,7,21,04,7,2,없음,200,4,0,1,0,2,2,4,1,9,2,1,1,1,1,8,2,3,2,1,I,561,4,1,4,5,4,4,5,4,5900,2,1,0,5,4,4,5,4,5900,2,1,0,5,4,4,5,4,5900,2,1,0,2024,3,10,4110000,3150000,1,1
202601,6,,0.비상권,48330,22,0,0,0,1,0,2,19,04,1,1,없음,50,4,0,0,0,2,2,4,1,10,2,1,1,1,1,8,2,3,1,1,J,612,2,1,2,5,3,7,5,3,13500,1,1,0,5,3,7,5,3,13500,1,1,0,5,3,7,5,3,13500,1,1,0,2024,3,10,3550000,5230000,1,1
202601,6,,0.비상권,48330,22,0,0,0,1,0,2,19,04,1,1,없음,50,4,0,0,0,2,2,4,1,10,2,1,1,1,1,8,2,3,1,1,G,478,3,1,3,6,5,7,6,4,14100,1,1,0,6,5,7,6,4,14100,1,1,0,6,5,7,6,4,14100,1,1,0,2024,3,5,3550000,5230000,1,1
202601,6,,0.비상권,48330,22,0,0,0,1,0,7,21,03,8,2,없음,26,5,0,0,0,2,2,4,1,9,2,1,1,1,1,8,2,3,1,1,G,472,2,1,2,5,4,8,5,5,27000,1,1,0,5,4,8,5,5,27000,1,1,0,5,4,8,5,5,27000,1,1,0,2026,3,9,5050000,3420000,1,1
202601,6,,0.비상권,48330,22,0,0,0,1,0,7,21,03,8,2,없음,26,5,0,0,0,2,2,4,1,9,2,1,1,1,1,8,2,3,1,1,G,474,2,1,2,5,5,8,5,5,27900,1,1,0,5,5,8,5,5,27900,1,1,0,5,5,8,5,5,27900,1,1,0,2025,3,10,5050000,3420000,1,1
202601,6,,0.비상권,48330,22,0,0,0,1,0,7,21,03,8,2,없음,26,5,0,0,0,2,2,4,1,9,2,1,1,1,1,8,2,3,2,1,S,961,2,1,2,4,4,7,4,4,15000,1,1,0,4,4,7,4,4,15000,1,1,0,4,4,7,4,4,15000,1,1,0,2024,3,9,5050000,3420000,1,1
202601,6,,0.비상권,48330,22,0,0,0,1,0,7,21,03,8,2,없음,26,5,0,0,0,2,2,4,1,9,2,1,1,1,1,8,2,3,2,6,0,999,2,1,2,1,1,1,4,4,14000,1,1,1,1,1,1,4,4,14000,1,1,1,1,1,1,4,4,14000,1,1,1,0,1,1,5050000,3420000,1,1
202601,6,,0.비상권,48330,22,0,0,0,1,0,3,19,04,4,1,없음,70,4,0,0,0,2,1,3,1,10,1,1,1,1,1,8,2,3,1,1,S,961,1,1,1,3,3,7,3,3,12700,1,1,0,3,3,7,3,3,12700,1,1,0,3,3,7,3,3,12700,1,1,0,2024,3,10,2840000,4720000,1,2
202601,6,,0.비상권,48330,22,0,0,0,1,0,3,19,04,4,1,없음,70,4,0,0,0,2,1,3,1,10,1,1,1,1,1,8,2,3,1,1,G,473,1,1,1,3,3,7,3,3,14300,1,1,0,3,3,7,3,3,14300,1,1,0,3,3,7,3,3,14300,1,1,0,2025,3,6,2840000,4720000,1,2
202601,6,,0.비상권,48330,22,0,0,0,1,0,3,19,04,4,1,없음,70,4,0,0,0,2,1,3,1,10,1,1,1,1,1,8,2,3,2,2,0,999,2,1,2,1,1,1,3,3,9000,1,1,0,1,1,1,3,3,9000,1,1,0,1,1,1,3,3,9000,1,1,0,0,1,1,2840000,4720000,1,2
202601,6,,0.비상권,48330,14,0,0,0,1,0,5,31,04,4,1,없음,150,4,0,1,0,3,2,4,1,9,2,1,1,1,1,8,3,3,1,1,S,961,2,1,3,4,3,5,4,3,7700,1,1,0,4,3,5,4,3,7700,1,1,0,4,3,5,4,3,7700,1,1,0,2024,3,10,1580000,5080000,1,1
202601,6,,0.비상권,48330,14,0,0,0,1,0,5,31,04,4,1,없음,150,4,0,1,0,3,2,4,1,9,2,1,1,1,1,8,3,3,1,1,M,721,3,1,3,4,4,5,4,4,7900,1,1,0,4,4,5,4,4,7900,1,1,0,4,4,5,4,4,7900,1,1,0,2025,3,10,1580000,5080000,1,1
202601,6,,0.비상권,48330,14,0,0,0,1,0,7,21,04,6,2,없음,500,6,0,0,0,2,2,4,1,9,2,1,1,1,1,8,2,3,1,1,G,472,3,1,3,4,3,5,4,3,7000,1,1,0,4,3,5,4,3,7000,1,1,0,4,3,5,4,3,7000,1,1,0,2025,3,10,2500000,2190000,1,2
202601,6,,0.비상권,48330,14,0,0,0,1,0,7,21,04,6,2,없음,500,6,0,0,0,2,2,4,1,9,2,1,1,1,1,8,2,3,2,1,S,949,3,1,3,3,3,3,3,3,3600,1,1,0,3,3,3,3,3,3600,1,1,0,3,3,3,3,3,3600,1,1,0,2024,3,9,2500000,2190000,1,2
202601,6,,0.비상권,48330,14,0,0,0,1,0,7,21,04,6,2,없음,100,6,0,0,0,2,2,4,1,10,2,1,1,1,1,8,2,3,1,1,I,561,3,1,3,5,4,7,5,4,10400,1,1,0,5,4,7,5,4,10400,1,1,0,5,4,7,5,4,10400,1,1,0,2024,4,8,2130000,1800000,1,2
202601,6,,0.비상권,48330,14,0,0,0,1,0,7,21,04,6,2,없음,100,6,0,0,0,2,2,4,1,10,2,1,1,1,1,8,2,3,2,1,S,969,3,1,3,4,3,4,4,3,5700,1,1,0,4,3,4,4,3,5700,1,1,0,4,3,4,4,3,5700,1,1,0,2024,3,10,2130000,1800000,1,2
202601,6,,0.비상권,48330,14,0,0,0,1,0,8,31,04,2,1,없음,250,5,0,1,0,5,2,4,1,10,2,1,1,1,1,8,5,3,1,1,I,561,4,1,4,6,5,6,6,5,9100,1,1,0,6,5,6,6,5,9100,1,1,0,6,5,6,6,5,9100,1,1,0,2024,3,9,1760000,8950000,1,1
202601,6,,0.비상권,48330,43,0,0,0,1,0,6,21,04,2,1,없음,300,4,0,0,0,4,2,4,1,10,2,1,1,1,1,8,4,3,1,1,L,682,1,1,1,4,3,7,4,3,13200,1,1,0,4,3,7,4,3,13200,1,1,0,4,3,7,4,3,13200,1,1,0,2025,3,7,1220000,6230000,1,1
202601,6,,0.비상권,48330,43,0,0,0,1,0,6,21,04,2,1,없음,300,4,0,0,0,4,2,4,1,10,2,1,1,1,1,8,4,3,1,1,I,561,4,1,4,6,5,7,6,5,10100,1,1,0,6,5,7,6,5,10100,1,1,0,6,5,7,6,5,10100,1,1,0,2024,3,9,1220000,6230000,1,1
202601,6,,0.비상권,48330,22,0,120,0,1,0,3,21,03,6,1,없음,50,4,0,0,0,2,1,3,1,10,1,1,1,1,1,8,2,3,1,1,G,474,2,1,2,4,5,8,4,5,27000,1,1,0,4,5,8,4,5,27000,1,1,0,4,5,8,4,5,27000,1,1,0,2024,3,9,3260000,6010000,1,2
202601,6,,0.비상권,48330,22,0,120,0,1,0,3,21,03,6,1,없음,50,4,0,0,0,2,1,3,1,10,1,1,1,1,1,8,2,3,1,1,J,639,2,1,2,5,4,8,5,4,25400,1,1,0,5,4,8,5,4,25400,1,1,0,5,4,8,5,4,25400,1,1,0,2024,3,9,3260000,6010000,1,2
202601,6,,0.비상권,48330,22,0,120,0,1,0,4,21,04,8,1,없음,100,8,0,0,0,2,2,4,1,10,2,1,1,1,1,8,2,3,1,1,G,472,3,1,3,4,3,3,4,3,3800,1,1,0,4,3,3,4,3,3800,1,1,0,4,3,3,4,3,3800,1,1,0,2024,3,9,3260000,4100000,1,1
202601,6,,0.비상권,48330,22,0,120,0,1,0,4,21,04,8,1,없음,100,8,0,0,0,2,2,4,1,10,2,1,1,1,1,8,2,3,1,1,I,561,3,1,3,4,3,3,4,3,3900,2,1,0,4,3,3,4,3,3900,2,1,0,4,3,3,4,3,3900,2,1,0,2025,3,10,3260000,4100000,1,1
202601,6,,0.비상권,48330,16,0,0,0,1,0,5,32,03,6,1,없음,100,6,0,0,0,1,1,2,1,10,1,1,1,1,1,8,1,3,1,1,G,474,1,1,1,4,3,7,4,3,17900,2,1,0,4,3,7,4,3,17900,2,1,0,4,3,7,4,3,17900,2,1,0,2025,3,10,2760000,4530000,1,2
202601,6,,0.비상권,48330,16,0,0,0,1,0,5,32,03,6,1,없음,100,6,0,0,0,1,1,2,1,10,1,1,1,1,1,8,1,3,1,1,I,561,1,1,1,3,3,7,3,3,15800,1,1,0,3,3,7,3,3,15800,1,1,0,3,3,7,3,3,15800,1,1,0,2024,3,10,2760000,4530000,1,2
202601,6,,0.비상권,48330,16,0,0,0,1,0,5,32,03,6,1,없음,100,6,0,0,0,1,1,2,1,10,1,1,1,1,1,8,1,3,1,1,S,961,1,1,1,4,3,7,4,3,17900,2,1,0,4,3,7,4,3,17900,2,1,0,4,3,7,4,3,17900,2,1,0,2024,3,10,2760000,4530000,1,2
202601,6,,0.비상권,48330,16,0,0,0,1,0,4,32,03,7,1,없음,50,6,0,0,0,2,1,3,1,10,1,1,1,1,1,8,2,3,1,1,I,561,2,1,2,5,3,7,5,3,17100,2,1,0,5,3,7,5,3,17100,2,1,0,5,3,7,5,3,17100,2,1,0,2025,3,9,2880000,4200000,1,2
202601,6,,0.비상권,48330,16,0,0,0,1,0,4,32,03,7,1,없음,50,6,0,0,0,2,1,3,1,10,1,1,1,1,1,8,2,3,1,1,G,474,2,1,2,5,3,7,5,3,17200,1,1,0,5,3,7,5,3,17200,1,1,0,5,3,7,5,3,17200,1,1,0,2024,3,9,2880000,4200000,1,2
202601,6,,0.비상권,48330,16,0,0,0,1,0,4,32,03,7,1,없음,50,6,0,0,0,2,1,3,1,10,1,1,1,1,1,8,2,3,1,1,G,474,1,1,1,3,3,7,3,3,16300,1,1,0,3,3,7,3,3,16300,1,1,0,3,3,7,3,3,16300,1,1,0,2025,3,10,2880000,4200000,1,2
202601,6,,0.비상권,48330,16,0,0,0,1,0,8,21,03,7,2,없음,170,6,0,0,0,2,2,4,1,10,2,1,1,1,1,8,2,3,1,1,I,561,1,1,1,4,3,8,4,3,22100,1,1,0,4,3,8,4,3,22100,1,1,0,4,3,8,4,3,22100,1,1,0,2024,3,9,3300000,2490000,1,2
202601,6,,0.비상권,48330,16,0,0,0,1,0,8,21,03,7,2,없음,170,6,0,0,0,2,2,4,1,10,2,1,1,1,1,8,2,3,1,1,I,561,1,1,1,4,3,8,4,3,22100,1,1,0,4,3,8,4,3,22100,1,1,0,4,3,8,4,3,22100,1,1,0,2024,3,9,3300000,2490000,1,2
202601,6,,0.비상권,48330,16,0,0,0,1,0,8,21,03,7,2,없음,170,6,0,0,0,2,2,4,1,10,2,1,1,1,1,8,2,3,1,1,I,561,1,1,1,4,3,8,4,3,22100,1,1,0,4,3,8,4,3,22100,1,1,0,4,3,8,4,3,22100,1,1,0,2025,3,10,3300000,2490000,1,2
202601,6,,0.비상권,48330,16,0,0,0,1,0,8,21,03,7,2,없음,170,6,0,0,0,2,2,4,1,10,2,1,1,1,1,8,2,3,1,1,L,682,1,1,1,4,3,8,4,3,22100,1,1,0,4,3,8,4,3,22100,1,1,0,4,3,8,4,3,22100,1,1,0,2026,3,10,3300000,2490000,1,2
202601,6,,0.비상권,48330,16,0,0,0,1,0,8,21,03,7,2,없음,170,6,0,0,0,2,2,4,1,10,2,1,1,1,1,8,2,3,2,1,S,961,2,1,2,5,3,7,5,3,10700,1,1,0,5,3,7,5,3,10700,1,1,0,5,3,7,5,3,10700,1,1,0,2026,3,10,3300000,2490000,1,2
202601,6,,0.비상권,48330,16,0,0,0,1,0,8,21,03,7,2,없음,170,6,0,0,0,2,2,4,1,10,2,1,1,1,1,8,2,3,2,1,N,742,2,1,2,5,3,7,5,3,10700,1,1,0,5,3,7,5,3,10700,1,1,0,5,3,7,5,3,10700,1,1,0,2025,3,10,3300000,2490000,1,2
202601,6,,0.비상권,48330,22,0,0,0,1,0,9,32,04,4,1,없음,50,4,0,0,0,3,2,4,1,10,2,1,1,1,1,8,3,3,1,1,I,561,4,1,4,5,5,6,5,5,8200,1,1,0,5,5,6,5,5,8200,1,1,0,5,5,6,5,5,8200,1,1,0,2025,3,10,3050000,8620000,1,1
202601,6,,0.비상권,48730,22,0,0,0,1,0,6,31,04,4,1,없음,55,8,0,1,0,4,2,4,1,10,2,1,1,1,1,8,4,3,1,1,I,561,4,1,4,5,5,5,5,5,6600,1,1,0,5,5,5,5,5,6600,1,1,0,5,5,5,5,5,6600,1,1,0,2025,3,9,1000000,2660000,1,1
202601,6,,0.비상권,48730,22,0,0,0,1,0,6,31,04,4,1,없음,55,8,0,1,0,4,2,4,1,10,2,1,1,1,1,8,4,3,1,1,I,561,4,1,4,4,4,5,4,4,6300,1,1,0,4,4,5,4,4,6300,1,1,0,4,4,5,4,4,6300,1,1,0,2025,3,10,1000000,2660000,1,1
202601,6,,0.비상권,48730,22,0,0,0,1,0,3,32,04,6,1,없음,83,6,0,0,0,2,2,4,1,10,2,1,1,1,1,8,2,3,1,1,I,561,3,1,3,4,3,5,4,3,6900,1,1,0,4,3,5,4,3,6900,1,1,0,4,3,5,4,3,6900,1,1,0,2025,3,9,1450000,2480000,1,1
202601,6,,0.비상권,48730,22,0,0,0,1,0,3,32,04,6,1,없음,83,6,0,0,0,2,2,4,1,10,2,1,1,1,1,8,2,3,1,1,S,953,2,1,2,4,3,5,4,3,7300,1,1,0,4,3,5,4,3,7300,1,1,0,4,3,5,4,3,7300,1,1,0,2025,3,10,1450000,2480000,1,1
202601,6,,0.비상권,48730,14,0,0,0,1,0,5,21,04,6,1,없음,149,6,0,0,0,2,2,4,1,10,1,1,1,1,1,8,2,3,1,1,L,682,2,1,3,4,3,4,4,3,7800,1,1,0,4,3,4,4,3,7800,1,1,0,4,3,4,4,3,7800,1,1,0,2025,3,8,1520000,1590000,1,1
202601,6,,0.비상권,48730,14,0,0,0,1,0,5,21,04,6,1,없음,149,6,0,0,0,2,2,4,1,10,1,1,1,1,1,8,2,3,2,2,0,999,2,1,2,1,1,1,3,3,5700,1,1,0,1,1,1,3,3,5700,1,1,0,1,1,1,3,3,5700,1,1,0,0,1,1,1520000,1590000,1,1
202601,6,,0.비상권,48730,14,0,0,0,1,0,5,11,04,5,1,없음,125,8,0,0,0,2,1,3,1,10,1,1,1,1,1,13,2,3,1,1,N,751,2,1,2,3,3,7,3,3,8800,1,1,0,3,3,7,3,3,8800,1,1,0,3,3,7,3,3,8800,1,1,0,2025,3,10,1150000,2310000,1,1
202601,6,,0.비상권,48730,14,0,0,0,1,0,5,11,04,5,1,없음,125,8,0,0,0,2,1,3,1,10,1,1,1,1,1,13,2,3,1,1,I,562,2,1,2,3,3,5,3,3,6100,1,1,0,3,3,5,3,3,6100,1,1,0,3,3,5,3,3,6100,1,1,0,2024,3,10,1150000,2310000,1,1
202601,6,,0.비상권,48730,22,0,0,0,1,0,3,32,03,6,1,없음,76,6,0,0,0,2,2,4,1,10,1,1,1,1,1,8,2,3,1,6,0,999,2,1,2,1,1,1,3,3,7400,1,1,1,1,1,1,3,3,7400,1,1,1,1,1,1,3,3,7400,1,1,1,0,1,1,1470000,2610000,1,1
202601,6,,0.비상권,48730,22,0,0,0,1,0,3,32,03,6,1,없음,76,6,0,0,0,2,2,4,1,10,1,1,1,1,1,8,2,3,1,1,I,561,2,1,2,3,3,5,3,3,7200,1,1,0,3,3,5,3,3,7200,1,1,0,3,3,5,3,3,7200,1,1,0,2024,3,10,1470000,2610000,1,1
202601,6,,0.비상권,48730,22,0,0,0,1,0,1,51,03,6,1,없음,106,6,0,0,0,1,1,2,1,10,1,1,1,1,1,8,1,3,1,1,G,474,2,1,2,6,4,7,6,4,19400,1,1,0,6,4,7,6,4,19400,1,1,0,6,4,7,6,4,19400,1,1,0,2025,3,6,2580000,4790000,1,2
202601,6,,0.비상권,48730,22,0,0,0,1,0,1,12,03,10,2,없음,142,4,0,0,0,1,1,3,1,10,1,1,1,1,1,8,1,3,1,1,I,561,2,1,2,4,4,7,4,4,18800,1,1,0,4,4,7,4,4,18800,1,1,0,4,4,7,4,4,18800,1,1,0,2024,3,10,4320000,2180000,1,1
202601,6,,0.비상권,48730,22,0,0,0,1,0,1,12,03,10,2,없음,142,4,0,0,0,1,1,3,1,10,1,1,1,1,1,8,1,3,2,1,I,561,2,1,2,3,3,6,3,3,8000,1,1,0,3,3,6,3,3,8000,1,1,0,3,3,6,3,3,8000,1,1,0,2024,3,10,4320000,2180000,1,1
202601,6,,0.비상권,48740,14,0,0,0,1,0,4,32,04,2,1,없음,250,7,0,0,0,3,1,3,1,10,1,1,1,1,1,8,3,3,1,1,I,561,3,1,3,3,3,4,3,4,6700,1,1,0,3,3,4,3,4,6700,1,1,0,3,3,4,3,4,6600,1,1,0,2026,2,5,700000,3690000,2,2
202601,6,,0.비상권,48740,14,0,0,0,1,0,1,51,03,1,1,없음,200,7,0,0,0,1,1,2,1,10,1,1,1,1,1,8,1,3,1,1,G,475,1,1,1,2,2,5,2,2,7100,1,1,0,2,2,5,2,2,7100,1,1,0,2,2,5,2,2,7100,1,1,0,2025,3,10,1920000,2090000,1,2
202601,6,,0.비상권,48740,14,0,0,0,1,0,1,51,03,1,1,없음,200,7,0,0,0,1,1,2,1,10,1,1,1,1,1,8,1,3,1,1,G,475,1,1,1,3,3,5,3,3,7200,1,1,0,3,3,5,3,3,7200,1,1,0,3,3,5,3,3,7200,1,1,0,2025,3,10,1920000,2090000,1,2
202601,6,,0.비상권,48820,22,0,0,0,1,0,2,21,03,7,2,없음,20,8,0,0,0,2,2,4,1,10,1,1,1,1,1,8,2,3,1,1,I,561,3,1,3,5,3,5,5,3,5800,1,1,0,5,3,5,5,3,5800,1,1,0,5,3,5,5,3,5800,1,1,0,2024,3,7,1620000,1300000,1,1
202601,6,,0.비상권,48820,22,0,0,0,1,0,2,21,03,7,2,없음,20,8,0,0,0,2,2,4,1,10,1,1,1,1,1,8,2,3,2,2,0,999,3,1,3,1,1,1,4,3,2800,1,1,0,1,1,1,4,3,2800,1,1,0,1,1,1,4,3,2800,1,1,0,0,1,1,1620000,1300000,1,1
202601,6,,0.비상권,48840,14,0,0,0,1,0,7,21,03,6,2,없음,10,5,0,1,0,2,2,4,1,10,2,1,1,1,1,8,2,3,1,1,G,471,4,1,4,6,5,7,6,5,17900,1,1,0,6,5,7,6,5,17900,1,1,0,6,5,7,6,5,17900,1,1,0,2025,3,9,3400000,3070000,1,2
202601,6,,0.비상권,48840,14,0,0,0,1,0,7,21,03,6,2,없음,10,5,0,1,0,2,2,4,1,10,2,1,1,1,1,8,2,3,2,1,K,651,4,1,4,1,5,7,4,5,10600,1,1,0,1,5,7,4,5,10600,1,1,0,1,5,7,4,5,10600,1,1,0,2025,3,8,3400000,3070000,1,2
202601,6,,0.비상권,48840,22,0,0,0,1,0,3,32,03,8,1,없음,10,4,0,0,0,2,1,3,1,10,1,1,1,1,1,8,2,3,1,1,G,474,3,1,3,6,4,7,6,4,13100,1,1,0,6,4,7,6,4,13100,1,1,0,6,4,7,6,4,13100,1,1,0,2024,4,7,4390000,5730000,1,1
202601,6,,0.비상권,48840,14,0,0,0,1,0,2,11,03,7,2,없음,115,4,0,0,0,1,1,3,1,9,1,1,1,1,1,8,1,3,1,1,I,561,2,1,2,4,3,7,4,4,15500,1,1,0,4,3,7,4,4,15500,1,1,0,4,3,7,4,4,15500,1,1,0,2025,3,8,2380000,1800000,1,3
202601,6,,0.비상권,48840,14,0,0,0,1,0,2,11,03,7,2,없음,115,4,0,0,0,1,1,3,1,9,1,1,1,1,1,8,1,3,2,1,S,961,2,1,2,4,3,7,4,3,11400,1,1,0,4,3,7,4,3,11400,1,1,0,4,3,7,4,3,11400,1,1,0,2025,3,9,2380000,1800000,1,3
202601,6,,0.비상권,48840,22,0,0,0,1,0,1,21,03,5,1,없음,10,4,0,0,0,2,2,3,1,10,2,1,1,1,1,8,2,3,1,1,G,473,2,1,3,5,4,7,5,4,16300,1,1,0,5,4,7,5,4,16300,1,1,0,5,4,7,5,4,16300,1,1,0,2025,3,10,3190000,7250000,1,2
202601,6,,0.비상권,48840,22,0,0,0,1,0,1,21,03,5,1,없음,10,4,0,0,0,2,2,3,1,10,2,1,1,1,1,8,2,3,1,1,G,473,2,1,2,5,3,7,5,3,16800,1,1,0,5,3,7,5,3,16800,1,1,0,5,3,7,5,3,16800,1,1,0,2024,3,8,3190000,7250000,1,2
202601,6,,0.비상권,48840,22,0,0,0,1,0,5,21,04,8,1,없음,30,6,0,0,0,2,2,4,1,9,2,1,1,1,1,8,2,3,1,1,I,561,2,1,2,4,3,6,3,3,8400,1,1,0,4,3,6,3,3,8400,1,1,0,4,3,6,3,3,8400,1,1,0,2026,3,9,2660000,3330000,1,2
202601,6,,0.비상권,48840,22,0,0,0,1,0,5,21,04,8,1,없음,30,6,0,0,0,2,2,4,1,9,2,1,1,1,1,8,2,3,1,1,I,561,2,1,2,4,3,6,4,3,9000,1,1,0,4,3,6,4,3,9000,1,1,0,4,3,6,4,3,9000,1,1,0,2024,3,9,2660000,3330000,1,2
202601,6,,0.비상권,48840,14,0,0,0,1,0,4,21,04,6,2,없음,198,6,0,0,0,2,2,4,1,10,2,1,1,1,1,8,2,3,1,1,I,561,4,1,4,5,4,5,5,3,5600,1,1,0,5,4,5,5,3,5600,1,1,0,5,4,5,5,3,5600,1,1,0,2025,3,8,2020000,1880000,1,1
202601,6,,0.비상권,48840,14,0,0,0,1,0,4,21,04,6,2,없음,198,6,0,0,0,2,2,4,1,10,2,1,1,1,1,8,2,3,2,2,0,999,3,1,3,1,1,1,4,3,3900,1,1,0,1,1,1,4,3,3900,1,1,0,1,1,1,4,3,3900,1,1,0,0,1,1,2020000,1880000,1,1
202601,6,,0.비상권,48840,22,0,0,0,1,0,1,21,04,3,1,없음,20,5,0,0,0,1,1,2,1,10,1,1,1,1,1,8,1,3,1,1,G,472,1,1,1,3,3,7,3,3,10200,1,1,0,3,3,7,3,3,10200,1,1,0,3,3,7,3,3,10200,1,1,0,2025,3,9,2700000,1090000,1,1
202601,6,,0.비상권,48840,22,0,0,0,1,0,1,21,04,3,1,없음,20,5,0,0,0,1,1,2,1,10,1,1,1,1,1,8,1,3,2,2,0,999,1,1,1,1,1,1,2,2,3500,1,1,0,1,1,1,2,2,3500,1,1,0,1,1,1,2,2,3500,1,1,0,0,1,1,2700000,1090000,1,1
202601,6,,0.비상권,48840,22,0,0,0,1,0,1,21,03,9,2,없음,20,5,0,0,0,2,2,4,1,9,2,1,2,1,1,8,2,3,1,1,G,471,4,1,4,6,5,7,6,5,14000,1,1,0,6,5,7,6,5,14000,1,1,0,6,5,7,6,5,14000,1,1,0,2021,5,9,3470000,2000000,1,1
202601,6,,0.비상권,48840,22,0,0,0,1,0,1,21,03,9,2,없음,20,5,0,0,0,2,2,4,1,9,2,1,2,1,1,8,2,3,2,2,0,999,4,1,4,1,1,1,4,3,3100,1,1,0,1,1,1,4,3,3100,1,1,0,1,1,1,4,3,3100,1,1,0,0,1,1,3470000,2000000,1,1
202601,6,,0.비상권,48850,22,14,0,0,1,0,1,12,03,7,2,없음,20,7,0,0,0,2,2,4,1,10,1,1,1,1,1,8,2,3,1,6,0,999,2,1,2,1,1,1,4,3,5700,1,1,1,1,1,1,4,3,5700,1,1,1,1,1,1,4,3,5700,1,1,1,0,1,1,1020000,940000,1,1
202601,6,,0.비상권,48850,22,14,0,0,1,0,1,12,03,7,2,없음,20,7,0,0,0,2,2,4,1,10,1,1,1,1,1,8,2,3,1,1,S,951,1,1,1,4,2,5,4,2,5700,1,1,0,4,2,5,4,2,5700,1,1,0,4,2,5,4,2,5700,1,1,0,2025,3,9,1020000,940000,1,1
202601,6,,0.비상권,48850,22,14,0,0,1,0,1,12,03,7,2,없음,20,7,0,0,0,2,2,4,1,10,1,1,1,1,1,8,2,3,1,1,M,739,2,1,2,5,3,5,5,3,6100,1,1,0,5,3,5,5,3,6100,1,1,0,5,3,5,5,3,6100,1,1,0,2024,5,8,1020000,940000,1,1
202601,6,,0.비상권,48850,22,14,0,0,1,0,1,12,03,7,2,없음,20,7,0,0,0,2,2,4,1,10,1,1,1,1,1,8,2,3,2,2,0,999,3,1,3,1,1,1,4,3,3000,1,1,0,1,1,1,4,3,3000,1,1,0,1,1,1,4,3,3000,1,1,0,0,1,1,1020000,940000,1,1
202601,6,,0.비상권,48860,13,0,0,0,1,0,8,32,04,6,2,없음,200,6,0,0,0,1,1,3,1,10,1,1,1,1,1,8,1,3,1,1,I,561,2,1,2,5,3,6,5,3,8600,1,1,0,5,3,6,5,3,8600,1,1,0,5,3,6,5,3,8600,1,1,0,2023,4,9,2170000,1930000,1,1
202601,6,,0.비상권,48860,13,0,0,0,1,0,8,32,04,6,2,없음,200,6,0,0,0,1,1,3,1,10,1,1,1,1,1,8,1,3,2,1,0,999,2,1,2,4,3,4,4,3,5900,1,1,0,4,3,4,4,3,5900,1,1,0,4,3,4,4,3,5900,1,1,0,2023,4,9,2170000,1930000,1,1
202601,6,,0.비상권,48870,14,0,0,0,1,0,4,21,03,10,2,없음,160,5,0,0,0,2,2,4,1,10,2,1,2,1,1,8,2,3,1,1,G,478,2,1,2,6,1,3,3,3,4200,1,1,0,6,1,3,3,3,4200,1,1,0,6,1,3,3,3,4200,1,1,0,2024,3,7,1570000,1460000,1,1
202601,6,,0.비상권,48870,14,0,0,0,1,0,4,21,03,10,2,없음,160,5,0,0,0,2,2,4,1,10,2,1,2,1,1,8,2,3,1,1,G,478,2,1,2,6,1,3,3,3,4100,1,1,0,6,1,3,3,3,4100,1,1,0,6,1,3,3,3,4100,1,1,0,2024,3,8,1570000,1460000,1,1
202601,6,,0.비상권,48870,14,0,0,0,1,0,4,21,03,10,2,없음,160,5,0,0,0,2,2,4,1,10,2,1,2,1,1,8,2,3,2,2,0,999,4,1,4,1,1,1,3,3,2800,1,1,0,1,1,1,3,3,2800,1,1,0,1,1,1,3,3,2800,1,1,0,0,1,1,1570000,1460000,1,1
202601,6,,0.비상권,48870,22,0,0,0,1,0,1,51,03,1,1,없음,200,6,0,0,0,2,1,3,1,10,1,1,1,1,1,8,2,3,1,1,I,561,3,1,3,1,4,6,5,4,9600,1,1,0,1,4,6,5,4,9600,1,1,0,1,4,6,5,4,9600,1,1,0,2023,5,5,1180000,1820000,1,2
202601,6,,0.비상권,48870,22,0,0,0,1,0,1,21,03,1,1,없음,100,6,0,0,0,2,2,4,1,10,2,1,1,1,1,8,2,3,1,1,I,561,2,1,2,3,3,5,4,3,9200,1,1,0,3,3,5,4,3,9200,1,1,0,3,3,5,4,3,9200,1,1,0,2024,3,9,950000,1750000,1,1
202601,6,,0.비상권,48870,22,0,0,0,1,0,1,21,03,1,1,없음,100,6,0,0,0,2,2,4,1,10,2,1,1,1,1,8,2,3,1,1,I,561,2,1,2,3,3,6,3,3,8900,1,1,0,3,3,6,3,3,8900,1,1,0,3,3,6,3,3,8900,1,1,0,2024,3,8,950000,1750000,1,1
202601,6,,0.비상권,48870,22,0,0,0,1,0,1,21,03,1,1,없음,100,6,0,0,0,2,2,4,1,10,2,1,1,1,1,8,2,3,1,1,G,472,1,1,1,3,3,7,3,3,10400,1,1,0,3,3,7,3,3,10400,1,1,0,3,3,7,3,3,10400,1,1,0,2023,4,7,950000,1750000,1,1
202601,6,,0.비상권,48870,22,0,0,0,1,0,1,51,03,1,1,없음,100,6,0,0,0,1,1,2,1,10,1,1,1,1,1,8,1,3,1,1,I,561,2,1,2,4,4,7,4,4,19800,1,1,0,4,4,7,4,4,19800,1,1,0,4,4,7,4,4,19800,1,1,0,2024,3,9,2630000,3370000,1,2
202601,6,,0.비상권,48870,22,0,0,0,1,0,1,12,03,1,1,없음,130,7,0,0,0,1,1,1,1,10,1,1,1,1,1,8,1,3,1,1,G,474,1,1,1,3,3,7,3,3,19900,1,1,0,3,3,7,3,3,19900,1,1,0,3,3,7,3,3,19900,1,1,0,2025,3,9,1370000,2860000,1,2
202601,6,,0.비상권,48870,22,0,0,0,1,0,1,12,03,1,1,없음,130,7,0,0,0,1,1,1,1,10,1,1,1,1,1,8,1,3,1,1,G,472,1,1,1,3,3,7,3,3,18300,1,1,0,3,3,7,3,3,18300,1,1,0,3,3,7,3,3,18300,1,1,0,2024,3,10,1370000,2860000,1,2
202601,6,,0.비상권,48870,14,0,0,0,1,0,4,21,04,6,2,없음,350,8,0,0,0,2,2,4,1,10,1,1,1,1,1,8,2,3,1,1,S,949,3,1,3,3,3,4,3,3,4300,1,1,0,3,3,4,3,3,4300,1,1,0,3,3,4,3,3,4300,1,1,0,2025,3,10,1410000,1270000,1,1
202601,6,,0.비상권,48870,14,0,0,0,1,0,4,21,04,6,2,없음,350,8,0,0,0,2,2,4,1,10,1,1,1,1,1,8,2,3,2,2,0,999,3,1,3,1,1,1,3,3,1500,1,1,0,1,1,1,3,3,1500,1,1,0,1,1,1,3,3,1500,1,1,0,0,1,1,1410000,1270000,1,1
202601,6,,0.비상권,48870,14,0,0,0,1,0,3,21,03,6,2,없음,180,5,0,0,0,2,2,4,1,9,2,1,2,1,1,8,2,3,1,1,I,562,4,1,4,3,3,4,3,3,4300,1,1,0,3,3,4,3,3,4300,1,1,0,3,3,4,3,3,4300,1,1,0,2025,3,10,1600000,1370000,1,1
202601,6,,0.비상권,48870,14,0,0,0,1,0,3,21,03,6,2,없음,180,5,0,0,0,2,2,4,1,9,2,1,2,1,1,8,2,3,2,2,0,999,4,1,4,1,1,1,3,3,3100,1,1,0,1,1,1,3,3,3100,1,1,0,1,1,1,3,3,3100,1,1,0,0,1,1,1600000,1370000,1,1
202601,6,,0.비상권,48880,14,0,0,0,1,0,4,21,03,4,1,없음,205,6,0,1,0,2,2,4,3,6,2,1,1,1,1,8,2,3,1,1,S,961,2,1,2,3,3,6,3,3,8200,1,1,0,3,3,6,3,3,8200,1,1,0,3,3,6,3,3,8200,1,1,0,2026,3,10,1350000,2000000,1,1
202601,6,,0.비상권,48880,14,0,0,0,1,0,4,21,03,4,1,없음,205,6,0,1,0,2,2,4,3,6,2,1,1,1,1,8,2,3,1,1,S,961,2,1,2,3,3,6,3,3,8100,1,1,0,3,3,6,3,3,8100,1,1,0,3,3,6,3,3,8100,1,1,0,2025,3,10,1350000,2000000,1,1
202601,6,,0.비상권,48880,14,0,0,0,1,0,4,21,03,4,1,없음,205,6,0,1,0,2,2,4,3,6,2,1,1,1,1,8,2,3,2,2,0,999,1,3,3,1,1,1,3,3,4400,1,1,0,1,1,1,3,3,4400,1,1,0,1,1,1,3,3,4400,1,1,0,0,1,1,1350000,2000000,1,1
202601,6,,0.비상권,48880,22,0,0,0,1,0,1,11,03,9,2,없음,10,4,0,0,0,1,2,3,1,10,1,1,1,1,1,8,1,3,1,1,I,561,2,1,2,6,4,8,6,4,20200,1,1,0,6,4,8,6,4,20200,1,1,0,6,4,8,6,4,20200,1,1,0,2024,3,10,5510000,3140000,1,1
202601,6,,0.비상권,48880,22,0,0,0,1,0,1,11,03,9,2,없음,10,4,0,0,0,1,2,3,1,10,1,1,1,1,1,8,1,3,2,2,0,999,2,1,2,1,1,1,4,3,9500,1,1,0,1,1,1,4,3,9500,1,1,0,1,1,1,4,3,9500,1,1,0,0,1,1,5510000,3140000,1,1
202601,6,,0.비상권,48880,22,0,0,0,1,0,1,21,03,1,1,없음,25,7,0,0,0,1,1,2,1,10,1,1,1,1,1,8,1,3,1,1,R,912,1,1,2,5,4,8,5,4,24800,1,1,0,5,4,8,5,4,24800,1,1,0,5,4,8,5,4,24800,1,1,0,2025,2,10,5550000,2750000,1,1
202601,6,,0.비상권,48880,22,0,0,0,1,0,1,21,03,1,1,없음,25,7,0,0,0,1,1,2,1,10,1,1,1,1,1,8,1,3,2,2,0,999,1,1,2,1,1,1,2,3,9500,1,1,0,1,1,1,2,3,9500,1,1,0,1,1,1,2,3,9500,1,1,0,0,1,1,5550000,2750000,1,1
202601,6,,0.비상권,48880,22,0,0,0,1,0,1,21,03,5,1,없음,208,4,0,0,0,2,1,3,1,9,1,1,1,1,1,8,2,3,1,6,0,999,1,1,1,1,1,1,4,4,27600,1,1,1,1,1,1,4,4,27600,1,1,1,1,1,1,4,4,27600,1,1,1,0,1,1,2880000,3410000,1,2
202601,6,,0.비상권,48880,22,0,0,0,1,0,1,21,03,5,1,없음,208,4,0,0,0,2,1,3,1,9,1,1,1,1,1,8,2,3,1,1,G,474,1,1,1,4,4,8,4,4,27700,1,1,0,4,4,8,4,4,27700,1,1,0,4,4,8,4,4,27700,1,1,0,2025,2,10,2880000,3410000,1,2
202601,6,,0.비상권,48880,22,0,0,0,1,0,1,21,03,5,1,없음,208,4,0,0,0,2,1,3,1,9,1,1,1,1,1,8,2,3,2,6,0,999,2,1,2,1,1,1,2,3,6300,1,1,1,1,1,1,2,3,6300,1,1,1,1,1,1,2,3,6300,1,1,1,0,1,1,2880000,3410000,1,2
202601,6,,0.비상권,48880,14,0,0,0,1,0,2,21,03,6,2,없음,200,7,0,0,0,2,2,4,1,10,1,1,1,1,1,8,2,3,1,1,I,561,1,1,2,3,3,7,3,3,10200,1,1,0,3,3,7,3,3,10200,1,1,0,3,3,7,3,3,10200,1,1,0,2025,3,10,2090000,1880000,1,1
202601,6,,0.비상권,48880,14,0,0,0,1,0,2,21,03,6,2,없음,200,7,0,0,0,2,2,4,1,10,1,1,1,1,1,8,2,3,1,1,S,961,1,1,1,3,3,7,3,3,11300,1,1,0,3,3,7,3,3,11300,1,1,0,3,3,7,3,3,11300,1,1,0,2025,3,7,2090000,1880000,1,1
202601,6,,0.비상권,48880,14,0,0,0,1,0,2,21,03,6,2,없음,200,7,0,0,0,2,2,4,1,10,1,1,1,1,1,8,2,3,2,2,0,999,2,1,2,1,1,1,3,3,5600,1,1,0,1,1,1,3,3,5600,1,1,0,1,1,1,3,3,5600,1,1,0,0,1,1,2090000,1880000,1,1
202601,6,,0.비상권,48880,14,0,0,0,1,0,2,21,03,6,2,없음,22,4,0,0,0,2,2,4,1,10,2,1,2,1,1,8,2,3,1,1,G,473,2,1,3,4,3,5,4,3,7100,1,1,0,4,3,5,4,3,7100,1,1,0,4,3,5,4,3,7100,1,1,0,2025,3,8,2580000,2310000,1,1
202601,6,,0.비상권,48880,14,0,0,0,1,0,2,21,03,6,2,없음,22,4,0,0,0,2,2,4,1,10,2,1,2,1,1,8,2,3,1,1,I,561,1,1,2,3,3,5,3,3,6400,1,1,0,3,3,5,3,3,6400,1,1,0,3,3,5,3,3,6400,1,1,0,2025,3,9,2580000,2310000,1,1
202601,6,,0.비상권,48880,14,0,0,0,1,0,2,21,03,6,2,없음,22,4,0,0,0,2,2,4,1,10,2,1,2,1,1,8,2,3,2,2,0,999,3,1,4,1,1,1,4,3,3900,1,1,0,1,1,1,4,3,3900,1,1,0,1,1,1,4,3,3900,1,1,0,0,1,1,2580000,2310000,1,1
202601,6,,0.비상권,48880,14,0,0,0,1,0,2,21,03,1,1,없음,380,4,0,0,0,2,2,3,1,10,1,1,1,1,1,8,2,3,1,1,N,741,1,1,1,3,3,7,3,3,17700,1,1,0,3,3,7,3,3,17700,1,1,0,3,3,7,3,3,17700,1,1,0,2025,3,10,1470000,2760000,1,1
202601,6,,0.비상권,48880,14,0,0,0,1,0,2,21,03,1,1,없음,380,4,0,0,0,2,2,3,1,10,1,1,1,1,1,8,2,3,1,1,J,581,1,1,1,3,3,7,3,3,17700,1,1,0,3,3,7,3,3,17700,1,1,0,3,3,7,3,3,17700,1,1,0,2024,3,10,1470000,2760000,1,1
202601,6,,0.비상권,48880,14,0,0,0,1,0,2,21,03,1,1,없음,380,4,0,0,0,2,2,3,1,10,1,1,1,1,1,8,2,3,1,6,0,999,1,1,1,1,1,1,3,3,17700,1,1,1,1,1,1,3,3,17700,1,1,1,1,1,1,3,3,17700,1,1,1,0,1,1,1470000,2760000,1,1
202601,6,,0.비상권,48880,14,0,0,0,1,0,2,21,03,1,1,없음,380,4,0,0,0,2,2,3,1,10,1,1,1,1,1,8,2,3,1,1,Q,869,1,1,1,3,3,7,3,3,17700,1,1,0,3,3,7,3,3,17700,1,1,0,3,3,7,3,3,17700,1,1,0,2024,3,10,1470000,2760000,1,1
202601,6,,0.비상권,48880,14,0,0,0,1,0,2,21,03,1,1,없음,380,4,0,0,0,2,2,3,1,10,1,1,1,1,1,8,2,3,2,2,0,999,2,1,2,1,1,1,4,3,8800,1,1,0,1,1,1,4,3,8800,1,1,0,1,1,1,4,3,8800,1,1,0,0,1,1,1470000,2760000,1,1
202601,6,,0.비상권,48890,13,0,0,0,1,0,3,32,04,5,1,없음,20,4,0,0,0,3,2,4,1,10,2,1,1,1,1,2,3,3,1,1,M,711,2,1,2,4,3,7,4,4,12200,1,1,0,4,3,7,4,4,12200,1,1,0,4,3,7,4,4,12200,1,1,0,2025,2,7,2260000,4600000,1,1
202601,6,,0.비상권,48890,13,0,0,0,1,0,3,32,04,5,1,없음,20,4,0,0,0,3,2,4,1,10,2,1,1,1,1,2,3,3,1,1,S,961,2,1,2,4,3,7,4,4,12200,1,1,0,4,3,7,4,4,12200,1,1,0,4,3,7,4,4,12200,1,1,0,2025,2,9,2260000,4600000,1,1
202601,6,,0.비상권,48890,13,0,0,0,1,0,3,32,04,5,1,없음,20,4,0,0,0,3,2,4,1,10,2,1,1,1,1,2,3,3,1,1,L,682,2,1,2,4,3,7,4,4,12200,1,1,0,4,3,7,4,4,12200,1,1,0,4,3,7,4,4,12200,1,1,0,2024,3,9,2260000,4600000,1,1
202601,6,,0.비상권,48890,13,0,0,0,1,0,3,32,04,5,1,없음,20,4,0,0,0,3,2,4,1,10,2,1,1,1,1,2,3,3,1,1,I,561,2,1,2,4,3,7,4,4,12200,1,1,0,4,3,7,4,4,12200,1,1,0,4,3,7,4,4,12200,1,1,0,2025,2,9,2260000,4600000,1,1
202601,6,,0.비상권,48890,13,0,0,0,1,0,2,21,04,6,2,없음,10,4,0,0,0,2,2,4,1,10,1,1,1,1,1,8,2,3,1,1,G,467,2,1,3,4,4,7,4,4,14600,1,1,0,4,4,7,4,4,14600,1,1,0,4,4,7,4,4,14600,1,1,0,2025,3,9,2600000,2530000,1,1
202601,6,,0.비상권,48890,13,0,0,0,1,0,2,21,04,6,2,없음,10,4,0,0,0,2,2,4,1,10,1,1,1,1,1,8,2,3,1,1,G,472,1,1,1,4,3,7,4,3,16500,1,1,0,4,3,7,4,3,16500,1,1,0,4,3,7,4,3,16500,1,1,0,2025,3,10,2600000,2530000,1,1
202601,6,,0.비상권,48890,13,0,0,0,1,0,2,21,04,6,2,없음,10,4,0,0,0,2,2,4,1,10,1,1,1,1,1,8,2,3,2,2,0,999,3,1,3,1,1,1,4,3,2600,1,1,0,1,1,1,4,3,2600,1,1,0,1,1,1,4,3,2600,1,1,0,0,1,1,2600000,2530000,1,1
202601,6,,중앙사거리,50110,22,0,120,200,1,0,1,21,04,9,2,없음,135,5,0,0,0,2,2,4,2,9,2,1,2,1,1,8,2,3,1,1,S,961,1,1,1,1,3,7,3,3,11200,1,1,0,1,3,7,3,3,11200,1,1,0,1,3,7,3,3,11200,1,1,0,2025,2,8,2390000,1850000,1,1
202601,6,,중앙사거리,50110,22,0,120,200,1,0,1,21,04,9,2,없음,135,5,0,0,0,2,2,4,2,9,2,1,2,1,1,8,2,3,1,1,S,961,1,1,1,3,3,7,3,3,11200,1,1,0,3,3,7,3,3,11200,1,1,0,3,3,7,3,3,11200,1,1,0,2025,3,7,2390000,1850000,1,1
202601,6,,중앙사거리,50110,22,0,120,200,1,0,1,21,04,9,2,없음,135,5,0,0,0,2,2,4,2,9,2,1,2,1,1,8,2,3,1,1,S,969,2,1,2,3,3,6,3,3,10500,1,1,0,3,3,6,3,3,10500,1,1,0,3,3,6,3,3,10500,1,1,0,2025,3,10,2390000,1850000,1,1
202601,6,,중앙사거리,50110,22,0,120,200,1,0,1,21,04,9,2,없음,135,5,0,0,0,2,2,4,2,9,2,1,2,1,1,8,2,3,1,1,F,422,1,1,1,1,3,6,3,3,10200,1,1,0,1,3,6,3,3,10200,1,1,0,1,3,6,3,3,10200,1,1,0,2025,2,10,2390000,1850000,1,1
202601,6,,중앙사거리,50110,22,0,120,200,1,0,1,21,04,9,2,없음,135,5,0,0,0,2,2,4,2,9,2,1,2,1,1,8,2,3,2,2,0,999,4,1,4,1,1,1,3,4,6200,1,1,0,1,1,1,3,4,6200,1,1,0,1,1,1,3,4,6200,1,1,0,0,1,1,2390000,1850000,1,1
202601,6,,중앙사거리,50110,14,0,200,0,1,0,1,21,04,6,1,없음,50,5,0,0,0,2,2,4,1,9,2,1,2,1,1,8,2,2,1,1,I,561,3,1,3,4,5,7,4,5,14800,1,1,0,4,5,7,4,5,14800,1,1,0,4,5,7,4,5,14800,1,1,0,2024,3,10,2150000,2170000,1,2
202601,6,,중앙사거리,50110,14,0,200,0,1,0,1,21,04,6,1,없음,50,5,0,0,0,2,2,4,1,9,2,1,2,1,1,8,2,2,1,1,L,682,2,1,2,3,4,7,3,4,11100,1,1,0,3,4,7,3,4,11100,1,1,0,3,4,7,3,4,11100,1,1,0,2025,3,9,2150000,2170000,1,2
202601,6,,중앙사거리,50110,14,0,200,0,1,0,1,21,04,6,1,없음,50,5,0,0,0,2,2,4,1,9,2,1,2,1,1,8,2,2,2,2,0,999,3,1,4,1,1,1,3,3,4700,1,1,0,1,1,1,3,3,4700,1,1,0,1,1,1,3,3,4700,1,1,0,0,1,1,2150000,2170000,1,2
202601,6,,중앙사거리,50110,22,0,200,300,1,0,5,21,04,9,2,없음,84,7,0,1,0,2,2,4,1,9,2,1,1,1,1,8,2,3,1,1,G,474,4,1,4,6,6,7,6,6,18100,1,1,0,6,6,7,6,6,18100,1,1,0,6,6,7,6,6,18100,1,1,0,2025,2,10,5730000,3470000,1,1
202601,6,,중앙사거리,50110,22,0,200,300,1,0,5,21,04,9,2,없음,84,7,0,1,0,2,2,4,1,9,2,1,1,1,1,8,2,3,2,1,G,474,4,1,4,5,5,5,5,5,8600,1,1,0,5,5,5,5,5,8600,1,1,0,5,5,5,5,5,8600,1,1,0,2025,2,10,5730000,3470000,1,1
202601,6,,중앙사거리,50110,22,0,200,300,1,0,7,31,03,8,1,없음,64,5,0,0,0,1,1,2,1,10,1,1,1,1,1,8,1,2,1,1,G,478,1,1,1,5,4,10,5,4,64700,1,1,0,5,4,10,5,4,64700,1,1,0,5,4,10,5,4,64700,1,1,0,2024,4,10,6730000,8440000,1,2
202601,6,,중앙사거리,50110,22,0,200,300,1,0,7,31,03,8,1,없음,64,5,0,0,0,1,1,2,1,10,1,1,1,1,1,8,1,2,1,6,0,999,1,1,1,1,1,1,4,5,34100,1,1,1,1,1,1,4,5,34100,1,1,1,1,1,1,4,5,34100,1,1,1,0,1,1,6730000,8440000,1,2
202601,6,,중앙사거리,50110,22,0,200,300,1,0,1,21,03,7,2,없음,134,8,0,0,0,1,2,4,1,10,1,1,1,1,1,8,1,2,1,1,G,474,2,1,2,3,3,7,3,3,10200,1,1,0,3,3,7,3,3,10200,1,1,0,3,3,7,3,3,10200,1,1,0,2025,2,3,3610000,2700000,1,1
202601,6,,중앙사거리,50110,22,0,200,300,1,0,1,21,03,7,2,없음,134,8,0,0,0,1,2,4,1,10,1,1,1,1,1,8,1,2,1,1,G,474,1,1,1,2,3,7,3,3,10800,1,1,0,2,3,7,3,3,10800,1,1,0,2,3,7,3,3,10800,1,1,0,2026,2,5,3610000,2700000,1,1
202601,6,,중앙사거리,50110,22,0,200,300,1,0,1,21,03,7,2,없음,134,8,0,0,0,1,2,4,1,10,1,1,1,1,1,8,1,2,2,6,0,999,3,1,3,1,1,1,2,3,3600,1,1,1,1,1,1,2,3,3600,1,1,1,1,1,1,2,3,3600,1,1,1,0,1,1,3610000,2700000,1,1
202601,6,,중앙사거리,50110,22,0,200,300,1,0,5,32,03,7,1,없음,172,8,0,0,0,1,1,1,1,10,1,1,1,1,1,8,1,2,1,1,S,961,1,1,1,3,3,7,3,3,13000,1,1,0,3,3,7,3,3,13000,1,1,0,3,3,7,3,3,13000,1,1,0,2025,2,8,2000000,3110000,1,1
202601,6,,0.비상권,50110,13,0,0,0,1,0,4,12,04,6,1,없음,200,4,0,1,0,2,1,2,1,9,1,1,1,1,1,8,2,2,1,1,R,912,2,1,2,3,3,6,3,3,8100,1,1,0,3,3,6,3,3,8100,1,1,0,3,3,6,3,3,8100,1,1,0,2024,3,8,2030000,3540000,1,1
202601,6,,0.비상권,50110,13,0,0,0,1,0,4,12,04,6,1,없음,200,4,0,1,0,2,1,2,1,9,1,1,1,1,1,8,2,2,1,2,0,999,1,1,1,1,1,1,3,3,12200,1,1,0,1,1,1,3,3,12200,1,1,0,1,1,1,3,3,12200,1,1,0,0,1,1,2030000,3540000,1,1
202601,6,,광양사거리,50110,22,0,200,300,1,0,1,11,03,8,1,없음,55,6,0,0,0,2,2,3,1,10,2,1,1,1,1,8,2,2,1,1,S,969,1,1,1,1,3,6,3,3,8100,1,1,0,1,3,6,3,3,8100,1,1,0,1,3,6,3,3,8100,1,1,0,2026,3,4,1980000,2540000,1,1
202601,6,,광양사거리,50110,22,0,200,300,1,0,1,11,03,8,1,없음,55,6,0,0,0,2,2,3,1,10,2,1,1,1,1,8,2,2,1,1,G,478,1,1,1,3,3,6,3,3,8100,1,1,0,3,3,6,3,3,8100,1,1,0,3,3,6,3,3,8100,1,1,0,2025,3,9,1980000,2540000,1,1
202601,6,,광양사거리,50110,22,0,200,300,1,0,1,11,03,8,1,없음,55,6,0,0,0,2,2,3,1,10,2,1,1,1,1,8,2,2,1,1,S,961,2,1,2,3,3,5,4,3,6400,1,1,0,3,3,5,4,3,6400,1,1,0,3,3,5,4,3,6400,1,1,0,2024,4,9,1980000,2540000,1,1
202601,6,,0.비상권,50110,14,0,200,0,1,0,4,32,04,6,1,없음,80,4,0,0,0,3,2,4,1,10,2,1,1,1,1,8,2,2,1,1,I,561,4,1,4,3,4,5,3,4,6900,1,1,0,3,4,5,3,4,6900,1,1,0,3,4,5,3,4,6900,1,1,0,2025,2,9,1980000,3900000,1,1
202601,6,,광양사거리,50110,16,0,0,0,1,0,3,32,03,4,1,없음,127,2,0,0,0,3,2,4,1,10,2,1,1,1,1,8,3,2,1,1,G,478,4,1,4,4,5,6,4,5,8300,1,1,0,4,5,6,4,5,8300,1,1,0,4,5,6,4,5,8300,1,1,0,2024,4,8,2820000,7660000,1,1
202601,6,,광양사거리,50110,13,0,0,0,1,0,3,32,04,5,1,없음,122,2,0,0,0,3,2,4,1,10,2,1,1,1,1,8,3,2,1,1,G,466,2,1,2,3,3,5,3,3,7600,1,1,0,3,3,5,3,3,7600,1,1,0,3,3,5,3,3,7600,1,1,0,2024,5,6,1900000,4650000,1,1
202601,6,,광양사거리,50110,13,0,0,0,1,0,3,32,04,5,1,없음,122,2,0,0,0,3,2,4,1,10,2,1,1,1,1,8,3,2,1,1,I,561,3,1,4,4,4,7,4,4,8600,1,1,0,4,4,7,4,4,8600,1,1,0,4,4,7,4,4,8600,1,1,0,2025,3,9,1900000,4650000,1,1
202601,6,,0.비상권,50110,14,0,200,0,1,0,4,32,04,6,1,없음,220,4,0,0,0,2,1,3,1,10,1,1,1,1,1,8,2,2,1,1,I,561,3,1,3,4,4,6,4,4,9400,1,1,0,4,4,6,4,4,9400,1,1,0,4,4,6,4,4,9400,1,1,0,2025,3,9,2280000,4110000,1,1
202601,6,,광양사거리,50110,14,0,200,0,1,0,8,32,04,5,1,없음,100,6,0,1,0,2,2,3,1,9,2,1,1,1,1,8,2,3,1,1,I,561,3,1,4,5,6,8,5,6,20300,1,1,0,5,6,8,5,6,20300,1,1,0,5,6,8,5,6,20300,1,1,0,2026,3,9,2230000,4630000,1,2
202601,6,,광양사거리,50110,14,0,200,0,1,0,3,21,04,6,2,없음,250,8,0,0,0,2,2,4,1,9,1,1,1,1,1,8,2,2,1,1,J,581,3,1,3,4,4,5,4,4,7100,1,1,0,4,4,5,4,4,7100,1,1,0,4,4,5,4,4,7100,1,1,0,2026,2,7,2200000,2180000,1,1
202601,6,,광양사거리,50110,14,0,200,0,1,0,3,21,04,6,2,없음,250,8,0,0,0,2,2,4,1,9,1,1,1,1,1,8,2,2,2,2,0,999,2,1,2,1,1,1,3,3,4900,1,1,0,1,1,1,3,3,4900,1,1,0,1,1,1,3,3,4900,1,1,0,0,1,1,2200000,2180000,1,1
202601,6,,광양사거리,50110,22,0,200,300,1,0,5,32,04,4,1,없음,116,6,0,0,0,2,1,3,1,10,1,1,1,1,1,8,2,3,1,1,I,561,3,1,3,5,4,7,5,4,10900,1,1,0,5,4,7,5,4,10900,1,1,0,5,4,7,5,4,10900,1,1,0,2024,3,9,2220000,5600000,1,1
202601,6,,광양사거리,50110,14,0,200,0,1,0,3,21,04,6,2,없음,106,6,0,0,0,2,2,4,1,10,2,1,1,1,1,8,2,3,1,1,I,561,4,1,4,3,4,4,4,4,6900,1,1,0,3,4,4,4,4,6900,1,1,0,3,4,4,4,4,6900,1,1,0,2025,3,8,2090000,2060000,1,1
202601,6,,광양사거리,50110,14,0,200,0,1,0,3,21,04,6,2,없음,106,6,0,0,0,2,2,4,1,10,2,1,1,1,1,8,2,3,2,2,0,999,3,1,3,1,1,1,3,3,5700,1,1,0,1,1,1,3,3,5700,1,1,0,1,1,1,3,3,5700,1,1,0,0,1,1,2090000,2060000,1,1
202601,6,,광양사거리,50110,14,0,200,0,1,0,3,32,04,6,1,없음,100,7,0,0,0,2,1,3,1,10,1,1,1,1,1,8,2,3,1,1,I,561,3,1,3,4,4,6,4,4,8300,1,1,0,4,4,6,4,4,8300,1,1,0,4,4,6,4,4,8300,1,1,0,2025,5,7,1840000,3060000,1,1
202601,6,,광양사거리,50110,14,0,200,0,1,0,2,21,04,6,2,없음,244,6,0,1,0,2,2,4,1,10,2,1,1,1,1,8,2,2,1,1,I,561,3,1,3,3,4,7,4,4,10200,1,1,0,3,4,7,4,4,10200,1,1,0,3,4,7,4,4,10200,1,1,0,2024,3,10,1790000,1630000,1,1
202601,6,,광양사거리,50110,14,0,200,0,1,0,2,21,04,6,2,없음,244,6,0,1,0,2,2,4,1,10,2,1,1,1,1,8,2,2,2,1,0,999,2,1,3,3,3,4,3,3,5000,1,1,0,3,3,4,3,3,5000,1,1,0,3,3,4,3,3,5000,1,1,0,2026,3,8,1790000,1630000,1,1
202601,6,,광양사거리,50110,14,0,200,0,1,0,4,21,04,6,1,없음,370,6,0,0,0,2,2,4,1,10,2,1,1,1,1,8,2,3,1,1,I,561,3,1,3,3,4,7,3,4,9600,1,1,0,3,4,7,3,4,9600,1,1,0,3,4,7,3,4,9600,1,1,0,2024,3,7,1960000,3350000,1,1
202601,6,,광양사거리,50110,14,0,200,0,1,0,4,21,04,6,1,없음,370,6,0,0,0,2,2,4,1,10,2,1,1,1,1,8,2,3,1,1,I,561,3,1,3,3,4,6,3,4,8400,1,1,0,3,4,6,3,4,8400,1,1,0,3,4,6,3,4,8400,1,1,0,2026,3,7,1960000,3350000,1,1
202601,6,,광양사거리,50110,22,0,200,300,1,0,1,11,04,6,1,없음,200,6,0,0,0,2,2,4,1,9,2,1,1,1,1,8,2,2,1,1,R,901,4,1,4,4,4,5,4,4,6000,1,1,0,4,4,5,4,4,6000,1,1,0,4,4,5,4,4,6000,1,1,0,2024,3,10,1940000,2730000,1,1
202601,6,,광양사거리,50110,22,0,200,300,1,0,1,11,04,6,1,없음,200,6,0,0,0,2,2,4,1,9,2,1,1,1,1,8,2,2,2,2,0,999,2,1,2,1,1,1,4,3,4900,1,1,0,1,1,1,4,3,4900,1,1,0,1,1,1,4,3,4900,1,1,0,0,1,1,1940000,2730000,1,1
202601,6,,광양사거리,50110,16,0,200,0,1,0,5,32,04,6,1,없음,163,8,0,0,0,2,2,4,1,10,2,1,1,1,1,8,2,3,1,1,I,561,4,1,4,5,4,5,5,4,7000,1,1,0,5,4,5,5,4,7000,1,1,0,5,4,5,5,4,7000,1,1,0,2024,3,10,2210000,3760000,1,1
202601,6,,광양사거리,50110,14,0,200,0,1,0,1,21,04,6,2,없음,100,6,0,1,0,2,2,4,1,10,2,1,1,1,1,8,2,2,1,1,I,562,4,1,4,6,5,7,6,5,15700,1,1,0,6,5,7,6,5,15700,1,1,0,6,5,7,6,5,15700,1,1,0,2026,3,10,2840000,2610000,1,1
202601,6,,광양사거리,50110,14,0,200,0,1,0,1,21,04,6,2,없음,100,6,0,1,0,2,2,4,1,10,2,1,1,1,1,8,2,2,2,1,I,562,4,1,4,4,4,5,4,4,7700,1,1,0,4,4,5,4,4,7700,1,1,0,4,4,5,4,4,7700,1,1,0,2024,3,9,2840000,2610000,1,1
202601,6,,광양사거리,50110,22,0,120,200,1,0,1,21,03,9,2,없음,100,2,0,0,0,1,1,3,1,10,1,1,1,1,1,8,1,3,1,1,I,561,2,1,2,6,6,10,6,6,67300,1,1,0,6,6,10,6,6,67300,1,1,0,6,6,10,6,6,67300,1,1,0,2024,3,6,12100000,7090000,1,3
202601,6,,광양사거리,50110,22,0,120,200,1,0,1,21,03,9,2,없음,100,2,0,0,0,1,1,3,1,10,1,1,1,1,1,8,1,3,2,1,I,561,2,1,2,6,5,9,6,5,34200,1,1,0,6,5,9,6,5,34200,1,1,0,6,5,9,6,5,34200,1,1,0,2024,3,6,12100000,7090000,1,3
202601,6,,광양사거리,50110,22,0,200,300,1,0,5,21,04,7,2,없음,200,6,0,0,0,2,2,4,1,9,2,1,1,1,1,8,2,2,1,1,I,561,3,1,4,5,5,8,5,5,19600,1,1,0,5,5,8,5,5,19600,1,1,0,5,5,8,5,5,19600,1,1,0,2025,3,8,4890000,3950000,1,1
202601,6,,광양사거리,50110,22,0,200,300,1,0,5,21,04,7,2,없음,200,6,0,0,0,2,2,4,1,9,2,1,1,1,1,8,2,2,2,1,I,562,3,1,3,4,5,7,4,5,11700,1,1,0,4,5,7,4,5,11700,1,1,0,4,5,7,4,5,11700,1,1,0,2024,3,9,4890000,3950000,1,1
202601,6,,광양사거리,50110,22,14,200,300,1,0,3,21,04,8,2,없음,100,6,0,0,0,2,2,4,1,10,2,1,1,1,1,8,2,3,1,1,I,562,3,1,3,5,5,7,5,5,19900,1,1,0,5,5,7,5,5,19900,1,1,0,5,5,7,5,5,19900,1,1,0,2024,3,9,4730000,2980000,1,2
202601,6,,광양사거리,50110,22,14,200,300,1,0,3,21,04,8,2,없음,100,6,0,0,0,2,2,4,1,10,2,1,1,1,1,8,2,3,2,1,I,562,3,1,3,5,4,7,5,5,11800,1,1,0,5,4,7,5,5,11800,1,1,0,5,4,7,5,5,11800,1,1,0,2026,3,7,4730000,2980000,1,2
202601,6,,0.비상권,50110,14,0,0,0,1,0,7,32,03,6,1,없음,260,7,0,1,0,2,2,3,1,10,1,1,1,1,1,8,2,2,1,1,I,561,2,1,2,4,4,7,4,4,11900,1,1,0,4,4,7,4,4,11900,1,1,0,4,4,7,4,4,11900,1,1,0,2025,2,9,2600000,4360000,1,1
202601,6,,0.비상권,50110,14,0,0,0,1,0,7,32,03,6,1,없음,260,7,0,1,0,2,2,3,1,10,1,1,1,1,1,8,2,2,1,2,S,961,2,1,2,1,1,1,3,3,12900,1,1,0,1,1,1,3,3,12900,1,1,0,1,1,1,3,3,12900,1,1,0,0,1,1,2600000,4360000,1,1
202601,6,,광양사거리,50110,14,0,200,0,1,1,2,21,03,6,2,없음,130,7,0,0,0,2,2,4,1,10,1,1,1,1,1,8,2,2,-1,6,0,999,3,1,3,1,1,1,3,3,2600,1,1,1,1,1,1,3,3,2600,1,1,1,1,1,1,3,3,2600,1,1,1,0,1,1,2490000,1450000,1,1
202601,6,,광양사거리,50110,14,0,200,0,1,1,2,21,03,6,2,없음,130,7,0,0,0,2,2,4,1,10,1,1,1,1,1,8,2,2,1,1,I,562,3,1,3,3,3,5,3,3,6100,1,1,0,3,3,5,3,3,6100,1,1,0,3,3,5,3,3,6100,1,1,0,2025,3,10,2490000,1450000,1,1
202601,6,,광양사거리,50110,14,0,200,0,1,1,2,21,03,6,2,없음,130,7,0,0,0,2,2,4,1,10,1,1,1,1,1,8,2,2,2,2,0,999,3,1,3,1,1,1,3,3,3600,1,1,0,1,1,1,3,3,3600,1,1,0,1,1,1,3,3,3600,1,1,0,0,1,1,2490000,1450000,1,1
202601,6,,광양사거리,50110,22,0,200,300,1,0,1,11,04,6,1,없음,140,6,0,0,0,2,2,4,1,9,1,1,1,1,1,8,2,2,1,1,G,463,2,1,3,3,3,5,3,4,8800,1,1,0,3,3,5,3,4,8800,1,1,0,3,3,5,3,4,8800,1,1,0,2025,2,10,1650000,1680000,1,1
202601,6,,광양사거리,50110,22,0,200,300,1,0,1,11,04,6,1,없음,140,6,0,0,0,2,2,4,1,9,1,1,1,1,1,8,2,2,2,2,0,999,2,1,2,1,1,1,3,3,3300,1,1,0,1,1,1,3,3,3300,1,1,0,1,1,1,3,3,3300,1,1,0,0,1,1,1650000,1680000,1,1
202601,6,,광양사거리,50110,22,0,120,200,1,0,1,11,03,6,1,없음,1,1,0,0,0,2,2,4,1,10,2,1,1,1,1,8,2,3,1,1,R,901,2,1,2,1,3,6,4,4,12200,1,1,0,1,3,6,4,4,12200,1,1,0,1,3,6,4,4,12200,1,1,0,2025,4,8,2870000,3100000,1,2
202601,6,,광양사거리,50110,22,0,120,200,1,0,1,11,03,6,1,없음,1,1,0,0,0,2,2,4,1,10,2,1,1,1,1,8,2,3,1,1,0,999,2,1,2,3,4,7,3,4,11200,1,1,0,3,4,7,3,4,11200,1,1,0,3,4,7,3,4,11200,1,1,0,2024,3,8,2870000,3100000,1,2
202601,6,,광양사거리,50110,22,0,120,200,1,0,1,11,03,6,1,없음,1,1,0,0,0,2,2,4,1,10,2,1,1,1,1,8,2,3,2,1,O,845,3,1,3,3,3,4,3,3,4500,1,1,0,3,3,4,3,3,4500,1,1,0,3,3,4,3,3,4500,1,1,0,2025,5,8,2870000,3100000,1,2
202601,6,,광양사거리,50110,14,0,200,0,1,0,2,32,04,3,1,없음,300,4,0,0,0,3,2,4,1,10,2,1,1,1,1,8,3,2,1,1,I,561,4,1,4,5,5,7,5,5,11000,1,1,0,5,5,7,5,5,11000,1,1,0,5,5,7,5,5,11000,1,1,0,2025,4,7,1720000,6420000,1,1
202601,6,,중앙사거리,50110,14,0,200,0,1,0,1,11,03,1,1,없음,90,5,0,0,0,1,1,2,1,10,1,1,1,1,1,8,1,2,1,1,I,562,2,1,2,3,3,5,3,3,7400,1,1,0,3,3,5,3,3,7400,1,1,0,3,3,5,3,3,7400,1,1,0,2025,2,8,2010000,3160000,1,1
202601,6,,중앙사거리,50110,14,0,200,0,1,0,1,11,04,8,2,없음,100,5,0,0,0,2,2,4,1,10,2,1,1,1,1,8,2,3,1,1,G,474,2,1,2,2,3,6,3,3,9600,1,1,0,2,3,6,3,3,9600,1,1,0,2,3,6,3,3,9600,1,1,0,2025,2,9,2420000,1560000,1,1
202601,6,,중앙사거리,50110,14,0,200,0,1,0,1,11,04,8,2,없음,100,5,0,0,0,2,2,4,1,10,2,1,1,1,1,8,2,3,1,1,S,961,2,1,2,2,3,6,3,3,9900,1,1,0,2,3,6,3,3,9900,1,1,0,2,3,6,3,3,9900,1,1,0,2025,2,9,2420000,1560000,1,1
202601,6,,중앙사거리,50110,14,0,200,0,1,0,1,11,04,8,2,없음,100,5,0,0,0,2,2,4,1,10,2,1,1,1,1,8,2,3,2,1,0,999,3,1,3,2,3,3,3,3,4000,1,1,0,2,3,3,3,3,4000,1,1,0,2,3,3,3,3,4000,1,1,0,2025,3,9,2420000,1560000,1,1
202601,6,,중앙사거리,50110,22,0,200,300,1,0,4,11,04,8,2,없음,35,7,0,0,0,2,2,4,1,10,2,1,1,1,1,8,2,3,1,1,I,561,4,1,4,3,4,6,3,4,8500,1,1,0,3,4,6,3,4,8500,1,1,0,3,4,6,3,4,8500,1,1,0,2022,5,9,2670000,2330000,1,1
202601,6,,중앙사거리,50110,22,0,200,300,1,0,4,11,04,8,2,없음,35,7,0,0,0,2,2,4,1,10,2,1,1,1,1,8,2,3,2,2,0,999,3,1,3,1,1,1,3,3,5000,1,1,0,1,1,1,3,3,5000,1,1,0,1,1,1,3,3,5000,1,1,0,0,1,1,2670000,2330000,1,1
202601,6,,중앙사거리,50110,22,0,200,300,1,0,5,21,04,7,1,없음,100,6,0,0,0,1,1,2,1,8,1,1,1,1,1,8,1,2,1,1,I,561,2,1,2,3,3,6,3,3,7800,1,1,0,3,3,6,3,3,7800,1,1,0,3,3,6,3,3,7800,1,1,0,2025,2,9,2670000,2950000,1,1
202601,6,,중앙사거리,50110,22,0,200,300,1,0,5,21,04,7,1,없음,100,6,0,0,0,1,1,2,1,8,1,1,1,1,1,8,1,2,2,1,I,561,1,1,1,2,2,4,2,2,5100,1,1,0,2,2,4,2,2,5100,1,1,0,2,2,4,2,2,5100,1,1,0,2025,2,9,2670000,2950000,1,1
202601,6,,중앙사거리,50110,22,0,200,300,1,0,3,11,03,7,1,없음,200,4,0,0,0,2,2,4,1,10,2,1,1,1,1,8,2,2,1,1,I,561,2,1,2,3,4,7,3,3,10200,1,1,0,3,4,7,3,3,10200,1,1,0,3,4,7,3,3,10200,1,1,0,2025,2,10,3030000,3310000,1,1
202601,6,,중앙사거리,50110,22,0,200,300,1,0,3,11,03,7,1,없음,200,4,0,0,0,2,2,4,1,10,2,1,1,1,1,8,2,2,1,1,L,682,2,1,2,3,3,5,3,3,9800,1,1,0,3,3,5,3,3,9800,1,1,0,3,3,5,3,3,9800,1,1,0,2026,2,8,3030000,3310000,1,1
202601,6,,중앙사거리,50110,22,0,200,300,1,0,3,11,03,7,1,없음,200,4,0,0,0,2,2,4,1,10,2,1,1,1,1,8,2,2,1,1,G,462,2,1,2,3,1,2,3,3,9800,1,1,0,3,1,2,3,3,9800,1,1,0,3,1,2,3,3,9800,1,1,0,2025,2,9,3030000,3310000,1,1
202601,6,,중앙사거리,50110,22,0,200,300,1,0,3,11,03,7,1,없음,200,4,0,0,0,2,2,4,1,10,2,1,1,1,1,8,2,2,2,1,0,999,3,1,3,3,3,4,3,3,5000,1,1,0,3,3,4,3,3,5000,1,1,0,3,3,4,3,3,5000,1,1,0,2026,2,10,3030000,3310000,1,1
202601,6,,중앙사거리,50110,22,0,200,300,1,0,1,21,03,8,1,없음,290,4,0,0,0,2,2,4,1,10,2,1,1,1,1,8,2,3,1,1,I,562,3,1,3,3,5,7,3,5,13400,1,1,0,3,5,7,3,5,13400,1,1,0,3,5,7,3,5,13400,1,1,0,2024,4,10,2900000,3870000,1,1
202601,6,,중앙사거리,50110,22,0,200,300,1,0,1,21,03,8,1,없음,290,4,0,0,0,2,2,4,1,10,2,1,1,1,1,8,2,3,1,1,I,561,3,1,3,5,4,7,5,5,14500,1,1,0,5,4,7,5,5,14500,1,1,0,5,4,7,5,5,14500,1,1,0,2026,3,10,2900000,3870000,1,1
202601,6,,중앙사거리,50110,22,0,200,300,1,0,1,21,03,8,1,없음,290,4,0,0,0,2,2,4,1,10,2,1,1,1,1,8,2,3,1,1,0,999,1,1,1,3,3,7,3,3,11200,1,1,0,3,3,7,3,3,11200,1,1,0,3,3,7,3,3,11200,1,1,0,2023,4,10,2900000,3870000,1,1
202601,6,,중앙사거리,50110,14,0,200,0,1,0,1,11,03,6,1,없음,108,7,0,0,0,2,2,4,1,10,2,1,1,1,1,8,2,2,1,1,G,474,4,1,4,3,4,4,5,4,6700,1,1,0,3,4,4,5,4,6700,1,1,0,3,4,4,5,4,6700,1,1,0,2025,3,10,1740000,1760000,1,1
202601,6,,중앙사거리,50110,14,0,200,0,1,0,1,11,03,6,1,없음,108,7,0,0,0,2,2,4,1,10,2,1,1,1,1,8,2,2,2,1,0,999,3,1,3,3,3,3,3,3,3800,1,1,0,3,3,3,3,3,3800,1,1,0,3,3,3,3,3,3800,1,1,0,2025,4,9,1740000,1760000,1,1
202601,6,,중앙사거리,50110,22,0,200,200,1,0,3,12,04,8,2,없음,5,1,0,0,0,2,2,4,1,10,2,1,1,1,1,8,2,3,1,1,I,561,3,1,3,3,4,7,3,4,9900,1,1,0,3,4,7,3,4,9900,1,1,0,3,4,7,3,4,9900,1,1,0,2025,3,10,2690000,2030000,1,1
202601,6,,중앙사거리,50110,22,0,200,200,1,0,3,12,04,8,2,없음,5,1,0,0,0,2,2,4,1,10,2,1,1,1,1,8,2,3,2,1,F,411,3,1,3,3,4,6,3,3,6600,1,1,0,3,4,6,3,3,6600,1,1,0,3,4,6,3,3,6600,1,1,0,2025,3,10,2690000,2030000,1,1
202601,6,,중앙사거리,50110,16,0,200,0,1,0,3,31,04,7,2,없음,64,5,0,0,0,1,1,2,1,10,1,1,1,1,1,8,1,3,1,6,0,999,1,1,1,1,1,1,3,4,26600,1,1,1,1,1,1,3,4,26600,1,1,1,1,1,1,3,4,26600,1,1,1,0,1,1,2560000,2290000,1,3
202601,6,,중앙사거리,50110,16,0,200,0,1,0,3,31,04,7,2,없음,64,5,0,0,0,1,1,2,1,10,1,1,1,1,1,8,1,3,2,1,0,999,1,1,1,2,3,7,2,3,16300,1,1,0,2,3,7,2,3,16300,1,1,0,2,3,7,2,3,16300,1,1,0,2025,3,10,2560000,2290000,1,3
202601,6,,중앙사거리,50110,16,0,200,0,1,0,5,21,04,6,2,없음,100,7,0,1,0,2,2,4,1,10,2,1,2,1,1,8,2,2,1,1,I,561,4,1,4,4,5,6,4,5,8200,1,1,0,4,5,6,4,5,8200,1,1,0,4,5,6,4,5,8200,1,1,0,2025,2,10,2750000,2680000,1,1
202601,6,,중앙사거리,50110,16,0,200,0,1,0,5,21,04,6,2,없음,100,7,0,1,0,2,2,4,1,10,2,1,2,1,1,8,2,2,2,2,0,999,4,1,4,1,1,1,3,4,5900,1,1,0,1,1,1,3,4,5900,1,1,0,1,1,1,3,4,5900,1,1,0,0,1,1,2750000,2680000,1,1
202601,6,,중앙사거리,50110,22,0,200,300,1,0,4,21,03,9,1,없음,100,4,0,0,0,1,1,3,1,10,1,1,1,1,1,8,1,2,1,1,I,561,3,1,3,3,4,7,3,4,9800,1,1,0,3,4,7,3,4,9800,1,1,0,3,4,7,3,4,9800,1,1,0,2023,4,10,3520000,4280000,1,1
202601,6,,중앙사거리,50110,22,0,120,200,1,0,5,32,03,8,2,없음,130,3,0,0,0,1,1,3,1,9,1,1,1,1,1,8,1,3,1,1,I,561,2,1,2,4,4,7,4,4,13600,1,1,0,4,4,7,4,4,13600,1,1,0,4,4,7,4,4,13600,1,1,0,2023,5,10,3240000,2320000,1,2
202601,6,,중앙사거리,50110,22,0,120,200,1,0,5,32,03,8,2,없음,130,3,0,0,0,1,1,3,1,9,1,1,1,1,1,8,1,3,2,1,P,855,2,1,2,3,3,5,3,3,7100,1,1,0,3,3,5,3,3,7100,1,1,0,3,3,5,3,3,7100,1,1,0,2023,5,10,3240000,2320000,1,2
202601,6,,중앙사거리,50110,22,0,120,200,1,0,3,21,03,9,2,없음,70,3,0,0,0,2,2,4,1,9,1,1,1,1,1,8,2,2,1,1,I,561,3,1,3,4,4,7,4,4,11400,1,1,0,4,4,7,4,4,11400,1,1,0,4,4,7,4,4,11400,1,1,0,2025,3,7,3460000,1970000,1,1
202601,6,,중앙사거리,50110,22,0,120,200,1,0,3,21,03,9,2,없음,70,3,0,0,0,2,2,4,1,9,1,1,1,1,1,8,2,2,2,2,0,999,3,1,3,1,1,1,3,4,6200,1,1,0,1,1,1,3,4,6200,1,1,0,1,1,1,3,4,6200,1,1,0,0,1,1,3460000,1970000,1,1
202601,6,,중앙사거리,50110,22,0,200,300,1,0,3,11,04,8,2,없음,90,6,0,0,0,2,2,4,1,10,2,1,1,1,1,8,2,2,1,1,I,561,3,1,3,3,3,5,3,4,11200,1,1,0,3,3,5,3,4,11200,1,1,0,3,3,5,3,4,11200,1,1,0,2026,3,8,3930000,3750000,1,1
202601,6,,중앙사거리,50110,22,0,200,300,1,0,3,11,04,8,2,없음,90,6,0,0,0,2,2,4,1,10,2,1,1,1,1,8,2,2,1,1,I,561,3,1,3,3,4,5,3,4,11200,1,1,0,3,4,5,3,4,11200,1,1,0,3,4,5,3,4,11200,1,1,0,2026,3,6,3930000,3750000,1,1
202601,6,,중앙사거리,50110,22,0,200,300,1,0,3,11,04,8,2,없음,90,6,0,0,0,2,2,4,1,10,2,1,1,1,1,8,2,2,2,6,0,999,2,1,2,1,1,1,3,3,6600,1,1,1,1,1,1,3,3,6600,1,1,1,1,1,1,3,3,6600,1,1,1,0,1,1,3930000,3750000,1,1
202601,6,,중앙사거리,50110,16,0,200,300,1,0,3,32,03,7,1,없음,222,6,0,0,0,2,1,3,1,10,1,1,1,1,1,8,2,2,1,1,J,639,3,1,3,7,3,5,6,4,7100,1,1,0,7,3,5,6,4,7100,1,1,0,7,3,5,6,4,7100,1,1,0,2025,3,7,1830000,2670000,1,1
202601,6,,0.비상권,50110,16,0,0,0,1,0,7,32,04,6,1,없음,200,7,0,1,0,3,2,4,1,10,2,1,1,1,1,8,3,3,1,1,I,561,3,1,3,5,5,8,5,5,22300,1,1,0,5,5,8,5,5,22300,1,1,0,5,5,8,5,5,22300,1,1,0,2025,3,10,3410000,5740000,1,1
202601,6,,0.비상권,50110,16,0,0,0,1,0,7,32,04,6,1,없음,200,7,0,1,0,3,2,4,1,10,2,1,1,1,1,8,3,3,1,1,I,561,3,1,3,5,5,8,5,5,22300,1,1,0,5,5,8,5,5,22300,1,1,0,5,5,8,5,5,22300,1,1,0,2025,3,9,3410000,5740000,1,1
202601,6,,0.비상권,50110,16,0,0,0,1,0,7,32,04,6,1,없음,200,7,0,1,0,3,2,4,1,10,2,1,1,1,1,8,3,3,1,1,I,561,4,1,4,6,6,8,6,6,21800,1,1,0,6,6,8,6,6,21800,1,1,0,6,6,8,6,6,21800,1,1,0,2025,2,10,3410000,5740000,1,1
202601,6,,0.비상권,50110,33,0,0,0,1,0,5,21,04,6,1,없음,300,4,0,1,0,3,2,4,1,10,1,1,2,1,1,9,3,3,1,1,R,912,2,1,2,3,3,6,3,3,9300,1,1,0,3,3,6,3,3,9300,1,1,0,3,3,6,3,3,9300,1,1,0,2025,2,9,2090000,2430000,1,1
202601,6,,0.비상권,50110,33,0,0,0,1,0,5,21,04,6,1,없음,300,4,0,1,0,3,2,4,1,10,1,1,2,1,1,9,3,3,1,2,I,561,4,1,4,1,1,1,5,5,9400,1,1,0,1,1,1,5,5,9400,1,1,0,1,1,1,5,5,9400,1,1,0,0,1,1,2090000,2430000,1,1
202601,6,,0.비상권,50110,33,0,0,0,1,0,5,21,04,6,1,없음,300,4,0,1,0,3,2,4,1,10,1,1,2,1,1,9,3,3,2,2,0,999,4,1,4,1,1,1,3,4,5200,1,1,0,1,1,1,3,4,5200,1,1,0,1,1,1,3,4,5200,1,1,0,0,1,1,2090000,2430000,1,1
202601,6,,0.비상권,50110,14,0,200,0,1,0,7,32,04,3,1,없음,50,4,0,0,0,2,1,2,1,10,1,1,1,1,1,8,2,3,1,1,I,561,2,1,2,4,4,7,4,4,10900,1,1,0,4,4,7,4,4,10900,1,1,0,4,4,7,4,4,10900,1,1,0,2026,2,10,1470000,5080000,1,1
202601,6,,0.비상권,50110,14,0,200,0,1,0,6,21,03,6,2,없음,350,5,0,1,0,2,2,4,1,10,1,1,1,1,1,8,2,3,1,1,G,472,3,1,3,3,4,7,3,4,10800,1,1,0,3,4,7,3,4,10800,1,1,0,3,4,7,3,4,10800,1,1,0,2026,3,10,2860000,2680000,1,1
202601,6,,0.비상권,50110,14,0,200,0,1,0,6,21,03,6,2,없음,350,5,0,1,0,2,2,4,1,10,1,1,1,1,1,8,2,3,2,2,0,999,3,1,3,1,1,1,3,3,6000,1,1,0,1,1,1,3,3,6000,1,1,0,1,1,1,3,3,6000,1,1,0,0,1,1,2860000,2680000,1,1
202601,6,,0.비상권,50110,14,0,200,0,1,0,9,21,03,6,2,없음,200,6,0,1,0,2,2,4,1,9,1,1,2,1,1,8,2,3,1,1,I,562,3,1,3,4,4,7,4,4,12100,1,1,0,4,4,7,4,4,12100,1,1,0,4,4,7,4,4,12100,1,1,0,2024,3,10,2940000,2830000,1,1
202601,6,,0.비상권,50110,14,0,200,0,1,0,9,21,03,6,2,없음,200,6,0,1,0,2,2,4,1,9,1,1,2,1,1,8,2,3,2,2,0,999,3,1,4,1,1,1,3,4,8100,1,1,0,1,1,1,3,4,8100,1,1,0,1,1,1,3,4,8100,1,1,0,0,1,1,2940000,2830000,1,1
202601,6,,0.비상권,50110,16,0,200,0,1,0,4,32,04,6,1,없음,100,2,0,0,0,2,2,4,1,10,2,1,1,1,1,8,2,3,1,1,G,471,4,1,4,7,4,6,4,5,11200,1,1,0,7,4,6,4,5,11200,1,1,0,7,4,6,4,5,11200,1,1,0,2023,6,10,2050000,3620000,1,1
202601,6,,0.비상권,50110,14,0,200,0,1,0,7,21,03,6,2,없음,250,5,0,1,0,2,2,4,1,9,2,1,2,1,1,8,2,3,1,1,G,471,4,1,4,5,5,7,5,5,17700,1,1,0,5,5,7,5,5,17700,1,1,0,5,5,7,5,5,17700,1,1,0,2024,3,9,3360000,3130000,1,1
202601,6,,0.비상권,50110,14,0,200,0,1,0,7,21,03,6,2,없음,250,5,0,1,0,2,2,4,1,9,2,1,2,1,1,8,2,3,2,2,0,999,3,1,4,1,1,1,5,4,9400,1,1,0,1,1,1,5,4,9400,1,1,0,1,1,1,5,4,9400,1,1,0,0,1,1,3360000,3130000,1,1
202601,6,,0.비상권,50110,43,0,610,0,1,0,6,31,03,2,1,없음,50,8,0,1,0,5,2,4,1,10,2,1,1,1,1,8,5,2,1,1,P,856,4,1,4,6,6,7,6,6,12300,2,1,0,6,6,7,6,6,12300,2,1,0,6,6,7,6,6,12300,2,1,0,2023,4,8,1570000,7900000,1,1
202601,6,,노형오거리,50110,14,0,120,200,1,0,2,11,04,5,1,없음,100,4,0,1,0,2,2,4,1,10,2,1,1,1,1,8,2,3,1,1,I,562,4,1,4,6,6,7,6,6,21100,1,1,0,6,6,7,6,6,21100,1,1,0,6,6,7,6,6,21100,1,1,0,2025,2,9,4710000,5830000,1,1
202601,6,,노형오거리,50110,14,0,120,200,1,0,2,11,04,5,1,없음,100,4,0,1,0,2,2,4,1,10,2,1,1,1,1,8,2,3,2,1,I,561,3,1,4,4,4,7,4,4,10400,1,1,0,4,4,7,4,4,10400,1,1,0,4,4,7,4,4,10400,1,1,0,2025,2,9,4710000,5830000,1,1
202601,6,,노형오거리,50110,14,0,120,200,1,0,3,11,04,5,1,없음,200,7,0,0,0,2,2,4,1,10,1,1,1,1,1,8,2,3,1,1,I,561,3,1,3,6,5,8,5,5,20000,1,1,0,6,5,8,5,5,20000,1,1,0,6,5,8,5,5,20000,1,1,0,2025,2,6,3650000,4080000,1,1
202601,6,,노형오거리,50110,14,0,120,200,1,0,3,11,04,5,1,없음,200,7,0,0,0,2,2,4,1,10,1,1,1,1,1,8,2,3,2,2,0,999,3,1,3,1,1,1,4,4,10000,1,1,0,1,1,1,4,4,10000,1,1,0,1,1,1,4,4,10000,1,1,0,0,1,1,3650000,4080000,1,1
202601,6,,0.비상권,50110,14,0,200,0,1,0,5,32,04,6,1,없음,200,6,0,0,0,2,1,3,1,10,1,1,1,1,1,8,2,2,1,1,I,561,3,1,3,4,5,7,4,5,12600,2,1,0,4,5,7,4,5,12600,2,1,0,4,5,7,4,5,12600,2,1,0,2024,3,10,3140000,5420000,1,3
202601,6,,노형오거리,50110,16,0,200,0,1,0,5,32,03,1,1,없음,40,1,0,0,0,1,1,2,1,10,1,1,1,1,1,8,1,3,1,1,G,462,2,1,2,5,4,8,5,4,21500,1,1,0,5,4,8,5,4,21500,1,1,0,5,4,8,5,4,21500,1,1,0,2026,2,7,6270000,11570000,3,2
202601,6,,노형오거리,50110,14,0,120,200,1,0,5,21,04,6,2,없음,10,1,0,1,0,2,2,4,2,9,2,1,1,1,1,8,2,3,1,1,I,561,1,1,1,4,4,8,4,4,28000,1,1,0,4,4,8,4,4,28000,1,1,0,4,4,8,4,4,28000,1,1,0,2025,3,10,5870000,5100000,1,1
202601,6,,노형오거리,50110,14,0,120,200,1,0,5,21,04,6,2,없음,10,1,0,1,0,2,2,4,2,9,2,1,1,1,1,8,2,3,1,1,I,561,2,1,3,4,5,7,4,5,27200,1,1,0,4,5,7,4,5,27200,1,1,0,4,5,7,4,5,27200,1,1,0,2025,3,10,5870000,5100000,1,1
202601,6,,노형오거리,50110,14,0,120,200,1,0,5,21,04,6,2,없음,10,1,0,1,0,2,2,4,2,9,2,1,1,1,1,8,2,3,2,1,S,961,3,1,4,4,4,4,4,4,6400,1,1,0,4,4,4,4,4,6400,1,1,0,4,4,4,4,4,6400,1,1,0,2025,2,10,5870000,5100000,1,1
202601,6,,노형오거리,50110,16,0,0,0,1,0,7,32,03,6,1,없음,200,6,0,1,0,3,2,4,1,10,2,1,2,1,1,8,3,3,1,2,G,463,4,1,4,1,1,1,6,6,21900,1,1,0,1,1,1,6,6,21900,1,1,0,1,1,1,6,6,21900,1,1,0,0,1,1,5460000,9960000,1,1
202601,6,,노형오거리,50110,16,0,0,0,1,0,7,32,03,6,1,없음,200,6,0,1,0,3,2,4,1,10,2,1,2,1,1,8,3,3,1,1,I,561,4,1,4,6,5,7,6,5,21300,1,1,0,6,5,7,6,5,21300,1,1,0,6,5,7,6,5,21300,1,1,0,2025,3,10,5460000,9960000,1,1
202601,6,,노형오거리,50110,16,0,0,0,1,0,8,31,03,5,1,없음,126,6,0,1,0,3,2,4,1,10,2,1,1,1,1,8,3,3,1,1,S,961,3,1,3,5,5,8,5,5,23600,1,1,0,5,5,8,5,5,23600,1,1,0,5,5,8,5,5,23600,1,1,0,2022,5,10,5390000,11080000,1,1
202601,6,,노형오거리,50110,16,0,0,0,1,0,8,31,03,5,1,없음,126,6,0,1,0,3,2,4,1,10,2,1,1,1,1,8,3,3,1,1,I,561,3,1,3,6,6,8,6,6,23800,1,1,0,6,6,8,6,6,23800,1,1,0,6,6,8,6,6,23800,1,1,0,2024,3,9,5390000,11080000,1,1
202601,6,,노형오거리,50110,16,0,0,0,1,0,8,32,04,6,1,없음,44,6,0,1,0,2,2,4,1,10,2,1,1,1,1,8,2,3,1,1,I,561,3,1,3,5,5,8,6,5,25000,1,1,0,5,5,8,6,5,25000,1,1,0,5,5,8,6,5,25000,1,1,0,2025,2,9,5620000,9360000,1,1
202601,6,,노형오거리,50110,16,0,0,0,1,0,8,32,04,6,1,없음,44,6,0,1,0,2,2,4,1,10,2,1,1,1,1,8,2,3,1,1,S,969,3,1,3,5,5,8,5,5,25100,1,1,0,5,5,8,5,5,25100,1,1,0,5,5,8,5,5,25100,1,1,0,2025,2,9,5620000,9360000,1,1
202601,6,,노형오거리,50110,16,0,0,0,1,0,8,32,03,6,1,없음,200,2,0,1,0,2,2,4,1,10,2,1,1,1,1,8,2,3,1,1,I,561,3,1,3,6,5,8,5,5,25700,1,1,0,6,5,8,5,5,25700,1,1,0,6,5,8,5,5,25700,1,1,0,2025,2,10,7400000,13130000,1,2
202601,6,,노형오거리,50110,16,0,0,0,1,0,8,32,03,6,1,없음,200,2,0,1,0,2,2,4,1,10,2,1,1,1,1,8,2,3,1,1,I,561,3,1,3,6,5,8,6,5,29200,1,1,0,6,5,8,6,5,29200,1,1,0,6,5,8,6,5,29200,1,1,0,2025,3,10,7400000,13130000,1,2
202601,6,,0.비상권,50110,43,0,610,0,1,0,1,51,04,1,1,없음,30,4,0,0,0,2,1,2,1,9,1,1,1,1,1,8,2,2,1,1,I,561,2,1,2,4,4,7,4,4,12400,1,1,0,4,4,7,4,4,12400,1,1,0,4,4,7,4,4,12400,1,1,0,2024,4,8,1190000,5940000,1,2
202601,6,,광양사거리,50110,14,0,200,0,1,0,6,32,04,6,1,없음,405,6,0,0,0,2,1,3,1,10,1,1,1,1,1,8,2,2,1,1,I,561,3,1,3,5,5,7,5,5,16800,1,1,0,5,5,7,5,5,16800,1,1,0,5,5,7,5,5,16800,1,1,0,2024,5,9,2130000,3870000,1,2
202601,6,,노형오거리,50110,14,0,120,200,1,0,3,21,03,6,1,없음,100,7,0,0,0,2,2,4,1,10,2,1,1,1,1,8,2,3,1,1,I,561,4,1,4,6,6,7,6,6,16000,1,1,0,6,6,7,6,6,16000,1,1,0,6,6,7,6,6,16000,1,1,0,2025,2,9,3630000,6170000,1,1
202601,6,,노형오거리,50110,14,0,120,200,1,0,1,11,04,5,1,없음,90,6,0,0,0,2,2,4,1,10,1,1,1,1,1,8,2,3,1,1,R,902,3,1,3,5,5,7,5,5,16000,1,1,0,5,5,7,5,5,16000,1,1,0,5,5,7,5,5,16000,1,1,0,2025,2,9,3110000,4010000,1,1
202601,6,,노형오거리,50110,14,0,120,200,1,0,1,11,04,5,1,없음,90,6,0,0,0,2,2,4,1,10,1,1,1,1,1,8,2,3,2,2,L,681,2,1,2,1,1,1,4,3,8300,1,1,0,1,1,1,4,3,8300,1,1,0,1,1,1,4,3,8300,1,1,0,0,1,1,3110000,4010000,1,1
202601,6,,노형오거리,50110,22,0,120,200,1,0,3,21,03,6,1,없음,150,6,0,0,0,3,2,4,1,10,2,1,1,1,1,8,3,3,1,1,I,561,2,1,2,5,4,7,5,5,20000,1,1,0,5,4,7,5,5,20000,1,1,0,5,4,7,5,5,20000,1,1,0,2025,2,8,5320000,9020000,1,1
202601,6,,노형오거리,50110,22,0,120,200,1,0,3,21,03,6,1,없음,150,6,0,0,0,3,2,4,1,10,2,1,1,1,1,8,3,3,1,1,S,961,4,1,4,6,5,7,6,5,15400,1,1,0,6,5,7,6,5,15400,1,1,0,6,5,7,6,5,15400,1,1,0,2025,2,6,5320000,9020000,1,1
202601,6,,노형오거리,50110,16,0,120,200,1,0,3,32,04,5,1,없음,126,6,0,0,0,2,2,4,1,10,2,1,1,1,1,8,2,3,1,1,I,561,4,1,4,6,6,8,6,6,21200,1,1,0,6,6,8,6,6,21200,1,1,0,6,6,8,6,6,21200,1,1,0,2025,2,9,4430000,9000000,1,2
202601,6,,노형오거리,50110,14,0,120,200,1,0,3,32,03,6,1,없음,130,6,0,0,0,3,2,4,1,10,2,1,1,1,1,8,3,3,1,1,I,561,4,1,4,5,6,7,6,6,14700,1,1,0,5,6,7,6,6,14700,1,1,0,5,6,7,6,6,14700,1,1,0,2026,2,10,3030000,5070000,1,3
202601,6,,노형오거리,50110,14,0,200,0,1,0,3,21,03,4,1,없음,200,4,0,0,0,3,2,4,1,10,2,1,1,1,1,8,2,3,1,1,I,561,2,1,2,3,4,7,3,4,15000,1,1,0,3,4,7,3,4,15000,1,1,0,3,4,7,3,4,15000,1,1,0,2024,4,6,3270000,2920000,1,1
202601,6,,노형오거리,50110,14,0,200,0,1,0,3,21,03,4,1,없음,200,4,0,0,0,3,2,4,1,10,2,1,1,1,1,8,2,3,1,1,I,562,2,1,2,3,4,7,3,4,15000,1,1,0,3,4,7,3,4,15000,1,1,0,3,4,7,3,4,15000,1,1,0,2024,3,5,3270000,2920000,1,1
202601,6,,노형오거리,50110,14,0,200,0,1,0,3,21,03,4,1,없음,200,4,0,0,0,3,2,4,1,10,2,1,1,1,1,8,2,3,2,2,0,999,3,1,3,1,1,1,3,4,7900,1,1,0,1,1,1,3,4,7900,1,1,0,1,1,1,3,4,7900,1,1,0,0,1,1,3270000,2920000,1,1
202601,6,,노형오거리,50110,22,0,200,300,1,0,5,21,04,8,2,없음,105,4,0,1,0,2,2,4,1,10,2,1,1,1,1,8,2,3,1,1,G,466,4,1,4,5,5,7,5,5,15200,1,1,0,5,5,7,5,5,15200,1,1,0,5,5,7,5,5,15200,1,1,0,2026,3,10,5800000,4200000,1,1
202601,6,,노형오거리,50110,22,0,200,300,1,0,5,21,04,8,2,없음,105,4,0,1,0,2,2,4,1,10,2,1,1,1,1,8,2,3,2,1,L,681,4,1,4,4,4,5,4,4,7400,1,1,0,4,4,5,4,4,7400,1,1,0,4,4,5,4,4,7400,1,1,0,2026,3,10,5800000,4200000,1,1
202601,6,,서귀포도심,50130,22,0,200,0,1,0,7,21,03,8,2,없음,150,2,0,1,0,2,2,4,1,10,2,1,1,1,1,8,2,2,1,1,I,561,3,1,3,3,4,6,4,4,12200,1,1,0,3,4,6,4,4,12200,1,1,0,3,4,6,4,4,12200,1,1,0,2021,5,9,4790000,3440000,1,1
202601,6,,서귀포도심,50130,22,0,200,0,1,0,7,21,03,8,2,없음,150,2,0,1,0,2,2,4,1,10,2,1,1,1,1,8,2,2,1,1,G,474,2,1,2,3,4,7,3,4,16600,1,1,0,3,4,7,3,4,16600,1,1,0,3,4,7,3,4,16600,1,1,0,2022,5,9,4790000,3440000,1,1
202601,6,,서귀포도심,50130,22,0,200,0,1,0,7,21,03,8,2,없음,150,2,0,1,0,2,2,4,1,10,2,1,1,1,1,8,2,2,2,1,I,561,3,1,4,4,4,5,4,4,8600,1,1,0,4,4,5,4,4,8600,1,1,0,4,4,5,4,4,8600,1,1,0,2025,3,10,4790000,3440000,1,1
202601,6,,서귀포도심,50130,16,0,120,200,1,0,4,32,03,6,1,없음,50,1,0,0,0,2,1,3,1,10,1,1,1,1,1,8,2,2,1,1,I,561,2,1,2,3,4,7,3,4,14100,1,1,0,3,4,7,3,4,14100,1,1,0,3,4,7,3,4,14100,1,1,0,2023,4,9,2370000,4060000,1,2
202601,6,,서귀포도심,50130,16,0,120,200,1,0,4,32,03,6,1,없음,50,1,0,0,0,2,1,3,1,10,1,1,1,1,1,8,2,2,1,1,I,561,2,1,2,3,4,7,3,4,14100,1,1,0,3,4,7,3,4,14100,1,1,0,3,4,7,3,4,14100,1,1,0,2026,3,10,2370000,4060000,1,2
202601,6,,서귀포도심,50130,22,0,120,200,1,0,4,21,03,8,2,없음,54,2,0,0,0,1,1,2,1,10,1,1,1,1,1,8,1,2,1,1,I,561,1,1,1,3,3,7,2,3,11700,1,1,0,3,3,7,2,3,11700,1,1,0,3,3,7,2,3,11700,1,1,0,2023,4,10,5850000,4100000,1,1
202601,6,,서귀포도심,50130,22,0,120,200,1,0,4,21,03,8,2,없음,54,2,0,0,0,1,1,2,1,10,1,1,1,1,1,8,1,2,2,1,I,561,1,1,1,2,3,6,2,3,8300,1,1,0,2,3,6,2,3,8300,1,1,0,2,3,6,2,3,8300,1,1,0,2023,4,10,5850000,4100000,1,1
202601,6,,서귀포도심,50130,16,0,200,0,1,0,2,21,03,7,2,없음,100,7,0,0,0,2,2,4,1,10,1,1,1,1,1,8,2,2,1,1,S,961,2,1,2,1,3,4,3,3,6800,1,1,0,1,3,4,3,3,6800,1,1,0,1,3,4,3,3,6800,1,1,0,2026,2,8,2120000,1890000,1,1
202601,6,,서귀포도심,50130,16,0,200,0,1,0,2,21,03,7,2,없음,100,7,0,0,0,2,2,4,1,10,1,1,1,1,1,8,2,2,1,1,M,713,2,1,2,3,3,4,3,3,6500,1,1,0,3,3,4,3,3,6500,1,1,0,3,3,4,3,3,6500,1,1,0,2026,3,10,2120000,1890000,1,1
202601,6,,서귀포도심,50130,16,0,200,0,1,0,2,21,03,7,2,없음,100,7,0,0,0,2,2,4,1,10,1,1,1,1,1,8,2,2,2,2,0,999,3,1,3,1,1,1,3,3,4700,1,1,0,1,1,1,3,3,4700,1,1,0,1,1,1,3,3,4700,1,1,0,0,1,1,2120000,1890000,1,1
202601,6,,서귀포도심,50130,22,0,200,120,1,0,1,12,04,1,1,없음,61,6,0,0,0,2,1,2,1,10,1,1,1,1,1,8,2,2,1,1,I,561,2,1,2,3,4,7,3,4,16300,1,1,0,3,4,7,3,4,16300,1,1,0,3,4,7,3,4,16300,1,1,0,2025,3,9,1650000,3850000,1,1
202601,6,,서귀포도심,50130,22,0,200,120,1,0,1,21,16,8,2,없음,100,4,0,0,0,2,2,4,1,9,2,1,1,1,1,8,2,2,1,1,G,478,2,1,2,2,3,5,3,4,9100,1,1,0,2,3,5,3,4,9100,1,1,0,2,3,5,3,4,9100,1,1,0,2026,2,9,3360000,2200000,1,1
202601,6,,서귀포도심,50130,22,0,200,120,1,0,1,21,16,8,2,없음,100,4,0,0,0,2,2,4,1,9,2,1,1,1,1,8,2,2,1,1,R,912,2,1,2,2,3,5,3,4,9100,1,1,0,2,3,5,3,4,9100,1,1,0,2,3,5,3,4,9100,1,1,0,2026,2,9,3360000,2200000,1,1
202601,6,,서귀포도심,50130,22,0,200,120,1,0,1,21,16,8,2,없음,100,4,0,0,0,2,2,4,1,9,2,1,1,1,1,8,2,2,2,1,R,912,4,1,4,3,4,4,3,4,4700,1,1,0,3,4,4,3,4,4700,1,1,0,3,4,4,3,4,4700,1,1,0,2026,2,9,3360000,2200000,1,1
202601,6,,서귀포도심,50130,22,0,200,300,1,0,4,21,03,9,2,없음,150,6,1,0,0,3,2,4,1,9,2,1,1,1,1,8,2,2,1,1,S,961,2,1,2,4,3,6,4,3,10600,1,1,0,4,3,6,4,3,10600,1,1,0,4,3,6,4,3,10600,1,1,0,2025,2,9,3380000,2330000,1,1
202601,6,,서귀포도심,50130,22,0,200,300,1,0,4,21,03,9,2,없음,150,6,1,0,0,3,2,4,1,9,2,1,1,1,1,8,2,2,1,1,C,108,2,1,2,4,3,5,4,4,10500,1,1,0,4,3,5,4,4,10500,1,1,0,4,3,5,4,4,10500,1,1,0,2025,2,9,3380000,2330000,1,1
202601,6,,서귀포도심,50130,22,0,200,300,1,0,4,21,03,9,2,없음,150,6,1,0,0,3,2,4,1,9,2,1,1,1,1,8,2,2,2,2,0,999,3,1,3,1,1,1,3,4,6900,1,1,0,1,1,1,3,4,6900,1,1,0,1,1,1,3,4,6900,1,1,0,0,1,1,3380000,2330000,1,1
202601,6,,서귀포도심,50130,22,0,200,300,1,0,1,21,03,7,2,없음,50,6,0,0,0,1,2,4,1,10,1,1,1,1,1,8,1,2,1,1,I,561,2,1,2,4,3,6,4,3,8400,1,1,0,4,3,6,4,3,8400,1,1,0,4,3,6,4,3,8400,1,1,0,2025,3,9,2750000,2380000,1,2
202601,6,,서귀포도심,50130,22,0,200,300,1,0,1,21,03,7,2,없음,50,6,0,0,0,1,2,4,1,10,1,1,1,1,1,8,1,2,2,2,0,999,2,1,2,1,1,1,3,3,6600,1,1,0,1,1,1,3,3,6600,1,1,0,1,1,1,3,3,6600,1,1,0,0,1,1,2750000,2380000,1,2
202601,6,,서귀포도심,50130,22,0,200,120,1,0,3,11,03,1,1,없음,100,6,0,0,0,2,2,4,1,10,2,1,1,1,1,8,2,2,1,1,I,561,2,1,2,1,3,7,3,3,10500,1,1,0,1,3,7,3,3,10500,1,1,0,1,3,7,3,3,10500,1,1,0,2026,2,9,2410000,3720000,1,1
202601,6,,서귀포도심,50130,22,0,200,120,1,0,3,11,03,1,1,없음,100,6,0,0,0,2,2,4,1,10,2,1,1,1,1,8,2,2,1,1,I,561,2,1,2,2,3,6,3,3,9600,1,1,0,2,3,6,3,3,9600,1,1,0,2,3,6,3,3,9600,1,1,0,2024,3,9,2410000,3720000,1,1
202601,6,,서귀포도심,50130,22,0,200,120,1,0,3,11,03,1,1,없음,100,6,0,0,0,2,2,4,1,10,2,1,1,1,1,8,2,2,1,1,I,561,2,1,2,1,3,7,3,3,10500,1,1,0,1,3,7,3,3,10500,1,1,0,1,3,7,3,3,10500,1,1,0,2026,2,9,2410000,3720000,1,1
202601,6,,서귀포도심,50130,22,0,200,300,1,0,8,32,04,3,1,없음,100,8,0,1,0,3,2,4,1,10,2,1,1,1,1,8,3,2,1,2,F,411,3,1,3,1,1,1,4,4,12600,1,1,0,1,1,1,4,4,12600,1,1,0,1,1,1,4,4,12600,1,1,0,0,1,1,2390000,8120000,1,1
202601,6,,서귀포도심,50130,22,0,200,300,1,0,8,32,04,3,1,없음,100,8,0,1,0,3,2,4,1,10,2,1,1,1,1,8,3,2,1,1,I,561,4,1,4,4,5,7,4,5,12000,1,1,0,4,5,7,4,5,12000,1,1,0,4,5,7,4,5,12000,1,1,0,2025,2,9,2390000,8120000,1,1
202601,6,,서귀포도심,50130,22,0,120,200,1,0,3,11,03,8,1,없음,75,6,0,0,0,2,2,4,1,10,2,1,1,1,1,8,2,2,1,1,I,562,2,1,2,2,3,6,3,3,8500,1,1,0,2,3,6,3,3,8500,1,1,0,2,3,6,3,3,8500,1,1,0,2025,2,8,2830000,3770000,1,1
202601,6,,서귀포도심,50130,22,0,120,200,1,0,3,11,03,8,1,없음,75,6,0,0,0,2,2,4,1,10,2,1,1,1,1,8,2,2,1,1,I,561,3,1,3,3,4,6,4,4,8600,1,1,0,3,4,6,4,4,8600,1,1,0,3,4,6,4,4,8600,1,1,0,2025,2,5,2830000,3770000,1,1
202601,6,,서귀포도심,50130,22,0,120,200,1,0,5,32,04,8,1,없음,150,5,0,0,0,2,2,4,1,10,2,1,1,1,1,8,3,2,1,1,G,478,4,1,4,5,5,7,4,5,11900,1,1,0,5,5,7,4,5,11900,1,1,0,5,5,7,4,5,11900,1,1,0,2026,3,9,2730000,5000000,1,1
202601,6,,서귀포도심,50130,22,0,120,200,1,0,5,32,04,8,1,없음,150,5,0,0,0,2,2,4,1,10,2,1,1,1,1,8,3,2,1,1,I,561,3,1,3,3,4,7,3,4,12200,1,1,0,3,4,7,3,4,12200,1,1,0,3,4,7,3,4,12200,1,1,0,2025,3,7,2730000,5000000,1,1
202601,6,,서귀포도심,50130,22,0,200,300,1,0,2,11,04,8,2,없음,200,7,0,0,0,2,2,4,1,10,2,1,1,1,1,8,2,2,1,1,I,561,3,1,3,3,4,6,3,4,9100,1,1,0,3,4,6,3,4,9100,1,1,0,3,4,6,3,4,9100,1,1,0,2024,3,9,3760000,2640000,1,1
202601,6,,서귀포도심,50130,22,0,200,300,1,0,2,11,04,8,2,없음,200,7,0,0,0,2,2,4,1,10,2,1,1,1,1,8,2,2,2,1,I,561,3,1,3,2,3,4,2,3,4400,1,1,0,2,3,4,2,3,4400,1,1,0,2,3,4,2,3,4400,1,1,0,2024,3,9,3760000,2640000,1,1
202601,6,,서귀포도심,50130,22,0,120,200,1,0,6,21,03,6,2,없음,115,4,0,0,0,2,2,4,1,10,2,1,1,1,1,8,2,2,1,1,G,478,2,1,2,5,5,8,6,5,28300,1,1,0,5,5,8,6,5,28300,1,1,0,5,5,8,6,5,28300,1,1,0,2025,3,10,8260000,7750000,1,1
202601,6,,서귀포도심,50130,22,0,120,200,1,0,6,21,03,6,2,없음,115,4,0,0,0,2,2,4,1,10,2,1,1,1,1,8,2,2,1,6,0,999,1,1,1,1,1,1,4,4,28200,1,1,1,1,1,1,4,4,28200,1,1,1,1,1,1,4,4,28200,1,1,1,0,1,1,8260000,7750000,1,1
202601,6,,서귀포도심,50130,22,0,120,200,1,0,6,21,03,6,2,없음,115,4,0,0,0,2,2,4,1,10,2,1,1,1,1,8,2,2,2,1,I,562,3,1,3,6,4,7,6,4,11900,1,1,0,6,4,7,6,4,11900,1,1,0,6,4,7,6,4,11900,1,1,0,2025,3,10,8260000,7750000,1,1
202601,6,,서귀포도심,50130,22,0,200,300,1,0,8,32,03,4,1,없음,100,6,0,0,0,2,1,2,1,10,1,1,1,1,1,8,2,2,1,1,G,462,2,1,2,4,4,7,4,4,15000,1,1,0,4,4,7,4,4,15000,1,1,0,4,4,7,4,4,15000,1,1,0,2026,3,9,2070000,7050000,1,2
202601,6,,서귀포도심,50130,22,0,200,300,1,0,8,32,03,5,1,없음,150,7,0,0,0,2,1,3,1,10,1,1,1,1,1,8,2,2,1,1,G,478,1,1,1,4,5,9,4,5,35500,1,1,0,4,5,9,4,5,35500,1,1,0,4,5,9,4,5,35500,1,1,0,2024,3,9,4050000,9400000,1,2
202601,6,,서귀포도심,50130,22,0,200,300,1,0,8,32,03,5,1,없음,150,7,0,0,0,2,1,3,1,10,1,1,1,1,1,8,2,2,1,1,G,478,2,1,2,4,5,9,4,5,42200,1,1,0,4,5,9,4,5,42200,1,1,0,4,5,9,4,5,42200,1,1,0,2025,4,10,4050000,9400000,1,2
202601,6,,서귀포도심,50130,22,0,200,300,1,0,8,32,03,5,1,없음,150,7,0,0,0,2,1,3,1,10,1,1,1,1,1,8,2,2,1,1,G,478,1,1,1,3,4,9,3,4,34800,1,1,0,3,4,9,3,4,34800,1,1,0,3,4,9,3,4,34800,1,1,0,2025,4,10,4050000,9400000,1,2
202601,6,,서귀포도심,50130,22,0,200,300,1,0,7,21,04,4,1,없음,150,6,0,0,0,2,1,2,1,10,1,1,1,1,1,8,2,3,1,1,M,721,2,1,2,4,4,7,4,4,18600,1,1,0,4,4,7,4,4,18600,1,1,0,4,4,7,4,4,18600,1,1,0,2026,3,10,2250000,6000000,1,3
202601,6,,0.비상권,50130,41,0,130,0,1,0,8,31,03,2,1,없음,250,4,0,1,0,3,1,3,1,10,1,1,1,1,1,8,3,2,1,1,I,562,3,1,3,6,6,9,6,6,35800,1,1,0,6,6,9,6,6,35800,1,1,0,6,6,9,6,6,35800,1,1,0,2025,2,10,1360000,8450000,1,3
202601,6,,0.비상권,50130,43,0,610,0,1,0,4,11,04,5,1,없음,320,5,0,0,0,2,2,4,1,10,2,1,1,1,1,8,2,2,1,1,I,561,4,1,4,5,5,7,5,5,11300,2,1,0,5,5,7,5,5,11300,2,1,0,5,5,7,5,5,11300,2,1,0,2023,4,10,1260000,3250000,1,2
202601,6,,0.비상권,50130,14,0,120,200,1,0,4,32,04,6,2,없음,50,5,0,1,0,2,2,4,1,10,2,1,1,1,1,8,2,3,1,1,P,855,4,1,4,5,5,6,5,5,10800,1,1,0,5,5,6,5,5,10800,1,1,0,5,5,6,5,5,10800,1,1,0,2025,3,9,2650000,2380000,1,1
202601,6,,0.비상권,50130,14,0,120,200,1,0,4,32,04,6,2,없음,50,5,0,1,0,2,2,4,1,10,2,1,1,1,1,8,2,3,2,1,P,855,4,1,4,4,4,5,4,5,6800,1,1,0,4,4,5,4,5,6800,1,1,0,4,4,5,4,5,6800,1,1,0,2024,3,9,2650000,2380000,1,1
202601,6,,0.비상권,50130,14,0,200,0,1,0,5,32,04,6,1,없음,90,4,0,0,0,2,2,4,1,10,2,1,1,1,1,8,2,2,1,1,I,561,3,1,3,4,4,7,4,4,12900,1,1,0,4,4,7,4,4,12900,1,1,0,4,4,7,4,4,12900,1,1,0,2026,3,9,2210000,3790000,1,1
202601,6,,0.비상권,50130,14,0,200,0,1,0,5,32,04,6,1,없음,90,4,0,0,0,2,2,4,1,10,2,1,1,1,1,8,2,2,1,1,I,561,3,1,3,4,4,7,4,4,12900,1,1,0,4,4,7,4,4,12900,1,1,0,4,4,7,4,4,12900,1,1,0,2024,3,10,2210000,3790000,1,1
202601,6,,0.비상권,50130,14,0,200,0,1,0,7,32,04,6,1,없음,120,4,0,0,0,2,1,2,1,10,1,1,1,1,1,8,2,2,1,1,I,561,2,1,2,4,5,7,4,5,20500,1,1,0,4,5,7,4,5,20500,1,1,0,4,5,7,4,5,20500,1,1,0,2025,2,10,1970000,3320000,1,3
202601,6,,서귀포도심,50130,22,0,200,120,1,0,3,32,03,6,1,없음,81,1,0,0,0,2,2,4,1,9,2,1,1,1,1,8,2,2,1,1,I,561,3,1,3,1,4,7,3,4,10400,1,1,0,1,4,7,3,4,10400,1,1,0,1,4,7,3,4,10400,1,1,0,2026,2,6,3410000,6010000,1,1
202601,6,,서귀포도심,50130,22,0,200,120,1,0,3,32,03,6,1,없음,81,1,0,0,0,2,2,4,1,9,2,1,1,1,1,8,2,2,1,1,G,478,2,1,2,3,3,3,3,3,9400,1,1,0,3,3,3,3,3,9400,1,1,0,3,3,3,3,3,9400,1,1,0,2025,5,9,3410000,6010000,1,1
202601,6,,서귀포도심,50130,22,0,120,200,1,0,7,32,03,3,1,없음,102,1,0,1,0,4,2,4,1,9,2,1,1,1,1,8,4,2,1,1,I,561,4,1,4,8,7,9,8,7,37100,1,1,0,8,7,9,8,7,37100,1,1,0,8,7,9,8,7,37100,1,1,0,2022,5,10,4490000,16620000,1,2
202601,6,,서귀포도심,50130,22,0,200,120,1,0,2,12,04,7,1,없음,50,1,0,0,0,2,2,4,1,9,2,1,1,1,1,8,2,2,1,1,I,562,4,1,4,5,6,7,4,6,15300,1,1,0,5,6,7,4,6,15300,1,1,0,5,6,7,4,6,15300,1,1,0,2025,3,8,4460000,6270000,1,1
202601,6,,서귀포도심,50130,22,0,200,120,1,0,2,12,04,7,1,없음,50,1,0,0,0,2,2,4,1,9,2,1,1,1,1,8,2,2,1,2,0,999,1,1,2,1,1,1,4,3,5200,1,1,0,1,1,1,4,3,5200,1,1,0,1,1,1,4,3,5200,1,1,0,0,1,1,4460000,6270000,1,1
202601,6,,서귀포도심,50130,22,0,120,200,1,0,8,32,03,6,1,없음,231,1,0,0,0,1,1,1,1,8,1,1,1,1,1,8,1,2,1,1,G,474,1,1,1,3,4,8,3,4,28000,1,1,0,3,4,8,3,4,28000,1,1,0,3,4,8,3,4,28000,1,1,0,2024,3,10,5610000,9360000,1,2
202601,6,,서귀포도심,50130,22,0,120,200,1,0,6,32,04,6,1,없음,250,1,0,0,0,1,1,1,1,10,1,1,1,1,1,8,1,2,1,6,0,999,1,1,1,1,1,1,3,4,22900,1,1,1,1,1,1,3,4,22900,1,1,1,1,1,1,3,4,22900,1,1,1,0,1,1,5240000,9380000,1,2
202601,6,,0.비상권,50130,13,0,120,0,1,0,3,11,03,6,1,없음,350,8,0,0,0,2,1,1,1,10,1,1,1,1,1,8,1,2,1,1,G,478,1,1,1,3,4,8,3,4,20300,1,1,0,3,4,8,3,4,20300,1,1,0,3,4,8,3,4,20300,1,1,0,2025,2,10,1500000,3160000,1,3
202601,6,,0.비상권,50130,43,0,0,0,1,0,6,11,03,2,1,없음,80,4,0,1,0,3,2,4,1,10,2,1,1,1,1,8,3,2,1,1,R,911,4,1,4,5,5,7,5,5,16500,2,1,0,5,5,7,5,5,16500,2,1,0,5,5,7,5,5,16500,2,1,0,2024,3,10,1640000,8320000,1,1
202601,6,,0.비상권,50130,43,0,0,0,1,0,7,32,04,2,1,없음,342,4,0,1,0,4,2,4,1,10,2,1,1,1,1,8,4,2,1,1,I,561,4,1,4,6,6,7,6,6,15200,1,1,0,6,6,7,6,6,15200,1,1,0,6,6,7,6,6,15200,1,1,0,2026,3,10,1660000,9070000,1,1
202601,6,,0.비상권,50130,43,0,0,0,1,0,8,21,04,2,1,없음,50,4,0,1,0,2,1,3,1,10,1,1,1,1,1,8,2,2,1,1,R,911,2,1,2,5,5,9,5,5,36600,1,1,0,5,5,9,5,5,36600,1,1,0,5,5,9,5,5,36600,1,1,0,2026,3,10,1820000,4560000,1,3
202601,6,,0.비상권,50130,43,0,0,0,1,0,8,21,04,2,1,없음,50,4,0,1,0,2,1,3,1,10,1,1,1,1,1,8,2,2,2,1,R,911,2,1,2,4,4,7,4,4,18700,1,1,0,4,4,7,4,4,18700,1,1,0,4,4,7,4,4,18700,1,1,0,2026,3,10,1820000,4560000,1,3
202601,6,,0.비상권,50130,43,0,0,0,1,0,8,21,04,2,1,없음,30,4,0,1,0,4,2,4,1,10,2,1,1,1,1,8,4,2,1,1,I,561,4,1,4,6,6,7,6,6,16900,2,1,0,6,6,7,6,6,16900,2,1,0,6,6,7,6,6,16900,2,1,0,2021,5,10,1440000,7250000,1,2
202601,6,,0.비상권,50130,16,0,0,0,1,0,7,21,04,6,2,없음,500,1,0,0,0,1,1,3,1,8,1,1,1,1,1,8,1,2,1,1,I,561,2,1,2,4,4,7,4,4,11300,1,1,0,4,4,7,4,4,11300,1,1,0,4,4,7,4,4,11300,1,1,0,2025,2,10,2410000,2240000,1,2
202601,6,,0.비상권,50130,16,0,0,0,1,0,7,21,04,6,2,없음,500,1,0,0,0,1,1,3,1,8,1,1,1,1,1,8,1,2,2,2,0,999,2,1,2,1,1,1,3,3,8100,1,1,0,1,1,1,3,3,8100,1,1,0,1,1,1,3,3,8100,1,1,0,0,1,1,2410000,2240000,1,2
202601,6,,0.비상권,50130,22,0,200,300,1,0,1,21,03,1,1,없음,50,5,0,0,0,2,2,4,1,9,2,1,1,1,1,8,2,2,1,1,G,472,3,1,3,4,5,7,4,5,12700,1,1,0,4,5,7,4,5,12700,1,1,0,4,5,7,4,5,12700,1,1,0,2025,2,8,2430000,3240000,1,1
202601,6,,0.비상권,50130,22,0,200,300,1,0,1,21,03,1,1,없음,50,5,0,0,0,2,2,4,1,9,2,1,1,1,1,8,2,2,1,6,0,999,2,1,2,1,1,1,3,3,10900,1,1,1,1,1,1,3,3,10900,1,1,1,1,1,1,3,3,10900,1,1,1,0,1,1,2430000,3240000,1,1
202601,6,,0.비상권,50130,22,0,200,300,1,0,1,21,03,1,1,없음,50,5,0,0,0,2,2,4,1,9,2,1,1,1,1,8,2,2,1,1,S,961,2,1,2,3,3,7,3,4,10900,1,1,0,3,3,7,3,4,10900,1,1,0,3,3,7,3,4,10900,1,1,0,2026,2,8,2430000,3240000,1,1
202601,6,,0.비상권,50130,14,0,200,0,1,0,3,32,04,1,1,없음,60,1,0,0,0,2,2,4,1,10,2,1,1,1,1,8,2,2,1,1,I,561,4,1,4,1,4,4,6,3,5000,1,1,0,1,4,4,6,3,5000,1,1,0,1,4,4,6,3,5000,1,1,0,2026,2,8,1290000,2710000,1,1
202601,6,,춘천명동,51110,22,0,0,0,1,0,1,21,04,1,1,없음,145,6,0,0,0,1,1,2,1,10,1,1,1,1,1,8,1,3,1,1,L,682,1,1,1,3,3,7,3,3,11300,1,1,0,3,3,7,3,3,11300,1,1,0,3,3,7,3,3,11600,1,1,0,2026,3,9,1870000,1010000,1,2
202601,6,,춘천명동,51110,22,0,0,0,1,0,1,21,04,1,1,없음,145,6,0,0,0,1,1,2,1,10,1,1,1,1,1,8,1,3,2,1,L,682,1,1,1,2,2,4,2,2,4800,1,1,0,2,2,4,2,2,4800,1,1,0,2,3,4,2,3,4900,1,1,0,2026,3,9,1870000,1010000,1,2
202601,6,,0.비상권,51110,14,0,0,0,1,0,6,31,04,6,1,없음,250,6,0,0,0,2,2,4,1,10,2,1,1,1,1,8,2,3,1,1,I,561,2,1,2,6,5,8,6,5,21500,1,1,0,6,5,8,6,5,21500,1,1,0,6,5,8,6,5,21500,1,1,0,2025,3,9,1620000,1720000,1,2
202601,6,,0.비상권,51110,14,0,0,0,1,0,6,31,04,6,1,없음,250,6,0,0,0,2,2,4,1,10,2,1,1,1,1,8,2,3,2,1,0,999,2,1,2,3,3,5,3,3,6300,1,1,0,3,3,5,3,3,6300,1,1,0,3,3,5,3,3,6300,1,1,0,2024,3,9,1620000,1720000,1,2
202601,6,,춘천명동,51110,22,0,300,0,1,0,1,21,03,1,1,없음,75,5,0,0,0,1,1,1,1,10,1,1,1,1,1,8,1,3,1,1,J,612,1,1,1,3,3,9,4,3,36100,1,1,0,3,3,9,4,3,36100,1,1,0,3,3,9,4,3,36100,1,1,0,2025,2,10,6240000,2610000,1,3
202601,6,,춘천명동,51110,22,0,300,0,1,0,1,21,03,1,1,없음,75,5,0,0,0,1,1,1,1,10,1,1,1,1,1,8,1,3,2,6,0,999,1,1,1,1,1,1,3,2,13000,1,1,1,1,1,1,3,2,13000,1,1,1,1,1,1,3,2,13000,1,1,1,0,1,1,6240000,2610000,1,3
202601,6,,0.비상권,51110,14,0,0,0,1,0,7,32,03,6,1,없음,30,4,0,0,0,2,1,3,1,10,1,1,1,1,1,8,2,3,1,2,G,478,2,1,2,1,1,1,3,3,8700,1,1,0,1,1,1,3,3,8700,1,1,0,1,1,1,3,3,8700,1,1,0,0,1,1,1900000,3230000,1,1
202601,6,,0.비상권,51110,14,0,0,0,1,0,7,32,03,6,1,없음,30,4,0,0,0,2,1,3,1,10,1,1,1,1,1,8,2,3,1,1,I,562,2,1,2,3,3,6,3,3,8800,1,1,0,3,3,6,3,3,8800,1,1,0,3,3,6,3,3,8800,1,1,0,2024,3,10,1900000,3230000,1,1
202601,6,,춘천명동,51110,16,0,0,0,1,0,3,21,03,6,2,없음,50,7,0,0,0,2,2,4,1,10,1,1,1,1,1,8,2,3,1,1,S,969,3,1,3,2,3,3,2,3,4100,1,1,0,2,3,3,2,3,4100,1,1,0,2,3,3,2,3,4100,1,1,0,2024,5,8,1510000,1470000,1,1
202601,6,,춘천명동,51110,16,0,0,0,1,0,3,21,03,6,2,없음,50,7,0,0,0,2,2,4,1,10,1,1,1,1,1,8,2,3,2,2,0,999,3,1,3,1,1,1,3,3,4000,1,1,0,1,1,1,3,3,4000,1,1,0,1,1,1,3,3,4000,1,1,0,0,1,1,1510000,1470000,1,1
202601,6,,0.비상권,51110,14,0,710,0,1,0,1,51,03,1,1,없음,100,5,0,0,0,2,1,3,1,10,1,1,1,1,1,8,2,3,1,1,S,953,2,1,2,3,3,6,3,3,9000,1,1,0,3,3,6,3,3,9000,1,1,0,3,3,6,3,3,9000,1,1,0,2024,3,10,1600000,2520000,1,3
202601,6,,0.비상권,51110,14,0,710,0,1,0,1,51,03,1,1,없음,100,5,0,0,0,2,1,3,1,10,1,1,1,1,1,8,2,3,1,1,I,561,2,1,2,4,4,7,3,3,8900,1,1,0,4,4,7,3,3,8900,1,1,0,4,4,7,3,3,8900,1,1,0,2025,3,10,1600000,2520000,1,3
202601,6,,0.비상권,51110,16,0,0,0,1,0,6,32,04,6,1,없음,150,6,0,0,0,2,1,3,1,10,1,1,1,1,1,8,2,3,1,1,I,561,3,1,3,4,4,6,4,4,8600,1,1,0,4,4,6,4,4,8600,1,1,0,4,4,6,4,4,8600,1,1,0,2023,6,10,1020000,2030000,1,2
202601,6,,0.비상권,51110,14,0,0,0,1,0,1,12,04,1,1,없음,110,8,0,0,0,2,1,2,1,10,1,1,1,1,1,8,2,3,1,1,I,561,2,1,2,3,3,4,3,3,7700,1,1,0,3,3,4,3,3,7700,1,1,0,3,3,4,3,3,7700,1,1,0,2025,3,10,1450000,2570000,1,2
202601,6,,0.비상권,51110,14,0,0,0,1,0,1,51,04,1,1,없음,140,1,0,0,0,2,1,3,1,10,1,1,1,1,1,8,2,3,1,1,I,561,3,1,3,5,4,7,5,5,14300,1,1,0,5,4,7,5,5,14300,1,1,0,5,4,7,5,5,14300,1,1,0,2025,3,10,1760000,2890000,1,1
202601,6,,0.비상권,51110,14,0,0,0,1,1,1,11,04,5,1,없음,306,4,0,0,0,2,2,4,1,10,1,1,1,1,1,8,2,3,-1,2,I,559,1,1,1,1,1,1,2,2,3000,1,1,0,1,1,1,2,2,2900,1,1,0,1,1,1,2,2,2900,1,1,0,0,1,1,1460000,2170000,1,1
202601,6,,0.비상권,51110,14,0,0,0,1,1,1,11,04,5,1,없음,306,4,0,0,0,2,2,4,1,10,1,1,1,1,1,8,2,3,1,1,I,561,3,1,3,4,4,6,4,4,8100,1,1,0,4,4,6,4,4,8100,1,1,0,4,4,6,4,4,8100,1,1,0,2025,3,10,1460000,2170000,1,1
202601,6,,0.비상권,51110,14,0,0,0,1,1,1,11,04,5,1,없음,306,4,0,0,0,2,2,4,1,10,1,1,1,1,1,8,2,3,2,2,0,999,2,1,2,1,1,1,3,3,6100,1,1,0,1,1,1,3,3,6100,1,1,0,1,1,1,3,3,6100,1,1,0,0,1,1,1460000,2170000,1,1
202601,6,,0.비상권,51110,16,0,0,0,1,0,4,32,04,6,1,없음,35,1,1,1,0,3,2,4,1,10,2,1,1,1,1,8,3,3,1,1,G,478,4,1,4,6,6,7,6,7,19100,1,1,0,6,6,7,6,7,19100,1,1,0,6,6,7,6,7,19100,1,1,0,2026,3,10,1950000,3270000,1,2
202601,6,,0.비상권,51110,14,0,0,0,1,0,8,32,04,3,1,400,50,7,0,0,0,3,1,3,1,10,1,1,1,1,1,8,3,3,1,1,I,561,3,1,3,6,5,7,6,5,14500,1,1,0,6,5,7,6,5,14500,1,1,0,6,5,7,6,5,14500,1,1,0,2024,3,10,1650000,7280000,1,1
202601,6,,0.비상권,51110,14,0,0,0,1,0,5,31,04,5,1,없음,200,6,0,1,0,2,2,4,1,10,2,1,1,1,1,8,2,3,1,1,S,969,4,1,4,3,4,5,3,4,6100,1,1,0,3,4,5,3,4,6100,1,1,0,3,4,5,3,4,6100,1,1,0,2024,3,9,1560000,1950000,1,1
202601,6,,0.비상권,51110,14,0,0,0,1,0,5,31,04,5,1,없음,200,6,0,1,0,2,2,4,1,10,2,1,1,1,1,8,2,3,2,2,0,999,3,1,3,1,1,1,2,3,4400,1,1,0,1,1,1,2,3,4400,1,1,0,1,1,1,2,3,4400,1,1,0,0,1,1,1560000,1950000,1,1
202601,6,,0.비상권,51110,14,0,0,0,1,0,5,32,04,4,1,없음,50,4,0,0,0,2,1,3,1,10,1,1,1,1,1,8,2,3,1,1,G,462,3,1,3,4,4,7,4,5,13100,1,1,0,4,4,7,4,5,13100,1,1,0,4,4,7,4,5,13100,1,1,0,2026,3,10,1310000,3480000,1,1
202601,6,,0.비상권,51110,43,0,610,0,1,0,7,32,04,5,1,없음,100,1,0,1,0,3,2,4,1,10,2,1,1,1,1,8,3,3,1,1,I,561,4,1,4,5,4,5,5,4,7400,1,1,0,5,4,5,5,4,7400,1,1,0,5,4,5,5,4,7400,1,1,0,2025,3,10,950000,2330000,1,1
202601,6,,0.비상권,51110,43,0,610,0,1,0,7,51,04,6,1,없음,190,8,0,0,0,2,1,2,1,10,1,1,1,1,1,8,2,3,1,1,I,561,2,1,2,4,4,7,4,4,11700,1,1,0,4,4,7,4,4,11700,1,1,0,4,4,7,4,4,11700,1,1,0,2024,3,9,1490000,2810000,1,1
202601,6,,원주중앙/일산,51130,22,0,120,999,1,0,2,21,03,1,1,없음,10,4,0,0,0,1,2,4,1,10,2,1,1,1,1,8,1,3,1,1,I,561,2,1,2,3,4,6,3,4,8700,1,1,0,3,4,6,3,4,8700,1,1,0,3,4,6,3,4,8700,1,1,0,2025,3,10,4350000,3200000,1,1
202601,6,,원주중앙/일산,51130,22,0,120,999,1,0,2,21,03,1,1,없음,10,4,0,0,0,1,2,4,1,10,2,1,1,1,1,8,1,3,2,1,P,855,2,1,2,3,3,4,3,3,5000,1,1,0,3,3,4,3,3,5000,1,1,0,3,3,4,3,3,5000,1,1,0,2025,3,10,4350000,3200000,1,1
202601,6,,원주중앙/일산,51130,22,0,0,0,1,0,8,31,04,7,2,없음,110,4,0,0,0,2,2,4,1,10,1,1,1,1,1,8,2,3,1,1,I,561,3,1,3,4,4,6,4,4,9300,1,1,0,4,4,6,4,4,9300,1,1,0,4,4,6,4,4,9300,1,1,0,2024,3,9,3350000,2960000,1,1
202601,6,,원주중앙/일산,51130,22,0,0,0,1,0,8,31,04,7,2,없음,110,4,0,0,0,2,2,4,1,10,1,1,1,1,1,8,2,3,2,6,0,999,2,1,2,1,1,1,3,3,5500,1,1,1,1,1,1,3,3,5500,1,1,1,1,1,1,3,3,5500,1,1,1,0,1,1,3350000,2960000,1,1
202601,6,,0.비상권,51130,14,0,0,0,1,0,3,32,04,6,1,없음,100,8,0,0,0,2,2,4,1,9,2,1,1,1,1,8,2,3,1,1,S,969,4,1,4,4,4,4,4,4,5800,1,1,0,4,4,4,4,4,5800,1,1,0,4,4,4,4,4,5800,1,1,0,2024,3,9,980000,1740000,1,1
202601,6,,0.비상권,51130,13,0,0,0,1,0,3,32,03,5,1,없음,100,4,0,0,0,2,2,4,1,10,2,1,1,1,1,8,2,3,1,1,G,475,4,1,4,6,4,6,6,4,8200,1,1,0,6,4,6,6,4,8200,1,1,0,6,4,6,6,4,8200,1,1,0,2024,3,9,1380000,2810000,1,1
202601,6,,0.비상권,51130,14,0,0,0,1,0,5,32,04,2,1,없음,100,5,0,0,0,3,1,3,1,9,1,1,1,1,1,8,3,3,1,1,I,562,3,1,3,4,5,7,4,5,13700,1,1,0,4,5,7,4,5,13700,1,1,0,4,5,7,4,5,13700,1,1,0,2025,3,10,960000,6350000,1,1
202601,6,,0.비상권,51130,14,0,0,0,1,0,6,32,03,6,1,없음,100,5,0,1,0,3,2,4,1,10,2,1,1,1,1,8,3,3,1,1,I,561,3,1,3,4,4,6,4,4,8500,1,1,0,4,4,6,4,4,8500,1,1,0,4,4,6,4,4,8500,1,1,0,2025,3,10,1350000,2300000,1,1
202601,6,,0.비상권,51130,14,0,0,0,1,0,6,32,03,6,1,없음,100,5,0,1,0,3,2,4,1,10,2,1,1,1,1,8,3,3,1,1,I,561,3,1,3,4,4,6,4,4,8600,1,1,0,4,4,6,4,4,8600,1,1,0,4,4,6,4,4,8600,1,1,0,2024,3,9,1350000,2300000,1,1
202601,6,,0.비상권,51130,22,0,0,0,1,0,9,31,04,5,1,없음,60,5,0,1,0,2,1,3,1,10,1,1,1,1,1,8,2,3,1,1,I,562,3,1,3,5,5,7,5,5,15200,1,1,0,5,5,7,5,5,15200,1,1,0,5,5,7,5,5,15200,1,1,0,2024,5,10,1930000,4260000,1,1
202601,6,,0.비상권,51130,14,0,0,0,1,0,3,32,04,6,1,없음,160,4,0,0,0,2,2,4,1,8,2,1,1,1,1,8,2,3,1,1,I,561,4,1,4,3,4,4,3,4,5600,1,1,0,3,4,4,3,4,5600,1,1,0,3,4,4,3,4,5600,1,1,0,2024,3,10,1140000,2050000,1,1
202601,6,,0.비상권,51130,14,0,0,0,1,0,3,32,03,6,1,없음,270,4,0,1,0,2,2,4,1,10,2,1,1,1,1,8,2,3,1,1,I,561,4,1,4,6,5,7,6,5,11600,1,1,0,6,5,7,6,5,11600,1,1,0,6,5,7,6,5,11600,1,1,0,2025,3,10,1400000,2670000,1,1
202601,6,,원주중앙/일산,51130,16,0,0,0,1,0,1,21,03,1,1,없음,275,5,0,0,0,2,2,4,2,9,2,1,1,1,1,8,2,3,1,1,I,561,3,1,3,5,5,8,5,5,20100,2,1,0,5,5,8,5,5,20100,2,1,0,5,5,8,5,5,20100,2,1,0,2023,5,10,1890000,1410000,1,3
202601,6,,원주중앙/일산,51130,16,0,0,0,1,0,1,21,03,1,1,없음,275,5,0,0,0,2,2,4,2,9,2,1,1,1,1,8,2,3,1,6,0,999,1,1,1,4,3,7,4,3,16600,1,1,0,4,3,7,4,3,16600,1,1,0,1,1,1,4,3,16600,1,1,1,0,1,1,1890000,1410000,1,3
202601,6,,원주중앙/일산,51130,16,0,0,0,1,0,1,21,03,1,1,없음,275,5,0,0,0,2,2,4,2,9,2,1,1,1,1,8,2,3,2,1,I,561,4,1,4,5,5,6,5,5,9200,2,1,0,5,5,6,5,5,9200,2,1,0,5,5,6,5,5,9200,2,1,0,2023,5,10,1890000,1410000,1,3
202601,6,,원주중앙/일산,51130,16,0,0,0,1,0,1,51,03,1,1,없음,180,10,0,0,0,2,1,2,1,10,1,1,1,1,1,8,2,3,1,1,I,561,2,1,2,4,4,7,4,4,10200,1,1,0,4,4,7,4,4,10200,1,1,0,4,4,7,4,4,10200,1,1,0,2025,3,10,910000,2430000,1,3
202601,6,,원주중앙/일산,51130,22,0,0,0,1,0,1,11,04,1,1,없음,100,8,0,0,0,2,1,3,1,10,1,1,1,1,1,8,2,3,1,1,I,561,3,1,3,4,4,6,4,4,8600,1,1,0,4,4,6,4,4,8600,1,1,0,4,4,6,4,4,8600,1,1,0,2024,3,10,1020000,1510000,1,1
202601,6,,0.비상권,51130,14,0,0,0,1,0,8,32,04,4,1,없음,100,6,0,0,0,2,1,3,1,10,1,1,1,1,1,8,2,3,1,1,I,561,3,1,3,4,4,6,4,4,7800,1,1,0,4,4,6,4,4,7800,1,1,0,4,4,6,4,4,7800,1,1,0,2025,3,9,1340000,4180000,1,1
202601,6,,0.비상권,51150,14,0,0,0,1,0,5,31,04,6,1,없음,50,4,0,0,0,2,1,3,1,10,1,1,1,1,1,8,2,3,1,1,P,855,2,1,2,3,3,7,3,3,12700,1,1,0,3,3,7,3,3,12700,1,1,0,3,3,7,3,3,12700,1,1,0,2026,3,8,1380000,2540000,1,1
202601,6,,0.비상권,51150,14,0,0,0,1,0,5,31,04,6,1,없음,50,4,0,0,0,2,1,3,1,10,1,1,1,1,1,8,2,3,1,1,P,855,2,1,2,4,4,7,4,4,10300,1,1,0,4,4,7,4,4,10300,1,1,0,4,4,7,4,4,10300,1,1,0,2025,3,10,1380000,2540000,1,1
202601,6,,강릉중부,51150,22,0,300,0,1,0,4,32,04,6,1,없음,50,10,0,0,0,2,2,4,1,10,2,1,1,1,1,8,2,3,1,1,I,561,4,1,4,6,5,6,6,5,8400,1,1,0,6,5,6,6,5,8400,1,1,0,6,5,6,6,5,8400,1,1,0,2023,4,9,3670000,6960000,1,1
202601,6,,0.비상권,51150,14,0,0,0,1,0,3,32,03,6,1,없음,200,4,0,0,0,2,2,4,1,10,2,1,1,1,1,8,2,3,1,1,I,561,4,1,4,5,4,4,5,4,5700,1,1,0,5,4,4,5,4,5700,1,1,0,5,4,4,5,4,5700,1,1,0,2024,3,9,1130000,1940000,1,1
202601,6,,강릉중부,51150,14,0,0,0,1,0,4,32,04,5,1,없음,100,7,0,0,0,2,2,4,1,10,2,1,1,1,1,8,2,2,1,1,I,561,4,1,4,6,4,7,6,4,10600,2,1,0,6,4,7,6,4,10600,2,1,0,6,4,7,6,4,10600,2,1,0,2025,3,10,1120000,2760000,1,1
202601,6,,0.비상권,51150,14,0,0,0,1,0,1,11,03,5,1,없음,150,8,0,0,0,2,1,3,1,10,1,1,1,1,1,8,2,3,1,1,I,561,3,1,3,6,5,7,6,5,17700,1,1,0,6,5,7,6,5,17700,1,1,0,6,5,7,6,5,17700,1,1,0,2025,3,9,1310000,4090000,1,1
202601,6,,0.비상권,51150,43,0,0,0,1,0,1,51,04,2,1,없음,250,6,0,1,0,3,2,4,1,10,2,1,1,1,1,8,3,2,1,1,I,561,4,1,4,6,6,8,6,6,20600,1,1,0,6,6,8,6,6,20600,1,1,0,6,6,8,6,6,20600,1,1,0,2025,5,9,1070000,5960000,1,1
202601,6,,0.비상권,51150,14,0,0,0,1,0,6,32,04,5,1,없음,100,8,0,0,0,2,2,4,1,10,2,1,1,1,1,8,2,2,1,1,I,561,2,1,2,6,3,7,6,3,9800,1,1,0,6,3,7,6,3,9800,1,1,0,6,3,7,6,3,9800,1,1,0,2025,3,10,1240000,2980000,1,1
202601,6,,0.비상권,51150,14,0,0,0,1,0,6,32,04,5,1,없음,100,8,0,0,0,2,2,4,1,10,2,1,1,1,1,8,2,2,1,1,I,561,3,1,3,6,4,7,6,4,9800,1,1,0,6,4,7,6,4,9800,1,1,0,6,4,7,6,4,9800,1,1,0,2025,2,9,1240000,2980000,1,1
202601,6,,0.비상권,51150,14,0,0,0,1,0,3,19,04,3,1,없음,150,6,0,0,0,3,2,4,1,10,2,1,1,1,1,8,3,3,1,1,I,561,4,1,4,6,5,7,6,5,11700,1,1,0,6,5,7,6,5,11700,1,1,0,6,5,7,6,5,11700,1,1,0,2024,3,9,1500000,5230000,1,1
202601,6,,0.비상권,51150,64,0,0,0,1,0,8,31,04,6,1,없음,300,6,0,0,0,1,1,2,1,10,1,1,1,1,1,8,2,3,1,1,I,561,2,1,2,5,5,9,5,5,37100,1,1,0,5,5,9,5,5,37100,1,1,0,5,5,9,5,5,37100,1,1,0,2025,3,10,3860000,7890000,1,3
202601,6,,0.비상권,51150,64,0,0,0,1,0,5,31,03,5,1,없음,100,8,0,0,0,2,1,3,1,10,1,1,1,1,1,8,2,3,1,1,I,562,3,1,3,6,3,6,6,3,7900,1,1,0,6,3,6,6,3,7900,1,1,0,6,3,6,6,3,7900,1,1,0,2025,3,10,1790000,3790000,1,1
202601,6,,0.비상권,51150,64,0,610,0,1,0,9,32,04,1,1,없음,200,8,0,0,0,2,1,1,1,10,1,1,1,1,1,8,2,2,1,1,I,562,1,1,1,4,4,7,4,4,18500,1,1,0,4,4,7,4,4,18500,1,1,0,4,4,7,4,4,18500,1,1,0,2025,3,10,650000,6560000,1,3
202601,6,,0.비상권,51150,64,0,610,0,1,0,7,32,04,2,1,없음,600,8,0,1,0,4,2,4,1,10,2,1,1,1,1,8,4,2,1,1,I,561,4,1,4,6,5,7,6,5,13000,3,1,0,6,5,7,6,5,13000,3,1,0,6,5,7,6,5,13000,3,1,0,2025,3,10,690000,3550000,1,1
202601,6,,0.비상권,51150,64,0,0,0,1,0,9,31,03,5,1,없음,200,5,0,1,0,3,2,4,1,10,2,2,1,1,1,8,3,2,1,1,I,561,4,1,4,5,5,7,6,5,15100,2,1,0,5,5,7,6,5,15100,2,1,0,5,5,7,6,5,15100,2,1,0,2024,3,10,1830000,3970000,1,1
202601,6,,0.비상권,51150,64,0,0,0,1,0,9,31,03,5,1,없음,200,5,0,1,0,3,2,4,1,10,2,2,1,1,1,8,3,2,1,6,0,999,4,1,4,1,1,1,6,5,15100,1,1,1,1,1,1,6,5,15100,1,1,1,1,1,1,6,5,15100,1,1,1,0,1,1,1830000,3970000,1,1
202601,6,,주문진항,51150,22,0,0,0,1,0,1,51,04,1,1,없음,100,10,0,0,0,1,1,2,1,10,1,1,1,1,1,8,1,3,1,1,I,561,2,1,2,3,3,4,3,3,5700,1,1,0,3,3,4,3,3,5700,1,1,0,3,3,4,3,3,5700,1,1,0,2024,3,9,1240000,2220000,1,1
202601,6,,0.비상권,51170,14,0,200,0,1,0,7,21,03,5,1,없음,200,6,0,1,0,2,2,4,1,10,1,1,1,1,1,8,2,3,1,1,P,856,3,1,3,4,3,5,4,3,7000,1,1,0,4,3,5,4,3,7000,1,1,0,4,3,5,4,3,7000,1,1,0,2025,3,10,1160000,1750000,1,1
202601,6,,0.비상권,51170,14,0,200,0,1,0,7,21,03,5,1,없음,200,6,0,1,0,2,2,4,1,10,1,1,1,1,1,8,2,3,2,2,0,999,3,1,3,1,1,1,3,3,4800,1,1,0,1,1,1,3,3,4800,1,1,0,1,1,1,3,3,4800,1,1,0,0,1,1,1160000,1750000,1,1
202601,6,,묵호항,51170,22,0,0,0,1,0,1,51,03,1,1,없음,60,8,0,0,0,1,1,1,1,10,1,1,1,1,1,8,1,3,1,1,G,472,1,1,1,1,3,7,1,3,9800,1,1,0,1,3,7,1,3,9800,1,1,0,1,3,7,1,3,9800,1,1,0,2025,3,6,1320000,1440000,1,1
202601,6,,묵호항,51170,22,0,0,0,1,0,1,11,04,7,2,없음,30,5,0,0,0,2,2,4,1,10,2,1,1,1,1,8,2,3,1,1,I,561,4,1,4,6,5,7,6,5,17900,1,1,0,6,5,7,6,5,17900,1,1,0,6,5,7,6,5,17900,1,1,0,2025,3,10,2090000,1750000,1,1
202601,6,,묵호항,51170,22,0,0,0,1,0,1,11,04,7,2,없음,30,5,0,0,0,2,2,4,1,10,2,1,1,1,1,8,2,3,2,1,I,562,4,1,4,4,4,5,4,4,6400,1,1,0,4,4,5,4,4,6400,1,1,0,4,4,5,4,4,6400,1,1,0,2025,3,10,2090000,1750000,1,1
202601,6,,묵호항,51170,22,0,0,0,1,0,6,11,04,8,1,없음,50,8,0,0,0,2,1,3,1,10,1,1,1,1,1,8,2,3,1,6,0,999,1,1,1,1,1,1,3,3,9600,1,1,1,1,1,1,3,3,9600,1,1,1,1,1,1,3,3,9600,1,1,1,0,1,1,1290000,1850000,1,2
202601,6,,묵호항,51170,22,0,0,0,1,0,6,11,04,8,1,없음,50,8,0,0,0,2,1,3,1,10,1,1,1,1,1,8,2,3,1,6,0,999,1,1,1,1,1,1,3,3,9600,1,1,1,1,1,1,3,3,9600,1,1,1,1,1,1,3,3,9600,1,1,1,0,1,1,1290000,1850000,1,2
202601,6,,묵호항,51170,22,0,0,0,1,0,6,11,04,8,1,없음,50,8,0,0,0,2,1,3,1,10,1,1,1,1,1,8,2,3,1,1,I,561,2,1,2,3,3,6,3,3,8200,1,1,0,3,3,6,3,3,8200,1,1,0,3,3,6,3,3,8200,1,1,0,2025,3,10,1290000,1850000,1,2
202601,6,,묵호항,51170,22,0,0,0,1,0,1,21,03,1,1,없음,150,4,0,0,0,2,2,4,1,10,2,1,1,1,1,8,2,3,1,1,I,561,3,1,3,5,5,7,5,5,15900,1,1,0,5,5,7,5,5,15900,1,1,0,5,5,7,5,5,15900,1,1,0,2025,3,10,2040000,1540000,1,2
202601,6,,묵호항,51170,22,0,0,0,1,0,1,21,03,1,1,없음,150,4,0,0,0,2,2,4,1,10,2,1,1,1,1,8,2,3,1,1,G,472,2,1,2,4,4,7,4,4,10800,1,1,0,4,4,7,4,4,10800,1,1,0,4,4,7,4,4,10800,1,1,0,2025,3,8,2040000,1540000,1,2
202601,6,,묵호항,51170,22,0,0,0,1,0,1,21,03,1,1,없음,150,4,0,0,0,2,2,4,1,10,2,1,1,1,1,8,2,3,2,1,0,999,3,1,3,3,3,3,3,3,3900,1,1,0,3,3,3,3,3,3900,1,1,0,3,3,3,3,3,3900,1,1,0,2025,3,8,2040000,1540000,1,2
202601,6,,태백중앙시장,51190,22,0,0,0,1,0,2,11,04,1,1,없음,80,8,0,0,0,2,1,3,1,10,1,1,1,1,1,8,2,3,1,1,I,561,3,1,3,4,4,6,4,4,9800,1,1,0,4,4,6,4,4,9800,1,1,0,4,4,6,4,4,9800,1,1,0,2025,3,9,1270000,3240000,1,1
202601,6,,0.비상권,51210,22,0,0,0,1,0,3,32,04,7,1,없음,180,4,0,0,0,1,1,2,1,10,1,1,1,1,1,8,1,3,1,1,I,561,2,1,2,4,4,7,4,4,13000,1,1,0,4,4,7,4,4,13000,1,1,0,4,4,7,4,4,13000,1,1,0,2024,3,10,3390000,5650000,1,1
202601,6,,속초중앙시장,51210,14,0,0,0,1,0,9,21,03,6,2,없음,120,4,0,0,0,2,2,4,1,9,2,1,1,1,1,28,2,3,1,1,G,472,3,1,3,6,6,9,6,6,36700,1,1,0,6,6,9,6,6,36700,1,1,0,6,6,9,6,6,36700,1,1,0,2022,5,10,5540000,4700000,1,1
202601,6,,속초중앙시장,51210,14,0,0,0,1,0,9,21,03,6,2,없음,120,4,0,0,0,2,2,4,1,9,2,1,1,1,1,28,2,3,2,1,G,475,3,1,3,5,5,7,5,5,14700,1,1,0,5,5,7,5,5,14700,1,1,0,5,5,7,5,5,14700,1,1,0,2025,3,10,5540000,4700000,1,1
202601,6,,속초중앙시장,51210,22,0,120,0,1,0,1,21,04,8,2,없음,130,8,0,0,0,2,2,4,2,9,2,1,2,1,1,8,2,3,1,1,I,561,4,1,4,6,6,8,6,6,21200,1,1,0,6,6,8,6,6,21200,1,1,0,6,6,8,6,6,21200,1,1,0,2025,5,9,4490000,3120000,1,1
202601,6,,속초중앙시장,51210,22,0,120,0,1,0,1,21,04,8,2,없음,130,8,0,0,0,2,2,4,2,9,2,1,2,1,1,8,2,3,2,2,0,999,4,1,4,1,1,1,5,5,11500,1,1,0,1,1,1,5,5,11500,1,1,0,1,1,1,5,5,11500,1,1,0,0,1,1,4490000,3120000,1,1
202601,6,,속초중앙시장,51210,22,0,120,0,1,0,1,11,04,1,1,없음,230,8,0,0,0,1,1,2,1,10,1,1,1,1,1,8,1,3,1,1,S,961,2,1,2,4,4,7,4,4,14800,1,1,0,4,4,7,4,4,14800,1,1,0,4,4,7,4,4,14800,1,1,0,2024,3,9,1300000,1940000,1,1
202601,6,,0.비상권,51210,13,0,0,0,1,0,4,21,03,6,2,없음,230,8,0,1,0,2,2,4,1,9,2,1,2,1,1,8,2,3,1,1,I,561,4,1,4,5,5,7,5,5,10400,1,1,0,5,5,7,5,5,10400,1,1,0,5,5,7,5,5,10400,1,1,0,2025,3,7,2910000,2600000,1,1
202601,6,,0.비상권,51210,13,0,0,0,1,0,4,21,03,6,2,없음,230,8,0,1,0,2,2,4,1,9,2,1,2,1,1,8,2,3,2,2,0,999,3,1,4,1,1,1,3,3,4700,1,1,0,1,1,1,3,3,4700,1,1,0,1,1,1,3,3,4700,1,1,0,0,1,1,2910000,2600000,1,1
202601,6,,0.비상권,51210,22,0,120,200,1,0,7,31,03,3,1,없음,20,5,0,0,0,2,2,4,1,9,2,1,1,1,1,8,2,3,1,1,G,472,3,1,3,6,6,9,6,6,39100,1,1,0,6,6,9,6,6,39100,1,1,0,6,6,9,6,6,39100,1,1,0,2026,3,9,5620000,11730000,1,1
202601,6,,0.비상권,51210,22,0,120,200,1,0,7,31,03,3,1,없음,20,5,0,0,0,2,2,4,1,9,2,1,1,1,1,8,2,3,2,1,I,561,2,1,2,6,5,8,6,5,28700,1,1,0,6,5,8,6,5,28700,1,1,0,6,5,8,6,5,28700,1,1,0,2025,3,9,5620000,11730000,1,1
202601,6,,0.비상권,51210,22,0,120,510,1,1,1,11,04,1,1,없음,70,1,0,0,0,1,1,3,1,10,1,1,1,1,1,8,1,3,-1,1,I,561,1,1,1,2,2,3,2,2,2200,1,1,0,2,2,3,2,2,2200,1,1,0,2,2,3,2,2,2200,1,1,0,2025,4,10,2880000,1340000,1,1
202601,6,,0.비상권,51210,22,0,120,510,1,1,1,11,04,1,1,없음,70,1,0,0,0,1,1,3,1,10,1,1,1,1,1,8,1,3,1,1,I,561,2,1,2,4,3,7,4,3,16800,1,1,0,4,3,7,4,3,16800,1,1,0,4,3,7,4,3,16800,1,1,0,2025,3,10,2880000,1340000,1,1
202601,6,,0.비상권,51210,22,0,120,510,1,1,1,11,04,1,1,없음,70,1,0,0,0,1,1,3,1,10,1,1,1,1,1,8,1,3,2,1,I,561,2,1,2,4,3,4,4,3,5600,1,1,0,4,3,4,4,3,5600,1,1,0,4,3,4,4,3,5600,1,1,0,2025,3,10,2880000,1340000,1,1
202601,6,,0.비상권,51210,16,0,0,0,1,0,8,31,04,7,1,없음,280,7,0,1,0,3,2,4,1,10,2,1,1,1,1,8,3,3,1,1,I,562,2,1,2,6,6,10,6,6,60100,1,1,0,6,6,10,6,6,60100,1,1,0,6,6,10,6,6,60100,1,1,0,2025,3,10,4180000,6800000,1,1
202601,6,,0.비상권,51210,16,0,0,0,1,0,8,31,04,7,1,없음,280,7,0,1,0,3,2,4,1,10,2,1,1,1,1,8,3,3,1,1,R,911,2,1,3,6,6,9,6,6,45600,1,1,0,6,6,9,6,6,45600,1,1,0,6,6,9,6,6,45600,1,1,0,2025,3,9,4180000,6800000,1,1
202601,6,,0.비상권,51210,16,0,0,0,1,0,8,31,04,7,1,없음,280,7,0,1,0,3,2,4,1,10,2,1,1,1,1,8,3,3,1,1,I,562,2,1,2,6,6,10,6,6,60100,1,1,0,6,6,10,6,6,60100,1,1,0,6,6,10,6,6,60100,1,1,0,2024,3,10,4180000,6800000,1,1
202601,6,,0.비상권,51210,16,0,0,0,1,0,8,31,04,7,1,없음,280,7,0,1,0,3,2,4,1,10,2,1,1,1,1,8,3,3,1,1,I,561,2,1,2,6,6,10,6,6,60800,1,1,0,6,6,10,6,6,60800,1,1,0,6,6,10,6,6,60800,1,1,0,2024,3,9,4180000,6800000,1,1
202601,6,,0.비상권,51210,16,0,0,0,1,0,8,31,04,7,1,없음,280,7,0,1,0,3,2,4,1,10,2,1,1,1,1,8,3,3,2,1,I,561,2,1,3,6,5,8,6,5,29900,1,1,0,6,5,8,6,5,29900,1,1,0,6,5,8,6,5,29900,1,1,0,2024,3,10,4180000,6800000,1,1
202601,6,,0.비상권,51210,22,0,120,0,1,1,2,21,03,1,1,없음,55,3,0,0,0,1,2,4,1,9,2,1,1,1,1,8,1,3,-1,1,G,475,2,1,2,3,3,5,3,3,7900,1,1,0,3,3,5,3,3,7900,1,1,0,3,3,5,3,3,7900,1,1,0,2026,3,10,3120000,1790000,1,2
202601,6,,0.비상권,51210,22,0,120,0,1,1,2,21,03,1,1,없음,55,3,0,0,0,1,2,4,1,9,2,1,1,1,1,8,1,3,1,1,I,562,2,1,2,5,5,8,5,5,27800,1,1,0,5,5,8,5,5,27800,1,1,0,5,5,8,5,5,27800,1,1,0,2025,3,10,3120000,1790000,1,2
202601,6,,0.비상권,51210,22,0,120,0,1,1,2,21,03,1,1,없음,55,3,0,0,0,1,2,4,1,9,2,1,1,1,1,8,1,3,2,1,S,961,2,1,2,4,4,7,4,4,11800,1,1,0,4,4,7,4,4,11800,1,1,0,4,4,7,4,4,11800,1,1,0,2024,3,9,3120000,1790000,1,2
202601,6,,0.비상권,51210,16,0,0,0,1,0,1,12,03,1,1,없음,110,6,0,0,0,1,1,1,1,10,1,1,1,1,1,8,1,3,1,1,I,561,1,1,1,4,4,8,4,4,28600,1,1,0,4,4,8,4,4,28600,1,1,0,4,4,8,4,4,28600,1,1,0,2024,3,10,1660000,4150000,1,1
202601,6,,0.비상권,51210,13,0,510,0,1,0,5,21,04,6,2,없음,50,8,0,0,0,2,2,4,2,9,2,1,2,1,1,8,2,3,1,1,P,855,4,1,4,7,4,7,7,4,12800,1,1,0,7,4,7,7,4,12800,1,1,0,7,4,7,7,4,12800,1,1,0,2025,3,9,2030000,1810000,1,1
202601,6,,0.비상권,51210,13,0,510,0,1,0,5,21,04,6,2,없음,50,8,0,0,0,2,2,4,2,9,2,1,2,1,1,8,2,3,2,2,0,999,3,1,4,1,1,1,6,3,5200,1,1,0,1,1,1,6,3,5200,1,1,0,1,1,1,6,3,5200,1,1,0,0,1,1,2030000,1810000,1,1
202601,6,,0.비상권,51210,13,0,0,0,1,0,9,32,04,6,2,없음,600,6,0,0,0,2,2,4,1,10,1,2,1,1,1,8,2,3,1,6,0,999,4,1,4,1,1,1,6,6,18300,1,1,1,1,1,1,6,6,18300,1,1,1,1,1,1,6,6,18300,1,1,1,0,1,1,3040000,2570000,1,1
202601,6,,0.비상권,51210,13,0,0,0,1,0,9,32,04,6,2,없음,600,6,0,0,0,2,2,4,1,10,1,2,1,1,1,8,2,3,2,6,0,999,4,1,4,1,1,1,3,2,500,1,1,1,1,1,1,3,2,500,1,1,1,1,1,1,3,2,500,1,1,1,0,1,1,3040000,2570000,1,1
202601,6,,0.비상권,51210,43,0,0,0,1,0,7,31,04,2,1,없음,80,1,0,0,0,3,1,3,1,10,1,1,1,1,1,14,3,3,1,1,I,561,3,1,3,6,6,8,6,6,28800,1,1,0,6,6,8,6,6,28800,1,1,0,6,6,8,6,6,28800,1,1,0,2025,2,10,920000,4650000,1,2
202601,6,,0.비상권,51210,13,0,0,0,1,0,1,51,04,1,1,없음,100,8,0,0,0,1,1,1,1,10,1,1,1,1,1,8,1,3,1,1,I,561,1,1,1,3,3,8,3,3,21300,1,1,0,3,3,8,3,3,21300,1,1,0,3,3,8,3,3,21300,1,1,0,2024,3,8,1030000,2970000,1,2
202601,6,,0.비상권,51210,22,0,0,0,1,0,1,12,03,1,1,없음,230,4,0,0,0,2,1,3,1,10,1,1,1,1,1,8,2,3,1,1,G,478,3,1,3,6,5,8,6,5,23600,1,1,0,6,5,8,6,5,23600,1,1,0,6,5,8,6,5,23600,1,1,0,2024,3,7,2500000,3390000,1,1
202601,6,,0.비상권,51210,23,0,0,0,1,0,7,21,03,7,2,없음,300,5,0,1,0,2,2,4,1,10,2,1,1,1,1,8,2,3,1,1,G,478,4,1,4,6,6,8,6,6,27700,1,1,0,6,6,8,6,6,27700,1,1,0,6,6,8,6,6,27700,1,1,0,2024,3,9,4490000,3440000,1,2
202601,6,,0.비상권,51210,23,0,0,0,1,0,7,21,03,7,2,없음,300,5,0,1,0,2,2,4,1,10,2,1,1,1,1,8,2,3,2,1,G,478,4,1,4,6,5,7,6,5,11300,1,1,0,6,5,7,6,5,11300,1,1,0,6,5,7,6,5,11300,1,1,0,2024,3,9,4490000,3440000,1,2
202601,6,,0.비상권,51210,23,0,0,0,1,0,7,21,04,7,2,없음,300,5,0,1,0,2,2,4,1,10,2,1,1,1,1,8,2,3,1,1,I,561,4,1,4,6,6,8,6,6,27600,1,1,0,6,6,8,6,6,27600,1,1,0,6,6,8,6,6,27600,1,1,0,2025,3,10,4570000,3450000,1,2
202601,6,,0.비상권,51210,23,0,0,0,1,0,7,21,04,7,2,없음,300,5,0,1,0,2,2,4,1,10,2,1,1,1,1,8,2,3,2,1,I,562,4,1,4,6,4,5,6,5,9500,1,1,0,6,4,5,6,5,9500,1,1,0,6,4,5,6,5,9500,1,1,0,2024,3,8,4570000,3450000,1,2
202601,6,,0.비상권,51720,14,0,0,0,1,0,2,21,03,1,1,없음,35,4,0,0,0,2,2,4,1,10,1,1,1,1,1,8,2,3,1,1,I,561,3,1,3,1,3,4,5,4,9800,1,1,0,1,3,4,5,4,9800,1,1,0,1,3,4,5,4,9800,1,1,0,2025,3,10,1250000,1160000,1,1
202601,6,,0.비상권,51720,14,0,0,0,1,0,2,21,03,1,1,없음,35,4,0,0,0,2,2,4,1,10,1,1,1,1,1,8,2,3,2,6,0,999,3,1,3,1,1,1,4,3,6500,1,1,1,1,1,1,4,3,6500,1,1,1,1,1,1,4,3,6500,1,1,1,0,1,1,1250000,1160000,1,1
202601,6,,0.비상권,51730,14,0,0,0,1,0,8,31,03,6,2,없음,140,6,0,1,0,2,2,4,1,10,1,1,1,1,1,8,2,3,1,1,F,424,3,1,3,4,3,5,4,4,6800,1,1,0,4,3,5,4,4,6800,1,1,0,4,3,5,4,4,6800,1,1,0,2025,3,10,1920000,1690000,1,1
202601,6,,0.비상권,51730,14,0,0,0,1,0,8,31,03,6,2,없음,140,6,0,1,0,2,2,4,1,10,1,1,1,1,1,8,2,3,2,6,0,999,3,1,3,1,1,1,4,3,5400,1,1,1,1,1,1,4,3,5400,1,1,1,1,1,1,4,3,5400,1,1,1,0,1,1,1920000,1690000,1,1
202601,6,,0.비상권,51730,22,0,0,0,1,0,4,21,03,6,1,없음,40,4,0,0,0,1,1,3,1,9,1,1,1,1,1,8,2,3,1,1,R,912,1,1,1,5,3,7,5,3,12300,1,1,0,5,3,7,5,3,12300,1,1,0,5,3,7,5,3,12300,1,1,0,2024,3,6,1820000,2470000,1,1
202601,6,,0.비상권,51730,22,0,0,0,1,0,4,21,03,6,1,없음,40,4,0,0,0,1,1,3,1,9,1,1,1,1,1,8,2,3,1,1,G,466,1,1,1,5,3,7,5,3,12300,1,1,0,5,3,7,5,3,12300,1,1,0,5,3,7,5,3,12300,1,1,0,2024,3,6,1820000,2470000,1,1
202601,6,,0.비상권,51730,22,0,0,0,1,0,4,21,03,6,1,없음,40,4,0,0,0,1,1,3,1,9,1,1,1,1,1,8,2,3,2,1,M,711,1,1,2,5,3,6,5,3,8900,1,1,0,5,3,6,5,3,8900,1,1,0,5,3,6,5,3,8900,1,1,0,2025,3,5,1820000,2470000,1,1
202601,6,,0.비상권,51730,14,0,0,0,1,0,4,21,04,6,2,없음,100,6,0,0,0,2,2,4,1,9,1,1,1,1,1,8,2,3,1,1,I,561,3,1,3,3,4,6,4,4,9700,1,1,0,3,4,6,4,4,9700,1,1,0,3,4,6,4,4,9700,1,1,0,2025,3,10,1500000,1360000,1,1
202601,6,,0.비상권,51730,14,0,0,0,1,0,4,21,04,6,2,없음,100,6,0,0,0,2,2,4,1,9,1,1,1,1,1,8,2,3,2,2,0,999,3,1,3,1,1,1,3,3,4300,1,1,0,1,1,1,3,3,4300,1,1,0,1,1,1,3,3,4300,1,1,0,0,1,1,1500000,1360000,1,1
202601,6,,0.비상권,51730,22,0,0,0,1,0,7,32,03,8,1,없음,70,6,0,0,0,2,2,4,1,10,1,1,1,1,1,8,2,3,1,1,G,472,2,1,2,3,3,7,3,3,10500,1,1,0,3,3,7,3,3,10500,1,1,0,3,3,7,3,3,10500,1,1,0,2025,3,10,1390000,2180000,1,1
202601,6,,0.비상권,51730,22,0,0,0,1,0,7,32,03,8,1,없음,70,6,0,0,0,2,2,4,1,10,1,1,1,1,1,8,2,3,1,6,0,999,1,1,1,1,1,1,3,3,11000,1,1,1,1,1,1,3,3,11000,1,1,1,1,1,1,3,3,11000,1,1,1,0,1,1,1390000,2180000,1,1
202601,6,,0.비상권,51730,22,0,0,0,1,0,7,32,03,8,1,없음,70,6,0,0,0,2,2,4,1,10,1,1,1,1,1,8,2,3,1,1,I,561,2,1,2,2,3,6,3,3,9600,1,1,0,2,3,6,3,3,9600,1,1,0,2,3,6,3,3,9600,1,1,0,2024,3,8,1390000,2180000,1,1
202601,6,,0.비상권,51730,16,0,0,0,1,0,1,29,04,9,2,없음,15,4,0,0,0,1,2,3,1,10,2,1,1,1,1,8,1,3,1,1,S,961,2,1,2,3,3,6,3,3,8600,1,1,0,3,3,6,3,3,8600,1,1,0,3,3,6,3,3,8600,1,1,0,2025,3,10,1990000,1180000,1,1
202601,6,,0.비상권,51730,16,0,0,0,1,0,1,29,04,9,2,없음,15,4,0,0,0,1,2,3,1,10,2,1,1,1,1,8,1,3,2,1,I,562,2,1,2,4,3,5,4,3,7000,1,1,0,4,3,5,4,3,7000,1,1,0,4,3,5,4,3,7000,1,1,0,2026,3,10,1990000,1180000,1,1
202601,6,,0.비상권,51730,13,0,0,0,1,0,7,32,04,6,1,없음,250,6,0,0,0,2,1,2,1,10,1,1,1,1,1,8,2,3,1,1,I,561,2,1,2,4,4,6,4,3,9100,1,1,0,4,4,6,4,3,9100,1,1,0,4,4,6,4,3,9100,1,1,0,2025,3,10,980000,1670000,1,1
202601,6,,0.비상권,51730,16,0,0,0,1,0,7,32,04,1,1,없음,50,7,0,0,0,2,1,3,1,10,1,1,1,1,1,8,2,3,1,1,I,561,3,1,3,5,5,7,5,5,20500,1,1,0,5,5,7,5,5,20500,1,1,0,5,5,7,5,5,20500,1,1,0,2025,3,9,1150000,3890000,1,1
202601,6,,영월경찰서,51750,22,0,0,0,1,0,1,21,03,6,2,없음,150,6,0,0,0,1,1,2,1,10,1,1,1,1,1,8,1,3,1,1,I,561,1,1,2,5,3,7,5,3,13100,1,1,0,5,3,7,5,3,13100,1,1,0,5,3,7,5,3,13100,1,1,0,2026,3,10,2630000,2340000,1,1
202601,6,,영월경찰서,51750,22,0,0,0,1,0,1,21,03,6,2,없음,150,6,0,0,0,1,1,2,1,10,1,1,1,1,1,8,1,3,2,1,S,961,1,1,2,3,3,6,3,3,8800,1,1,0,3,3,6,3,3,8800,1,1,0,3,3,6,3,3,8800,1,1,0,2025,3,9,2630000,2340000,1,1
202601,6,,영월경찰서,51750,13,0,0,0,1,0,4,21,03,1,1,없음,270,6,0,1,0,2,2,4,1,10,2,1,1,1,1,8,2,3,1,1,I,561,4,1,4,5,3,3,5,3,3400,1,1,0,5,3,3,5,3,3400,1,1,0,5,3,3,5,3,3400,1,1,0,2025,3,9,1530000,1300000,1,1
202601,6,,영월경찰서,51750,13,0,0,0,1,0,4,21,03,1,1,없음,270,6,0,1,0,2,2,4,1,10,2,1,1,1,1,8,2,3,2,1,N,752,4,1,4,4,3,3,4,3,2900,1,1,0,4,3,3,4,3,2900,1,1,0,4,3,3,4,3,2900,1,1,0,2026,3,10,1530000,1300000,1,1
202601,6,,0.비상권,51780,22,0,0,0,1,0,4,32,03,8,1,없음,50,7,0,0,0,2,2,4,1,10,2,1,1,1,1,8,2,3,1,1,M,721,2,1,2,3,3,5,3,3,6800,1,1,0,3,3,5,3,3,6800,1,1,0,3,3,5,3,3,6800,1,1,0,2024,3,9,1300000,1730000,1,1
202601,6,,0.비상권,51780,22,0,0,0,1,0,4,32,03,8,1,없음,50,7,0,0,0,2,2,4,1,10,2,1,1,1,1,8,2,3,1,1,J,581,2,1,2,3,3,4,3,3,6700,1,1,0,3,3,4,3,3,6700,1,1,0,3,3,4,3,3,6700,1,1,0,2025,3,7,1300000,1730000,1,1
202601,6,,0.비상권,51830,22,0,0,0,1,0,4,32,03,6,1,없음,189,8,0,0,0,2,1,3,1,10,1,1,1,1,1,8,2,3,1,1,I,561,3,1,3,3,4,5,3,4,6300,1,1,0,3,4,5,3,4,6300,1,1,0,3,4,5,3,4,6300,1,1,0,2025,3,7,1590000,2810000,1,1
202601,6,,0.비상권,51830,22,0,0,0,1,0,4,32,04,7,1,없음,50,8,0,0,0,1,1,1,1,10,1,1,1,1,1,8,1,3,1,1,I,561,1,1,1,3,3,7,4,3,13200,1,1,0,3,3,7,4,3,13200,1,1,0,3,3,7,4,3,13200,1,1,0,2024,3,6,2310000,3540000,1,2
202601,6,,0.비상권,51830,22,0,0,0,1,0,3,11,03,9,2,없음,50,9,0,0,0,1,2,4,1,10,1,1,1,1,1,8,1,3,1,1,G,472,2,1,2,3,3,5,3,3,7500,1,1,0,3,3,5,3,3,7500,1,1,0,3,3,5,3,3,7500,1,1,0,2024,5,5,2790000,1110000,1,1
202601,6,,0.비상권,51830,22,0,0,0,1,0,3,11,03,9,2,없음,50,9,0,0,0,1,2,4,1,10,1,1,1,1,1,8,1,3,2,2,0,999,3,1,3,1,1,1,3,3,5400,1,1,0,1,1,1,3,3,5400,1,1,0,1,1,1,3,3,5400,1,1,0,0,1,1,2790000,1110000,1,1
202601,6,,0.비상권,51830,22,0,0,0,1,0,1,51,04,1,1,없음,50,10,0,0,0,1,1,1,1,10,1,1,1,1,1,8,1,3,1,1,I,561,1,1,1,3,3,7,3,3,9900,1,1,0,3,3,7,3,3,9900,1,1,0,3,3,7,3,3,9900,1,1,0,2025,3,9,1090000,2850000,1,1
202601,6,,0.비상권,51830,22,0,0,0,1,0,1,11,04,1,1,없음,50,4,0,0,0,2,2,3,2,7,2,1,1,1,1,8,1,3,1,1,I,561,2,1,3,3,3,4,4,3,5100,1,1,0,3,3,4,4,3,5100,1,1,0,3,3,4,4,3,5100,1,1,0,2024,3,9,2660000,1340000,1,1
202601,6,,0.비상권,51830,22,0,0,0,1,0,1,11,04,1,1,없음,50,4,0,0,0,2,2,3,2,7,2,1,1,1,1,8,1,3,1,1,G,474,2,1,2,3,3,5,3,3,6500,1,1,0,3,3,5,3,3,6500,1,1,0,3,3,5,3,3,6500,1,1,0,2026,3,10,2660000,1340000,1,1
202601,6,,0.비상권,51830,22,0,0,0,1,0,8,31,03,1,1,없음,50,5,0,0,0,4,1,2,1,10,1,1,1,1,1,8,2,3,1,1,I,561,2,1,2,4,4,7,4,5,16300,1,1,0,4,4,7,4,5,16300,1,1,0,4,4,7,4,5,16300,1,1,0,2025,3,10,2180000,3560000,1,1
202601,6,,0.비상권,51830,14,0,0,0,1,0,6,21,04,5,1,없음,200,6,0,1,0,3,2,4,1,10,2,1,1,1,1,8,3,3,1,1,N,743,3,1,3,1,4,6,1,4,9600,1,1,0,1,4,6,1,4,9600,1,1,0,1,4,6,1,4,9600,1,1,0,2024,3,9,1510000,1620000,1,1
202601,6,,0.비상권,51830,14,0,0,0,1,0,6,21,04,5,1,없음,200,6,0,1,0,3,2,4,1,10,2,1,1,1,1,8,3,3,1,1,N,761,3,1,3,1,4,6,1,4,9600,1,1,0,1,4,6,1,4,9600,1,1,0,1,4,6,1,4,9600,1,1,0,2024,3,9,1510000,1620000,1,1
202601,6,,0.비상권,51830,14,0,0,0,1,0,6,21,04,5,1,없음,200,6,0,1,0,3,2,4,1,10,2,1,1,1,1,8,3,3,2,1,F,411,4,1,4,1,3,3,1,3,3000,1,1,0,1,3,3,1,3,3000,1,1,0,1,3,3,1,3,3000,1,1,0,2024,3,9,1510000,1620000,1,1
202601,6,,전주동부,52111,22,0,300,0,1,0,1,11,04,5,1,없음,200,8,0,0,0,2,2,4,1,9,2,1,1,1,1,8,2,3,1,1,I,561,3,1,3,4,3,4,4,3,5800,1,1,0,4,3,4,4,3,5800,1,1,0,4,3,4,4,3,5800,1,1,0,2025,3,10,1070000,1140000,1,1
202601,6,,전주동부,52111,22,0,300,0,1,0,1,11,04,5,1,없음,200,8,0,0,0,2,2,4,1,9,2,1,1,1,1,8,2,3,2,1,I,562,3,1,3,3,3,3,3,3,3200,1,1,0,3,3,3,3,3,3200,1,1,0,3,3,3,3,3,3200,1,1,0,2025,3,10,1070000,1140000,1,1
202601,6,,전주한옥마을,52111,14,0,200,0,1,0,1,11,04,5,2,없음,360,6,0,0,0,2,2,4,1,10,2,1,1,1,1,8,2,3,1,1,I,562,3,1,3,5,5,8,5,5,21700,1,1,0,5,5,8,5,5,21700,1,1,0,5,5,8,5,5,21700,1,1,0,2025,3,10,3600000,3550000,1,3
202601,6,,전주한옥마을,52111,14,0,200,0,1,0,1,11,04,5,2,없음,360,6,0,0,0,2,2,4,1,10,2,1,1,1,1,8,2,3,2,1,I,562,2,1,2,5,4,7,4,4,12700,1,1,0,5,4,7,4,4,12700,1,1,0,5,4,7,4,4,12700,1,1,0,2025,3,10,3600000,3550000,1,3
202601,6,,전주한옥마을,52111,13,0,0,0,1,0,8,51,03,3,1,없음,160,6,0,0,0,2,1,2,1,10,1,1,1,1,1,8,2,3,1,1,G,474,2,1,2,4,5,9,4,5,32700,1,1,0,4,5,9,4,5,32700,1,1,0,4,5,9,4,5,32700,1,1,0,2024,3,10,4440000,21260000,1,3
202601,6,,전주동부,52111,14,0,0,0,1,0,1,51,04,1,1,없음,195,6,0,0,0,2,1,2,1,10,1,1,1,1,1,8,2,3,1,6,0,999,2,1,2,1,1,1,6,5,34200,1,1,1,1,1,1,6,5,34200,1,1,1,1,1,1,6,5,34200,1,1,1,0,1,1,1760000,4630000,1,3
202601,6,,전주한옥마을,52111,13,0,0,0,1,0,5,51,03,5,1,없음,620,4,0,0,0,2,1,3,1,10,1,1,1,1,1,8,2,3,1,1,G,478,2,1,2,7,6,11,7,6,80300,1,1,0,7,6,11,7,6,80300,1,1,0,7,6,11,7,6,80300,1,1,0,2024,3,9,7410000,16440000,1,3
202601,6,,전주한옥마을,52111,13,0,0,0,1,0,5,51,03,5,1,없음,620,4,0,0,0,2,1,3,1,10,1,1,1,1,1,8,2,3,1,1,G,475,1,1,1,6,5,11,6,5,82400,1,1,0,6,5,11,6,5,82400,1,1,0,6,5,11,6,5,82400,1,1,0,2025,3,10,7410000,16440000,1,3
202601,6,,전주한옥마을,52111,13,0,0,0,1,0,7,51,04,5,1,없음,420,8,0,0,0,1,1,2,1,10,1,1,1,1,1,8,1,3,1,1,I,562,2,1,2,6,6,11,6,6,75400,1,1,0,6,6,11,6,6,75400,1,1,0,6,6,11,6,6,75400,1,1,0,2024,3,9,5340000,12710000,1,4
202601,6,,전주한옥마을,52111,13,0,0,0,1,0,8,51,03,5,1,없음,360,7,0,0,0,2,1,2,1,10,1,1,1,1,1,8,2,3,1,1,I,561,2,1,2,6,6,10,6,6,61400,1,1,0,6,6,10,6,6,61400,1,1,0,6,6,10,6,6,61400,1,1,0,2024,3,10,5540000,13730000,1,3
202601,6,,전주한옥마을,52111,13,0,0,0,1,0,7,51,03,3,1,없음,330,4,0,0,0,3,1,3,1,10,1,1,1,1,1,8,3,3,1,1,I,562,3,1,3,6,6,9,6,6,44400,1,1,0,6,6,9,6,6,44400,1,1,0,6,6,9,6,6,44400,1,1,0,2023,4,10,4100000,17470000,1,3
202601,6,,0.비상권,52111,14,0,200,0,1,0,6,32,04,4,1,없음,240,7,0,0,0,2,1,3,1,9,1,1,1,1,1,8,2,3,1,1,E,382,3,1,3,4,4,5,5,4,7600,1,1,0,4,4,5,5,4,7600,1,1,0,4,4,5,5,4,7600,1,1,0,2025,3,10,720000,1900000,1,2
202601,6,,0.비상권,52111,14,0,0,0,1,0,2,11,03,1,1,없음,60,6,0,0,0,2,2,4,1,10,2,1,1,1,1,8,2,3,1,1,L,682,2,1,2,4,3,6,4,3,9700,1,1,0,4,3,6,4,3,9700,1,1,0,4,3,6,4,3,9700,1,1,0,2025,3,8,1150000,1330000,1,1
202601,6,,0.비상권,52111,14,0,0,0,1,0,2,11,03,1,1,없음,60,6,0,0,0,2,2,4,1,10,2,1,1,1,1,8,2,3,1,1,S,961,2,1,2,4,3,6,4,3,9800,1,1,0,4,3,6,4,3,9800,1,1,0,4,3,6,4,3,9800,1,1,0,2025,3,9,1150000,1330000,1,1
202601,6,,0.비상권,52111,14,0,0,0,1,0,2,11,03,1,1,없음,60,6,0,0,0,2,2,4,1,10,2,1,1,1,1,8,2,3,1,1,M,716,2,1,2,4,3,6,4,3,9500,1,1,0,4,3,6,4,3,9500,1,1,0,4,3,6,4,3,9500,1,1,0,2024,3,10,1150000,1330000,1,1
202601,6,,0.비상권,52111,14,0,0,0,1,0,2,11,03,1,1,없음,60,6,0,0,0,2,2,4,1,10,2,1,1,1,1,8,2,3,2,2,0,999,3,1,3,1,1,1,4,3,4100,1,1,0,1,1,1,4,3,4100,1,1,0,1,1,1,4,3,4100,1,1,0,0,1,1,1150000,1330000,1,1
202601,6,,0.비상권,52111,22,0,120,300,1,0,4,31,03,7,1,없음,100,1,0,1,0,3,2,4,1,10,2,1,1,1,1,1,3,3,1,1,G,478,4,1,4,6,6,7,6,6,12500,1,1,0,6,6,7,6,6,12500,1,1,0,6,6,7,6,6,12500,1,1,0,2025,3,5,2980000,4320000,1,1
202601,6,,전주서부,52111,14,0,0,0,1,0,4,32,04,5,1,없음,10,2,0,1,0,3,2,4,1,10,2,1,1,1,1,8,3,3,1,1,I,561,4,1,4,6,5,7,6,5,19100,1,1,0,6,5,7,6,5,19100,1,1,0,6,5,7,6,5,19100,1,1,0,2026,3,9,2640000,5960000,1,1
202601,6,,전주서부,52111,14,0,0,0,1,0,4,32,04,5,1,없음,10,2,0,1,0,3,2,4,1,10,2,1,1,1,1,8,3,3,1,1,I,562,2,1,2,5,4,7,5,4,17800,1,1,0,5,4,7,5,4,17800,1,1,0,5,4,7,5,4,17800,1,1,0,2025,3,9,2640000,5960000,1,1
202601,6,,전주서부,52111,14,0,120,0,1,0,4,32,04,6,1,없음,70,2,0,1,0,2,2,4,1,10,2,1,1,1,1,8,2,3,1,1,I,562,4,1,4,6,6,7,6,6,19000,1,1,0,6,6,7,6,6,19000,1,1,0,6,6,7,6,6,19000,1,1,0,2026,3,9,2980000,5170000,1,1
202601,6,,0.비상권,52111,14,0,0,0,1,0,4,31,03,6,1,없음,50,1,0,1,0,3,2,4,1,10,2,1,1,1,1,8,3,3,1,1,I,561,4,1,4,6,6,7,6,6,19400,1,1,0,6,6,7,6,6,19400,1,1,0,6,6,7,6,6,19400,1,1,0,2025,3,8,2780000,4710000,1,2
202601,6,,0.비상권,52111,14,0,0,0,1,0,4,31,03,6,1,없음,50,1,0,1,0,3,2,4,1,10,2,1,1,1,1,8,3,3,1,1,I,561,4,1,4,6,5,8,6,5,20600,1,1,0,6,5,8,6,5,20600,1,1,0,6,5,8,6,5,20600,1,1,0,2025,3,10,2780000,4710000,1,2
202601,6,,0.비상권,52111,13,0,0,0,1,0,4,32,04,6,1,없음,100,6,0,0,0,2,1,3,1,10,1,1,1,1,1,8,2,3,1,1,I,561,3,1,3,4,4,6,4,4,9100,1,1,0,4,4,6,4,4,9100,1,1,0,4,4,6,4,4,9100,1,1,0,2024,3,10,1120000,1980000,1,2
202601,6,,0.비상권,52111,13,0,0,0,1,0,5,32,04,6,1,없음,30,5,0,1,0,3,2,4,1,10,1,2,1,1,1,8,3,3,1,6,0,999,4,1,4,1,1,1,6,5,9200,1,1,1,1,1,1,6,5,9200,1,1,1,1,1,1,6,5,9200,1,1,1,0,1,1,1780000,3410000,1,2
202601,6,,0.비상권,52111,14,0,0,0,1,0,4,32,03,6,1,없음,270,7,0,1,0,2,2,4,1,10,2,1,1,1,1,8,2,3,1,1,I,561,2,1,2,4,4,7,4,4,19700,1,1,0,4,4,7,4,4,19700,1,1,0,4,4,7,4,4,19700,1,1,0,2025,2,10,1770000,2960000,1,1
202601,6,,0.비상권,52111,14,0,0,0,1,0,4,32,03,6,1,없음,270,7,0,1,0,2,2,4,1,10,2,1,1,1,1,8,2,3,1,1,S,961,2,1,2,4,4,8,4,4,20800,1,1,0,4,4,8,4,4,20800,1,1,0,4,4,8,4,4,20800,1,1,0,2026,3,8,1770000,2960000,1,1
202601,6,,0.비상권,52111,14,0,0,0,1,0,4,32,03,6,1,없음,270,7,0,1,0,2,2,4,1,10,2,1,1,1,1,8,2,3,1,1,I,561,2,1,2,4,4,7,4,4,18900,1,1,0,4,4,7,4,4,18900,1,1,0,4,4,7,4,4,18900,1,1,0,2025,3,10,1770000,2960000,1,1
202601,6,,0.비상권,52111,14,0,0,0,1,0,4,32,03,6,1,없음,270,7,0,1,0,2,2,4,1,10,2,1,1,1,1,8,2,3,1,1,I,561,2,1,2,4,4,7,4,4,17700,1,1,0,4,4,7,4,4,17700,1,1,0,4,4,7,4,4,17700,1,1,0,2025,2,10,1770000,2960000,1,1
202601,6,,0.비상권,52111,15,0,0,0,1,0,9,32,04,5,1,없음,200,7,0,0,0,2,1,2,1,10,1,1,1,1,1,8,2,3,1,1,G,474,2,1,2,6,3,6,6,3,10400,1,1,0,6,3,6,6,3,10400,1,1,0,6,3,6,6,3,10400,1,1,0,2026,3,10,1630000,3270000,1,3
202601,6,,0.비상권,52111,13,0,0,0,1,0,6,32,03,6,1,없음,27,4,0,1,0,2,2,4,1,10,2,1,1,1,1,8,2,3,1,1,I,561,3,1,3,5,5,7,6,5,15500,1,1,0,5,5,7,6,5,15500,1,1,0,5,5,7,6,5,15500,1,1,0,2025,3,10,1880000,3170000,1,1
202601,6,,0.비상권,52111,13,0,0,0,1,0,6,32,03,6,1,없음,27,4,0,1,0,2,2,4,1,10,2,1,1,1,1,8,2,3,1,1,I,561,3,1,3,6,5,7,6,5,15500,1,1,0,6,5,7,6,5,15500,1,1,0,6,5,7,6,5,15500,1,1,0,2026,3,9,1880000,3170000,1,1
202601,6,,0.비상권,52111,13,0,0,0,1,0,5,32,04,6,1,없음,104,4,0,0,0,2,2,4,1,10,2,1,1,1,1,8,2,3,1,2,I,561,2,1,2,1,1,1,4,4,13400,1,1,0,1,1,1,4,4,13400,1,1,0,1,1,1,4,4,13400,1,1,0,0,1,1,1600000,3040000,1,1
202601,6,,0.비상권,52111,13,0,0,0,1,0,5,32,04,6,1,없음,104,4,0,0,0,2,2,4,1,10,2,1,1,1,1,8,2,3,1,1,I,561,4,1,4,6,5,7,6,5,14500,1,1,0,6,5,7,6,5,14500,1,1,0,6,5,7,6,5,14500,1,1,0,2025,3,10,1600000,3040000,1,1
202601,6,,0.비상권,52111,14,0,0,0,1,0,8,21,03,6,1,없음,100,7,0,1,0,2,2,4,1,10,2,1,1,1,1,8,2,3,1,1,I,561,4,1,4,6,5,6,6,5,9100,1,1,0,6,5,6,6,5,9100,1,1,0,6,5,6,6,5,9100,1,1,0,2025,3,10,1500000,2600000,1,3
202601,6,,0.비상권,52111,14,0,120,0,1,0,7,31,03,6,1,없음,40,3,1,0,0,2,2,4,1,10,2,1,2,1,1,8,2,3,1,2,I,561,2,1,2,1,1,1,6,4,15400,1,1,0,1,1,1,6,4,15400,1,1,0,1,1,1,6,4,15400,1,1,0,0,1,1,3310000,3650000,1,1
202601,6,,0.비상권,52111,14,0,120,0,1,0,7,31,03,6,1,없음,40,3,1,0,0,2,2,4,1,10,2,1,2,1,1,8,2,3,1,1,R,912,2,1,2,6,4,7,6,4,15400,1,1,0,6,4,7,6,4,15400,1,1,0,6,4,7,6,4,15400,1,1,0,2024,3,10,3310000,3650000,1,1
202601,6,,0.비상권,52111,14,0,120,0,1,0,7,31,03,6,1,없음,40,3,1,0,0,2,2,4,1,10,2,1,2,1,1,8,2,3,1,1,L,682,2,1,2,6,4,7,6,4,15500,1,1,0,6,4,7,6,4,15500,1,1,0,6,4,7,6,4,15500,1,1,0,2025,3,9,3310000,3650000,1,1
202601,6,,0.비상권,52111,14,0,120,0,1,0,7,31,03,6,1,없음,40,3,1,0,0,2,2,4,1,10,2,1,2,1,1,8,2,3,2,2,0,999,3,1,3,1,1,1,6,4,6800,1,1,0,1,1,1,6,4,6800,1,1,0,1,1,1,6,4,6800,1,1,0,0,1,1,3310000,3650000,1,1
202601,6,,0.비상권,52111,42,0,120,0,1,0,8,31,03,2,1,없음,100,1,0,1,0,3,2,4,1,10,1,2,1,1,1,8,3,3,1,6,0,999,3,1,3,1,1,1,6,5,23100,1,1,1,1,1,1,6,5,23100,1,1,1,1,1,1,6,5,23100,1,1,1,0,1,1,1830000,4600000,1,2
202601,6,,0.비상권,52111,42,0,120,0,1,0,8,31,03,2,1,없음,100,1,0,1,0,3,2,4,1,10,1,2,1,1,1,8,3,3,2,6,0,999,3,1,3,1,1,1,5,4,6700,1,1,1,1,1,1,5,4,6700,1,1,1,1,1,1,5,4,6700,1,1,1,0,1,1,1830000,4600000,1,2
202601,6,,0.비상권,52111,43,0,0,0,1,0,6,31,04,1,1,없음,180,8,0,1,0,5,2,4,1,10,2,1,1,1,1,8,5,3,1,1,F,421,2,1,2,3,3,6,3,3,9400,1,1,0,3,3,6,3,3,9400,1,1,0,3,3,6,3,3,9400,1,1,0,2024,3,9,600000,3050000,1,1
202601,6,,0.비상권,52111,43,0,0,0,1,0,6,31,04,1,1,없음,180,8,0,1,0,5,2,4,1,10,2,1,1,1,1,8,5,3,1,1,G,452,4,1,4,5,5,6,5,5,9100,1,1,0,5,5,6,5,5,9100,1,1,0,5,5,6,5,5,9100,1,1,0,2025,3,10,600000,3050000,1,1
202601,6,,0.비상권,52111,43,0,0,0,1,0,6,31,04,1,1,없음,180,8,0,1,0,5,2,4,1,10,2,1,1,1,1,8,5,3,1,1,C,320,4,1,4,4,5,6,4,5,9000,1,1,0,4,5,6,4,5,9000,1,1,0,4,5,6,4,5,9000,1,1,0,2024,3,10,600000,3050000,1,1
202601,6,,0.비상권,52111,16,0,0,0,1,0,6,32,04,6,1,없음,140,6,0,1,0,3,2,4,1,10,2,1,1,1,1,8,3,3,1,1,I,561,4,1,4,6,6,7,6,6,10900,1,1,0,6,6,7,6,6,10900,1,1,0,6,6,7,6,6,10900,1,1,0,2025,3,10,1960000,3300000,1,1
202601,6,,0.비상권,52111,16,0,0,0,1,0,7,32,04,6,1,없음,100,5,0,1,0,3,2,4,1,10,2,1,1,1,1,8,3,3,1,1,I,561,4,1,4,6,6,7,6,6,10100,1,1,0,6,6,7,6,6,10100,1,1,0,6,6,7,6,6,10100,1,1,0,2026,3,10,2010000,3410000,1,2
202601,6,,0.비상권,52111,16,0,0,0,1,0,7,32,04,6,1,없음,200,5,0,1,0,3,2,4,1,10,2,1,1,1,1,8,3,3,1,1,F,424,4,1,4,1,1,1,6,6,13700,1,1,1,1,1,1,6,6,13700,1,1,1,6,6,7,6,6,13700,1,1,0,2026,3,10,2050000,3430000,1,3
202601,6,,0.비상권,52111,43,0,120,610,1,0,4,32,04,5,1,없음,100,8,0,0,0,2,2,4,1,10,2,1,1,1,1,8,2,3,1,1,G,472,4,1,4,4,3,4,4,4,4900,1,1,0,4,3,4,4,4,4900,1,1,0,4,3,4,4,4,4900,1,1,0,2023,4,10,470000,970000,1,2
202601,6,,0.비상권,52113,22,0,300,0,1,0,1,11,03,1,1,없음,118,5,0,0,0,2,2,4,1,10,1,1,1,1,1,8,2,3,1,2,S,961,1,1,1,1,1,1,3,3,11100,1,1,0,1,1,1,3,3,11100,1,1,0,1,1,1,3,3,11100,1,1,0,0,1,1,1650000,1400000,1,1
202601,6,,0.비상권,52113,22,0,300,0,1,0,1,11,03,1,1,없음,118,5,0,0,0,2,2,4,1,10,1,1,1,1,1,8,2,3,1,1,R,901,2,1,2,3,3,6,3,3,8100,1,1,0,3,3,6,3,3,8100,1,1,0,3,3,6,3,3,8100,1,1,0,2025,3,10,1650000,1400000,1,1
202601,6,,0.비상권,52113,22,0,300,0,1,0,1,11,03,1,1,없음,118,5,0,0,0,2,2,4,1,10,1,1,1,1,1,8,2,3,2,2,0,999,3,1,3,1,1,1,3,3,3800,1,1,0,1,1,1,3,3,3800,1,1,0,1,1,1,3,3,3800,1,1,0,0,1,1,1650000,1400000,1,1
202601,6,,전주동부,52113,13,0,0,0,1,0,4,21,03,6,2,없음,72,6,0,1,0,2,2,4,1,10,1,1,1,1,1,8,2,3,1,1,S,953,1,1,2,3,3,5,3,3,6200,1,1,0,3,3,5,3,3,6200,1,1,0,3,3,5,3,3,6200,1,1,0,2025,3,10,1570000,1370000,1,1
202601,6,,전주동부,52113,13,0,0,0,1,0,4,21,03,6,2,없음,72,6,0,1,0,2,2,4,1,10,1,1,1,1,1,8,2,3,1,1,I,561,2,1,2,3,3,4,3,3,6100,1,1,0,3,3,4,3,3,6100,1,1,0,3,3,4,3,3,6100,1,1,0,2025,3,10,1570000,1370000,1,1
202601,6,,전주동부,52113,13,0,0,0,1,0,4,21,03,6,2,없음,72,6,0,1,0,2,2,4,1,10,1,1,1,1,1,8,2,3,2,2,0,999,3,1,3,1,1,1,3,3,4900,1,1,0,1,1,1,3,3,4900,1,1,0,1,1,1,3,3,4900,1,1,0,0,1,1,1570000,1370000,1,1
202601,6,,0.비상권,52113,13,0,0,0,1,0,5,32,03,6,1,없음,190,6,0,0,0,2,1,3,1,10,1,1,1,1,1,8,2,3,1,2,G,474,2,1,2,1,1,1,3,3,13900,1,1,0,1,1,1,3,3,13900,1,1,0,1,1,1,3,3,13900,1,1,0,0,1,1,1110000,2120000,1,2
202601,6,,0.비상권,52113,13,0,0,0,1,0,5,32,03,6,1,없음,190,6,0,0,0,2,1,3,1,10,1,1,1,1,1,8,2,3,1,1,G,474,1,1,1,3,3,7,3,3,15300,1,1,0,3,3,7,3,3,15300,1,1,0,3,3,7,3,3,15300,1,1,0,2024,3,8,1110000,2120000,1,2
202601,6,,0.비상권,52113,13,0,0,0,1,0,5,32,03,6,1,없음,190,6,0,0,0,2,1,3,1,10,1,1,1,1,1,8,2,3,1,1,S,961,1,1,2,3,3,7,3,3,14200,1,1,0,3,3,7,3,3,14200,1,1,0,3,3,7,3,3,14200,1,1,0,2025,3,10,1110000,2120000,1,2
202601,6,,0.비상권,52113,13,0,0,0,1,0,6,21,03,6,1,없음,210,8,0,0,0,2,1,2,1,10,1,1,1,1,1,8,2,3,1,1,S,961,1,1,2,3,3,7,3,3,13500,1,1,0,3,3,7,3,3,13500,1,1,0,3,3,7,3,3,13500,1,1,0,2024,3,10,1240000,2210000,1,2
202601,6,,0.비상권,52113,13,0,0,0,1,0,6,21,03,6,1,없음,210,8,0,0,0,2,1,2,1,10,1,1,1,1,1,8,2,3,1,1,S,961,1,1,2,3,3,7,3,3,13500,1,1,0,3,3,7,3,3,13500,1,1,0,3,3,7,3,3,13500,1,1,0,2024,3,10,1240000,2210000,1,2
202601,6,,0.비상권,52113,13,0,0,0,1,0,4,32,04,1,1,없음,90,4,0,0,0,2,1,3,1,10,1,1,1,1,1,8,2,3,1,1,I,561,3,1,3,3,5,7,3,5,13400,1,1,0,3,5,7,3,5,13400,1,1,0,3,5,7,3,5,13400,1,1,0,2021,5,10,1530000,2670000,1,2
202601,6,,0.비상권,52113,14,0,0,0,1,0,4,32,04,6,1,없음,100,5,0,1,0,3,2,4,1,10,2,1,1,1,1,8,3,3,1,1,I,562,3,1,3,6,5,7,6,5,16800,1,1,0,6,5,7,6,5,16800,1,1,0,6,5,7,6,5,16800,1,1,0,2025,3,10,1770000,3050000,1,1
202601,6,,0.비상권,52113,14,0,0,0,1,0,4,32,04,6,1,없음,100,5,0,1,0,3,2,4,1,10,2,1,1,1,1,8,3,3,1,1,I,562,4,1,4,6,5,7,6,5,14800,1,1,0,6,5,7,6,5,14800,1,1,0,6,5,7,6,5,14800,1,1,0,2024,3,9,1770000,3050000,1,1
202601,6,,0.비상권,52113,14,0,200,0,1,0,6,32,03,6,1,없음,270,7,0,1,0,2,2,4,1,10,2,1,1,1,1,8,2,3,1,1,G,471,4,1,4,6,5,7,6,6,12800,1,1,0,6,5,7,6,6,12800,1,1,0,6,5,7,6,6,12800,1,1,0,2025,2,10,1210000,2070000,1,1
202601,6,,0.비상권,52113,15,0,0,0,1,0,3,21,03,5,1,없음,180,7,0,0,0,1,1,1,1,9,1,1,1,1,1,1,1,3,1,1,I,561,1,1,1,3,3,8,3,3,19800,1,1,0,3,3,8,3,3,19800,1,1,0,3,3,8,3,3,19800,1,1,0,2024,3,10,1200000,2360000,1,3
202601,6,,0.비상권,52113,15,0,0,0,1,0,3,21,03,5,1,없음,180,7,0,0,0,1,1,1,1,9,1,1,1,1,1,1,1,3,1,2,S,961,1,1,1,1,1,1,3,3,19800,1,1,0,1,1,1,3,3,19800,1,1,0,1,1,1,3,3,19800,1,1,0,0,1,1,1200000,2360000,1,3
202601,6,,0.비상권,52113,22,0,300,0,1,0,1,11,03,1,1,없음,100,4,0,0,0,2,1,3,1,10,1,1,1,1,1,8,2,3,1,1,S,961,2,1,2,3,4,7,3,4,14100,1,1,0,3,4,7,3,4,14100,1,1,0,3,4,7,3,4,14100,1,1,0,2025,3,10,1490000,2350000,1,2
202601,6,,0.비상권,52113,22,0,300,0,1,0,1,11,03,1,1,없음,100,4,0,0,0,2,1,3,1,10,1,1,1,1,1,8,2,3,1,1,I,561,2,1,2,3,3,7,3,4,15800,1,1,0,3,3,7,3,4,15800,1,1,0,3,3,7,3,4,15800,1,1,0,2025,5,10,1490000,2350000,1,2
202601,6,,군산원도심,52130,22,0,300,0,1,0,1,51,04,6,1,없음,200,6,0,0,0,2,2,4,1,10,2,1,1,1,1,8,2,3,1,1,I,561,4,1,4,4,4,4,4,4,5400,1,1,0,4,4,4,4,4,5400,1,1,0,4,4,4,4,4,5400,1,1,0,2025,4,9,1260000,2400000,1,1
202601,6,,군산원도심,52130,14,0,0,0,1,0,1,11,03,7,1,없음,50,1,0,0,0,2,2,4,1,10,1,1,1,1,1,8,2,3,1,1,Q,862,3,1,3,5,3,4,5,3,4900,1,1,0,5,3,4,5,3,4900,1,1,0,5,3,4,5,3,4900,1,1,0,2024,3,10,780000,840000,1,1
202601,6,,군산원도심,52130,14,0,0,0,1,0,1,11,03,7,1,없음,50,1,0,0,0,2,2,4,1,10,1,1,1,1,1,8,2,3,2,6,0,999,1,1,1,1,1,1,3,2,3800,1,1,1,1,1,1,3,2,3800,1,1,1,1,1,1,3,2,3800,1,1,1,0,1,1,780000,840000,1,1
202601,6,,군산수송동조촌동,52130,16,0,0,0,1,0,6,32,04,7,1,없음,700,6,0,0,0,2,2,4,1,10,2,1,1,1,1,8,2,3,1,1,I,561,4,1,4,4,4,5,4,4,6300,1,1,0,4,4,5,4,4,6300,1,1,0,4,4,5,4,4,6300,1,1,0,2025,3,10,1550000,2410000,1,1
202601,6,,군산수송동조촌동,52130,22,0,300,0,1,0,4,21,04,9,2,없음,700,2,0,0,0,1,2,4,1,9,2,1,1,1,1,8,1,3,1,1,I,561,3,1,3,5,6,9,5,5,17400,1,1,0,5,6,9,5,5,17400,1,1,0,5,6,9,5,5,17400,1,1,0,2025,3,10,5420000,3040000,1,3
202601,6,,군산수송동조촌동,52130,22,0,300,0,1,0,4,21,04,9,2,없음,700,2,0,0,0,1,2,4,1,9,2,1,1,1,1,8,1,3,2,1,I,561,3,1,3,4,4,6,4,4,7200,1,1,0,4,4,6,4,4,7200,1,1,0,4,4,6,4,4,7200,1,1,0,2025,3,10,5420000,3040000,1,3
202601,6,,0.비상권,52130,14,0,0,0,1,0,8,32,03,6,1,없음,250,1,0,0,0,2,1,3,1,10,1,1,1,1,1,8,2,3,1,1,I,561,3,1,3,5,4,7,5,4,9900,1,1,0,5,4,7,5,4,9900,1,1,0,5,4,7,5,4,9900,1,1,0,2025,3,10,1420000,2390000,1,1
202601,6,,군산수송동조촌동,52130,22,0,0,0,1,0,7,21,03,7,2,없음,700,6,0,1,0,2,2,4,2,9,2,1,2,1,1,8,2,3,1,1,S,961,2,1,3,4,4,7,4,4,10100,1,1,0,4,4,7,4,4,10100,1,1,0,4,4,7,4,4,10100,1,1,0,2025,3,10,2860000,2330000,1,1
202601,6,,군산수송동조촌동,52130,22,0,0,0,1,0,7,21,03,7,2,없음,700,6,0,1,0,2,2,4,2,9,2,1,2,1,1,8,2,3,1,1,I,561,2,1,3,4,4,6,4,4,9900,1,1,0,4,4,6,4,4,9900,1,1,0,4,4,6,4,4,9900,1,1,0,2025,3,10,2860000,2330000,1,1
202601,6,,군산수송동조촌동,52130,22,0,0,0,1,0,7,21,03,7,2,없음,700,6,0,1,0,2,2,4,2,9,2,1,2,1,1,8,2,3,2,2,0,999,4,1,4,1,1,1,4,3,4200,1,1,0,1,1,1,4,3,4200,1,1,0,1,1,1,4,3,4200,1,1,0,0,1,1,2860000,2330000,1,1
202601,6,,군산수송동조촌동,52130,22,0,0,0,1,0,3,21,03,9,1,없음,160,5,0,0,0,1,1,3,1,10,1,1,1,1,1,2,1,3,1,1,G,466,3,1,3,4,4,7,4,4,10500,1,1,0,4,4,7,4,4,10500,1,1,0,4,4,7,4,4,10500,1,1,0,2024,3,10,1760000,2230000,1,1
202601,6,,0.비상권,52130,42,0,0,0,1,0,6,32,03,1,1,없음,200,1,0,0,0,3,1,3,1,10,1,1,1,1,1,8,3,3,1,1,C,233,3,1,3,4,4,7,4,4,10600,1,1,0,4,4,7,4,4,10600,1,1,0,4,4,7,4,4,10600,1,1,0,2026,3,7,960000,6690000,1,1
202601,6,,0.비상권,52130,14,0,120,0,1,0,7,32,04,6,1,없음,200,4,0,0,0,2,2,4,1,10,2,1,1,1,1,8,2,3,1,1,I,561,4,1,4,6,5,7,6,5,12500,1,1,0,6,5,7,6,5,12500,1,1,0,6,5,7,6,5,12500,1,1,0,2024,3,10,2260000,3790000,1,1
202601,6,,0.비상권,52130,14,0,0,0,1,0,6,32,04,6,1,없음,250,6,0,0,0,1,1,2,1,10,1,1,1,1,1,8,1,3,1,1,I,562,2,1,2,5,4,7,5,4,18600,1,1,0,5,4,7,5,4,18600,1,1,0,5,4,7,5,4,18600,1,1,0,2025,3,10,1430000,2410000,1,3
202601,6,,0.비상권,52130,43,0,0,0,1,0,6,21,04,3,1,없음,700,8,0,1,0,3,2,4,1,10,2,1,1,1,1,24,3,3,1,1,I,561,4,1,4,5,5,5,5,5,10300,1,1,0,5,5,5,5,5,10300,1,1,0,5,5,5,5,5,10300,1,1,0,2026,3,10,1030000,1800000,1,1
202601,6,,0.비상권,52130,43,0,0,0,1,0,6,21,04,3,1,없음,700,8,0,1,0,3,2,4,1,10,2,1,1,1,1,24,3,3,2,1,I,561,4,1,4,4,5,5,4,4,6200,1,1,0,4,5,5,4,4,6200,1,1,0,4,5,5,4,4,6200,1,1,0,2025,3,9,1030000,1800000,1,1
202601,6,,0.비상권,52130,14,0,120,0,1,0,4,32,07,5,1,없음,50,2,0,0,0,3,2,4,1,10,2,1,1,1,1,8,3,3,1,1,I,561,4,1,4,6,6,7,6,6,16500,1,1,0,6,6,7,6,6,16500,1,1,0,6,6,7,6,6,16500,1,1,0,2025,3,10,1580000,3390000,1,1
202601,6,,0.비상권,52130,14,0,0,0,1,0,6,32,03,3,1,없음,200,5,0,0,0,3,1,3,1,10,1,1,1,1,1,8,3,3,1,1,G,478,3,1,3,4,4,6,4,4,9000,1,1,0,4,4,6,4,4,9000,1,1,0,4,4,6,4,4,9000,1,1,0,2023,5,7,1500000,6050000,1,1
202601,6,,0.비상권,52130,14,0,0,0,1,0,4,32,03,6,1,없음,300,4,0,0,0,2,2,4,1,10,2,1,1,1,1,8,2,3,1,1,I,562,4,1,4,6,5,6,6,5,9700,1,1,0,6,5,6,6,5,9700,1,1,0,6,5,6,6,5,9700,1,1,0,2023,4,9,1180000,1970000,1,1
202601,6,,익산역,52140,22,0,300,0,1,0,1,21,04,1,1,없음,40,4,0,0,0,1,2,4,1,10,2,1,1,1,1,8,1,3,1,1,G,474,2,1,2,6,3,7,6,3,12900,1,1,0,6,3,7,6,3,12900,1,1,0,6,3,7,6,3,12900,1,1,0,2025,3,10,3430000,1270000,1,1
202601,6,,익산역,52140,22,0,300,0,1,0,1,21,04,1,1,없음,40,4,0,0,0,1,2,4,1,10,2,1,1,1,1,8,1,3,1,6,0,999,1,1,1,1,1,1,4,3,8600,1,1,1,1,1,1,4,3,8600,1,1,1,1,1,1,4,3,8600,1,1,1,0,1,1,3430000,1270000,1,1
202601,6,,익산역,52140,22,0,300,0,1,0,1,21,04,1,1,없음,40,4,0,0,0,1,2,4,1,10,2,1,1,1,1,8,1,3,2,1,G,474,2,1,2,3,2,2,3,2,1800,1,1,0,3,2,2,3,2,1800,1,1,0,3,2,2,3,2,1800,1,1,0,2025,3,10,3430000,1270000,1,1
202601,6,,익산역,52140,22,0,300,0,1,0,1,51,04,1,1,없음,100,6,0,0,0,2,1,3,1,9,1,1,1,1,1,8,2,3,1,1,G,474,2,1,2,4,4,7,4,4,12000,1,1,0,4,4,7,4,4,12000,1,1,0,4,4,7,4,4,12000,1,1,0,2025,3,9,2690000,2990000,1,1
202601,6,,익산역,52140,22,0,300,0,1,0,1,51,04,1,1,없음,100,6,0,0,0,2,1,3,1,9,1,1,1,1,1,8,2,3,2,1,G,474,1,1,2,3,2,3,3,3,4000,1,1,0,3,2,3,3,3,4000,1,1,0,3,2,3,3,3,4000,1,1,0,2025,3,9,2690000,2990000,1,1
202601,6,,익산역,52140,22,0,300,0,1,0,8,31,04,5,1,없음,200,6,0,0,0,2,1,3,1,10,1,1,1,1,1,8,2,3,1,1,S,952,3,1,3,3,3,4,3,3,5300,1,1,0,3,3,4,3,3,5300,1,1,0,3,3,4,3,3,5300,1,1,0,2025,5,10,1060000,2540000,1,2
202601,6,,0.비상권,52140,14,0,0,0,1,0,4,32,03,6,1,없음,150,7,0,0,0,2,1,3,1,10,1,1,1,1,1,2,2,3,1,1,G,474,2,1,2,4,3,6,4,3,8700,1,1,0,4,3,6,4,3,8700,1,1,0,4,3,6,4,3,8700,1,1,0,2024,3,10,1250000,2180000,1,1
202601,6,,0.비상권,52140,14,0,0,0,1,0,4,32,03,6,1,없음,150,7,0,0,0,2,1,3,1,10,1,1,1,1,1,2,2,3,1,2,I,562,2,1,2,1,1,1,4,3,9100,1,1,0,1,1,1,4,3,9100,1,1,0,1,1,1,4,3,9100,1,1,0,0,1,1,1250000,2180000,1,1
202601,6,,0.비상권,52140,14,0,120,0,1,0,7,32,03,5,1,없음,50,1,0,0,0,1,1,1,1,10,1,1,1,1,1,8,1,3,1,1,G,478,1,1,1,5,3,9,5,4,45800,1,1,0,5,3,9,5,4,45800,1,1,0,5,3,9,5,4,45800,1,1,0,2025,3,10,1880000,4690000,1,4
202601,6,,0.비상권,52140,14,0,0,0,1,0,9,31,03,6,1,없음,100,8,0,1,0,3,2,4,1,10,2,1,1,1,1,13,3,3,1,1,I,562,4,1,4,6,5,7,6,5,11200,1,1,0,6,5,7,6,5,11200,1,1,0,6,5,7,6,5,11200,1,1,0,2024,3,10,1320000,2390000,1,1
202601,6,,0.비상권,52140,14,0,120,0,1,0,6,31,04,5,1,없음,100,1,0,1,0,4,2,4,1,10,2,1,1,1,1,8,4,3,1,1,I,561,4,1,4,6,6,7,6,6,14300,1,1,0,6,6,7,6,6,14300,1,1,0,6,6,7,6,6,14300,1,1,0,2025,3,9,2000000,4980000,1,2
202601,6,,정읍중심,52180,22,0,300,0,1,0,1,11,03,1,1,없음,150,8,0,0,0,2,2,4,2,8,2,2,1,1,1,8,2,3,1,1,I,561,4,1,4,4,4,4,4,4,6700,1,1,0,4,4,4,4,4,6700,1,1,0,4,4,4,4,4,6700,1,1,0,2025,2,10,1340000,900000,1,1
202601,6,,정읍중심,52180,22,0,300,0,1,0,1,11,03,1,1,없음,150,8,0,0,0,2,2,4,2,8,2,2,1,1,1,8,2,3,1,1,0,999,1,1,2,3,3,4,3,3,5500,1,1,0,3,3,4,3,3,5500,1,1,0,3,3,4,3,3,5500,1,1,0,2024,3,9,1340000,900000,1,1
202601,6,,정읍중심,52180,22,0,300,0,1,0,1,11,03,1,1,없음,150,8,0,0,0,2,2,4,2,8,2,2,1,1,1,8,2,3,2,6,0,999,1,1,1,1,1,1,3,2,4300,1,1,1,1,1,1,3,2,4300,1,1,1,1,1,1,3,2,4300,1,1,1,0,1,1,1340000,900000,1,1
202601,6,,정읍중심,52180,22,0,300,0,1,0,1,11,03,1,1,없음,150,8,0,0,0,2,2,4,2,8,2,2,1,1,1,8,2,3,2,6,0,999,4,1,4,1,1,1,4,3,2800,1,1,1,1,1,1,4,3,2800,1,1,1,1,1,1,4,3,2800,1,1,1,0,1,1,1340000,900000,1,1
202601,6,,정읍중심,52180,22,0,300,0,1,0,6,12,03,7,1,없음,150,6,0,0,0,1,1,2,1,10,1,1,1,1,1,8,1,3,1,1,G,478,2,1,2,4,4,7,4,4,14400,1,1,0,4,4,7,4,4,14400,1,1,0,4,4,7,4,4,14400,1,1,0,2025,3,9,3260000,4240000,1,2
202601,6,,김제시장,52210,22,0,0,0,1,0,5,11,03,7,1,없음,50,4,0,0,0,1,1,2,1,9,1,1,1,1,1,8,1,3,1,1,G,474,2,1,2,3,3,7,3,3,10000,1,1,0,3,3,7,3,3,10000,1,1,0,3,3,7,3,3,10000,1,1,0,2026,3,9,1500000,2760000,1,3
202601,6,,0.비상권,52210,14,0,0,0,1,0,5,32,03,6,1,없음,10,3,0,1,0,3,2,4,2,9,2,1,1,1,1,8,3,3,1,1,G,472,1,1,1,4,3,8,4,3,22500,1,1,0,4,3,8,4,3,22500,1,1,0,4,3,8,4,3,22500,1,1,0,2024,3,9,1070000,1820000,1,3
202601,6,,0.비상권,52210,14,0,0,0,1,0,5,32,03,6,1,없음,10,3,0,1,0,3,2,4,2,9,2,1,1,1,1,8,3,3,1,1,L,682,2,1,3,5,4,7,5,4,10200,1,1,0,5,4,7,5,4,10200,1,1,0,5,4,7,5,4,10200,1,1,0,2024,3,9,1070000,1820000,1,3
202601,6,,0.비상권,52210,14,0,0,0,1,0,5,32,03,6,1,없음,10,3,0,1,0,3,2,4,2,9,2,1,1,1,1,8,3,3,1,1,G,472,4,1,4,6,5,7,6,5,14900,1,1,0,6,5,7,6,5,14900,1,1,0,6,5,7,6,5,14900,1,1,0,2025,3,8,1070000,1820000,1,3
202601,6,,0.비상권,52210,13,0,0,0,1,0,5,32,03,6,1,없음,100,6,0,0,0,2,1,3,1,9,1,1,1,1,1,8,2,3,1,1,G,472,1,1,2,3,3,5,3,3,7000,1,1,0,3,3,5,3,3,7000,1,1,0,3,3,5,3,3,7000,1,1,0,2025,3,9,700000,1240000,1,2
202601,6,,0.비상권,52210,13,0,0,0,1,0,5,32,03,6,1,없음,100,6,0,0,0,2,1,3,1,9,1,1,1,1,1,8,2,3,1,1,G,472,1,1,2,3,3,5,3,3,7100,1,1,0,3,3,5,3,3,7100,1,1,0,3,3,5,3,3,7100,1,1,0,2024,3,9,700000,1240000,1,2
202601,6,,0.비상권,52210,13,0,0,0,1,0,5,32,03,6,1,없음,100,6,0,0,0,2,1,3,1,9,1,1,1,1,1,8,2,3,1,6,0,999,1,1,2,1,1,1,3,3,7000,1,1,1,1,1,1,3,3,7000,1,1,1,1,1,1,3,3,7000,1,1,1,0,1,1,700000,1240000,1,2
202601,6,,0.비상권,52210,14,0,0,0,1,0,7,21,03,6,2,없음,100,6,0,1,0,2,2,4,2,9,2,1,2,1,1,8,2,3,1,1,I,561,3,1,3,5,4,6,5,4,9400,1,1,0,5,4,6,5,4,9400,1,1,0,5,4,6,5,4,9400,1,1,0,2025,3,10,1820000,1740000,1,1
202601,6,,0.비상권,52210,14,0,0,0,1,0,7,21,03,6,2,없음,100,6,0,1,0,2,2,4,2,9,2,1,2,1,1,8,2,3,1,1,I,561,3,1,3,5,4,6,5,4,9400,1,1,0,5,4,6,5,4,9400,1,1,0,5,4,6,5,4,9400,1,1,0,2025,4,10,1820000,1740000,1,1
202601,6,,0.비상권,52210,14,0,0,0,1,0,7,21,03,6,2,없음,100,6,0,1,0,2,2,4,2,9,2,1,2,1,1,8,2,3,2,2,0,999,4,1,4,1,1,1,4,3,3700,1,1,0,1,1,1,4,3,3700,1,1,0,1,1,1,4,3,3700,1,1,0,0,1,1,1820000,1740000,1,1
202601,6,,0.비상권,52210,14,0,0,0,1,0,8,21,03,6,2,없음,50,5,0,1,0,2,2,4,3,8,2,1,1,1,1,8,2,3,1,1,I,561,4,2,4,6,5,7,6,5,11700,1,1,0,6,5,7,6,5,11700,1,1,0,6,5,7,6,5,11700,1,1,0,2024,3,10,2460000,2100000,1,1
202601,6,,0.비상권,52210,14,0,0,0,1,0,8,21,03,6,2,없음,50,5,0,1,0,2,2,4,3,8,2,1,1,1,1,8,2,3,2,1,P,855,4,2,4,4,4,5,4,4,6000,1,1,0,4,4,5,4,4,6000,1,1,0,4,4,5,4,4,6000,1,1,0,2024,3,9,2460000,2100000,1,1
202601,6,,0.비상권,52210,14,0,0,0,1,0,8,21,03,6,1,없음,50,6,0,0,0,2,2,4,1,9,2,1,1,1,1,8,2,3,1,6,0,999,1,1,1,1,1,1,4,3,14900,1,1,1,1,1,1,4,3,14900,1,1,1,1,1,1,4,3,14900,1,1,1,0,1,1,1470000,2480000,1,2
202601,6,,0.비상권,52210,14,0,0,0,1,0,8,21,03,6,1,없음,50,6,0,0,0,2,2,4,1,9,2,1,1,1,1,8,2,3,1,1,G,475,2,1,2,4,4,7,4,4,14700,1,1,0,4,4,7,4,4,14700,1,1,0,4,4,7,4,4,14700,1,1,0,2024,3,9,1470000,2480000,1,2
202601,6,,0.비상권,52210,14,0,0,0,1,0,8,21,03,6,1,없음,50,6,0,0,0,2,2,4,1,9,2,1,1,1,1,8,2,3,1,1,I,561,2,1,2,4,4,7,4,4,14400,1,1,0,4,4,7,4,4,14400,1,1,0,4,4,7,4,4,14400,1,1,0,2025,3,10,1470000,2480000,1,2
202601,6,,0.비상권,52210,14,0,0,0,1,0,8,21,03,6,1,없음,50,6,0,0,0,2,2,4,1,9,2,1,1,1,1,8,2,3,1,6,0,999,1,1,1,1,1,1,4,3,14700,1,1,1,1,1,1,4,3,14700,1,1,1,1,1,1,4,3,14700,1,1,1,0,1,1,1470000,2480000,1,2
202601,6,,0.비상권,52210,14,0,0,0,1,0,8,21,04,6,1,없음,50,6,0,0,0,2,2,4,1,9,2,1,1,1,1,8,2,3,1,1,I,562,4,1,4,6,5,7,6,5,10700,1,1,0,6,5,7,6,5,10700,1,1,0,6,5,7,6,5,10700,1,1,0,2024,3,9,1250000,2110000,1,2
202601,6,,0.비상권,52210,14,0,0,0,1,0,8,21,03,6,1,없음,100,6,0,0,0,2,2,4,1,9,2,1,1,1,1,8,2,3,1,1,I,561,4,1,4,6,5,7,6,5,9600,1,1,0,6,5,7,6,5,9600,1,1,0,6,5,7,6,5,9600,1,1,0,2024,3,10,1240000,2090000,1,2
202601,6,,0.비상권,52710,13,0,0,0,1,0,5,32,04,6,1,없음,119,6,0,0,0,2,2,4,1,10,2,1,1,1,1,8,2,3,1,1,I,561,4,1,4,6,4,6,6,4,9000,1,1,0,6,4,6,6,4,9000,1,1,0,6,4,6,6,4,9000,1,1,0,2026,3,10,1220000,2090000,1,1
202601,6,,0.비상권,52710,22,0,0,0,1,0,6,32,03,1,1,없음,73,4,0,1,0,3,2,4,1,10,2,1,1,1,1,8,3,3,1,1,I,561,4,1,4,6,5,7,6,5,10200,1,1,0,6,5,7,6,5,10200,1,1,0,6,5,7,6,5,10200,1,1,0,2025,3,10,1740000,2770000,1,1
202601,6,,0.비상권,52710,22,0,0,0,1,0,6,32,03,1,1,없음,73,4,0,1,0,3,2,4,1,10,2,1,1,1,1,8,3,3,1,1,I,561,3,1,3,5,4,7,5,4,11800,1,1,0,5,4,7,5,4,11800,1,1,0,5,4,7,5,4,11800,1,1,0,2024,3,10,1740000,2770000,1,1
202601,6,,0.비상권,52710,22,0,0,0,1,0,6,32,03,8,1,없음,300,2,0,0,0,2,2,4,1,10,2,1,1,1,1,8,2,3,1,1,G,463,4,1,4,6,5,6,6,5,10400,1,1,0,6,5,6,6,5,10400,1,1,0,6,5,6,6,5,10400,1,1,0,2025,3,10,1900000,2500000,1,1
202601,6,,0.비상권,52710,22,0,0,0,1,0,6,32,03,8,1,없음,300,2,0,0,0,2,2,4,1,10,2,1,1,1,1,8,2,3,1,1,S,969,2,1,2,4,3,6,4,3,8300,1,1,0,4,3,6,4,3,8300,1,1,0,4,3,6,4,3,8300,1,1,0,2025,3,10,1900000,2500000,1,1
202601,6,,0.비상권,52710,22,0,0,0,1,0,6,31,04,5,1,없음,191,5,0,1,0,3,2,4,1,10,2,1,1,1,1,8,3,3,1,1,I,561,4,1,4,5,5,7,5,5,10100,1,1,0,5,5,7,5,5,10100,1,1,0,5,5,7,5,5,10100,1,1,0,2025,3,8,1560000,3790000,1,1
202601,6,,0.비상권,52710,22,0,0,0,1,0,6,31,04,5,1,없음,191,5,0,1,0,3,2,4,1,10,2,1,1,1,1,8,3,3,1,2,S,949,3,1,3,1,1,1,5,4,10000,1,1,0,1,1,1,5,4,10000,1,1,0,1,1,1,5,4,10000,1,1,0,0,1,1,1560000,3790000,1,1
202601,6,,0.비상권,52710,22,0,0,0,1,0,6,31,04,7,1,없음,200,4,0,1,0,3,2,4,1,10,2,1,1,1,1,8,3,3,1,1,I,561,4,1,4,6,4,5,6,5,9900,1,1,0,6,4,5,6,5,9900,1,1,0,6,4,5,6,5,9900,1,1,0,2026,3,10,1720000,2500000,1,2
202601,6,,0.비상권,52710,22,0,0,0,1,0,6,31,04,7,1,없음,200,4,0,1,0,3,2,4,1,10,2,1,1,1,1,8,3,3,1,1,I,561,4,1,4,5,5,5,5,5,7600,1,1,0,5,5,5,5,5,7600,1,1,0,5,5,5,5,5,7600,1,1,0,2026,3,10,1720000,2500000,1,2
202601,6,,0.비상권,52710,22,0,0,0,1,0,6,31,04,8,1,없음,221,7,0,0,0,3,2,4,1,10,2,1,1,1,1,8,3,3,1,1,I,561,3,1,4,6,5,7,6,5,13600,1,1,0,6,5,7,6,5,13600,1,1,0,6,5,7,6,5,13600,1,1,0,2024,3,10,1620000,2080000,1,2
202601,6,,0.비상권,52710,22,0,0,0,1,0,6,31,04,8,1,없음,221,7,0,0,0,3,2,4,1,10,2,1,1,1,1,8,3,3,1,1,I,561,4,1,4,6,5,6,6,5,8100,1,1,0,6,5,6,6,5,8100,1,1,0,6,5,6,6,5,8100,1,1,0,2026,3,10,1620000,2080000,1,2
202601,6,,0.비상권,52710,22,0,0,0,1,0,7,32,03,1,1,없음,180,5,0,1,0,3,2,4,1,10,2,1,1,1,1,8,3,3,1,1,I,561,2,1,2,4,4,6,4,4,10000,1,1,0,4,4,6,4,4,10000,1,1,0,4,4,6,4,4,10000,1,1,0,2025,3,9,1560000,2550000,1,1
202601,6,,0.비상권,52710,22,0,0,0,1,0,7,32,03,1,1,없음,180,5,0,1,0,3,2,4,1,10,2,1,1,1,1,8,3,3,1,1,I,561,2,1,2,4,4,6,4,4,10000,1,1,0,4,4,6,4,4,10000,1,1,0,4,4,6,4,4,10000,1,1,0,2024,3,10,1560000,2550000,1,1
202601,6,,0.비상권,52710,22,0,0,0,1,0,7,32,03,1,1,없음,180,5,0,1,0,3,2,4,1,10,2,1,1,1,1,8,3,3,1,1,G,463,4,1,4,6,4,7,6,4,10400,1,1,0,6,4,7,6,4,10400,1,1,0,6,4,7,6,4,10400,1,1,0,2026,3,9,1560000,2550000,1,1
